1000
411
854
348
188
915
1
700
463
769
103
351
990
668
683
947
174
665
343
568
111325552312320
488
850
327
816
483
479
591
599
313
161
810
343
474
431
764
929
313456656384000
119574225000
78
756
8
538
622
159
238
196
9059696640000000
5760000
777
84
686
267
22500
49
874
559
804
207594140625000000
265
459
804
525
881
434
247
572
122
319
2916000
53
178
56
42515280000000000
641
367
257
4800000
666
833
678
172800
901
45400838554687500
694
178
565
92
31
403
661
875
901
905
275
251
663
495
530
502
964
855
827
590
629
898
306
156728328192000000
777
377487360000000000
198
255
792
936
143
744
365
782
198583267838203125
780
132710400
710
802449040343040000
517
951
669
169
126
718
452
639
48
752
691980468750000000
988
1855425871872000
560
893
321
981
984
658
425
4529848320000
150
906
999
247
110
598
611
37
759
297
868
573
755
359
543
214
825
189
891
690
43200000
986
756
324
4000000000000
649
324
962
138
11
972
572
867
928
14
237494511599616
87
71
524
180
2437438960041984
55
71
24739011624960
991
542
33
368
406
107
318
32805000000000
94371840000000000
462
813397065065280
255
6
923
171
2430000
376
892
587
138
138240000000000000
309
523
465
765
701
154
997
479
850305600
1
969
166
932
124
810
835
279
41518828125
437
664
669
15
197
849
5435817984000000
9
596
826
127401984000
739
15
438
977
275
200
368640000000000
69198046875
665
597
190
428
116
630
348
721
408
763
516
90
571
625000000000
119
736
362
610
997
719
164
54226471004352000
5242880000000000
283
256
425
704
125
9
723
622
580
396
310
906
662
417470821171200000
582
1992903750000000
863
240
492
54
708
581
868
19906560000
244
761
631
640
13
5153960755200000
837
174
512000000
349
288
333
381
568
363
218
318
244
6046617600000
728
8153726976
838860800000000
4246732800000
815
821
5283615080448000
91
312
713
152
67
782
205
889
219902325555200000
910
899
414
974
46273255257047040
550
989
43
141
998
601
1911029760000
556
582
275
214
774
976
617
153
589
292
724
320
75
636
59
77
663
966
366
668
12173449145352192
468
910
672
787
67783088755440
796
10
331
831
162
259
293865615360000
1031956070400000
142
143489070000000000
84375000000000000
262
137
276792187500000
554
78
12000000000
393
553
460
315
441
34315188682441500
563
336
168
174
437
1966080000000000
56485907296200
96855122250
743
812
378
189
3499200
606
598
815
1
496
50388480000000
111
313
1143839622748050
415
301
978
478
585
308
91
22781250
83291859462684672
494
926
611
876
444
499
901736973729792000
18
54
307546875000
780
649
933
625
349
579
279
393
686
85899345920000000
545
5374771200000000
161
45
7
107374182400
645
863
213
952
921
822
679
647
908016771093750000
23
1932735283200000
517
415
284
829
566
727
703
37192366944000
174
657
70858800000000
333543633993331380
845
235
155
247669456896000
849
943
237
624
743
494
245
152882380800000
760
572
34
633
906
4184141281200
2006122600857600
964
225
555
692
145
126
741
250000
725
353
3518437208883200
451
45
436
536
112500000000000
616
688
126
579
758
649
349
434
188743680000000
123
224201671875000000
954
663
55
92
846
261
15496819560
654
143
648
767
569
389
47
885735000000
530
90071992547409920
369
407
235
118
809
158203125000000000
776
555
2916
929
96
407
369
182
401
692
314572800000000
953199685623375
208
253
152511949699740000
1719926784
358
994
547
102
855
230
347
19683000000
551
124
652
109951162777600
202
100000000000000
316
172
620
12582912000000
170253144580078125
14348907000000000
174960000
313103115878400
588
51
455
290
50000000000
270000000000000
94
770
659
96000000000
21792402506250000
9
421
406
14281868906496000
59049000000
77
2
50388480000
767
542
5777633090469888
877
314
244
373248000000000000
992
226
71
167
443
512
579
22888183593750000
448
36
372
1375941427200000
724
668
629
763
708
63
997
611
61
369
1423828125000000
378
870
765
1203673560514560
532
985
611
579
37
275
55788550416
38
12853682015846400
807
411
723
529
714
62
89
415
271
102
15045919506432
2834352000000
209
800
723
11
405
248
728
857
801
888
15
61
371
57127475625984
782
245
808
132
801
5
5
198
56250000000000
131072000000000000
881
990
879
57
37
951
563
298598400000
136687500000000
119
313
370
314
990
528
486
28
492
392
739
994
529555380901875
639
3113912109375
121
142
155996093442686976
456
611
280
171
8697308774400000
835
6
550
711
651
208
288
900
823
966
956
676
9
425
454
653
911
13
459165024000
995
837
726
633
760
118
334
284
600
729
285
495338913792000000
741
5467500000000000
88573500000
32651735040
100
362
576
273
554
492
571
157
917
36110206815436800
169
905
91
152
989
589
32400000
368
308
905969664000000000
322486272000000000
498
799
948
27
83
822
500
544
71
543
10089075234375
312
569
683
14062500000000000
985
267
839
741
316
215
820
770
571274756259840000
490
349
748
30125817224640000
346
176
697
561
93
580
263
413
547
249
749
799
18874368000
642684100792320
398
320
796
361
21743271936000000
398
36450
856
572
454
753145430616
3131031158784
318
978
202
133
796
414
761
6442450944000000
155520000000000000
901
903
34359738368
745
717445350
103079215104
520
881
354
448403343750
452984832000
286
124
430
741
253
930
854
12106890281250000
337
12694994583552
559872
881
600
57330892800000000
537
147
608
343
126
90
549
268
355
462
668707533619200000
155
275
94921875
654
330
378
286
2812500000000000
108
537
796
886
441
851
812
311040000000000
997
706
962
634
206
7
516
721
380
104
417
470
123
495
651
5380840125
969
429
661
48146942420582400
398
605
958
76
988
890
402
893
2717908992
555
696
189
673
791
54
116
663
194
619
52
249
783
3686400000
356
122
1074954240
15461882265600000
339
100
599
178
463
476
1046035320300000
38698352640000
282
117187500000
283
1771470000000
175
2
823
98
735
609
324
904
380
45
133
782
332
970
965
483
7060738412025
16
429
522
931
632
677830887554400000
664
664
163
823
646
854
236
676
513
787
283
379
470184984576000
342
159
826
84
589
125
723
213
746
8542968750
771
590
165
18020324707031250
841
586
556
160
124
406698532532640
553
32
15
122070312500000000
626
86973087744000
810
656
429
