20
605027646 248853116 402184921
223937464 97845789 203656654
307643339 218391289 266080320
201530657 158314400 122893710
336110337 231736841 326047590
319688378 160467 319613361
55860619 14516742 47958638
755480244 716941110 72613769
471254304 203751239 416467447
552910675 328861294 313653570
287026494 157972178 236566601
322992949 238693947 211568007
164342292 117209344 94766449
16543636 11005848 9643080
108273011 27177317 100202814
902167420 387751577 895643448
293532431 42177620 290113088
685913187 658489533 61998664
530219997 141437137 497600206
935868014 331321738 609680841
