10
395
705765 622245 797336 625995 529650 956591 614856 329807 202900 493291 466703 962026 937591 548801 654294 203456 930113 686939 484529 839189 347177 47486 199030 165491 192085 530914 828258 245998 803446 47952 504552 453446 762857 605997 609431 535054 855255 782397 870927 698755 710204 569396 589337 653202 651063 430578 91629 530598 634752 378014 571260 42678 83959 345801 870835 284796 579404 571602 134154 749578 806642 327035 107313 206575 367833 608008 414306 261415 149723 87697 933790 625127 748481 440185 502352 434642 95228 460287 127360 668250 418340 800330 664041 873179 646858 713698 188626 26531 565576 612718 159988 86495 274384 641681 879634 558597 569065 542316 807565 845585 981672 636895 721740 672132 154618 618846 850140 165379 537027 789328 296243 689163 363246 545700 598233 983033 519375 701126 193124 650281 928191 14695 104335 910640 570793 664131 624325 771935 515256 181952 102830 770357 538685 160157 602096 211988 568922 163307 669711 572615 64399 884782 807449 235370 14018 762101 748138 561323 404026 215511 135472 864570 987825 359362 751132 749759 468292 513040 539028 102158 207835 93141 488583 743751 646717 30620 575324 706919 570761 575199 80545 210523 461922 386665 641341 280923 348312 43798 53041 3934 284175 41523 529602 7766 885142 49187 683529 904930 869092 500212 630305 426683 415335 467355 702330 71591 413562 188201 228535 201989 148412 441609 83918 124711 469758 396247 524500 572488 140896 84292 787432 144604 463374 713584 593293 787722 117659 943009 356734 482906 16539 370311 536281 705008 232862 589458 58568 702927 843200 996005 626441 750048 96666 266697 262970 4206 255025 716488 141322 847572 778671 738615 289378 789766 260968 798199 250547 837821 357346 875382 979243 430639 857828 605218 347743 685448 852879 877208 758995 714862 818034 241561 922684 985136 767291 48687 138217 982466 91835 193334 203752 22489 347866 954743 155433 789621 133690 124437 232880 974264 801208 301391 906750 469169 588763 650485 990338 792660 555613 601248 679167 401484 856865 596794 835978 616369 763212 992706 272964 757745 865410 583881 957322 98003 328071 691891 217359 429643 523807 987105 576745 276364 477580 789910 560169 221678 674726 708821 994079 590465 482659 528882 287067 843895 279483 965298 12835 341925 280769 231750 115534 456202 400436 38220 123208 764996 4451 501320 58598 767182 429890 815656 344756 628690 807010 379831 962047 231187 514686 184292 592586 993259 260770 2330 873859 685826 491359 313012 524628 776438 926730 967973 533003 841944 396575 886717 934554 277659 49323 565437 360811 10414 142655 799387 550380 909810 464471 955797 589847 591900 746544 572981 240628 384980 494761 761154 32138 253015 574543 543132 692353 382518 125168 988523 310189
653
91358 215577 109951 83838 917223 775483 577998 611097 656110 797038 673468 672556 719380 532208 838353 978260 896198 719318 621482 276367 253812 735180 848630 459484 928036 332346 858290 689001 299081 359939 664716 659384 883708 784986 474813 484054 782443 209168 366878 15880 920563 569090 668506 37925 776113 941954 739146 351386 654317 597982 113009 487503 935783 616246 896470 755615 906665 863185 149043 119525 334301 981826 707087 87950 24927 450318 216954 639192 371930 290257 911550 791872 772219 932887 314474 597102 323954 926147 159707 120539 423422 193201 14692 260295 604378 971392 425395 320705 505620 382197 710713 279331 763301 173425 153117 667074 974740 793346 275290 746877 186851 313088 753148 244174 236944 281470 442216 388177 572916 569190 66592 318096 271600 59742 632063 390378 867927 361709 839558 730069 373275 930456 503314 37425 201489 281407 901000 843447 373867 341803 153748 193000 107125 322857 460814 6563 701943 39631 479833 167453 329322 641954 47003 734994 616970 756680 161784 401979 424627 133968 169592 121799 429217 815681 474918 917395 119769 183287 412181 13998 931646 80118 465525 670380 350242 162713 942564 979004 955167 299533 214163 137682 395392 508376 833340 723502 93755 462264 254420 534788 219521 185503 716546 488277 333827 86716 614231 817110 665918 816964 834565 256558 198576 735908 701590 276005 447072 312035 628103 34448 421063 79451 844596 457188 142537 297618 937305 585557 758950 440479 336824 926973 317108 415499 505897 275275 60680 141688 167053 551924 938727 865307 803016 98308 220449 273190 390017 646033 643900 440783 451088 919648 377619 810680 843861 802604 248280 716463 46693 812116 273371 683898 307033 234948 231810 499558 811600 164740 409986 34557 25117 461797 613475 550402 103187 465954 420402 932259 942485 719345 823469 264826 498670 625397 648413 498799 366716 503049 25794 523573 145772 154125 798607 689554 338628 214293 433077 826129 788364 532791 358442 880589 831721 662172 920720 72478 395142 259194 491680 703053 845686 489589 740338 843999 156779 178770 760377 12443 969690 530587 458991 7941 125431 914789 385263 668714 285528 580844 82245 694971 763887 352565 591800 624531 281711 705908 143348 30878 273802 320682 950322 759483 227007 674278 342764 96870 431978 542968 303028 639800 808339 732413 353517 66955 201776 518601 337232 8403 123827 365364 709694 361740 42222 832759 280587 377652 781971 926842 495310 451913 482094 368054 624267 93756 505928 421137 587911 609077 534585 894225 265246 665021 635200 186950 147487 236569 790020 442965 659806 467065 435519 232063 340404 691712 163682 472513 211375 304893 109305 260904 972151 150738 579159 437346 550763 585598 976455 472952 240600 723112 304177 993851 544121 126001 730468 317906 358734 161250 427440 621747 87969 526008 776731 352593 987820 18070 189089 10771 943709 93843 385793 872377 799221 522392 401885 931708 882532 74274 934579 195245 500581 61129 730934 73734 50857 968405 852498 405816 739765 714696 203576 250096 487783 363173 70762 395629 466863 988715 511791 374122 97467 186580 864865 178564 747098 721456 973195 785904 401638 827198 909586 969625 173609 226862 149696 90059 556570 104010 305567 336253 264381 985104 901174 280681 222281 652189 30843 486248 942859 650672 599269 637217 540664 202749 761178 446650 808683 75675 570280 501877 534129 196760 483191 631487 412362 268840 305247 708731 386052 709526 709171 633080 146023 175811 582965 500755 857411 394760 587403 613369 883504 464002 200430 55854 962803 952999 68223 133340 885897 319783 786723 906080 362714 414669 408512 723003 655643 543902 733734 547102 828679 850775 505150 93713 358398 883811 807035 147618 785356 445600 460435 830001 394665 473300 21926 174218 501019 79387 627952 183526 838091 711301 629187 514402 289060 20347 874360 610796 13749 195070 941028 403081 570589 898061 919468 373724 338371 835110 946530 61565 141112 719345 381884 604563 83866 157244 214159 942201 830096 357173 45394 327436 834948 449972 909523 657873 271763 638688 613975 319830 73896 429994 250363 904244 66722 213387 212105 75444 576773 295410 940428 539802 865359 256563 352505 275728 322852 654586 57953 529147 43498 81000 706047 675200 725450 34352 707009 124789 168672 903108 255596 286595 766167 767041 243627 54057 25503 888891 153628 992827 820383 993570 40058 292902 607450 144024 991314 482364 468526 726601 903468 351073 632082 5261 80254 131370 219097 815496 89492 877158 354315 92494 819050 775210 945003 704523 603000 811892 819860 835854 830790 973369 768192
199
162079 65442 317868 486976 425401 387649 864769 574609 971491 399396 586565 613364 660235 735810 111911 947153 876184 201396 741287 255618 506907 323371 277090 905153 755241 323009 568383 171814 845338 303640 274768 706708 580852 841939 18182 37827 164962 93538 347331 410028 196552 213773 634671 564747 877216 287272 962413 974390 522398 875550 694791 366013 305115 613055 46120 450642 986809 139932 76401 146361 553252 158001 388116 914260 429597 843123 632405 955365 934442 763330 296217 129489 906288 703342 679057 898772 499824 480005 656411 133460 566037 653569 328347 858751 134424 240009 626138 171042 914990 72463 259774 644785 593728 332540 519580 493954 762567 210518 486016 410854 253165 173871 34548 127312 585570 145631 232855 487041 599205 720614 520142 364954 736113 712519 911021 407163 92393 458713 798185 79807 668441 850125 35806 370311 475067 7768 702394 214418 916013 158753 741787 37554 416685 140094 474578 900533 918164 172186 52012 76819 797401 277170 678364 41379 886180 358476 624267 59815 110821 613447 410237 726105 463365 226760 564649 141438 659922 445941 935108 221103 343533 158375 364853 627007 152245 475786 869506 794378 288942 250465 581153 851093 979526 339462 727544 59187 521024 691627 82165 164963 625003 651102 645273 51838 865158 32105 596027 63475 105968 468478 463331 645663 708289 286263 322190 348134 308907 689568 236544
678
177962 994349 170377 399514 45699 299669 538395 322183 529720 515972 487649 953902 268295 834871 414941 482469 796046 177220 867803 813000 327969 740590 102231 187645 320117 698197 72284 240328 39077 193993 13674 966117 763604 466163 676789 447808 640387 746506 607100 612077 466274 13691 616979 265176 632810 853414 106308 252075 145853 560839 924767 568129 457331 19687 684749 610768 296 238517 359745 269492 331298 333010 406962 90924 586649 684593 912302 367609 595839 568380 433723 253057 421087 636740 917448 898628 655909 458420 409826 676385 57424 856905 416450 501366 684822 361644 912805 943270 551910 550949 903527 937644 917498 96458 888097 619200 905401 980614 772718 176122 445936 506668 243486 927707 323814 328731 879718 709188 959530 53398 387239 213139 256928 401658 566556 365784 641735 481338 247816 120647 998269 881493 120062 430788 14781 145580 425198 854900 184018 514187 517410 698696 152445 96366 696796 518644 797774 857053 84290 182664 499764 683737 328022 249952 745760 647300 365308 428932 915795 411517 268012 894872 958200 507028 863084 377195 177731 822717 118982 796089 306029 789338 95686 427784 933995 626042 438902 258560 674845 72280 453558 782684 348098 748313 772437 256625 950938 539641 209157 158310 888598 259024 488557 674549 527580 620658 203122 999260 236053 50869 933632 645994 198319 790743 351123 146088 146216 268349 986494 829580 221203 994596 193227 12638 214944 313958 428061 484124 318616 583757 870261 121255 250618 526045 471763 814091 213103 633895 919219 232119 467649 680446 517226 493764 574330 362189 41507 527953 43232 736821 397514 706534 13431 619305 1843 574768 788002 916240 413352 275209 124680 288767 607964 510720 299602 696286 573217 994817 282821 935666 564959 720489 571765 51056 492698 217279 196357 481260 556880 57777 753052 754697 629445 198117 209870 261884 426509 730931 367446 822134 770695 582942 781953 13795 845073 945522 51306 126278 490680 809995 231019 508848 289583 385245 530324 604526 14923 158374 86345 293490 969507 900154 437951 900081 835624 233026 738670 585618 25689 936013 194418 734671 905741 632856 213376 295252 261237 551916 942964 184270 671829 143162 183019 468745 150897 165878 625212 216733 696813 532796 222697 776746 537579 747195 431027 312262 531990 562633 612776 980072 843147 526385 997199 878210 929359 809394 776422 543377 215402 678254 32165 754255 14172 52801 202638 113243 379273 702814 799908 625646 327209 148041 131496 618126 319676 348532 509774 990710 756780 123291 997758 135088 796384 562979 951952 202593 507129 384455 643615 683062 202780 947935 359156 76360 591903 224061 760432 555844 628214 595735 683687 188338 250154 509066 634759 813294 238993 147368 382847 225094 22918 769759 804794 145770 395455 325501 246673 307082 521843 686837 58381 420486 502622 662426 10050 305567 312811 763653 700809 110770 909126 66902 561618 843869 853861 153808 785357 730567 537686 13436 143999 785587 82644 154386 220532 715212 574587 756810 436170 313695 181658 4823 517632 583553 726766 984960 881374 956258 51187 832343 284576 617 664519 199962 481994 654869 987430 256704 424684 74342 770498 990050 652192 638374 186124 636982 417085 628908 930312 291656 887076 606843 350712 319580 336889 53495 490796 622348 832930 442382 473666 744236 376027 544179 973469 657121 202332 382467 532962 609122 229555 526068 900813 278712 133670 590606 94384 479648 783568 12016 45269 44311 307785 16294 139807 964001 715387 15026 967337 974925 250450 68915 146237 40553 115717 476468 51676 957450 879790 117275 427861 670897 191075 560654 895573 929810 749401 682036 482200 88325 601458 987683 700573 931887 35293 293755 41963 199066 487486 714311 154299 809594 69575 817819 41221 336039 898739 357457 231083 574013 535012 383605 777151 855194 806286 831720 508635 28089 114035 882951 740578 673024 866789 166807 146546 286127 495377 661799 372729 339265 37509 351252 98848 199519 661508 576935 145618 690473 560952 353664 869793 872646 772293 160072 431570 793568 482663 9124 777642 245808 724708 209286 440227 247987 744853 701483 509335 190182 680935 930213 267657 356301 934485 477446 307750 931050 480172 332033 12033 462787 30563 285855 796395 709768 469412 905052 619869 345551 337636 901046 967156 48821 793740 414657 347789 934211 102516 757549 157985 201553 369899 939507 393748 41447 78602 454791 787798 649151 923645 175319 91973 17110 277678 466026 306268 30688 85613 616468 601073 187897 824857 178039 74111 276703 751993 571261 326095 314376 344100 271212 641773 508505 523500 988901 744146 293497 966067 538293 311545 8082 917631 611593 152428 426269 824883 182220 490710 773291 511837 899778 40913 519156 939376 728448 263284 254903 38801 698816
500
36180 466584 426367 111023 675577 663525 526838 375914 272519 743607 675821 944618 569118 978917 351985 906714 115882 611318 172284 647519 68127 731868 40466 944882 896650 923733 658399 949172 274486 297208 358730 293248 100172 609532 894364 85460 162221 690657 62629 823411 630711 824963 747762 311913 727820 906312 966293 58485 588043 905288 534619 288322 84252 562673 757314 111087 815426 836699 85863 769642 230237 774860 962037 948140 259917 62715 473298 698870 639499 653773 675157 502666 542384 141725 486660 667587 232141 963660 664942 264963 999378 670696 742562 473249 299955 946221 749502 211967 232798 610523 749754 129823 115094 971067 730922 775769 795057 539412 153043 44778 903390 342623 857467 498509 527430 425353 439067 464969 837176 705319 868487 234321 517758 168022 700113 208836 370886 161404 586597 861091 13610 265324 376678 60208 667592 697067 881191 29783 729441 846586 637117 265757 99220 123333 627401 617848 383231 513652 431002 178765 708153 737168 231275 692231 479083 364861 711171 681317 290368 310567 162220 13143 752482 417507 38504 475957 245087 388969 249390 866116 983690 616828 692378 141280 953967 840446 214299 142019 835942 476354 942440 815939 986163 862764 37318 987029 981787 725981 525285 897054 36237 830 448989 120778 431545 902341 368172 298031 872518 822941 977824 708131 145473 995540 421175 524218 212153 914206 260473 931399 408601 216928 569608 236711 699474 573479 318210 840930 702890 381596 110661 352831 704000 893629 605122 269618 66039 779292 745414 639384 639278 871349 384409 371159 313499 574248 430761 235615 583085 945779 697145 764169 756806 573384 559838 55008 477540 281002 621097 159638 379599 448384 872875 936598 320697 550788 883404 287095 398519 71376 915389 761435 605307 563608 295182 754175 134924 974198 793549 208925 180711 243909 82569 481385 848125 305663 428460 410267 870323 899557 511811 886858 72157 353969 683705 746901 959019 966155 963501 915936 301136 539634 90540 421108 407018 538830 905057 6657 548056 176598 201116 375855 953579 818304 832037 403369 904711 803553 6361 17359 921296 734435 489945 675152 453443 751459 213349 27279 867060 408731 891973 414834 463239 265023 701823 3630 447381 6441 765855 58375 886142 956912 275393 746699 931749 865438 105919 611354 428389 445048 453481 858265 211316 408335 321631 65912 220935 172091 509201 15571 619381 465357 150926 168993 644725 919121 256479 234870 514017 279843 909799 497490 490899 439775 24192 195024 444743 251964 545527 621713 636971 195830 701978 829634 783949 645362 915303 960306 8450 525886 911830 29840 347243 44871 952255 780043 890155 37715 162400 124515 981247 837561 353600 892668 938038 114935 960437 956118 299382 812407 343005 155515 122470 491960 742939 908334 439617 800744 245664 552546 103889 250904 104948 49120 960840 693409 846389 835315 642389 555788 524749 201028 774465 622217 870120 874775 886049 400552 440306 697059 205152 630345 46852 781512 94882 726687 195404 709577 720555 49187 738703 949466 680865 343457 779316 402151 411389 579886 526943 626186 201334 35724 812502 108184 297295 56550 840687 842022 711779 814374 873465 343541 935111 683402 851212 428913 49529 189457 966 920396 417318 906703 57711 698665 688461 933898 793431 773421 424489 95569 941352 743759 734107 47875 84281 368730 637450 762733 249379 125869 963942 118914 349200 590083 897688 486994 319834 444296 450523 236784 863474 925680 65014 182575 657353 283553 970770 957971 309044 534903
901
262785 43251 783229 915116 940818 618187 18109 791184 462622 538973 100718 312159 171647 142280 711211 404268 756020 800534 96929 260786 30310 340846 221424 607807 444271 395939 41597 546363 630518 850233 526228 136979 603199 640155 653404 486985 426074 166894 643965 306639 327663 626791 114395 66906 120343 752543 799003 749547 360365 466369 825879 981469 393016 683784 863282 924189 344019 998080 987489 783614 633061 750429 797740 307903 669763 25275 760530 257041 316645 713070 524325 313703 418468 403624 847924 676850 203614 819463 661558 837342 761796 32242 786961 919277 397772 463301 261862 924961 840467 127381 699588 83643 612012 421852 914826 457819 435387 123122 723458 339346 317138 810892 713954 142027 418416 404053 690105 706399 305475 982030 503975 861642 327863 593754 209648 845938 411891 699815 380952 716767 234443 29495 829633 904270 962330 638076 565804 115384 348599 478804 608732 317115 461610 898882 643689 404410 461564 519623 640636 676020 390179 573344 959577 896669 8659 117114 870109 186416 42735 125236 511233 816612 648223 524823 658185 983757 431943 841265 946882 900072 965516 854784 316305 730352 554669 988578 765829 627700 683806 108400 993796 463940 758159 561883 921301 824556 430995 564764 438669 663029 360081 395278 227591 38064 704047 234622 143967 375128 890462 270245 914597 257554 250719 951689 594282 450151 907748 996278 105559 11990 465061 242784 611993 346844 130839 559780 940671 325357 725030 567007 401133 45938 954392 471815 942305 315664 301346 287055 310357 481504 552733 945621 421912 489101 862219 973045 107341 33685 78692 295898 566679 715849 343992 633729 3682 935510 112305 168966 20094 792272 111606 416875 237840 443017 167681 659705 991882 667801 339117 310717 216708 413061 783380 660444 461564 527091 47456 600700 761540 283056 567210 555818 164492 180333 217908 51127 603851 617321 772556 682745 625527 11064 455689 679549 538435 579831 461978 318784 219738 366800 715011 607812 679465 971686 749783 519059 54854 613888 800131 490050 780787 492680 550102 204914 792079 894470 293784 616533 389257 401081 597901 638093 857221 972122 368307 918927 277467 318058 556791 437583 494632 847839 729500 756000 478711 28386 800923 19305 145093 698253 935384 540266 889993 657163 162983 464016 153557 917398 827119 234595 706609 818846 363850 773832 797231 951581 58737 920369 448412 781028 671984 856192 283088 578359 854237 176532 514874 513120 946547 687211 634296 359040 82669 698284 259755 833498 971274 237305 283773 759945 359280 754114 940276 259137 39119 193488 993583 814818 372454 8953 870737 782979 608679 701956 245886 958895 77601 927295 111835 682828 887873 890414 374386 455417 759620 119534 451958 594485 274016 791740 357936 549903 99893 203774 826040 332843 978940 801211 669193 611229 96577 25802 989460 154478 734424 396313 151209 705240 309214 206264 351362 580546 293173 52635 363922 482199 606180 729545 992420 732231 197668 648252 773017 882477 615215 573465 582306 271748 831798 394029 753712 87609 644524 176232 913737 718709 889923 536602 702700 275367 925180 491146 283714 360310 163289 875684 438444 499976 368729 246482 263008 850913 385350 378243 106301 180051 54879 956664 734498 565647 630091 73417 749025 177095 324536 514316 513569 623675 81395 545151 758981 277409 876722 922020 194091 685782 507880 248922 48479 55885 795336 19761 654300 750132 988691 11183 208286 305039 859272 167760 894390 947845 381407 953448 837866 553256 159187 700862 620434 166256 753460 356156 970140 845785 216203 252888 875824 871835 466019 355743 644851 363296 147393 654872 441709 69107 478439 796401 360751 167333 372874 454196 270778 530937 758915 263067 842627 413700 630279 593953 622378 824964 826312 983998 725513 807418 350109 608177 335440 560205 829059 206006 478662 200032 382484 398791 702232 179432 149476 373596 82263 256 367978 119114 419018 287583 890914 663856 206238 850463 683270 458163 696768 120398 291833 241608 518462 927373 683648 960462 728337 361128 604305 479687 655346 318092 606003 438333 779412 728439 651321 461491 527210 705429 905949 430181 598576 708886 637212 86766 853079 845340 615252 839929 248350 411449 982146 993620 750406 36473 703146 667373 733515 404850 789581 116216 949661 948242 634463 724720 656763 963828 243539 423107 860647 597334 632814 16427 90228 727981 876986 485393 34167 448020 240449 408948 710842 565350 100345 53019 355187 707594 728302 51515 46395 404883 960115 472528 962356 577206 217247 452324 368200 253258 314727 676671 34775 625169 367672 228177 713623 584485 808083 822286 108683 346405 906472 689367 415339 418891 825870 162950 271060 945056 668606 343379 615053 759714 670840 666524 123079 457577 276659 430852 326191 228683 565462 78154 642726 49031 582746 559025 687423 972550 661983 695457 372462 530940 783796 634548 743691 845460 34063 81390 654143 400121 474341 760691 556058 557032 962635 615110 483178 971441 592116 484689 221003 889981 493981 424910 251799 529966 407689 144195 798493 949095 640846 243848 603091 914115 454120 407901 385564 656181 823234 93291 672207 313852 739790 156061 495720 320775 500313 409350 272758 668687 936477 761142 689990 16246 216349 192553 126509 657434 738458 888094 477203 961683 520588 504701 218642 567517 791798 223628 103099 681518 88933 252986 684679 171488 713523 42334 947796 658340 214034 309285 972708 795609 673783 393940 284599 86834 509424 532099 833014 705773 921232 221642 357414 539147 233175 183813 831556 790109 326646 444027 371558 616282 668579 833245 681059 865105 739217 749463 384744 611537 462289 664227 726105 745886 255244 497422 605293 422913 750689 602788 626402 654093 396393 124669 320283 948046 906787 199693 533316 437336 585250 342441 503114 672882 968139 141173 816588 21037 972146 600808 910426 92407 645936 725886 948132 873361 465752 343 372120 6977 476674 530114 828051 996053 513680 159510 572635 679994 149869 598422 369168 968959 782369 427717 301195 303116 624252 452909 307505 878831 776854 687700 791634 530904 947316 179716 469642 339003 313668 253416 942211 455677 641892 321173 473462 286356 94075 90768 380426 899640 76134 264091 191699 645774 92399 461489 402914 788207 339806 871225 57734 124595 760911 961691 591783 602279 539558 442548 366452 989518 458255 986803 447964 983381 489599
642
169185 308067 30001 263134 169030 242075 535328 315172 56990 567837 784564 336384 884819 945376 12070 203980 502874 493492 80958 595810 535555 302759 246904 299772 190538 602897 853525 871979 70047 883369 556025 985903 234028 520417 238234 687442 939668 453809 129318 885219 138840 568381 891 268227 278842 538099 917848 52169 894289 237555 21901 737167 509036 534820 460232 691955 959449 145805 630230 329650 894848 156969 141128 573971 913647 841572 120414 811905 85610 619740 613678 21661 546557 323965 267490 48057 875786 768578 901684 942786 638511 549653 13812 255466 137819 106348 747911 475964 303537 776984 474130 801070 898984 864762 237713 430624 730141 579412 377734 528211 262949 269898 30854 878688 404669 830551 612975 970430 625049 811352 585839 947103 347970 442691 556475 970866 532717 807841 586259 36306 932217 608759 211030 412668 333817 240259 934326 244655 144654 58292 505797 718147 787901 585354 445302 244517 72877 890967 739314 905162 561551 683466 712956 669284 907491 344836 634629 55784 183737 312590 429405 723673 321438 564771 898880 304991 287228 720726 345633 647781 649438 12437 208615 407753 96077 536231 812572 972842 422700 835442 41247 739132 571967 807510 312450 740695 435245 721900 172541 472174 407606 785772 369397 863612 788545 319990 224023 352227 771114 417603 747873 632094 942067 703545 518978 243301 140925 420674 611465 12896 987778 368384 8367 477964 803557 244096 43396 981890 193417 71520 669764 877157 523353 992359 543882 203556 898762 619749 573883 56100 336296 99317 53030 50313 30135 622487 591989 756214 709141 195662 298427 38692 329155 144842 929163 630840 665929 829213 108902 357255 490116 582397 783553 806512 574819 836383 154892 356467 656778 821098 677368 505879 312299 653061 474447 850390 520035 321530 442159 76248 130897 11312 500563 706873 841808 237382 897572 942278 722919 583193 989906 296930 919838 50252 525470 794206 299701 779362 618068 474250 393815 418482 834710 652744 720973 21209 324923 427387 649483 284678 832595 773725 610855 481323 792284 859062 787407 377855 388294 872199 753125 5246 812103 242144 596291 851896 853566 320927 849513 953111 579103 959981 816759 376300 391014 432062 162129 2787 248855 93005 617238 626835 929923 490752 967134 560623 325687 906900 580490 545517 536822 37381 34404 755725 732641 411984 323659 469212 42949 468578 624819 743197 751143 453599 587115 259342 442457 901551 36190 286040 534493 118893 48718 171441 503237 750710 361087 228972 838892 33475 691702 217583 876555 14504 410862 848115 903598 334286 470839 237827 98767 649159 684646 612125 115537 46355 922035 688783 345004 37053 390844 639752 149390 358018 240486 365526 624262 30199 127767 605387 438109 801445 690089 876936 89618 198410 779606 494154 674665 312810 484028 635109 947126 417613 703857 626455 64217 8988 388901 278124 810312 193207 823476 751187 573078 346973 475006 26413 268720 856453 615987 840017 941954 69950 215352 38171 330860 128787 825544 448760 256190 362440 415637 91870 778092 358864 288479 686452 54133 673209 960271 890238 92104 471917 749313 234295 199210 503814 595999 696938 415813 886398 870302 621811 677507 542549 486936 982901 190077 59625 921997 742268 967189 854103 41026 608116 142573 37665 68143 259979 441818 640276 37098 73410 462969 262074 182227 148728 472570 902066 967870 416126 397925 953846 237610 117732 365966 173488 294390 545084 940253 107182 230134 75081 615238 554516 201690 682141 307178 803036 975696 102995 42178 373042 617370 916038 461068 316110 212189 817807 791167 939213 353627 975701 620841 18493 470680 407655 750188 479413 746983 723763 800038 448015 615131 348607 742099 824795 354999 541460 724670 919906 421425 109618 618368 37682 850821 483842 711947 441806 60153 695979 980996 150639 967982 835132 296516 889739 52821 876601 221370 617518 94869 998042 208054 558830 523100 509999 809602 840109 480755 219528 479044 349716 576790 259751 597844 378982 780936 910662 124572 347310 427363 614163 415478 94607 18525 29754 764186 875154 891243 40225 406007 113692 976594 216076 705853 286118 41714 368821 17502 403690 957923 328741 783151 473510 37496 127499 188668 413832 545185 443579 793704 994000 34959 483236 346148 253834 150238 536939 678901 165993 389977 388819 707243 225550 666707 944946 478779 480996 715948 358997 618227 423151 775516 490541 722437 928332 278224 422089 744625 323883 351179 892742 529724 842802 396295 299442 166353 606648 332584 21607
950
388884 834728 743139 523122 732898 878238 460235 139173 795660 540010 945349 147370 385033 416203 165362 769916 885789 800826 703862 8073 670320 373806 429167 552580 305489 804046 19044 358603 600568 643155 527019 125662 626090 880631 703057 365155 104542 827008 778023 717123 26852 85665 916967 843420 375975 488066 194821 900071 487169 181621 944882 636074 899893 220033 844474 67678 553980 749228 237682 906689 897351 566963 128177 172666 414396 562549 101180 389657 319389 574120 126429 555448 641771 732213 74074 877668 570446 474778 547407 809193 510981 970326 906784 794338 215529 659139 362774 295309 491434 951908 195715 800847 823495 832941 688639 938610 414185 449959 159749 451670 232600 764709 863413 262097 53118 616733 331688 122609 174941 932875 96361 478903 9413 498958 370833 758086 718976 911900 215356 75398 608270 505031 524529 366159 830981 182792 380973 641515 985247 45384 438618 666228 441617 867602 848396 566460 922972 799972 859541 136970 535334 131637 619870 666619 716318 359799 293883 891800 951140 86814 515182 512911 95841 5800 996124 60653 292131 8284 904119 347731 476307 558957 221531 689652 927593 586733 734657 854999 606696 856769 812019 439163 118175 172689 112585 353566 757550 999442 831654 122545 353510 269937 36154 164355 962742 797604 931771 32878 752051 760640 708744 302348 436769 981337 142912 863062 960785 938630 332469 221036 263879 231522 241263 591659 463029 970745 113989 837610 506997 314076 376892 170533 751930 782976 279721 938893 832068 349272 434707 49317 441980 33683 313613 824600 875268 975704 352125 210048 262369 656859 193683 860249 359137 741609 152105 904927 710871 18447 918581 616038 734698 428906 695293 773841 563498 863402 74856 807538 628302 342062 549608 772514 941290 80838 105015 915389 479341 633201 737751 821858 312828 982079 732537 272403 799599 658717 574637 548460 106084 520032 643314 819399 912235 495493 456556 889929 621451 803363 952617 751219 227652 276472 765033 727447 153692 899432 885741 292818 324207 551188 988279 728536 216436 187053 510132 458197 140819 904256 210594 677445 614760 906296 252586 283145 10707 826047 755961 322685 444128 665957 694353 42720 991466 944124 923369 651807 402780 343327 480673 957809 484234 556953 517474 935585 42711 767773 999731 366387 524958 307655 600485 260132 921005 874046 755187 210314 623337 286331 321294 737722 216518 579967 848863 262886 427941 328008 178655 478438 494518 482157 378129 638991 723745 953500 715270 345321 715486 620831 569980 806569 440258 588546 604567 137216 614031 374058 422325 265118 20902 409944 67752 973932 956272 116485 293337 588627 965695 429520 425482 787151 500800 980382 154391 444002 175236 710384 336477 4372 439228 58108 936860 104955 102255 622973 610765 507029 446759 15262 989439 507643 519912 573259 272834 544087 849517 311392 994405 394184 479660 305987 256488 946903 222978 429596 981184 762251 978131 115096 858214 880116 92756 60821 290039 206271 457968 73923 292789 890432 562250 218387 626644 204865 297615 435586 902342 447530 318118 248531 988805 343883 860859 837237 510936 141481 966254 312068 32128 569393 947071 747306 470859 873119 313923 263270 504444 201976 687468 332673 139802 132849 47801 159286 48622 778412 905981 940484 333313 895790 260137 886734 253828 635884 980105 936216 127110 7138 674514 95589 587673 619299 605821 358576 778178 64633 274069 961103 473959 835532 36636 475950 984561 214819 214335 62305 490686 162057 733072 843464 926370 923416 504267 234888 986646 323516 212470 31105 425049 995853 812841 189147 466236 192446 362024 613284 384621 784783 991077 110819 142626 624318 998803 709199 782302 748601 72180 688714 937080 29036 530920 186302 893483 12897 853940 171691 947495 532189 698977 202863 128175 35708 998072 715880 883134 433748 455994 619771 295012 797504 98761 34272 566096 56913 351809 314379 494252 616018 985074 138041 598460 415846 781574 309323 915760 970747 990610 939934 31049 819143 647356 182666 685474 467405 95331 558511 924546 291254 782621 209357 412197 209382 960311 234794 640854 198024 450057 818257 539311 862735 165651 942070 652739 389865 133037 348141 850859 139652 980094 674214 32864 250421 776498 473465 35869 950151 346891 804265 677257 563845 626539 289720 439161 470538 553617 561901 77741 309160 913387 361174 738142 144781 880549 572880 333594 991273 794680 319835 489146 956276 559657 740294 928651 92449 271320 255639 574628 567395 800224 749250 936192 691804 3306 873160 603586 223063 739555 682450 648402 708860 545664 984414 46123 546493 390226 208712 536065 740710 83199 982532 532501 99519 875785 465704 937800 928832 451397 376439 953169 317322 160458 215507 836659 237533 846999 790676 386814 197502 519119 874018 236948 853132 468127 948223 540391 920100 346820 359756 332046 811249 144683 109273 111562 973230 939552 555786 5258 620754 884465 50973 112340 12409 587578 609244 278584 144579 805407 969036 815005 960236 601013 982560 592514 508411 719879 693942 82994 95994 462317 179640 452573 104004 180970 554648 368817 711513 516033 378768 831541 285876 996443 152170 472508 966117 30663 729967 324521 960507 456329 334790 639975 800486 771342 94751 360011 564157 153962 800810 495869 50914 752235 135014 602507 768488 475583 458925 590827 846329 531681 44319 226790 682806 619793 321084 103889 489066 590425 947067 293012 647198 240174 94016 694301 863400 632886 914941 176732 641446 43117 308731 441236 69602 809811 30387 627301 344047 444534 512374 84710 152765 356094 357301 498845 515532 326111 359404 615683 419282 437800 335388 763016 373892 298018 342819 629800 889664 196068 48610 27672 492556 843507 325856 839013 103437 276979 108515 454344 92635 181261 805728 253745 202338 2038 13106 506514 301411 735393 125902 463269 641140 862724 902216 227860 237786 878372 844726 558735 589265 721663 433752 659558 1061 715041 31874 929652 791663 632230 130392 735284 566152 779206 317465 637376 218323 927723 481929 305824 263084 972425 714221 774993 710792 713981 696685 19298 472121 226592 569507 791697 638234 801052 706099 329991 359808 810397 781096 167926 466920 551016 886916 544748 602209 219434 120321 594132 847825 844028 763865 386821 465855 417019 307513 928525 746669 451693 433414 297713 910194 332449 306053 934262 693477 566745 981661 373744 427667 112990 232782 179475 189627 863827 241020 932537 502096 968253 539278 117981 164658 953348 382654 630805 96376 664833 164088 799377 309100 806067 688054 781190 76309 403234 175982 228380 221596 85062 346872 302550 566411 358941 592691 488931 855224 511643 266151 115567 735609 804058 723104 110304 819877 627456 171687
569
270817 264727 135959 327510 485482 18101 336871 750022 562935 622127 706400 278546 485068 6388 156981 621841 120044 602066 887379 98590 707560 899484 979853 894266 471072 967370 538900 264601 149220 336110 743002 851884 716587 30842 577487 719177 366980 853335 887872 901018 853193 413666 603237 947561 186669 767122 190524 870624 463319 700886 352919 721563 236622 790864 510061 774202 789658 338133 659292 659844 575609 569178 771712 672675 611797 803001 248502 665821 257338 402950 783597 919058 727473 626913 142835 180222 609966 282804 292295 370467 570196 82433 764129 834118 63207 334800 520702 342401 28040 413256 838382 816503 885728 269793 675941 592895 245474 544159 499805 919113 936135 309288 964883 947794 373802 848086 380676 669881 679276 690085 132963 367228 338325 965627 935803 335319 57445 505241 137842 717719 140235 476707 509797 786829 919075 577474 206811 971412 309878 665921 933445 796383 816539 967556 221009 963251 309410 892441 734381 853249 363766 893906 825341 29040 789878 865459 80433 922750 250529 559841 328326 539112 661974 42848 302402 573573 668510 97294 940482 7140 213870 247010 701887 931036 332926 756356 453302 675679 669967 158304 101470 819836 502879 62947 403201 221399 436103 330970 452637 146527 351965 448107 398703 253708 133088 753169 910100 550967 819325 811511 610351 490514 419133 900777 341392 21349 144717 639218 628172 638688 486192 79319 968819 916044 728212 21794 966469 644061 924315 548982 163476 453834 925712 710427 978869 920977 13858 921809 723406 248495 873766 259772 99335 328041 924871 771314 924278 547891 243200 338926 865106 861755 611667 9858 495942 747071 514745 123842 628247 642669 69297 962525 140628 494011 489777 876387 842441 954084 997429 291217 39268 659558 844586 923630 910355 161655 121445 499064 740902 125541 814951 701135 492154 321114 405614 382345 499626 361999 950616 840869 413697 970941 602039 555580 285416 502179 421237 595722 194342 884162 638552 127254 116623 691003 76577 756908 739542 285169 181548 392871 317157 675075 113471 846391 851894 564934 759319 973162 440544 291148 966822 130380 815473 899254 868863 480731 891643 448611 268810 79896 725878 421623 940354 64473 312726 284982 901351 61966 441386 133913 630228 70637 143136 343513 942343 64794 393620 539061 679445 946221 839791 140072 775651 812324 232943 104939 854879 410606 845189 953554 719735 775149 549571 924838 801451 821176 102923 530760 514684 379652 484709 265875 882945 568029 124024 755579 378321 34647 495240 131367 200512 674854 359782 727387 136271 300472 131287 117602 208422 864012 693486 451880 588513 298088 704521 898554 418335 393370 307287 172225 871714 377610 745945 82515 275552 96959 638466 317341 174388 815354 152780 910177 797918 423919 259097 522255 464134 383703 93967 557424 709342 186668 215431 499868 492955 232330 904753 75435 322748 566107 967994 388968 439996 107789 852288 868411 354702 531694 638677 677843 405187 140573 574361 738665 228749 453763 104162 274702 467150 437417 508373 937194 294041 185103 926604 967932 152080 402472 657453 894892 949278 186312 95097 895851 897879 966309 994901 843501 896691 56551 406333 920967 458116 866302 679529 125989 719562 155061 230037 194504 189069 677393 866702 541910 617463 547077 51718 44654 811067 83767 240098 762221 770263 417977 521441 498046 793157 260580 781505 972426 638365 416973 145916 674196 61202 286089 541672 360297 589629 405387 558079 152144 310686 338350 393893 128081 229329 85476 987764 840593 399056 765031 361443 551432 43848 786407 236424 618036 687561 348070 27193 811237 179585 80432 560491 214261 46603 764929 49565 354795 362909 258274 445329 777775 376555 227998 705995 946824 133627 285148 700615 170679 781203 991515 671649 268691 172914 986599 537489 365630 521040 208572 583397 456171 777500 153828 602149 206267 693117 916234 140792 464715 148243 273664 393064 504686 404282 623409 671499 840732 31549 736238 448239 667585 872946 16182 607138 684382 76062
775
290420 465844 749287 262465 676114 557978 131277 363584 741714 881263 87262 528904 693849 752799 366396 330256 363581 32118 232304 548829 317316 184254 826458 230194 60143 675165 149265 10892 922343 482389 419935 662534 127352 345933 189906 961615 124399 731183 770019 14506 727134 784912 308819 370270 823643 725420 782130 340783 633731 773052 171446 605440 863822 351607 430106 737741 763499 226274 47993 286268 25731 62943 910697 875261 991375 438281 65925 194141 78394 551672 130623 121357 753089 798069 744848 977020 98990 399637 913236 305842 95441 296520 263080 505614 522068 999790 995984 343658 580265 13221 881189 72025 896534 102278 370278 646132 747790 208283 189121 837316 50785 582486 856862 635791 186666 436070 315012 165176 254701 406036 866425 185620 394862 669722 446591 855518 450359 305124 978020 303976 135615 887016 803428 232329 955904 862420 868798 815897 683565 334647 120081 728332 408320 425752 900546 236369 45169 750213 971130 64782 855293 105601 118683 882721 589656 465780 33568 741825 349180 244640 591302 459467 308878 360107 285112 595942 695776 429318 786660 60853 286118 464925 517241 345076 593661 898086 764700 628695 601586 576221 119771 871159 909295 616585 554393 539165 740932 345917 126314 724499 128519 605610 270157 761945 282195 582039 275218 801276 103060 581989 468608 37439 67258 161167 780083 661348 414889 601173 879047 19608 255593 443210 542638 751386 573783 194555 946743 540947 723685 550751 978724 975526 355215 628952 910970 779505 978796 146290 48323 750925 928974 717338 459424 646414 107958 47330 375343 726575 529165 812752 224633 917830 491636 633326 12122 441946 782725 181157 993078 106657 28079 496024 859614 845291 705879 480291 969939 62256 597367 996573 503145 210029 684744 752144 461014 749359 656349 162636 844514 758092 699910 827491 799481 464642 800948 861445 497154 369215 63645 774428 147554 47956 341551 50549 906975 683433 35820 300270 606625 584589 478788 991578 775654 490440 43820 518593 905125 19307 991229 166944 132380 85941 502559 206269 54458 160473 4060 506855 738792 539293 226704 564134 627591 602647 178756 763266 564402 671310 462628 665214 965641 552069 898008 942142 482567 804312 559647 61406 275921 315156 852780 669912 811692 703280 983629 430745 682228 894780 647320 991840 48577 640119 767143 910952 597982 237764 24612 783695 829733 626619 688926 879120 707568 342590 566046 91438 972380 665329 426100 940332 47970 501049 984099 591845 291799 955728 104739 416808 552201 410439 742206 438988 787652 79933 854145 78600 751767 26260 541369 694299 872584 656767 243172 461385 16205 299410 785652 973336 736088 860357 259176 830445 162002 580264 540350 385018 161503 614006 769983 538890 286939 373786 668100 386056 343707 882943 215728 888184 422920 405853 536617 362529 262319 256651 428124 239130 945710 163533 224965 278602 278130 905367 171076 381838 147068 933039 608537 197956 589173 114554 565974 839415 561397 10976 541733 644202 426222 572668 694452 60157 838599 589356 16827 524704 799063 133586 415652 540264 487731 253579 672656 801802 803305 905455 623354 506725 468188 627578 301604 262121 981753 816984 274674 977672 449362 238573 706698 603595 633860 793572 965758 550764 623410 399696 631605 258511 665583 869643 566113 846159 200364 565067 324832 221509 273079 964356 7074 503655 517009 103147 273591 132460 125070 893214 127568 929994 542473 81928 697523 472571 324906 910407 674530 530125 971789 958821 928274 853017 847505 231947 165933 165037 589345 956195 163280 534582 868661 448416 709260 78070 430755 149957 788051 603747 133650 799806 840343 714549 205207 647039 487562 557982 546945 403505 732762 844962 914847 871508 398325 320782 339289 202116 77945 472863 669655 741338 17388 187111 620702 858346 142625 821661 802297 599896 874581 513350 751789 559189 979790 466299 932622 408254 354714 6330 623274 248395 556242 659291 475127 908412 651045 567108 222773 346966 274092 672796 457858 167780 36603 116924 264014 884093 570523 151746 950964 617499 389432 319715 595771 945719 510360 249509 830355 482013 499821 792219 868908 887334 427146 75720 120662 637585 119842 235217 704148 671909 20973 651373 659449 298693 334624 483906 544788 981461 855712 766408 148158 985088 445912 486777 194082 106236 755200 504179 323509 826611 146267 975478 738186 515510 739775 216069 851167 403772 117391 271443 591204 987013 529193 802260 500344 803501 405884 789158 251352 83547 880176 583868 221151 104750 672396 370253 303283 857608 47917 539890 65951 994182 231949 692124 565859 711104 520636 546545 470954 622476 227254 85447 166883 667248 26271 923494 329979 683104 348829 955545 333997 377261 406849 384543 149681 563772 343715 776720 59336 567163 586198 540603 773940 416730 788642 665635 278071 393999 446569 272930 71815 917773 752905 749864 72099 633436 285272 506482 213523 998512 319509 195328 110233 564141 338934 710759 607690 503325 291018 551523 432293 554228 446497 362818 752193 506728 892079 29796 726859 340372 597710 117230 933703 172812 295864 926954 826277 626862 637206 132115 881961 474266 946222 660683 598607 383125 967974 421771 666074 39927 759477 925946 952896 133478 177742 863274 370138 231328 851550 517644 79617 299471 580769 955667 713138 741365 749470 238433 57025 763335 257388 389236 274859 224350 513857 177456 443767 329926 945416 436513 44576 697251 242194 439969 239840 590970 284100 83365 388011
