6
22
133406 404181 842160 510555 765950 435268 504643 151046 144188 235337 472942 355047 968900 27740 997148 617277 800322 938034 358386 275065 251691 683431
35
434821 798450 703313 237979 24157 580050 887925 471357 348486 356449 98925 900022 63525 116078 909094 517524 518187 60202 475476 559565 700455 399196 650727 69262 29746 601527 149300 194215 534904 941256 204493 401001 833932 239309 127715
50
868182 201898 317991 639322 701690 825472 43903 244693 632610 34881 851894 427391 370480 946315 485044 211103 564417 395645 882745 374784 719399 728132 823869 185827 209834 280262 353401 329060 847843 232650 787781 247188 649760 101103 576283 506236 870333 320639 517288 987824 139375 113462 307986 100138 880149 141588 395259 240120 736129 208095
10
104502 546348 84430 785797 880567 245318 584583 601414 7062 806494
49
62834 969748 449756 209103 459289 939116 916333 516673 736774 989585 116073 656705 653970 287192 745407 660081 468190 86371 431949 663696 756545 551073 247630 828934 316076 727279 181395 601894 730112 547852 655305 791531 837456 585638 977743 360521 323198 145342 106427 207075 404066 205906 989006 511249 978337 96918 522660 92134 906890
7
615308 179577 63083 78715 144108 672024 181424
