6
11
529142 372878 35683 370817 895204 57736 696790 192619 508214 967825 731700
34
339123 951831 735145 282193 553183 384081 362000 767030 698139 431741 215585 137870 697847 884317 531826 833421 894910 764009 609478 405021 598066 472329 587719 781476 872843 608650 596050 565391 134861 159824 985749 995568 722004 371826
25
929552 672021 448937 985925 314159 586735 262021 316722 933543 880319 502591 894980 292217 287086 168365 482523 691399 86186 230612 578170 4084 658151 736389 303654 424858
20
512708 722550 556085 383765 269306 668604 569794 291974 287967 23378 869346 521626 836361 661480 291387 144182 856206 317559 190481 211059
41
244536 276715 790000 512286 234775 833201 461370 439494 895552 624015 469458 668142 203113 941573 337921 377649 444907 54856 742820 409371 814909 960274 478627 891443 990231 265762 132832 867011 686198 328325 774969 138697 84946 721878 920635 674605 56992 560778 651342 696703 634829
23
327141 318224 714773 604453 447355 213209 996262 229630 497261 478843 758781 866276 499757 51470 118673 679652 408336 515009 302378 456556 459163 488190 705952
