10
56
642359 329537 179803 802149 96973 711779 890629 319727 804468 311855 117760 943296 718547 806238 582350 917499 547849 668089 931730 721626 605528 753127 303985 687524 310541 628648 77078 398877 402816 665018 854846 139309 526702 690924 140799 992650 211355 597727 328378 132716 181392 244501 443082 679498 462401 201177 418850 53984 894824 125833 908515 84429 923730 898731 517103 319966
496
470323 110396 160454 529670 668247 546169 687215 492551 905084 718720 230523 139904 342281 300140 461139 520732 36462 939236 699436 622284 395386 380719 886575 428710 396023 326181 179602 568128 431987 301706 522728 965721 169800 44114 246961 653022 502304 797384 898844 802401 887009 557057 334725 900736 357307 463076 743065 863433 71724 370398 683167 14571 736146 371881 801257 516762 679441 810778 544331 888695 575353 23957 407971 141693 802455 436460 505855 985941 658911 659636 185764 811830 743561 106487 72950 452265 275027 888011 275760 776210 287960 898527 945471 467168 117786 613088 383864 313629 991120 590968 611838 949218 450120 156349 179094 709866 545439 865726 333755 874470 895824 581132 616137 977591 457495 203611 219996 81352 561404 889160 675658 697588 505491 150651 319525 609888 312019 587934 99773 865363 594221 171415 492550 978041 199333 209926 754042 334904 585634 137909 11286 575217 816203 738793 418591 667495 101208 187723 415017 852038 288122 13707 728566 785045 491186 969607 871683 707915 648988 976058 682049 684551 793872 611266 437094 968088 729031 64917 239744 889911 907440 808904 622628 181493 268069 353007 272563 562922 441114 911722 666886 867376 453011 50232 724262 359074 315404 371028 874444 185317 297101 238544 574186 750395 892290 696134 249859 155649 20420 231769 595416 958390 24547 158430 476810 603224 584484 550120 551958 82908 682376 984228 759013 898937 429216 250071 670846 684745 851260 561187 606921 433839 540870 556045 258014 125370 380609 386266 178187 993904 455497 9480 733171 515530 553570 786203 695767 796268 377052 786865 143347 908027 725024 195098 129292 485092 782500 737396 858362 757978 779008 44175 674449 933886 975315 723104 642534 12770 422533 571540 364179 155180 519161 976744 344095 198631 399662 245436 958429 200946 542625 852796 722944 497363 103126 515982 277446 127705 120436 585186 818108 664446 316361 269906 347980 100441 949554 226667 693931 281434 22180 973481 959101 465620 47694 591447 820503 52462 661845 410281 712437 462314 558291 823234 453135 787863 555058 699426 234418 531386 714184 170138 285719 333768 194091 644310 840082 417260 372599 796631 734013 930129 185715 513565 953534 954578 597611 109105 740346 948586 132735 867950 387768 896546 159768 279091 81244 990074 247493 936929 432625 46085 754424 800510 245281 864727 383143 869454 498521 250428 525381 964941 923114 153398 510554 41678 529929 266931 4784 739494 584258 369781 960710 681076 219926 443746 343627 158962 850210 618670 522677 26506 664511 281732 444741 130461 935555 416046 490979 419079 764327 364109 170660 150139 865741 628888 304212 937239 961888 199399 192166 377909 731574 207461 337739 306160 472670 217693 403037 384728 170153 38281 834942 118297 426944 190145 979334 694329 287526 598109 230900 181028 153185 819128 580692 421462 958135 191723 730477 987080 863620 652974 8151 681936 263622 423062 873607 200793 491752 381489 628727 812499 392540 491599 639544 565683 483382 941520 77876 789204 531611 893809 219239 370615 156264 786350 240582 71368 433512 712228 613261 434899 901739 445933 758058 646713 572377 878897 318382 519943 174339 149283 236068 31472 111737 503717 30991 830841 991795 374430 106014 25919 680488 451238 441796 926169 741265 658103 416751 794338 153222 777750 990425 154855 713117 858725 394563 457774 901107 894104 613444 688414 477098 179039 922393 695461 657989 499086 925740 935260 513501 848473 626333 635805 78983 73474
132
752563 386859 650086 519526 426782 426880 890098 478138 976407 53295 881499 950276 611569 654382 275369 338738 912386 408243 58913 845949 379011 167897 304999 345974 928202 580882 340223 293986 600030 250543 30441 834776 514576 268064 478575 581244 616328 577752 837979 704095 773036 147492 816075 113689 711597 82241 494513 381566 549175 367664 562835 321538 460633 391858 937665 323278 477680 111844 396878 909557 289706 638390 888775 313665 504354 644758 338937 333125 268558 629452 976415 710520 146289 804152 513642 586889 265525 610822 224593 322168 505059 692428 966213 707152 339821 599835 289591 56538 536507 1949 171597 730822 253496 263800 260063 732568 737323 246449 237657 523656 62636 779320 853812 758453 918177 132927 587343 219513 455963 405551 165657 663744 250924 885548 735161 443343 223120 90691 136650 705466 668839 305793 563624 239925 52916 395886 544221 614133 465069 592165 298930 291994
329
769226 631077 503996 618400 1762 36744 822868 824285 175290 988258 571545 863330 441249 97295 495735 144486 274113 878674 804166 19008 632231 785348 118 632607 167496 598225 291305 457023 363956 628 856909 9002 971696 886842 99271 386629 301926 203979 781183 108018 486023 465113 719634 452923 492298 762473 729366 763994 894783 781504 609696 940203 985189 268390 842438 888847 74774 849917 744260 869734 286200 802968 9082 598124 639294 665503 196659 672045 44826 310268 664394 924573 6755 848587 51623 329633 486541 614604 782297 23428 728120 999755 249815 868624 889612 538451 848928 828602 367521 967491 830657 638052 864798 378372 457367 728478 684871 847930 620967 320434 355921 611781 264667 869432 845360 243997 777547 255149 550800 843556 979713 319902 735285 188705 601827 418098 426699 681232 550798 487118 828423 316458 604819 952645 201292 102226 13763 967773 564656 364883 702343 643651 357636 722562 402745 687561 225310 562997 518327 609972 466405 547573 329120 489131 12442 902798 170275 725749 161549 753897 590574 122052 93222 291429 159288 714652 197660 408669 922180 646938 683337 984999 801619 386492 677065 476408 562848 57552 19717 450523 844164 913479 737853 398216 364822 112371 787828 364873 862764 777770 865339 169827 783736 584220 439305 466960 624522 638958 159841 477968 935341 247775 975122 881646 34996 142684 443779 902274 937602 704153 381318 20750 599211 285147 135751 980137 849440 930428 69318 848685 278776 172124 190110 969991 819775 642240 226180 307951 714140 495149 588398 679242 622252 125158 695728 414007 879932 644977 110401 177918 411017 53442 387881 115142 756006 329668 171600 484925 853026 737637 215240 331876 529437 53239 681995 506106 808023 413183 733450 751113 441593 751971 508194 969389 708771 728212 561709 933065 870266 130149 341291 665724 929735 329828 812995 141955 742837 314122 275816 237100 13055 865659 155704 137810 292755 562809 301176 678354 134566 617536 830463 534509 942547 688384 638966 516954 89743 166256 613383 602339 63168 639940 15937 459166 229091 160531 918844 700354 184325 630946 390982 878956 18469 407816 364157 87904 88163 731813 6801 971057 768954 851682 542966 841472 761854 217457 440020 904140 520197 487876 974234 401213 6080 423615 350758 338220 421123 964884 719552
144
51319 307850 304607 820894 941660 289129 837097 100797 110287 136439 127414 262628 305790 887410 979256 450608 481400 830796 444949 695151 397416 555105 499216 120746 155901 262491 952762 715374 951831 171772 685423 616877 321440 623537 818496 437296 249599 973000 36476 818252 975113 728630 600998 747474 401574 671723 714965 81471 872160 583967 482002 464345 360528 534350 157723 868272 852480 180263 577946 880694 243400 116452 729972 958693 471601 741618 646092 584059 596379 583535 622610 983141 444957 546466 282083 606013 503667 116553 954517 859912 280780 760922 554339 582292 734534 892707 417589 597400 818261 572378 666348 14499 726546 696029 483280 81662 377352 149345 558046 749489 329362 289765 322926 4062 676343 789537 961289 320213 963485 630214 780889 835125 138677 591885 526458 793027 525210 917116 129599 787898 389156 491340 449212 492004 449496 883258 179906 410973 761184 206080 498368 972388 595287 112506 181762 348173 14580 60279 168088 155682 640484 976791 528931 101636
180
682964 69137 554201 630303 9916 231906 214879 764714 179874 524499 541663 723404 82887 530668 452836 476750 427546 675797 825006 2467 688323 915941 938905 758373 896658 606125 815117 83990 488174 708418 599506 79228 703348 677229 597049 189104 547652 869417 703593 121874 95509 315104 131450 464309 310384 591632 5916 96124 184956 252333 904277 946103 646703 699191 605237 320946 324760 560529 615794 117714 816818 994169 363426 657082 391376 494997 811269 821535 679435 566564 786840 34780 894234 60735 756782 811664 168009 561687 631423 326517 915793 460613 163256 957746 224974 198805 920330 803656 869266 440875 338893 322015 45214 657903 618402 564622 499748 382878 781807 877222 454396 444084 380684 813718 38466 830051 958535 565391 38404 189606 948863 834722 526222 312497 22484 571763 796380 821180 430084 404726 243375 310808 272864 744915 323421 129810 544904 664029 866026 722379 434720 758703 705606 331176 414750 21831 380296 470895 762748 322741 513429 242844 617945 968715 993440 429734 159082 551690 482624 614585 763738 31459 810475 728390 683849 448382 839582 751432 884256 279595 438797 535512 891270 495038 441477 829044 764278 190134 511831 475937 540242 804751 10961 115422 389055 830311 96422 524684 55696 818466
236
359659 971941 922575 483972 235787 626343 539614 712983 78120 443954 118036 686080 805272 15665 178924 507585 389534 455505 594771 15964 660151 118892 371455 265591 720909 257178 650117 324493 169743 925292 278526 799171 625229 700420 574733 782279 272669 397471 448545 969095 538513 894103 904263 133670 563997 981566 533045 115537 748909 765555 988211 734998 980756 217574 539698 910042 129487 29227 776965 642668 561845 765319 367040 397207 618931 532674 909543 739494 122709 456462 556281 363156 247329 777368 750113 93245 407640 262362 914307 884317 217955 881414 707334 736304 355388 654135 827398 559991 957465 844899 921566 883962 515009 864394 529523 402112 155707 426309 919231 861469 911801 257072 875702 826369 305325 586535 33418 725490 506563 540732 556862 547389 861651 861082 748527 124033 546042 760191 542424 122858 943044 478796 377314 23567 304046 397964 826423 253290 552698 795051 599635 946574 273544 941654 750838 540633 786204 357081 262291 701380 515063 319717 188835 443305 466158 463272 724967 215262 747527 261203 67545 78451 419989 240612 922371 761655 191812 171287 420966 731812 475930 687456 427478 804422 810117 346879 112271 226114 355593 119516 291311 211496 162338 831311 631815 572628 943459 948473 722206 507979 98056 209196 918555 649171 866080 701879 464973 621885 264587 512973 628900 303533 411722 704244 88481 148640 967905 488110 566080 876127 400034 721205 732438 712505 959945 16022 768078 913335 842599 341433 26279 471054 988643 304545 663478 752846 616987 253322 999630 975849 560668 736068 955575 546098 456422 150876 707501 951918 869895 45358 934506 156292 284423 746674 896212 629837
388
127392 169020 787145 447191 925334 17813 889750 523424 845292 145395 475378 767939 936313 801115 143121 648465 720092 135142 153443 569365 917805 261902 980619 896650 973659 657594 66668 378283 685712 34469 635064 432990 174841 472637 717673 393060 428670 202770 312897 834100 795356 541678 850309 243608 751448 388114 925075 119624 73351 690682 131716 198077 347118 393198 854174 937440 2955 832470 436935 9546 283764 27895 564660 212130 274344 835449 950542 92852 822672 872104 987319 671456 772262 525191 145426 699428 905567 914119 314171 118378 711155 476978 282038 428987 222737 288957 241801 241454 268006 699888 148792 386110 176099 429880 685234 961213 545683 660387 505923 640292 402384 890087 198363 316426 223618 403650 213095 935536 676295 607366 376924 503350 173551 849581 398753 227928 379638 108133 450290 970393 977329 988023 27973 152678 844116 162728 550750 947268 713444 108720 746102 17500 138984 456182 467705 727523 209153 205248 75243 655133 939096 22636 929842 265438 178381 483771 41720 816678 842931 927479 989553 888239 143513 946837 390 313287 446830 59581 975708 50158 892838 913461 748583 402001 205042 286240 381626 816860 353477 699259 278168 203637 139115 939860 120192 231902 731696 140692 188250 644089 260566 318222 238018 690562 79650 151780 152186 870902 784668 818269 809881 978212 485188 664339 965338 523119 107706 122102 558764 640776 462752 727157 418760 96707 710704 469894 853592 361058 482948 39333 662483 994066 550153 85286 237787 225663 229546 684385 132564 313398 378988 208968 27145 529297 409662 210992 677193 312067 818915 23188 337762 620855 373767 501424 141312 479941 220468 598776 986577 512233 341320 790836 575488 467705 86355 213971 350004 415715 143836 778054 364991 949377 168457 542296 652961 605307 933227 321171 912062 963119 260358 295969 738708 49608 806961 463703 975590 968954 276280 278561 198100 336920 560398 834197 776380 291296 712732 193092 287144 896524 300270 55801 323833 854497 473683 590221 716271 169057 508280 566954 903492 899826 557746 233608 26186 83545 450113 387039 345178 860258 231895 814796 835335 786122 807863 738040 203763 409770 873860 69753 854669 113304 613774 728390 683250 830847 110849 339572 326438 825688 154280 426601 932661 900500 812263 848040 433071 620981 285647 696641 664540 620262 454901 271222 873631 37719 368303 751807 912605 994663 726756 822425 366412 214838 429626 127579 944363 114484 669444 94603 230477 756638 620699 691917 705698 745662 229750 563702 378869 329422 758614 972972 550559 561119 474201 396322 944197 755006 412917 302942 646319 822958 103039 649944 271747 4497 575885 91313 765163 990939 660294 281422 595857 274121 927129 986234 70482 178231
411
581762 682035 953415 112220 554414 139399 780706 722794 997417 138986 24363 389371 266787 647500 577339 970767 611687 650778 815277 388298 5863 467917 87494 863060 697445 61966 369662 433391 670196 24136 908261 120995 540272 797636 627787 399939 493956 387600 367494 545826 462233 450766 972098 15978 158188 725380 275096 380115 2254 554026 857375 354569 517184 363655 64198 808341 731189 199615 171162 224387 158522 895490 305806 819850 579902 861098 750401 860630 618805 992530 463150 566733 368482 392900 871837 754635 193614 644676 613829 81172 799992 336484 89269 879774 869593 710140 599344 357952 662956 704781 890205 559970 479498 851181 264703 779464 77041 468399 309784 191432 81740 129314 56856 397507 541111 354426 62212 507783 368098 924394 589537 406785 399267 488889 458580 608418 642305 490692 404478 607410 602358 953276 866146 623953 371559 423776 826331 221536 857264 979972 503700 853006 859453 376715 810482 176714 565499 374521 811893 949404 631007 166203 438110 575130 673609 797541 981818 964683 856970 278374 217717 452013 153076 682377 646357 622125 282178 749261 533214 161891 733946 312071 742511 858101 372065 119051 665579 792524 864711 971603 321360 840775 895580 888940 456919 941173 639103 602134 578431 905018 338689 518632 259440 470380 359621 20574 488705 945916 131395 298226 471708 513525 696919 356862 633805 228724 400456 758677 627925 518259 349983 319338 206189 771705 497644 291220 218250 914517 383711 820643 575697 575072 600055 763 414665 367140 854731 195378 522159 363485 123324 60181 584398 876829 72145 42893 628082 709360 1786 338735 822660 734528 86583 693442 617803 177904 739758 481684 447423 902294 286839 23140 811927 185163 641192 195014 686684 230489 126528 241667 825165 527495 153719 285793 211303 992106 840496 774499 794856 201259 596957 428371 163393 207585 742454 346295 556914 657823 404779 976283 993532 923932 258706 792058 659521 374112 951412 919932 273172 177401 535167 295885 44701 414671 215831 848035 93466 365055 473295 501002 712141 192757 456666 390660 70878 350354 144183 557615 526933 970642 335744 183377 791230 312520 400906 34053 106634 501280 517376 763273 849314 191554 829266 869879 410271 827561 498482 691808 519308 265580 520096 465897 644355 807911 768338 476907 608249 31456 297324 674848 568263 453580 151876 820661 96918 259180 16624 685965 960569 246023 484782 85742 614084 141843 741949 687310 252383 35982 460655 838170 353050 938401 430971 27283 32598 960079 421399 630045 332823 219237 476912 795751 83354 864801 306004 903852 483443 342598 793363 599176 934059 697467 882275 533085 391903 292598 796705 89188 918470 527840 531697 3870 540620 593233 666330 338206 317870 4456 350879 663056 172608 631722 24631 830684 505365 715422 556888 46819 858957 424100 581626 661491 253962 385627 179076 439407 593648 169062 482425 333272 628916
231
411920 40205 352401 453996 40025 959072 530184 935478 977389 630684 604576 530617 631917 337081 270653 20293 795848 938347 108953 856368 725098 672806 883417 210376 973158 12866 493576 677910 574536 369452 767752 141208 475115 924697 23210 938334 994088 814301 389062 958956 265254 455067 389497 890470 698826 192719 643135 35652 422286 691345 861671 789760 128486 151138 389856 99033 863469 959737 190244 419178 48222 828351 127827 443680 389046 495942 797868 832185 955784 991852 808967 977852 607848 28428 68334 181912 205035 831314 984631 669018 592323 146004 448373 832155 639442 385134 105515 783544 79652 96740 902241 192663 7382 752971 889334 35634 70174 149972 284398 690717 400672 251460 638634 515327 65109 64022 639707 574918 294136 432052 314424 826729 760066 998417 163032 12310 721724 417637 989811 898648 588575 398662 704033 434345 122526 972537 901206 625998 11773 999831 858176 621454 313823 525756 207863 32069 494396 263998 660195 613119 815474 274815 273182 519484 360739 542791 197176 258717 39729 490926 668167 288929 668142 786799 778292 829474 319866 527473 273731 95067 733977 753674 31270 350367 695263 304508 758627 77491 915277 775922 877400 36966 655962 547680 600747 640783 124046 763535 573723 384659 93126 172029 720815 745741 197230 137227 780447 766855 759216 42510 271183 35514 640107 906292 97942 260115 113020 107013 39493 576017 697341 703100 174234 258414 620384 244856 991400 512034 645286 343542 189115 45930 245083 77959 740033 622741 524825 151920 39504 167471 282960 275383 861241 651955 775243 310628 544358 918298 210348 424457 909137
