10
68
699524 740460 184373 53270 367360 998027 172278 751965 397113 29706 2605 774332 735016 154945 777700 626347 463939 384060 754616 233118 900616 249068 444478 251162 691282 889572 527972 2325 245348 600210 183915 761076 713150 137956 568363 781756 402140 549713 649471 953208 77026 220165 69994 70248 167060 872383 387518 694388 349276 146606 651226 103054 317008 353707 623100 147826 749985 736773 90091 406790 108606 220333 266246 706077 744282 587020 93766 811734
59
894292 69469 397103 231792 274019 431328 744817 897020 954890 970650 7033 318913 115503 703777 93023 93770 283792 946023 551297 324251 856289 810707 409680 129577 349894 278336 935502 858054 825369 148196 877343 214529 123362 245973 793484 152766 408267 772444 400343 668796 755344 764873 509245 517480 224483 261344 586668 414878 430079 778067 587332 3024 791541 401628 937070 540276 594680 670527 444944
75
542595 907985 304951 968068 938227 130600 354073 404756 792110 242772 30237 497139 340888 375016 14128 794200 29264 627260 179164 432655 172034 211103 563220 634499 600338 658814 705858 798101 642974 632348 433161 602239 208889 882375 462209 154088 358229 865216 685173 815344 591914 206009 516315 469314 5792 831958 518891 569885 274050 470323 940369 415382 968031 69991 436588 706512 390441 495971 776025 507790 910888 152337 244339 924321 945418 359145 934542 590980 89502 69655 904910 167077 682628 119542 165945
68
358960 846794 904169 999110 545622 282485 335250 151395 26056 554593 361025 991693 92860 269864 822421 537188 84140 453633 798877 974585 636521 847507 159640 837397 473548 884685 928602 178313 124412 276567 629679 910130 983683 242009 542883 885701 695007 290631 774510 517427 503593 536841 135231 390410 252274 179794 178758 632632 404605 212273 242783 277514 386504 83744 556868 787901 366110 905609 321508 647076 562289 937269 768331 273554 694144 117727 570657 113823
63
899481 495729 740803 680091 594729 988384 501898 485437 74124 75028 895665 812318 579387 267867 182919 228142 487142 135062 407382 543359 419325 69284 457443 174879 134030 202028 182648 696975 868888 934279 936415 720482 830057 668484 112908 362958 229548 257536 292068 292921 274222 585085 199931 103673 210781 12344 494626 288906 933827 85613 761095 424646 835452 192041 830897 602064 693530 667866 741960 367695 210831 970986 713872
70
793157 337594 757523 265256 657493 986507 47780 573007 642320 630320 492808 177472 962513 522187 71803 279 233878 694765 663534 807229 814015 349186 221034 195879 270991 418426 834998 958983 767994 34185 345175 677167 982171 152781 259187 818022 366269 637433 291662 38933 124071 644998 55718 8821 242569 612903 36523 201738 239669 439262 127646 289284 370795 6472 577019 835860 862114 691462 372375 834417 423535 349341 787053 147070 209244 220375 106761 323811 278297 996480
56
26840 369741 169375 981947 360988 190195 418770 192515 66664 335416 177303 190376 121705 718173 31540 748824 829377 948829 532012 43796 479282 462709 192794 782597 887812 36187 252440 879216 41402 929402 598891 777581 793500 442229 293916 174090 671574 346380 962170 892355 347297 114280 102456 679003 905269 121450 731466 85115 724278 483647 861204 240744 666106 955457 172261 854213
26
340263 688087 349494 721494 607813 250890 479050 501690 762634 322209 559473 808324 511085 437553 683699 467641 51961 835888 634649 673834 157867 651363 772526 845884 18179 288329
60
325955 771175 365131 300933 426928 453964 696099 842025 371882 293692 398191 121319 407627 625908 869992 46599 56491 454048 296567 346090 852958 515843 905015 98162 451758 259288 727304 852533 756108 768056 679557 288939 618002 535270 430023 184131 449862 852410 226157 525343 812781 179639 531382 795721 912462 178140 57873 828927 346337 403731 312162 296821 131190 7982 321558 428351 764286 748350 35028 506354
54
927610 468617 956205 794850 211726 802757 230570 89983 799014 344057 979291 336015 249786 976067 588840 680483 717275 879434 322985 578395 613904 779931 933176 804161 207658 646395 150213 952622 60465 955178 476170 340190 856198 609942 590253 271037 96357 237229 618590 817612 357791 721047 422368 519792 262109 602882 283735 706175 450841 687779 35816 957636 233776 390090
