100
61
386078127 97195366 968272261 410186058 494966305 302973168 999719453 934937452 101067850 983713113 605639800 604471519 912552752 927372679 14537987 832778096 184845385 599950833 497576681 299986621 180390854 996688971 590576031 614654178 69323844 239783015 652435427 189540621 644228449 84781077 79944966 200559181 833060034 701850338 813384431 637245294 216973504 767594450 670692530 865267872 910346035 485549493 516707605 461025663 376138200 998292672 742198490 566597229 980284158 188598030 72321883 615408747 106636400 788935281 719450441 232524379 35602753 500694343 595464841 783229862 598152604
96
202434869 480861624 433633466 374912717 681052939 545038172 990019867 238818898 864756200 789079016 958144343 630645705 250474575 199809169 821815192 833357302 62398855 849661790 372367954 404530009 111777743 454428334 419946563 602654859 844442027 154869558 375055990 162681343 94321259 735223644 726613359 596007949 388944587 736861471 862696660 646398513 664963453 9693741 853595809 599966462 364208621 383614626 238078845 83143839 271133523 881945672 937744660 788298084 779262826 376549154 784517788 479073929 486075498 323688275 339096927 51838465 288814238 145111079 187001039 896012037 303469938 615619368 718131688 917344579 220473511 875837590 4555032 786379388 254190303 28740873 641596668 999491737 713330450 470265791 374901970 768603947 394838475 189032986 797306321 799249142 603848799 429937227 989387715 421855351 244860955 177872768 836579925 476259057 202184968 306026256 745445310 698834875 651479121 441594547 626351754 292143514
55
176437012 269131731 557759040 573111718 485932293 122287886 492305184 653208936 729758779 481116519 631538237 711063522 467052234 35610530 832837202 579148656 627919899 45276836 779759401 121273917 300947328 798875824 853918736 430239403 68728700 943280330 21270155 947290611 201998062 743975767 992766013 64856071 890045041 125139149 911878373 766943263 872275428 554595537 717680656 223594728 558054175 764172298 73709278 204219063 209365386 144478478 751683809 694080179 229267286 818457304 161261341 875516014 51025318 308975498 216775657
21
549227770 323532179 154405323 595878444 632902513 463127722 401229776 527238344 484405881 443962644 160600263 892674340 143063957 382603284 392329724 110579093 271990733 349619790 215576979 301666936 908179124
53
893954579 362037067 727494270 901289369 249240983 404076825 351582375 727756673 959474736 125521026 695653699 670185123 897859637 565765473 622306981 384898089 82506592 632064634 844166794 617596091 408103418 256072030 763864634 948067862 641957517 210089636 588409065 883471552 947090898 304419808 896255322 538380903 159827654 418349142 222285661 646292397 482178284 350876219 758766403 203298145 530570091 394784715 545434757 726964436 391681991 839896348 256720688 745047054 591585698 822385379 925381728 79425703 608061381
81
654561999 769084805 320670029 832251087 822107657 354722433 354827506 482704178 47477579 27233120 601365847 338791395 838125978 630668345 622171705 655387217 746409084 600224545 399602633 808330628 159470232 203434727 844162476 47586133 728422299 385286490 275681344 298278407 630025032 548162030 902917031 795772338 954288650 37066886 926447545 947973810 4471680 487805694 49578380 583322616 122102181 136739255 356556571 672181182 508604678 410200951 712433460 399499496 44577297 719047180 18092141 402125096 32608453 994149014 640886051 515033489 494933683 543137924 397724523 310267256 399514401 97931239 79137526 318934232 774563359 488725913 809976103 130249240 26143492 429787460 662974432 957261701 581759580 425313441 54479373 357237361 363892442 547834447 360984228 690868826 469654613
8
644037845 209077083 426777995 189016123 910304995 190954077 752945643 262104461
27
239058245 172714207 188031791 607619584 855713625 892679328 346866335 256668629 30114517 763059815 939966099 102810402 464226098 938021237 16464645 753336912 48902656 550847290 105904382 444134249 380179808 567033242 816678463 602083933 667318108 837819194 333867625
78
839742625 329340051 529027354 938653470 333773312 975560449 854759418 343466378 657915889 797482105 711768076 685387901 752314695 869753402 427798785 606928401 220145430 429026220 123858562 36003598 625805735 934222356 337293999 17247903 523922041 88793117 386794134 260380062 286817337 680590781 734789488 231426833 958092915 920161528 891273715 757623695 680350775 363049474 478976130 747055358 877239286 288585530 97972907 927526025 804115134 560758952 998298974 137239312 987802215 207139455 735968945 209509134 107912558 620408963 255361111 621624357 153753944 50957566 266850378 714229883 549607809 704321153 623110472 974412951 519060788 679411804 956361732 648208433 676679579 626215513 682796234 449784074 721715829 733211121 930845307 641159686 404253843 293117898
97
993998824 561105850 733240563 640183941 129656774 812522481 453662048 971136299 467205972 630024779 421915527 586558501 970030620 905354916 563772503 571780194 885893886 521417232 923327429 717127667 314717700 457052786 87662168 598100676 428098098 557078039 246566409 983035798 210481945 825610823 793437880 228318069 872428819 416642754 574747037 706124304 180920831 219178289 566020635 403380144 523936368 260030391 847606924 392873879 222606981 399657831 639559372 772972231 472178194 995787151 203766165 373844299 519291242 22389051 351467555 724135185 644966681 997895493 314978625 91554360 380242099 687694509 602445991 997976395 329453987 336142952 351829963 643685379 305764225 599053504 569860540 869269867 485715662 688390715 722337465 281396594 218618354 149438979 343081739 452780963 829545959 778495433 802397147 575856853 707343106 480207423 968591263 617056797 171537590 24953490 326778723 5102987 471931340 606662415 533238886 237362593 314857389
68
119444793 612345685 933724040 474717537 363099836 563928232 925231718 60006574 173449664 262145244 76388760 832028202 12046311 192204109 726016897 570987714 993088175 661620975 218583288 882919899 887493843 516665338 170115945 786811537 569511653 549977684 745698234 391620140 653818707 294270766 868492574 88962193 944966882 816603323 416576573 99295693 915963266 481575398 46249048 866839742 855508727 311196289 646015849 510388045 180983159 493705929 821218472 903245939 463081195 858366810 542985630 762390854 460918805 379297290 339259835 774922557 299070568 153956924 569378992 944935595 548304410 519991725 817113247 720012337 259707783 358950481 681908010 376626249
83
918543772 693424077 86342619 689278762 200901908 610055178 381791671 621947224 75424454 427524032 846791580 66700555 867116305 346169989 773179949 366159618 888102382 132476271 408552606 938583385 186873620 575917096 385784063 861856246 675745230 468226158 180729405 845407106 365035431 648228637 181927991 696695163 196302734 736294303 374044591 390005856 558185830 709752505 359319027 936582645 520175966 30817730 128866010 363506900 438158507 184703161 677201891 817484769 946456488 58669985 391518153 121552474 705020578 554318519 621044784 719952234 273059839 311400874 793882905 376339433 784629810 752878696 816878896 967648800 94051100 678317679 544602846 284840433 395512037 896252478 776425359 156064510 942127890 869860602 428869556 577574308 169623989 785504921 64380475 275648559 989880913 795443690 498299988
13
585927427 492070294 590181609 132314858 683041525 166437115 415322785 111211439 33845746 870270476 487813989 576698859 480142031
61
195707004 298966989 154189008 903072132 118860118 197445496 280185388 813094522 520353355 731586801 258973997 26623103 781448012 43729736 305128634 730086976 170019046 300722470 671998117 978623031 88080709 184138244 512493227 484955425 655005689 593675481 439044966 935322953 554526684 379295728 433712601 524590366 653603833 730745629 440149787 57299488 205196918 854331866 956618995 833652520 987436852 791422046 575464462 143207990 697899873 18193158 869176409 326287830 688572100 398308031 627281808 364693709 855449234 944749602 855835982 475693880 580447568 298844927 192626777 294775262 382889558
54
703105929 748510089 381775998 874456972 495019164 677374163 613182750 426159353 773132166 795121361 603342589 215433045 39883542 546389975 703166012 515504835 194016252 674162288 560954835 871584979 210555767 66549455 606468835 858605593 191344981 203286097 907629185 626337191 961898361 635064168 358683871 679731752 91797623 115940660 721519835 900760999 973578503 998317858 37371142 505386113 250354442 507409645 537823978 439132891 860938194 849537581 979703523 303962085 852686681 402871963 820184289 179237464 812403380 187441651
79
499646549 309751556 77908572 286163247 708442374 306330211 398697267 425615867 166678786 841406584 15058371 585112365 965381211 119324035 488919136 73653703 327596961 299868555 493482679 849822462 903850307 678281837 521983217 681466762 177079647 541185058 579285471 697473470 19016586 139748866 958694081 967179790 869843263 266934650 561592330 722098038 269108462 608475160 739440597 449187319 261235274 515724165 277812234 984930779 331106759 503650453 112602598 392235773 206838900 799349940 69244619 572840027 649085005 232768051 797271101 356725042 677011064 252705494 406729528 579692751 495735713 600400841 624860710 473148929 12540395 797560081 759361791 281023127 573598185 475854784 193220595 876107363 922420658 865084929 932122362 603721410 124766965 954141957 788262000
39
867232187 638254571 258381552 917360830 40728205 925492338 660107614 336004603 158784 548040891 786955476 532736776 847325056 109613368 134017244 783318886 224993347 601013941 240213674 20262291 641968040 608575224 551784640 897509818 343403977 78873672 300782701 17748595 289988533 53811508 225805596 950965415 190867280 373034052 605475655 350265201 70609731 833907995 454006043
77
307717090 894809828 910465469 933379457 888777658 159154682 543254658 490564918 29762833 495949093 633322134 955341908 598401219 884042278 360618651 973950756 907325496 459604512 693490473 669358607 213896680 356978284 386042156 938400817 553249008 144155964 79567115 652213381 927993759 704533480 512420770 899773204 572554006 609670156 213547797 699263428 93081150 968960547 516847228 275806034 57227018 664352905 391445591 995632503 722304934 493688051 500016143 769399378 995551545 622254822 88017568 216011906 158646158 465619624 638635065 27077489 140946500 905346740 375448602 662672972 954758973 527025032 21344033 453678097 429928655 702874150 205107123 168299627 219629694 85585136 827869044 4377093 402376408 933559019 6740184 307612674 427652688
82
758710139 830842774 524218373 352983198 251471761 301470269 840826775 1673553 275596850 724615213 358428019 267494717 592785413 98470294 452662762 19896946 434850386 477148701 615900334 943069383 882080659 868424609 366319914 307158083 685991882 794972830 135801288 944336164 846885388 789586827 272682767 898893044 845285794 983133601 539821697 878262502 706188591 976051324 801887519 516485678 768784504 163965467 539059829 417284677 835773257 318690434 394043845 482215663 716982847 32948457 423206027 41271827 857079344 489087031 828654606 815075440 929252751 503511537 349540729 812202272 472414669 560082433 716360458 597747397 713128162 764219024 761818499 51902200 24932926 862314596 191784641 238739172 572479570 213192314 532949469 392010088 840416619 286885875 539429617 29906908 900792660 807890364
26
918463696 494934692 187441719 688277118 572716643 327189738 365633636 813652032 300334332 864258890 298819922 667806463 37911951 467351973 763236892 354639000 960186383 823741707 21629849 296961841 53844740 424092106 899746544 791528885 359246741 88193812
25
882907995 149364937 331513331 196961088 148262984 66850506 390407410 726045604 112615270 5773475 34708747 848847409 571815649 409836239 756060536 787025161 120341608 810539524 470824850 977879735 814607120 849519707 75465966 182175613 894779392
70
497009487 755673946 321393281 578455917 541343522 630121198 401548357 434874501 384063889 590620138 126149469 34837078 61126607 418825358 730801218 97927904 552050481 109089532 55726930 191329106 340250674 12354541 371483531 329033921 795760438 440994047 492150057 496271183 64591572 223638085 850083709 847460239 575447905 655930000 775912999 254448898 123042555 182660951 980520434 158466742 115389743 626641959 267679421 493220189 202556846 996105127 529398660 568081205 797154103 928804151 630587693 802848067 529193071 641756606 304467397 392099310 823360454 125463495 413259751 146709948 668773464 711310828 783241731 238615598 211384879 463093366 354258596 959018283 562853723 822325823
41
552854859 367187893 501098586 549321996 946058401 261668498 181371148 575318498 193149807 716672434 506335689 510995274 61251381 778236945 602895053 986132809 26562293 792133185 288112806 298799884 563013449 188633541 519077813 926553586 946123414 973719286 487875890 415250416 856168165 42517190 211317856 646281237 330437909 584034137 189724009 917934374 915323220 606230694 952626713 108119666 869386264
3
51705511 236743494 153719125
45
801947571 820667928 132120987 625234571 855206198 198466786 494465659 673802013 456567635 433733181 977737912 247916283 411024739 515260028 771651104 97623123 442908404 425163688 319450133 861982541 865200099 606934327 86589679 557334370 854530266 543756584 489104164 591946126 757374754 758807237 292417290 381005369 969991172 331637577 150785482 188446649 904591916 139853369 18302025 562525508 372766391 894138903 179378850 244307301 744258001
82
131924046 819366375 894937651 56126915 607561861 289014843 934224701 778140834 874407757 926733070 882090954 250777611 233030482 309090571 910640006 532241489 151933760 635055770 81084915 4458325 699903580 987379950 220467065 78018791 435468051 33094815 168483521 231472323 15517308 595548158 491136590 828761703 663390031 36146090 344214716 601617154 400202276 9150888 275677600 139548176 938614525 670846641 792068918 950996325 626684486 180573520 240447781 716752851 633484789 663869384 54470936 625125978 661970588 628421226 275424906 744655281 989552219 964524066 981531519 206448341 548201216 775523805 797796274 838546885 331383441 224967331 809822205 591282682 694189407 306734783 568430168 523037479 662175219 214234437 281835465 133559069 364159078 935495592 240440902 855280909 645369439 139219722
59
807695535 359056256 264650680 412816440 575619523 65021199 416744146 22622993 651379067 414554795 749848340 604524754 583068843 152022955 450160969 245016745 361394150 629518950 230548442 741340330 572799139 41621927 677968910 695064593 489025183 861341065 748888270 385735598 717563920 355664162 586707851 432403278 500562595 787042544 357652411 394536572 248700779 658087692 524309944 564724061 776828816 60407727 375644252 175091434 938720707 430612252 231593485 343619177 157714446 214360734 570230858 999318519 458694092 157389664 993050513 434450041 170911286 233058116 661477474
15
565862323 675796676 714672493 16883205 186240797 4984360 762095964 713589442 300666241 934312478 596519286 812519966 111413804 515853180 576095130
62
146595620 83879409 108014484 491622458 839975373 273660122 83705660 360412405 120677837 642746771 88472012 301957259 948987501 976608932 658728063 146283226 714087146 403282737 442142616 308088318 437471251 923296024 664050072 209032682 659706123 858197327 615180594 525868272 205159509 279506640 22480114 539129503 194271474 868598026 417920325 861925351 263361332 155722470 546128085 699659892 253353191 56097659 88031484 181269235 491022681 568307573 582425003 794392462 277126166 509071092 684631895 484775279 413448281 662077872 938726869 974810555 204385960 915243548 688000321 621224680 146568448 88526822
72
472225685 893239309 578935250 395125916 268064468 540308637 639970833 546932419 979272880 400512765 8841269 109639541 522549439 477828784 671338545 199914934 76390033 866826295 502548162 370619904 334790916 129059270 681618460 270878983 626411854 737206654 326313144 927541092 898672662 998324721 161296114 818506606 475971405 823262364 522482498 177723263 901101134 392524714 890680627 645307622 932279850 657069591 584812189 429247632 553064706 16384721 442457700 256254257 831436797 773678238 329124104 790830932 487930010 896124660 429008007 432485356 968662020 423964847 494251326 883698078 996719520 824599149 547629210 624077039 740675499 816749834 343321349 968873826 556891580 915174825 174363664 79904453
8
828540417 363149390 15332595 871746932 695917457 298241056 316890560 914472040
71
94770951 542581 594663140 359640683 157938950 325656452 124827518 603988365 552698825 353170854 713914169 769878612 306016386 10666466 607583786 991635664 253255433 171950305 648908488 29580421 635272378 833756001 297279755 198472739 930346922 159004431 332334415 336547803 396181502 549492256 759196434 771737161 635983147 189500198 698843324 921574391 316084473 563136697 783215630 256996759 976188182 645450193 320445844 366689617 587083981 242410282 20009386 13046081 64174007 75609918 692797902 336777584 499343915 993374042 505316662 6161587 778423292 861792565 178181190 81621666 756507926 219386337 28879332 917367980 772396745 64679443 66051627 612042388 389471189 255801787 482208238
52
48941305 605421507 936595104 958691052 32333033 484326897 157327238 785562046 624248998 415834638 425602635 207050262 538650172 189433255 734413332 913200460 552926083 402647842 409339596 287885880 248374794 137494452 429973223 588095890 226807612 793282432 775653124 748253397 230861201 879340415 690114140 501224020 742825598 893257170 235002917 425975024 220980097 445656041 991881000 523297249 146996525 706670942 4556463 563115947 38908526 447918095 812937319 547539242 796395036 44105094 769236525 655508256
55
801093939 467523561 40041263 373703817 424712199 186289141 374636192 5964075 530657787 612227376 757478755 748920353 596469861 240338990 499084968 234160723 212707073 896657925 322471649 153844199 402326233 352540362 205063880 955358298 949824463 649644952 852902987 938842822 721819869 149916343 776283215 785349114 61912876 499662498 210669580 57933326 275379656 752023866 3755676 647010779 758427601 114691412 67894318 53493370 254859483 132547028 310432151 686062121 99417796 232338770 735003628 972815314 819103574 118005710 513513825
71
436385018 83634667 169201424 966218092 444046618 308631477 903532620 127260166 39725629 44168010 150263176 802244259 739117760 722250829 111695294 4745393 310197513 546242816 577832703 133826288 497829326 46432321 734259360 253228160 121410431 99248433 56420508 476704694 801499048 554198909 770831450 886752168 619208578 822808708 233313687 640880656 529134872 183196307 831703545 395484805 312265561 952345312 845922950 733123679 129736938 217641989 15559932 813155347 112100852 795428656 721259725 577968744 179728514 804975578 309218662 524146275 467270685 858619106 192232149 845912920 989839956 312771372 784371560 374845698 693345796 519904075 189330637 533985400 927286372 698463929 882945840
98
378373850 782172743 161602735 459317360 850467387 68670897 562470897 19596902 444802027 899851170 50430818 830548749 320015831 762790656 940748582 849507856 981131680 667772463 379927321 814932004 167308938 618188148 463642754 78955055 848593290 428842366 770404573 493997374 987627797 477310973 358147162 455469442 457928796 144732100 584453597 205497112 261928352 28114599 523301099 872769551 765631072 650568003 682060188 351187789 109298275 454527324 556307821 158867169 206965828 978662424 851174677 882960843 950476285 852666515 789911243 873411892 358332042 776348758 392016164 326437771 164941295 414976571 260593084 154101237 511271849 290442048 522895692 223515367 973957708 238092184 700025114 346561216 554463727 339214272 497855102 522564814 884663612 70632287 407826114 398847035 712797199 607476782 663118148 391828598 108606139 216567078 275652610 137987404 158102578 517004803 769542686 600493444 644105328 586465080 673201856 512826333 585895477 250637167
2
496375262 30252310
52
777992519 46546098 693541543 262179464 728696419 622018207 932916146 574831261 311207454 935309497 240673357 945532204 891556746 597020974 139139087 893523832 871981564 400698359 430026122 561936365 19761318 969349969 550316435 401476404 970429982 829825591 926818349 105995419 642360216 110129146 238919046 632284976 821546687 303765045 306927334 915350515 162870398 335385163 103469837 81701168 694323335 2353284 817171708 679025750 363818783 889893374 298376661 417256287 617336863 653240003 10669651 792426388
19
22757594 750084234 837843395 409203803 775901913 713593336 929408058 879501278 910946850 245971623 625675947 521321998 304253700 652807778 919998233 49212374 858010578 840752337 646441361
91
637068202 899745266 389471456 559205605 850940548 836141926 174933375 933860465 346618779 646325411 455334957 889988982 540676938 409562536 151812298 998275526 382099393 842817812 887850115 553552983 630334112 852693383 594036357 309150142 609418933 696568254 953654050 767581609 508563533 885811370 161980999 161384699 686809918 384503187 78006226 749501928 662939640 59030924 639621020 126762796 742536393 216331326 281046344 330816159 49058038 76837808 273780387 705276881 774390303 763869602 744049953 80481904 773991776 658123689 171437692 764353813 467299243 11786368 787714215 659760229 751773044 839618336 834303264 698695291 734676118 316210375 605705212 299361937 945637614 682814367 194654771 255204460 540968155 506244402 779237586 300373571 870085284 147804364 428037741 4235530 317738907 975310837 689574260 610659165 622835230 934418577 666003052 672419419 968094702 780520861 232878503
76
521399435 400229258 251389456 123605370 766179240 312269989 679320914 311608161 818517171 578369238 628228919 29454925 504313588 345947030 912985497 892000898 896367721 813373456 671303894 624766559 705485970 390034185 491683106 341014078 589900073 195787199 911517880 682586731 338729986 607032111 535700437 366011559 699598131 169065076 908832172 279759677 727357025 29972052 37998116 929367714 447409904 535818035 295270481 804486059 842076375 491255707 288632269 440244532 855088966 243984976 619730941 201295627 846032388 429032553 498776786 777539258 560244622 329998316 156659869 638056208 900643261 106609492 528170466 403861843 593582137 230653707 222528626 9470851 718325783 2393880 853309085 541240327 386919333 193643 50253288 728830537
56
637601362 1910899 918684435 171814061 542597328 978849498 432673242 320859568 331639883 362696747 849813909 261614662 949140707 703779056 354249238 778036609 849690682 647223589 116407236 904127794 961131869 823985059 566519000 765492191 414634596 511485310 627952367 591918438 700013809 600712794 646470517 509839508 682333517 255158075 262555841 59760617 840757475 82529745 769374354 127632143 675437113 286654668 39704339 117891252 586287677 887997179 839442770 626608832 804521801 128135576 989062327 182026212 375787451 173983182 180953623 78350002
100
324075159 783457360 940354195 585730739 452528787 487301341 822701895 573839759 321067312 392839276 577382207 690278867 76315319 103432033 385190297 870564657 777256656 723732570 170503469 362320914 128838970 747246523 644653306 469836167 702735993 366923418 933515981 171182232 110201580 575565550 314505461 995687442 527301044 760314240 390167245 124315581 342905929 506511015 521511819 339194471 513385534 236836639 301334585 15626739 48220995 768656633 754389963 748599747 792555193 619929958 296690726 326491646 548962725 254127189 517378780 380220772 230483480 858087827 592834590 289021102 322055821 829518219 934164896 4350188 906007629 279636540 586072718 260402313 434466005 662158619 900951973 216088060 990972322 369407922 907286846 729022062 893570030 588960006 81136048 729528970 463418335 831487486 494906231 905205115 623168339 454817230 254032682 890663112 554454534 392452505 944853826 15101756 135975272 455080177 571815878 207080802 190216528 959228705 150119432 429400489
44
927475823 591148820 504057539 808259147 206505265 893453471 55778982 734910925 577977605 458148775 471594193 717095929 892942171 938861734 549225139 311708821 239928389 10934148 703336404 983802009 514097460 342429754 412190808 371179152 82976877 370360874 778993221 391795143 886131851 873183881 223891863 229892444 208669753 889689820 778755298 677581548 493928279 66336746 142294801 621995002 371481170 370744540 640544428 602447020
84
80336246 14488334 250944704 29571010 277674768 397505768 115877045 693213872 814364804 166444365 795756654 338281749 22521579 736285096 138812411 609810489 779756577 467022794 43506084 954877125 227339308 728108243 793289000 572872636 273931924 771338206 533026805 555200157 551613057 642472437 141935661 458508773 819936571 93222550 428904270 971217841 126586302 702431058 146721779 582155470 696078983 367400010 467125529 916733019 658874030 410421152 89053892 217333199 479490336 756778834 912815823 716829485 386076178 245922700 410092370 3861918 289552279 94103393 347788375 18787238 236483593 491690027 18854672 447723867 60080229 709693697 131964562 876995214 583300522 121133652 636286482 88023075 899005323 116661625 970447699 866985656 798064889 386459204 774703579 639828951 669467267 412141307 750301655 621955254
76
25427679 661128460 978456980 818726673 14716775 813611821 877969993 12914217 265711134 427524085 890335820 308993343 221592029 894846775 226490791 229474749 516634561 161173265 714269292 635432316 427266672 899896235 562850147 573398775 297305089 841290233 155869199 60236137 239565152 183633827 168309021 908247633 563160685 952752235 75982784 830716352 513888898 981427097 685405025 113885138 716796823 227742610 18724412 269699506 346718457 667573944 256756070 94999672 649549398 492018635 640036647 180833917 14342385 68551552 276500135 243342923 323627243 57088279 764612116 875762845 807961147 892825318 749569088 932369977 231010200 630582433 192195918 255756474 564677683 275734860 383821632 380308446 451729515 537391358 262731339 962793613
87
68063007 74096391 938514914 194934455 157468405 434456036 344437716 942097680 786052327 622778130 152405097 978182734 986510509 136716462 156428183 816103246 805938595 679645357 752649721 775841374 826391408 616555095 975164979 380279102 661603950 648817797 376856109 65083213 861975552 555384091 975211774 52612732 46076740 712402946 238406106 732567890 801538898 925206139 468835149 771758828 747886954 278576549 748629538 596348775 352373892 96041916 747884584 83318582 854756074 497136752 858960922 83247773 790352674 180585293 417776224 994640930 876651958 468290405 978937764 995830829 14608841 438233173 819674199 762529462 823071194 393089003 63542266 597256283 965790904 949064809 943067340 863807655 823437252 651178364 192771895 731476669 346270186 481313848 122939097 645718844 599058984 647972456 22266217 261058951 320609350 333511768 842018512
34
506397643 667569996 224375673 989828628 524950090 776246024 283325478 728231759 858080344 15555206 819115207 752343950 352970206 637354538 605526488 656819415 71891445 34030842 144711430 622480709 194788 806337901 157835106 112212277 587633847 532182313 202671124 921728516 473509996 920112213 341367876 75577613 620753827 752285742
8
606790988 918111270 22164826 254255762 736012835 767595120 814963729 886211600
73
582619586 564337839 900744787 837994737 775056804 861804696 864784862 329537570 258095744 225494095 578122950 713227779 638130019 681384132 684130827 755808407 900427870 427463378 97224569 821073178 337102595 761520682 674011108 155357782 17760630 977632028 8518217 706216698 989950743 275252497 164985577 315889554 308112573 347683365 978850073 361110684 361021940 855077174 240191164 422324297 914554535 626839159 486372507 809711069 596940428 296121967 735077991 383246034 784641214 917357167 764514814 883655073 720431012 936009913 414400990 484451013 392449348 165679421 189651227 160230346 868252824 122992734 174064865 787190473 65711954 703523223 751264503 555679161 118086014 385287368 140738587 181294759 660129603
30
866138284 206703709 745712024 61000974 964883513 101718631 580591042 675812280 987227456 456865640 41525550 447945398 602130706 739641475 423939026 489632902 91884488 375208072 238521971 474148312 739198921 944989116 870160189 675239540 361267965 582175789 554057398 714009356 908767346 497871038
57
592918101 10544199 148789425 938096373 478658191 100882580 605244024 609311443 281763528 688953456 831099014 680922088 239690951 531846377 979467323 656171059 187295297 148209247 79008428 249614988 43036035 650140057 513999232 317726062 874215848 970390405 690888279 726043612 127021911 952348236 330568060 291401767 401649083 385893069 696085185 614072127 189169807 87594435 634158637 327193918 719028880 266642385 342937743 510980639 987237819 655463913 504130934 456347942 454523046 460008946 324260487 922672300 228464134 399570919 656712268 489488943 338552260
96
953310120 959136821 832242917 216731710 349890058 784479347 736189095 768535042 636177642 125285590 719090201 204136666 293206464 709228632 758090510 916782305 603404665 187227032 481292346 546432879 534262069 12681416 451078107 650404241 489385736 103962392 238489875 490354738 292334791 24375025 255647404 269928934 940766919 526192928 661295753 637020220 478617749 589137284 736997088 858197434 305693210 515787115 555943898 85515377 937673045 261759048 410116467 685999147 333002655 357749022 373454054 466143910 51572029 645526681 741237690 738108708 91299650 61793742 950634047 2655843 797486567 352313687 468329440 178839917 456979020 27067185 597857024 672648925 917688364 493879096 506523513 129047674 958209256 307679808 256442212 841814319 778406997 373824144 949328736 378171685 45167060 477474860 260562426 874030572 767898113 415659638 898300443 405072393 910905671 841638897 746709005 969998336 488043129 41910021 4748018 201640394
54
466458205 304076812 615697458 401569964 552633766 1179044 800954181 976517581 429596426 818596449 759704702 376287213 525189738 989425472 412330764 744361200 192791970 354789865 875833461 502455360 387246006 711788197 187568384 508115946 615761024 423887086 371348951 1956966 411049687 567519245 213235511 322026833 785123452 596070805 69653262 37646652 111683744 836572962 387944315 649152573 376512500 863566012 358875325 53032183 927165721 236712985 122392122 163554942 85489029 698087366 422046360 156106098 73577922 605697319
43
328255988 564475076 496579021 936650057 92242767 81495832 90212325 916214080 808755798 829395705 344030369 751057014 941225215 582890205 542867516 13053875 562809125 263533365 595308501 450819658 10790129 571845257 128083066 349497411 481806438 226924432 46337788 222738974 926556412 409876432 235849564 502839031 227625964 636337883 426125288 531098524 95461484 413558427 995523262 456143049 722443391 503064457 700339645
27
677994827 769991426 527045826 907357886 789497782 312388095 317055876 76114137 601920872 423043315 414755874 623958566 564790225 1543434 680600274 122730937 479026553 291975923 487516472 360148273 173972955 508086125 888883207 712722191 575499254 385835276 107647779
52
127512248 261486297 158660066 17306381 901737274 242839116 326547398 18700889 975944853 80826159 337534500 516931889 934064243 53844830 677099292 968876812 994843275 99567313 478028076 975819442 579942237 189950691 97839456 71308985 588241086 562738294 308962129 630124326 804056309 670773200 519393721 592065535 821907528 578865130 171306010 345282949 262702615 903511342 127286594 381984046 339953213 984726273 419162785 426829210 590689362 469251825 531818926 838520055 206789514 937358002 781161730 681023993
21
537575524 835939074 690948754 982825033 490369922 360437990 103580473 161446691 151910016 329182971 590670606 223671067 241306738 500562810 694039664 549283436 253233563 303756427 565648261 501026078 452426243
70
916728003 330930235 270620780 723079901 167125257 61550944 303836771 828907758 460620777 198611709 523880262 308618151 119799438 352574948 148790244 601672870 231660440 609747505 197664206 149188810 57358407 644129052 193804926 276790786 608560618 391963041 427298478 619407702 470501296 28302644 360841589 114747837 160210165 738868480 506748253 229481843 543256001 782703674 148842954 97613742 254804327 837465126 201585904 985969558 711104539 469842494 275907085 565216047 706355718 668425488 523730364 253966778 941853685 649601231 772991313 126216776 87276397 36954183 284807634 339404562 966434476 901650047 264143139 599430676 999791807 747824639 852797270 687723592 743551935 596587854
41
92880033 839936621 294053644 951028090 89782386 72494808 714871654 839141617 816587768 200007463 604770835 659863094 782276943 455487397 466559189 15032523 531962889 727195470 4394215 208023849 937087191 681464473 105232611 77162155 920229771 384747124 638876276 640766890 56246886 443441991 127753909 464486438 902431563 597751111 134516110 585564740 949965777 753223962 260989125 229477427 839342967
20
157567572 98063618 594022851 244964149 677141770 717497448 917571428 642467592 718174230 37634015 443530277 44586361 572959139 270735717 383117670 447216516 156936438 793519056 590831546 949834020
75
106173578 350876550 626968895 377023712 233760358 42250621 279817266 815726822 197576550 799845336 38018632 9006591 237794757 822062259 863303065 719379283 13081642 549132475 663612873 487416400 63566314 49394107 486385615 198104044 748734651 289153201 294070653 370186213 477952175 259229252 996166492 747350229 290965677 982852030 110826729 544191127 453226948 384037960 357634189 528273966 412209010 237075929 975673508 959800666 195553851 599437539 255762585 103148872 445606862 920751123 71040106 563564807 927116632 584252645 417778724 515719093 226727092 400341232 989487071 255080203 600845714 965710748 989544395 777807714 227294693 517815097 435004386 49376304 122041796 704538860 540180281 433299502 913343751 57994536 615265254
73
961584841 264061476 810144339 964780018 479119130 877712987 482804924 560838814 325628969 695042634 260468268 147363790 949242194 540647653 257405797 55156177 563916892 806164214 673905684 698451581 270470247 382186736 776408497 994653378 701948771 71955972 694229187 82388256 70106476 940775524 195243140 952688242 644609777 887246122 666995594 872291920 278004138 129926756 627129965 157010364 276206564 695747230 938359413 66395922 574007632 877991991 811910692 915632161 711633949 782384938 948897736 836246690 877064625 238026879 856679633 476258388 735486463 903424014 106858234 850594010 501563505 329202141 694983019 595993198 337358063 722570819 969057411 608461620 765118809 980821680 872290646 490339739 114835203
39
989147133 768159032 953596885 689421811 537542162 426491619 784667091 89969714 756937475 187615900 196443507 427908614 903591216 768566850 810959417 785051966 733299490 537700135 900434656 294326217 511990838 727242412 72394835 825959268 321732847 503654338 36929125 953959827 680493114 533736089 702058466 300219902 200913954 259470661 76677602 877065516 211175506 810556770 14553802
99
349225766 955385606 609721589 262585541 496025628 755644564 273229029 98411188 816784731 923735488 191045001 541304872 974570849 169973002 64247076 235170279 353349666 733017605 31604796 165398666 321361814 478582505 787068911 14716169 901592856 77086473 168074784 986307813 639464085 803592592 263207634 610806920 160246749 780941825 44922744 700602426 431465158 781690000 421575088 792702684 622557895 27946716 31878135 96089177 132600066 623139704 545598263 35315654 546579635 495813797 91532329 537614248 361929009 785956418 709020442 709424948 28915847 663815084 675952703 606418430 133084304 497082629 107424987 78171284 606523202 214088809 551477352 314709179 16795718 197501739 7736035 642189724 690564515 536367821 769636944 802573707 663364676 206826081 281234936 441729324 892741713 311350585 923059903 928002528 993013693 370039917 470668037 840535577 9744151 482327157 799183545 289706561 154963596 189007357 726230464 811062644 762991017 134070677 227710036
19
176175608 612967421 369530005 435495207 403633617 839302733 601948872 368130644 827179310 429564351 39937736 565060861 65507759 734576997 232100803 181487233 938094969 902068390 992313173
18
322043251 985044170 773242643 665457617 500614750 352664394 853125221 400945747 434636600 747746199 130388384 51975793 796639456 441790784 78496214 100378612 930514138 325933959
95
374845854 219805252 973864259 439706478 978619540 319779124 35685607 319314895 465448460 980547010 101067017 198167175 319990207 808285618 284299972 301341014 574868670 835030943 109430159 446167323 924801416 234244228 530306852 962262150 64379696 418400443 760701506 35325425 484611697 297805382 316584166 452761622 432876392 303529347 278723512 759635700 949005431 233105412 502757315 229674994 998665938 11339975 804653041 128972898 275841841 171627521 59093017 919782505 428938767 586218099 30252546 152926606 982621990 521377573 746660702 741494999 325607089 767230683 184761204 979178364 854845503 197799492 690996634 253811759 519382446 628299085 318276032 439842741 68862394 469225016 45894305 1770159 328080161 894939568 889522415 929743929 982278841 138189847 389220028 999293430 689278349 989404466 249146441 959294400 912362598 649754512 278458695 722015956 596266646 875912423 72099088 649716879 48672400 399086896 518979220
53
309823126 718729617 566060692 172480474 630652522 130877126 184531911 112390810 422819086 520512292 249779807 430585702 642660477 856064709 906067135 805015425 846804535 729857364 619684316 886312137 960632522 696214766 851659630 335501981 216883354 889885413 513410346 279086317 28411735 293210935 246520036 834323524 854169990 160368585 516558644 612106315 297234991 900182355 945005535 859170172 850142141 260203629 960003301 321382255 591870770 609110107 600804431 98426550 589267481 115377458 855054057 550041721 117888758
30
970999253 78762616 288379014 445476423 281442582 476591559 232401712 459522688 750899241 576417550 38513613 793595348 668491726 777631666 349845643 799434563 993099174 313552526 335156629 73388863 302677732 700093832 202729040 685812103 897115049 971605496 81189184 882573109 655211337 517971415
11
452743350 957624654 194465635 91394339 168735341 709932791 103948653 645690439 968592880 551060971 482781622
58
808005749 474421532 809341840 449543182 671825700 408794847 847317303 855642335 8037289 411962211 182736247 582416297 641878428 897535850 59688082 976898155 495356016 805192623 924536139 136663593 335368251 54938319 691929479 515330260 785914103 738529587 254704237 521886346 922128985 394251037 271513849 706470461 225709546 358068212 721316991 424699725 558890979 184763979 494023734 439372178 328286692 152527451 456447279 554085225 682729525 549882667 622936936 868656382 407848336 858886014 29850793 102510216 210725836 914511124 258119457 271777130 199180637 52605629
62
222325626 951804651 780464137 203767975 982077464 164951332 130563899 1535763 936091947 682914938 320119164 723606847 451463420 665627004 843929800 891648077 626090964 875133099 878026475 147681479 349027646 776334545 738318792 597707833 323295311 970181365 30737140 822167576 637946981 755069936 955272988 565000874 932486687 110547924 274984015 338788818 766987227 15317602 168722446 897050678 47800259 261887014 517754542 312404368 539254847 677637258 274841005 609385628 852245534 438899706 192681537 102013391 554248363 705572907 149521052 601345655 271786916 354172040 598752386 605431965 33495859 228483658
46
410396502 459395045 504652500 415926637 245463478 178397143 513405276 695750716 265765809 850714647 433494452 532326486 809047035 626481349 530831313 791786528 741547795 338759252 407314401 746808268 775539765 614189193 408781582 875920075 389306032 602301282 956956031 852610391 513679406 284740931 588097288 977186620 301064799 659299529 666179022 543819469 26951952 694896546 472635860 135400276 417184963 430962876 381894881 617465579 746000461 421963611
42
999440918 740816467 952276186 350931711 610452524 63567630 69160140 59940876 209381870 28581832 910325301 953725942 273518259 511590546 117525735 299567887 318587756 574552162 923495001 212384667 87324058 439360091 120472465 354288060 645296778 593630129 411591130 278133637 647178067 131821055 94856957 497096102 134451454 69666274 165846793 938875508 139206664 122286055 962741681 392147566 904805783 430067428
87
297626187 469100684 967923003 260798468 799580633 999539532 132238124 345003557 724378951 543175465 586351418 374963013 942801364 529762538 324353106 845329389 532200579 804856673 803820603 759706188 878836416 357522377 584429288 913578555 802898659 689017095 856510993 406500794 853644926 670050770 495459552 155285784 55346478 356774934 120789936 573275133 82270963 264976448 967822116 633043377 335671585 879924942 616618083 863979889 455884031 928093388 525678189 357520242 948652162 848741314 478408655 309951145 266004012 946102617 342993776 812554138 670396759 740476335 437372050 871451687 616811206 940774574 56363426 898579905 972885849 594714632 44865177 657292877 741600611 439889662 454881739 818805332 76341680 29161567 307453990 956736406 283951714 281873688 991728658 585575291 388223350 687406201 741338822 473955628 956575222 717416875 54860655
74
196676294 978285246 919543581 244537536 439711931 289719581 533926927 268047175 8622945 339404979 481949947 676624525 98618589 627074362 759943486 855711759 919900030 778871606 343119587 478100686 354754344 925424053 649797897 891427904 85554601 117608932 568081185 165491543 598762765 119767246 534524472 75638676 15334218 274453637 22731530 787715234 534305198 915532882 155515026 566578568 779650938 315818372 263752574 679971405 812096271 630826139 441052703 810392845 685449015 109226067 384465587 697035106 112654971 507300606 358792631 556172217 465642096 620402860 326586918 669619150 631096022 155103219 243431202 255743865 972010535 887018715 650395818 199559556 502909431 85200224 627231049 886223633 834466775 232791317
58
937895742 308284176 82460557 818803443 220781554 925288449 312793533 821447443 2768185 954754127 801217932 935016202 165827427 157082978 850913021 125154846 358343702 445952354 103406475 967950993 176551482 866167540 273324615 669027858 672495014 2982586 922553409 638333903 894210486 638069288 480783568 907234051 776855490 776775961 347593894 852851139 723087991 159133714 980747117 471694809 693348628 777339856 557380893 672112591 317431152 718509260 175927170 667964634 643772485 765523380 606892144 718497904 993539706 458362360 845257230 961411713 481710303 723869691
14
279511922 584177605 238676680 920173132 902360353 725806983 568924446 821465697 375175432 329759297 794508690 719240756 480719527 362980351
3
808673860 279249904 428473816
25
372940849 641149254 968411203 87478153 493345163 326852467 718871108 159501933 387993521 590026906 540446782 84671557 54835734 347212041 581597764 241446078 427889339 181475338 574355486 430044822 782083856 594910687 68706746 914178327 322839046
68
247929792 392223245 427866930 928211694 284603182 663848358 279979334 733305491 514561118 221742900 193960756 520393593 294258638 589225191 449921614 35997345 636307344 886891921 82126694 886341087 240573068 113221427 901287861 299048598 167080989 400034048 62142593 856165009 116251236 772659133 68238836 493558700 353585791 568809068 400970792 691397092 20796216 61301484 801935438 695323946 784718352 835619561 720634289 113189095 92538735 17672194 752714536 613538169 910286195 46666192 799203192 929372052 150434668 706824236 608763648 510003211 481114623 962724579 675629829 539328748 863260473 514962483 817929662 658681027 848019341 688675316 144321223 910755260
17
784031655 29885907 95452320 310471451 164053857 374230336 293237111 422926340 316651779 885357117 627545115 911794180 129997870 856993233 921775770 900835523 155332376
49
171708063 808170818 605698381 399259653 953379906 468437257 346249712 208282778 303047052 185537062 107730099 566968455 645965555 703989332 625032796 677245116 390616159 151368949 842613291 808330042 676105337 983706980 850355454 646838968 786823106 408592690 104484621 573546648 176360112 40832125 220392487 254460838 318232123 670848662 947520376 695875468 952268830 580221156 211967569 352267825 549042016 603423779 741693812 821637830 982246817 127622529 689629979 831201931 555914441
85
365141708 440404572 763852650 466996900 799989586 940837953 179850505 43346153 523304997 532943127 748000048 711382229 421430387 198161659 998292392 82602954 783009090 158659490 131908549 334999924 41238070 213778151 768383395 732821642 938491192 832098186 826363270 244253380 240771200 110631935 515582060 5560976 991484862 749512315 683575425 820171659 274205884 176507866 327197663 792125801 723787254 53345242 653306267 521119965 663183939 495641696 552756220 365962033 202810438 405334941 319881809 48419378 470589657 71361311 84782781 698926559 649115057 834426539 466745099 600679588 316974075 806806122 392175320 253413878 269178451 913360465 753066545 98436335 594043029 444937321 802545537 770561637 457607350 328252051 895860869 326673080 73095544 808912110 681457527 431940057 967211963 843747792 799016236 616678402 456112387
81
293758736 998879153 343199697 69703466 912626448 135775214 869957209 999569199 298414218 433789464 821251139 319403218 264013988 112322622 834283374 478022373 49766011 960921762 285007969 713755957 766919627 592275667 79920512 933881652 830202207 932499236 195280850 540621233 711443185 903764865 822518604 291917468 874324822 879697777 368650415 427955250 429202024 900572317 126540075 322401993 798058996 327473750 954850247 358110013 684111739 695735758 410534612 837625625 999068302 347378189 478817114 242003391 813391858 404883956 553603193 507099990 888604469 686856158 723780357 182476250 756779356 13431197 814510320 910729859 494684747 82820786 199529929 966973124 69268389 66582506 22433022 657434701 255435788 693503032 659466935 18895488 74472529 705785308 859825758 849453571 209836224
94
552111515 652128054 660293562 314572917 760205924 536737054 732522645 974748498 693169173 638485341 976390175 32778179 198357160 655791676 535738759 932654687 146540532 194629673 657166614 153124655 282867573 5723679 643945542 947856797 305351253 383639735 642764410 413126858 399574668 406403776 591149011 233118237 584825782 150850033 286757396 586463040 734923765 55362869 212490840 939469484 814595532 311388410 104622511 759886545 60653950 298126564 409619815 120089876 761719581 762803249 639626690 13414297 864069756 945338425 461089278 421716800 312881296 234530242 116809802 118806599 179449345 937542433 574917181 149542991 347300251 223164035 758063070 880054333 918924710 27215801 836987961 14620033 694873062 685162442 322404135 779711167 948736857 733480514 273280311 967199700 437495550 27405046 757024238 624403394 128924257 242108190 803650521 218583891 525733535 835057251 90919604 910898836 230482847 82242650
66
256085212 4004496 711143496 337126733 26598896 678753182 274609435 892367853 496566450 956365999 53480795 963180455 58567824 729220231 78783822 686233571 138477326 185410636 498213193 196229821 821778710 931369447 27608113 852436944 933975468 672577961 491948118 470168963 527066891 806358064 348028796 304793226 224186745 427542545 600648780 311442596 141875592 74454266 214991509 533755314 813873096 109151504 552694839 335013786 43805607 503934025 13744252 383672994 496229502 769084949 331908288 555970041 795355016 328682634 725519961 239020409 262416175 322887608 928987021 24073983 630734388 532388846 491091862 922460548 56669837 202564625
53
733952991 339583138 143015873 814668304 176543429 683655898 680611748 151378928 870215013 455223801 531906383 84699892 364219160 437058694 220575936 155732117 232867275 587970169 575176281 906345140 799399371 492121143 838800644 928103549 921340994 905615810 436895315 302180361 979141443 663804301 825975263 75108252 614404911 861451044 595861579 134075516 633443268 273744369 416793798 966037348 698394231 65586820 52986178 719846067 577574506 287462865 96517886 689576108 549278477 54790626 448159953 356468218 131992347
74
835445010 586493509 592961142 329363417 449267204 220994882 110536409 301841433 54275087 447131005 987505649 529829042 642799001 476943592 293780822 968357555 854089162 972112343 853203080 374430225 290767427 491731436 386970011 861707895 140698755 976762099 16813286 798065917 911683167 554426177 711062361 967353163 319531087 536206726 306686834 672025829 630661533 719795005 95927954 37724191 661770463 99612267 908165767 181599368 218161856 365657466 789189414 260369922 520036000 568362606 379297603 213229659 24061196 643617584 867971007 653418297 869412801 137247610 131993589 586026344 950007010 670886423 519664455 192118776 102589427 53748400 58474067 658053970 277890911 86008292 747685851 118823326 28170919 594163295
16
217123283 811639186 204994110 530320883 504875152 253854782 662461092 728799791 295888226 653248744 542623341 620365145 162069383 27056170 517173295 498925392
88
634010392 618415701 347882622 811611229 645381995 411318454 347718331 140698893 326925789 458644924 516493230 917295500 741192829 972480112 568247433 62948208 989749215 881788381 101034877 318374622 85448503 268124952 121398820 595626498 512792235 748461332 567893717 313118988 895464211 322975714 832706596 423701796 604868881 867772663 310469008 494606630 315903790 940747850 899437549 215895946 94953002 565382582 508813803 743714204 701322976 879624436 65165412 395323434 637487195 263296305 75917058 872758925 112548062 351347695 812567386 340048420 114573368 347843753 202379939 57591088 13625749 874662322 292421160 669787511 316971328 925160962 429321505 641583514 722445551 815386837 743053610 183467800 712934533 726222540 901477297 862109950 931292454 154672890 699700134 990166625 930735959 378499159 901015191 782811366 565633964 220228532 6675213 138197569
69
878057241 77821530 915930440 771666115 681136834 82178398 180774347 95092263 228261334 53105796 49674663 583345099 45207067 267339642 736999938 575626093 425678644 491647130 866033529 852758553 899072389 98080476 511839356 922655513 31476272 760804584 885441078 37060717 222785091 966573282 848856753 653654427 6323992 180568329 503827873 910488181 499887072 82269135 190851648 51639012 513788477 454716676 772303804 722837367 741500763 628503152 165354548 249037811 213846914 978224724 538628925 705380431 532701308 686466716 972561421 804368091 341498858 887893232 618554656 853413532 806913365 622869114 85620049 525038512 622109457 745189162 788858974 974632001 687814780
70
735626138 519487049 985665894 745250817 252003510 84306223 287994304 694789946 522475718 211596060 508340552 644786146 582037367 460635978 138963823 715955456 230906888 899961600 530859504 612070069 130335072 764590132 899769414 656577122 733492759 668082823 961443533 108106323 917141076 618196990 680951789 214501859 651928593 861161498 675991807 874740258 233175327 56571416 567140488 19701224 427359923 452929430 49097798 899857795 241836301 658858789 94369970 129075689 591546400 696457457 997550396 190995697 715459566 365171195 475465990 651488066 58656336 508317785 63035469 809895526 195246534 651645317 894437107 837930148 668376373 524446237 276801637 604820573 413962176 351033918
10
374627471 398906935 468223466 66917882 485655820 605965277 675874571 352760613 632936073 271982308
93
815318263 686315615 442735651 154977294 153578334 476382832 983351571 597829187 61694859 852978386 543849044 650597772 101095048 252819294 731883402 922259835 890068700 681149447 623686918 820622080 170390409 611733249 883732481 760879123 732801351 941867092 911338530 379227840 432501727 916490941 127417121 863355234 264050580 235158215 22073276 24048797 840172593 824376789 511517866 881039451 20212010 66193570 750676256 340500562 592182262 331489125 298949175 682817991 921517744 416568861 434365830 864584823 656254852 600561125 557798137 245075804 119244073 804541934 965730532 183639993 872927171 681484469 146216525 139489901 626455260 160616580 778186017 399783033 485719812 105665361 618176801 495559479 350236093 201870503 999255281 50044518 857088988 294020795 714714216 454986791 922324062 991748965 225900599 540207301 548143930 350856739 97724099 884484266 536108438 842131690 800808714 686156131 524001587
37
594560708 571178354 286578899 758769379 766675811 839894985 741492866 26612948 188495741 449097053 948043744 732189714 565544176 800505626 641131661 744345281 293394342 554722886 146795513 702840039 767507545 627050363 566591772 497678496 312176879 47836884 256125205 655095529 805631714 333849941 150766707 780678228 182774176 171969754 397299501 464137418 453099379
89
330146986 191760214 857351953 584400707 418840022 714455039 400573278 611201348 439116522 879462128 19526575 816823771 259984746 790922442 225981290 417814968 574728804 688766667 602390874 694334354 564174086 399377629 475790710 314615078 973676596 450736418 556258514 837374384 336059521 978527063 208171496 817729740 47622497 890991447 425327523 770567975 966630265 590824594 329531844 84013410 849681514 158027048 653088530 860244909 138675176 571811018 894243382 922767089 128719452 857424606 693087109 488536947 957551404 586002998 662056994 642561232 901446718 240685391 563737570 925265827 201147917 499352210 800526182 156776449 862015115 697726515 612848644 406504249 223834018 326078503 947285214 196556713 360956910 648813150 48691635 460845124 983067956 687230819 806756456 386038830 930450851 364196841 68314676 13975193 727656689 953846615 631116 443047881 591807527
2
525508760 585096620
3
123475522 738308494 299162984
