5
802
11 210 2211 1733 2247 222 1310 819 1447 1440 2209 2302 2102 408 214 46 428 527 1804 613 1715 644 1417 1248 2130 153 1022 1409 1019 229 1814 428 2017 356 1953 2029 329 1050 1522 1618 921 940 956 310 451 534 1953 1108 736 1001 1003 40 420 43 1104 1536 852 301 133 1212 2021 329 517 355 1120 1302 2247 556 2015 547 2045 2227 1918 1851 1517 27 922 1819 1627 1636 824 2332 1835 255 1348 1133 412 804 907 730 2028 141 2212 330 1545 715 1037 131 1304 2244 1021 229 2345 2201 2003 1730 1452 2046 2155 646 1907 1713 110 140 1855 537 431 155 609 438 1834 203 1140 957 1535 2247 1905 457 1053 1818 43 20 1115 2224 2243 2127 1825 2124 922 1116 2216 435 1713 712 330 1057 756 524 730 1641 1508 1959 1804 942 1950 1430 1817 1303 839 111 1127 1333 628 1837 308 1251 638 750 330 706 2234 717 2022 56 2301 2017 1226 2123 114 1836 2212 1955 1021 815 1334 1517 1315 1308 1511 34 1357 1927 1535 829 315 2149 113 2032 759 2346 845 2009 1543 310 1806 142 1911 1502 303 1530 2110 1225 2012 1427 653 836 1229 2014 403 906 722 2359 904 347 920 714 423 1337 150 1953 1545 1629 1139 2154 2235 2316 50 339 2343 17 1719 1753 907 1559 2241 1154 2325 825 428 635 1836 2159 141 2121 1152 622 1839 1738 2257 412 2253 727 1412 2116 1110 2320 1827 1634 735 120 611 1509 434 418 1947 1044 743 1941 49 133 1844 1402 1251 317 641 550 1915 953 102 43 450 1226 1216 316 240 2252 1824 149 2143 1553 301 2131 2140 48 2056 2148 1033 130 2005 1404 910 2328 133 1019 2115 1937 453 1839 1942 2144 1602 552 1427 234 1736 428 2132 1348 1437 742 224 1822 600 605 736 1525 1110 209 205 118 1009 1420 1947 1356 2045 1038 806 2251 2354 2313 524 1524 2042 923 58 842 1352 1057 815 2027 49 531 1729 1925 133 515 1051 2106 1830 1355 656 1821 1206 1746 950 812 2348 1317 1057 1734 1251 2146 1041 113 317 1402 530 2240 227 611 1833 229 2159 804 1150 2158 1456 2051 815 155 1211 2 55 1453 2344 2153 807 858 958 1033 411 2134 1444 741 1949 2229 2236 816 1246 104 1307 1044 1647 1815 1558 1645 2137 2348 412 635 1416 132 19 1648 1913 1846 301 204 2101 624 627 1353 653 1716 1538 1405 2258 543 1204 855 741 1653 1021 1257 213 242 655 1844 58 1600 1953 1031 29 2200 2131 1820 122 130 2134 510 1709 1110 1335 1343 2121 515 2106 27 2318 538 621 1049 402 2132 1654 2352 2011 910 1916 2310 253 1533 10 112 1431 548 53 1221 2310 1438 2023 2353 1129 642 1342 921 2130 445 41 304 532 1524 1405 1935 1835 646 2145 814 1016 30 828 919 551 1634 859 2307 840 37 442 712 135 1416 802 57 1701 1257 1602 20 1733 712 631 1453 547 1344 659 900 143 1635 122 1825 2140 636 1439 40 1658 1430 2128 1213 1908 329 1311 1721 1640 1906 437 1610 134 2054 431 803 1243 2319 754 417 409 1124 1305 2125 617 1738 2232 932 1835 1058 356 2357 1136 2157 2207 28 1859 1558 2043 909 527 1827 1746 1628 2031 1130 1559 1835 2204 256 2143 2044 209 2117 132 1154 227 1603 2201 16 535 555 2006 1211 1752 948 2333 817 59 750 1335 334 741 1736 442 717 941 1002 1523 1137 757 428 155 1536 341 1749 911 218 2127 851 542 1349 1442 323 913 147 1028 1245 1141 843 1702 851 220 1719 442 232 311 1349 1201 441 643 634 935 340 1028 2217 1942 612 638 611 2153 2336 500 1517 641 608 955 619 1357 1459 2126 2239 526 1015 1709 1620 1129 1050 351 410 1111 1510 2259 1412 1805 120 103 2114 2032 802 1827 1341 2152 2047 1716 1125 256 1927 2234 1933 1316 1029 635 733 630 1802 1320 1142 1925 544 1347 2220 352 2117 1207 2106 431 729 1722 1721 2113 859 552 2339 1411 2316 424 26 956 1156 354 2230 939 802 747 725 2002 32 2224 1032 659 103 1454 1842 718 1409 1113 1705 15 1044 706 2115 1304 813 1424 842 2318 2308 1202 2237 701 1443 1745 50 1201 953 32 2303 923 1754 312 100 418 1150 109 1931 1456 1225 2357 1211 2315 2329 831 1335 2148 319 2302 57
2353 847 2302 1747 2254 1514 2031 1330 2225 2103 2323 2315 2138 2139 1409 1201 644 1822 2321 2003 1820 1139 2214 1254 2313 253 2355 1615 2333 826 2353 1052 2306 2230 2225 2347 416 1429 1535 1931 2021 2215 1225 1235 455 1317 1959 1607 2034 1923 1820 324 1045 924 2055 1820 2339 2157 1944 1650 2206 1748 715 357 1335 1706 2256 1634 2018 558 2057 2236 2206 2150 2123 1822 1355 2227 1759 1730 1831 2347 1850 445 1429 1810 1023 2345 1614 1110 2345 820 2329 1817 1852 1208 1326 1025 2117 2258 2219 402 2349 2312 2209 2137 1757 2050 2157 2039 2329 2112 632 345 2222 1527 2121 1350 1919 842 2104 1436 1545 2341 1808 2310 2132 2316 2144 1852 122 1011 1431 2244 2333 2252 1849 2324 2206 1231 2315 2206 2234 717 356 1537 1923 1753 2153 2259 2056 2324 1825 1723 2100 1922 2123 1402 1537 1035 2227 1418 1540 2313 2145 2118 1216 2121 655 2051 2342 1618 2056 1107 2313 2033 2220 2221 829 2006 2319 2200 2026 852 1950 1627 1544 1321 2004 933 1554 2107 1744 2308 1934 2157 1807 2046 1119 2357 1217 2048 2241 1247 2056 1435 1928 1631 1612 1919 2351 1237 2341 1751 1711 1625 1648 2254 2022 1530 1212 2359 2230 506 1306 2347 1947 2308 229 2055 1559 2349 1430 2154 2244 2346 229 555 2346 1029 1957 2241 1006 1559 2331 2131 2337 2321 2026 1836 2359 2212 833 2343 1156 1212 1928 1751 2258 1235 2257 909 2156 2137 2358 2328 2338 2058 1514 1437 1452 1725 705 2059 2223 1214 754 2121 209 1751 2226 1512 2339 1803 1712 1513 2048 1442 1742 500 1534 1913 2240 1726 734 2321 1957 836 2354 2308 1249 2328 2330 1421 2228 2357 1654 519 2011 2157 1918 2339 202 2206 2118 2343 902 1911 2140 2319 1752 1045 2000 905 1910 803 2348 1423 1704 2257 1531 1837 1032 1453 2105 2346 1538 1911 643 1613 1257 1801 2210 1709 2251 1822 926 2340 2359 2334 1912 1943 2153 1457 1225 1358 1740 1653 1314 2058 638 1426 2115 2000 1607 2031 1408 2228 1912 1737 1416 2239 2334 2351 1718 1450 2355 1949 1445 2134 1315 2335 1554 351 2040 2145 605 2317 412 1214 2111 518 2159 1441 1752 2158 1501 2320 2353 1657 1701 1256 935 1858 2352 2249 2052 1034 1700 1402 910 2258 2233 1101 2311 2233 2238 1457 1552 1930 2350 1645 2059 1957 2303 2046 2300 2359 2141 1001 1602 1024 514 2226 2220 1944 1028 1752 2307 1845 1551 1422 1640 2355 1627 1823 2310 702 1546 2234 1457 1721 1026 2329 639 1934 2204 2003 747 2153 2122 2016 848 2329 2216 2331 1135 2009 2148 1300 2038 1941 1521 2053 2222 646 2326 1213 2348 2134 621 2101 544 2327 2101 2353 2017 2059 1942 2334 443 2347 2144 1119 2029 1653 1319 1748 2336 2056 2322 2355 2008 1626 1441 2036 2300 739 1001 2326 1543 2158 1804 2051 2316 1403 2248 2245 2339 222 1423 1014 1150 1921 2035 2316 2113 649 1229 2126 1658 2249 855 1223 2324 1627 2301 43 2238 1714 1613 1724 1705 2316 1708 1455 1333 2110 2100 2255 2140 1750 1440 2152 1827 1504 2259 2106 2150 1310 1611 2257 1753 2055 1416 1826 1709 2337 1223 1335 1837 2356 1045 2108 2308 2309 1359 2245 1759 2102 2236 1306 2204 1058 631 2357 1858 2354 2216 608 2222 2209 2301 1750 1359 1851 1835 1724 2124 2145 1656 2031 2233 818 2331 2237 1757 2229 453 2125 310 1753 2330 1324 1749 1601 2256 1741 1806 1402 2351 1426 915 1941 2310 1350 1524 2049 613 1925 1204 1420 2244 1147 1627 744 842 1643 1657 2121 1539 1148 2245 1046 2227 1949 2109 2152 1355 1349 1434 1616 2009 1320 2138 1538 1430 2149 1803 1547 1956 1357 2200 1245 2010 1914 2253 700 1941 2307 2336 1126 1051 1924 2222 2343 1627 1548 737 1902 2304 1251 2115 1459 2350 2328 1209 1355 1711 2106 2338 1753 612 2001 1733 2331 2311 2025 1817 1338 136 2145 2042 1001 2032 1822 2301 2324 1852 1650 619 2333 2305 1946 1452 1042 925 1742 1139 1915 2222 2028 2238 1134 1548 2246 1443 2117 1457 2331 1730 1721 1915 2312 2154 1514 903 2351 1636 2353 446 2132 1910 1551 1131 2251 1634 1207 751 2226 2123 1438 2230 1255 2235 552 1458 2014 1443 2151 2304 2206 2355 1408 1327 2321 1834 1745 1649 1146 2337 2349 2226 2310 724 2215 1749 1451 2237 1123 405 2304 1800 2333 1116 1325 2033 2257 1909 2135 1854 2122 2357 1521 2340 2354 1647 1710 2321 508 2319 624
904
1539 1820 1745 1932 1421 2341 1923 45 41 815 1747 2006 2334 537 1347 1428 933 1334 1010 1419 1739 1646 2345 2255 735 1953 1341 2038 1637 1053 1326 1538 49 2202 2125 42 2212 617 1442 338 1035 1731 1113 325 722 935 2205 1127 1116 1445 1107 1434 840 905 1339 355 1228 2332 1649 938 716 504 1758 115 1338 2158 1954 725 1711 1630 1257 1446 743 1307 1507 943 133 1035 1608 1712 1957 229 1335 118 1138 413 1724 1525 846 752 1942 1357 249 1648 2251 1447 1557 1323 755 2155 552 2205 1155 801 1925 155 2140 1201 2206 1536 1411 38 727 1644 2021 823 1822 1149 445 1058 1951 1129 606 355 1415 358 440 2215 1845 1119 143 2240 1500 40 2107 1418 829 2038 2254 2241 1124 1410 2137 2310 110 114 1825 501 2134 544 500 1810 633 255 548 154 400 1009 1004 648 215 1324 2114 2330 706 121 2115 1814 2351 1213 1241 135 1507 248 1547 1738 1657 1805 435 1152 1142 310 754 120 2222 1241 159 1028 2047 2101 836 1214 633 49 2319 1749 2140 2314 829 1504 808 1802 132 17 2055 910 2342 1747 955 2108 2323 142 1443 1829 1841 1851 1733 1723 53 1907 1325 2114 1428 900 1430 322 1950 1736 1646 1329 948 223 627 2220 2349 1038 2142 1758 2136 1657 607 848 137 1848 1551 1321 229 628 1807 940 1057 35 50 623 744 711 1004 637 1235 805 133 1448 1728 648 708 738 2142 1026 309 328 549 749 615 412 2042 1748 555 2350 2058 1955 2203 2108 1605 600 434 550 1810 713 1826 1823 1835 1404 1228 424 2020 1306 1841 1232 2128 855 959 2121 1310 715 2327 1419 2312 1212 523 1140 302 1539 1633 48 1853 1458 528 2106 231 1429 548 1655 842 916 1023 714 840 1435 2221 358 954 1938 56 850 225 1310 1215 125 2303 1456 216 2217 157 1424 1107 2237 41 1627 320 2034 404 2228 314 630 1825 2117 909 1519 623 952 937 1526 2222 657 1516 700 244 1551 2128 1623 2116 718 446 239 51 2338 1827 53 2317 1840 1759 435 953 214 1539 418 1046 2126 942 2132 1129 2141 1806 335 352 844 113 1220 707 1002 102 1413 1712 240 220 705 1359 1628 703 421 145 1040 1619 1150 718 1558 518 2 1342 2045 514 424 1515 1810 1744 644 1347 2040 324 2019 1706 551 106 306 241 43 1519 1354 1056 610 2318 1115 811 1558 1937 1743 1841 2338 509 2244 1811 2341 1930 1232 140 58 1356 1611 1951 1720 1055 454 53 1630 1132 733 1642 8 1225 1648 2107 2109 2134 1821 417 1301 234 403 32 144 1350 1700 236 2227 547 627 6 514 1534 2220 2358 2105 1018 1656 2040 2359 2040 2337 24 901 1202 242 2336 542 625 457 252 747 629 1202 337 1245 631 1152 1002 1930 1707 133 359 1403 447 1346 1608 754 2213 1200 1738 1620 2123 1431 600 1108 2238 1948 513 1523 1849 1446 2301 326 838 603 2029 57 1152 1248 2013 1318 455 2138 348 1243 1944 1940 2014 529 1737 2010 2014 2302 242 2333 2016 1248 1246 1104 803 15 727 754 721 627 2158 2207 328 2245 1630 1438 1657 828 2352 847 403 1642 2128 1305 2043 2218 300 1153 1139 237 1852 2202 1436 1649 618 1026 1200 911 2028 615 239 1218 1819 748 1107 9 2052 1000 1620 2121 1047 2138 1226 1312 2025 157 2222 1619 1611 1742 2357 1001 2050 149 6 740 1023 207 1138 1003 1958 423 1327 541 131 717 1514 428 333 1502 1955 2109 1636 901 838 51 1921 1833 1306 1937 1800 2341 21 1859 1310 112 220 1251 635 556 1907 914 2002 1008 2137 304 759 1840 2110 1352 1751 41 1659 1146 1953 948 2132 752 1617 319 2259 1937 804 2039 149 2315 1302 608 919 1434 159 1955 653 1421 40 855 221 1017 1006 45 1322 2012 614 1315 2337 1143 509 2340 2113 1317 1339 120 1105 335 1811 1059 30 1554 2039 1200 1228 1621 1210 1354 2100 234 1251 701 1151 1846 1801 218 1536 929 313 338 1603 849 520 1355 1936 929 405 1512 1232 349 929 114 514 1517 2007 339 1246 236 646 2346 153 39 2249 1251 2028 1046 1602 23 1802 326 1947 1834 629 1456 921 1226 2146 1324 1059 413 545 2138 1621 2127 434 2303 1413 952 1250 1407 551 1419 918 516 2345 1508 836 442 2328 2021 5 1404 254 1010 836 2112 954 1850 1546 1448 2045 522 2259 631 1406 2100 2228 932 1213 1935 1605 1715 1937 453 2013 2148 2255 1454 1622 1454 732 1652 2254 739 1452 355 1031 720 502 1417 1130 418 1435 339 1733 1642 757 1738 1332 1136 2045 53 303 1834 240 1007 2159 2327 2311 1827 1749 2311 1426 133 908 1555 715 1523 1025 2038 814 548 2030 732 2108 934 1621 2317 1008 2139 225 2141 1627 1605 1453 2259 1907 1158 1613 2320 1941 233 1753 1732 233 1631 1912 1908 1400 2216 1948 354 127 725 647 3
2206 2129 2349 1951 2325 2356 2328 311 503 2302 1756 2043 2347 551 2234 1815 1046 1857 1324 1814 2351 2122 2356 2325 1248 2256 2348 2221 2249 1443 1327 1652 1014 2359 2312 1313 2235 1020 1742 945 1203 1902 1124 1436 2238 1657 2241 1853 1442 1535 2356 2246 1236 1817 2323 2120 2034 2347 1812 2058 1345 755 2352 2242 1849 2159 1955 737 1721 1746 2100 1544 1715 1421 2318 957 1111 1455 2106 2148 1959 2317 1544 428 1140 1519 2030 2312 908 849 1959 2315 2150 1652 2259 1926 1558 2130 2222 2347 1653 2353 1523 1420 2308 639 2247 1740 2335 1806 1438 405 758 2106 2321 1143 1839 1706 1920 1231 2100 1409 2343 1045 1506 505 2102 2233 2325 1518 217 2339 1949 2128 2349 1709 1744 2320 2333 2258 2130 2227 2140 2344 1155 1713 2138 2201 2152 820 855 1823 647 916 1145 1827 2013 1246 1157 1555 1327 1932 2136 2334 1158 2331 2302 2219 2353 2207 2024 903 2241 2115 1929 1933 1921 2249 1131 2015 1754 828 1142 1316 2356 1608 614 1156 2311 2258 1245 1751 1842 1757 2359 2329 2308 2315 1041 1741 1038 1816 2113 305 2241 2001 2358 2311 1909 2233 2342 1500 1909 2345 2215 1943 1740 2020 914 2324 1956 2304 2137 1400 1433 1214 2201 1846 1710 1549 1920 1551 1829 2248 2349 1158 2345 2217 2315 2109 1712 1511 2339 1913 2211 1343 326 726 2211 2109 1720 1843 528 1915 2335 912 1134 850 1716 943 1010 2213 2255 1310 712 1330 2338 1155 410 627 2319 932 636 1258 2325 2121 727 2356 2159 2328 2242 2332 1713 1107 639 1059 2350 1149 2039 1908 2011 1427 2214 1221 2051 1620 1857 1417 2139 1253 1435 2134 2018 1004 2333 1706 2315 2222 1753 1212 528 2018 2246 2157 2147 1819 2337 2127 327 1831 1142 2258 1618 1925 1723 1246 1451 2150 2255 553 1144 2253 1920 857 726 2211 2140 656 2334 2338 454 2352 954 2005 1206 2252 1509 1652 1519 2210 2356 2346 1334 2042 2100 2128 1132 2300 932 1609 2227 2255 2237 1652 2009 1920 1611 1833 2347 1638 2231 1544 1736 2248 1121 2351 2350 354 2355 2054 1759 1825 1055 643 2332 815 1752 2257 1150 2149 1426 2145 2343 520 1415 1850 541 2110 1655 1641 1659 2227 2323 2215 1325 2122 1918 1738 1839 1502 1619 1747 2237 1721 1909 1623 2255 731 1342 2350 2237 727 1734 2012 2149 1308 1631 2204 2308 2219 2207 1848 1645 1359 247 635 1737 1547 2149 1210 2350 1549 1521 1615 2203 1828 1927 2356 521 2348 2307 2352 1950 1339 2146 123 1918 2134 2258 1724 1323 1932 1550 1806 2006 1649 1834 338 2350 1653 2359 2359 2149 2215 1917 2256 1550 701 200 319 2026 1852 2358 2235 1053 1312 1950 602 2054 2248 2358 2105 1537 1751 2142 2359 2206 2355 1500 2000 2350 1501 2349 2231 1634 842 854 749 2239 2154 2034 2024 1525 2029 1317 2322 1821 1500 1044 2022 623 2212 2313 2019 2357 2225 2137 2118 2348 1718 2244 1505 2244 2206 2048 2220 2332 1813 2316 2238 1422 1428 2254 651 1544 1258 2018 2233 1717 2336 1514 1908 2323 2314 2351 2133 2302 2026 2228 2315 845 2353 2229 2319 1737 1412 2037 1331 840 1729 1346 954 2320 2324 350 2251 2145 1958 1744 1037 2354 2052 1020 1725 2131 1616 2301 2327 530 1637 1330 1727 2221 2351 1955 2327 2355 1531 1640 1552 2235 817 1535 1937 2013 851 2131 2033 2325 2219 2342 2220 2147 2340 2026 1751 2214 805 2252 2325 1809 2302 2359 2233 2054 555 202 2211 1515 859 2134 2124 2028 2253 1952 905 141 1947 1939 513 2158 1915 2231 2341 1657 2330 1527 2100 2112 2136 2352 2237 1838 2341 1221 2042 2035 240 521 1805 903 907 2039 1134 2019 2313 2150 719 1739 1840 2255 1625 1751 105 1803 1159 2124 1712 2158 2236 2334 1810 2259 2323 2155 2212 348 2351 2147 1855 2002 2234 2022 1956 1931 1939 1557 1904 924 2209 1148 748 1730 2237 1850 1442 2352 1334 1748 2350 2235 1456 2131 619 1610 1342 2223 1404 1832 1909 2043 1221 2254 1906 1258 1911 2126 428 1357 2246 2227 2356 2034 1055 1713 1833 714 2355 1859 1025 1429 1524 2014 2002 805 2148 1822 1511 1206 2241 738 1813 2335 603 1936 2006 1127 2349 1404 1304 2340 1814 2323 2229 2229 644 2231 510 2159 2037 638 1458 1207 1937 2159 1550 2255 2302 1006 2307 2200 2138 848 2324 1754 1328 1914 1541 958 2259 1222 1702 2357 1549 1037 545 2338 2215 1422 1646 848 2100 2231 2158 1007 2332 2354 2311 2341 724 2309 1001 2203 2212 2232 1233 1401 2033 2143 2012 1951 1832 2304 2338 2312 1950 1831 1833 2252 1905 2355 2340 2203 1747 1839 1259 1038 2155 2144 2216 1821 421 2214 2048 2333 1849 2121 1607 2058 1856 2156 2035 2341 1756 2159 2344 2358 2202 1856 2326 2052 1236 1329 1916 1947 1913 2312 2141 2315 639 2148 1507 2322 1138 2136 2330 1201 2312 937 2201 1926 1951 1845 2319 2246 1942 1829 2331 2154 1519 1942 2321 243 2242 2307 2027 2241 2229 2226 1047 646 2242 910 622
822
1610 2251 352 1109 1957 1237 2214 2233 40 1825 52 312 708 2334 637 54 1422 2236 1959 50 826 2258 354 1203 658 1931 115 602 2004 1004 2012 737 1130 213 1145 1306 803 1437 1953 325 2345 2254 727 1829 125 1720 2050 1934 1331 1143 13 1457 1812 2058 1439 2150 656 257 946 508 1244 1736 1740 36 1134 741 2131 25 1843 1027 2254 2052 2003 334 919 13 952 1401 1557 414 1359 1300 1341 956 2140 2058 1745 1008 1124 827 1703 604 340 1207 2040 1341 828 2145 1504 557 1359 1459 946 616 1847 1958 1850 859 25 15 135 954 616 134 2139 1445 739 324 757 1156 1740 224 918 1548 2316 2044 1710 1801 330 2339 357 2228 1411 2352 746 1429 2105 237 1125 857 1623 1329 950 2204 605 2243 2314 700 818 1208 903 1523 1337 2019 2149 1500 1449 208 1124 1347 1246 953 1949 340 1151 457 12 1455 2314 1012 1712 1915 1832 1357 1429 1523 2028 717 1322 807 632 1256 2022 1653 1024 1106 724 1204 2137 1449 646 2217 923 419 601 423 23 2240 1455 741 530 1642 1624 102 108 717 948 342 2231 215 2329 2237 109 1006 2110 159 1725 259 555 1049 808 1813 2238 1128 1030 1202 1107 441 2036 1454 757 1334 1000 840 1359 2347 1427 1016 37 236 333 1007 1547 1751 253 2003 2025 1712 2353 901 2010 2238 1808 446 2102 943 24 517 311 1037 548 2117 651 1505 131 752 1739 2004 1934 9 1417 1340 637 935 916 1448 56 946 1009 1304 1211 2339 1626 837 659 1311 257 1233 1753 2306 824 302 642 907 2339 2241 1750 818 1718 108 733 515 1825 2157 1818 121 512 1844 2045 930 1926 1403 2306 1632 1955 2113 709 143 926 752 110 1235 1422 332 1225 1355 1011 630 2333 915 638 928 303 1647 833 554 2324 1829 2311 202 2039 2341 1716 1603 1932 2320 1235 2030 610 753 1245 331 1155 1845 2049 644 852 1544 1730 1654 104 2227 841 110 1936 934 928 1645 1400 35 2019 1214 354 752 2148 1201 353 1515 102 1618 1645 407 1238 2248 2239 524 511 1637 328 2053 41 1050 1835 1937 1411 1656 2006 829 837 2324 2220 1616 245 31 1354 1816 2143 247 731 350 610 1345 119 605 1548 1823 1509 2219 1405 707 252 1735 2144 1105 1651 1201 1336 915 2006 1904 1957 2109 228 2310 2025 557 601 512 1705 1026 1652 2210 1547 849 511 854 251 757 1435 407 1833 1446 343 2212 1340 2332 1030 1104 1054 2042 728 1818 127 144 1159 2050 1536 239 617 1353 1349 12 944 1813 1255 833 1634 1842 1050 1109 2336 1506 748 738 2115 416 249 1212 2317 324 2035 1100 1001 1909 727 1546 1731 727 208 1449 1258 1010 2004 311 2031 1422 1502 1758 58 636 1805 1150 233 1713 311 1216 1946 2254 48 1022 740 1247 351 1246 959 516 2111 1030 1619 605 1737 2038 1234 1352 1906 1714 1458 922 2311 1332 1826 1621 219 1120 1727 314 2145 1605 1142 615 710 1415 238 2006 241 2301 938 2337 1715 210 1336 348 2109 1147 810 1516 2203 752 1852 1531 41 532 2219 1330 14 526 20 2232 1257 1232 1437 1947 113 100 210 1843 2251 1405 1118 102 130 930 540 554 1531 1210 2009 1706 2231 1327 543 2228 1205 32 1254 1600 1615 1559 2252 1200 1056 2202 8 1518 732 1450 1113 1741 140 1053 2211 2137 153 1436 2253 606 2022 354 624 2029 819 1736 317 1614 824 2257 1806 2307 748 701 25 547 2046 1849 1810 9 2144 1436 714 1139 1012 2049 448 718 2118 2056 500 2053 544 852 1055 1041 338 2059 412 1938 27 1719 1806 1313 1304 329 1400 1645 630 304 2029 509 554 1543 2204 1358 441 1040 1319 1039 514 1521 857 2210 1137 1748 340 709 232 2323 307 641 213 1547 747 1753 417 1449 702 1300 1233 625 1631 219 1956 746 249 1527 1943 733 814 132 642 2253 427 1728 1308 330 1826 2124 2213 1124 1023 957 1726 1504 1804 750 1933 2117 2114 502 653 1532 343 612 1012 39 2139 456 503 622 350 1356 727 231 235 1716 621 1028 408 238 1450 745 1053 20 1716 1419 1913 133 946 1828 1157 2257 1734 1124 159 128 1452 1836 1501 411 1158 1201 1731 1555 832 1352 851 1615 849 543 537 1007 138 2327 1120 2159 2057 1805 949 253 2014 233 1801 1259 648 526 849 118 103 434 2152 857 1807 1108 1149 2012 458 36 952 1643 1301 1455 1746 624
1727 2251 354 1202 2025 1702 2302 2238 1933 2245 356 1816 2031 2350 1147 154 1834 2257 1959 1026 2312 2258 442 2242 1354 1953 830 2031 2131 1038 2143 913 1502 547 1244 2320 2054 1813 1953 1747 2346 2324 2204 1926 2112 2051 2112 2038 1412 1805 2321 2009 1934 2129 2308 2307 1058 257 1152 1137 1508 1812 1749 501 2032 2326 2137 352 2048 1440 2319 2053 2103 1526 948 405 2308 2113 2113 933 2209 1608 1440 1300 2151 2309 1757 1117 1702 1855 2145 1448 2122 1309 2047 1437 828 2152 1608 1436 2236 2058 1139 2116 2005 2231 2220 1230 223 254 2220 1840 2323 2129 2204 1732 1605 2230 2102 1225 2135 1658 1558 1649 2342 2349 2216 2236 1912 2353 2346 2350 2129 2353 1049 2054 2319 2246 2200 2125 2004 2304 1227 2237 2339 2339 2345 1249 859 1317 1626 1839 2321 2150 2324 2130 1711 1119 1730 1956 2235 1505 1950 2001 2140 1703 1214 1846 2336 2035 2238 1933 1951 2047 2157 1806 2331 2020 1840 2332 1736 1950 2211 2146 2056 2346 1605 1356 2226 1853 1326 2350 1109 1939 1052 1035 31 2358 2235 1709 1113 1737 2034 2333 2048 2305 958 1219 2246 526 2335 2247 1544 1806 2209 2351 1755 1549 923 2308 1638 2103 2241 1913 2047 2054 2355 506 2130 1906 2337 1543 1743 1537 2058 2350 2013 1758 631 257 520 1908 2056 2258 2247 2222 2150 2345 2358 917 2050 2326 2056 1327 2202 2151 1041 611 519 1934 913 2212 2043 1842 510 840 1741 2216 2223 1937 2329 1840 724 1203 1736 1651 2331 2308 1057 1608 2031 2339 1755 2322 1613 1520 1152 1649 1935 2323 1049 1816 1157 1448 2352 2330 1946 1716 1853 1048 1205 2352 1829 2159 2208 1258 1421 2214 2049 1250 2040 2009 2352 1651 2202 2218 1004 347 1202 1825 235 1342 1456 1714 1602 2209 1634 2035 2333 1206 2316 1720 1419 2008 847 1402 2342 2339 2346 416 2053 2357 2315 1712 2202 2321 1910 2037 747 1829 1911 1130 2219 1846 2224 754 1701 1810 2219 1752 542 2303 2340 936 1939 1501 1124 1927 2331 1852 2253 2135 918 2215 2322 2109 1354 1722 2256 2049 2048 1959 2115 2256 2251 806 1108 2254 1838 2255 2311 2227 2101 2248 1615 2224 2013 2015 1620 2331 2319 1714 1614 2214 1846 2238 2144 250 1532 1754 806 2229 503 950 1548 2242 2346 2245 2340 1142 1155 2005 2327 2247 2233 1646 2254 1546 2251 2224 1958 2332 804 2316 2255 1820 1827 523 2006 1911 2010 2346 1551 1446 1632 2257 819 1132 2355 2208 2237 1532 358 2319 2300 2340 1714 2312 1057 2104 1959 2012 2056 1406 1205 2315 2147 2133 1557 1726 1349 546 1834 2241 2226 1134 2218 2340 1902 1608 2352 2120 1346 930 2234 1528 521 1633 2325 1105 2157 1657 1124 2215 850 1547 1907 1632 2333 2037 2025 1024 2056 614 2054 1434 1557 2157 102 648 2231 2033 2228 2106 1946 1450 1953 2336 549 1626 1843 1624 1923 1726 1808 627 2335 1521 1851 802 1830 2311 1616 2105 2320 1756 1731 1227 2319 1356 2114 1623 1046 1534 1943 1430 2321 2342 1744 2057 1738 2040 1136 2014 632 2320 1910 2346 2021 253 1757 1725 2138 2127 1647 1734 2329 1458 1858 2143 56 1925 2231 1717 926 1732 48 2304 1610 1751 1838 2209 957 2144 1000 1845 2254 1700 1757 1508 1854 2056 2315 756 1751 1341 2020 2157 2253 1425 853 2312 2347 1730 1305 2032 2144 1716 2255 1539 1433 2208 200 2107 744 1623 1308 1819 2312 1543 2339 2318 547 2049 2255 1407 2133 1732 2335 2323 1506 1750 1316 2013 1030 2354 2243 2329 1059 2130 29 953 2213 2135 2059 434 2340 2254 1103 2247 1711 2145 1638 1201 2348 2059 1113 2201 918 2202 2201 1814 648 2059 1625 2349 2116 2052 2015 2213 1550 829 2134 2230 753 1958 2051 1056 1503 2004 2334 1709 1037 1620 1550 2314 1918 1800 903 2338 1502 1757 939 2350 1110 2356 501 1104 1922 1548 1920 1753 2021 1718 1516 2030 1939 2044 1739 558 2327 1915 1236 1905 2020 1956 2111 558 1334 2346 457 2144 1925 603 1827 2210 2226 1736 2311 1830 2045 1645 1857 2120 2117 2208 2158 2039 1051 1542 1100 1623 2105 723 2338 1345 1047 2345 904 1624 849 1344 1034 1847 1959 1321 709 2334 1832 1129 1103 1453 2335 1435 2045 2236 1638 2340 1211 2258 1952 2120 318 457 1729 2047 1549 1659 2159 1317 1731 2342 1603 1827 1201 1857 2251 1515 702 2141 2337 2346 1148 2159 2237 1957 1410 643 2059 728 1903 1959 2152 1041 1559 145 613 1217 2255 1732 2048 1638 2227 2142 1741 1624 1622 1737 2118 1545 1856 1046
666
816 46 1237 1234 2053 336 2355 2011 738 657 1143 1808 501 31 141 2042 446 1835 1129 2126 2214 934 1442 1627 1103 1829 149 1844 1510 555 1923 1342 29 104 2341 1105 312 925 2203 1504 1834 309 139 1845 920 939 1327 1702 1540 2010 512 1518 1833 1356 919 506 608 757 2300 544 2209 758 1354 2329 1043 2106 2340 2343 231 1407 1925 1948 2313 1406 937 1523 1621 1310 927 2227 1323 1040 2041 1108 948 103 1234 2236 238 2255 1257 712 331 1715 1603 1847 257 1524 1600 2033 850 1623 354 313 1842 2308 1055 300 1324 1146 1218 103 724 1107 511 2154 1925 536 2013 752 1331 436 158 11 419 1820 401 2200 2319 937 925 647 941 903 227 431 1451 840 1335 2346 1956 416 736 840 531 104 2244 1121 723 723 1017 1306 429 135 526 1441 2331 518 1013 335 1429 1900 1147 1319 841 1539 2112 434 1820 2302 1851 2201 1148 415 2123 1045 2135 1850 249 1950 753 1123 1505 1507 107 857 1507 242 316 556 1720 2322 321 2016 409 1057 139 909 1732 2321 1539 216 1847 1634 851 2307 1549 144 1422 10 1752 402 1918 128 1658 1418 520 1718 1527 2040 1527 1456 729 2056 2001 734 1755 1341 1201 449 1042 907 1721 1117 1151 1942 1354 1245 1610 1407 719 2111 720 710 1505 1119 1408 1254 1811 1436 831 1258 759 1415 2113 2243 513 527 147 1940 1437 2300 2126 1614 1921 1301 1220 1124 2102 236 548 1913 58 1630 745 2218 1622 1534 455 1423 2103 1500 2008 553 2249 1840 928 858 41 1608 343 316 728 2021 1857 130 1058 144 328 2133 1414 940 840 639 805 1837 1156 736 1941 2355 26 747 2345 2145 2236 1345 17 746 330 2345 1806 528 1050 1415 1057 1231 709 124 1517 1008 440 1148 1742 350 1042 1645 1416 517 1014 830 2203 1003 2142 12 125 331 546 613 952 1003 1330 1816 524 1956 1006 501 2133 322 1648 151 343 951 1548 250 1630 1049 1136 1257 616 1823 531 206 1420 420 730 54 356 51 1311 805 554 1104 1526 844 1141 1137 1515 2344 2016 1450 745 132 835 340 508 538 1639 2213 907 2229 1940 1713 902 38 1135 825 232 1105 918 2126 1843 1345 1336 2043 1843 2232 1249 1528 923 729 2029 1537 1922 130 227 624 1728 2339 1608 653 2228 2052 834 539 517 749 701 1333 2248 1227 1646 605 1015 1902 529 2143 2237 1641 350 1655 351 1944 925 49 1320 2237 1406 1334 2046 52 208 2348 1201 148 1801 1200 1853 403 935 1112 1629 2031 2251 146 134 323 721 609 1802 1239 900 1311 533 2352 1042 630 1411 1513 1838 1526 142 2310 2115 1748 204 1826 2026 606 850 1122 2350 633 1508 56 2300 2127 2107 939 1625 1839 731 1020 1849 356 208 632 2220 106 1932 1459 150 651 306 434 530 2200 1224 1457 1639 53 1054 1605 331 1337 137 322 354 519 505 1115 2025 2242 332 53 1925 2019 1628 740 1902 2306 2043 1628 2345 2342 1543 815 2026 1812 1627 1902 745 2014 1056 1302 1225 2017 1546 924 1216 823 109 415 1611 1638 2155 31 2106 1451 2305 2036 1822 411 1350 1409 2005 1419 1204 2033 154 2337 1556 218 728 716 803 1921 539 2326 422 2211 1154 1350 324 108 2014 953 2110 1606 841 1343 1501 2002 1511 1550 1521 445 1833 1434 1358 1932 17 232 437 1527 1318 2230 1357 635 1534 1351 1829 1741 1936 2120 626 732 521 123 706 850 1517 28 244 400 1940 806 58 1428 1552 1354 21 110 2233 2102 2319 2004 1015 843 1453 2320 1147 426 2143 924 831 1048
1716 344 2130 2202 2059 2159 2358 2051 754 1713 1228 1856 559 44 428 2206 1304 2232 2313 2259 2312 2229 2222 2209 1503 2004 2300 2114 2111 1043 2037 1748 1308 512 2354 2224 844 1851 2233 2217 1841 524 1358 1913 1333 1136 1632 2252 2146 2101 2044 2119 2252 2139 1549 1037 1819 758 2304 800 2229 758 2127 2353 2350 2357 2350 2358 1430 2025 1939 2045 2322 2352 1252 2006 2136 1657 1942 2339 1859 1637 2213 1427 2218 2257 2344 2244 1844 2314 1754 1138 1901 2317 2351 2313 2018 1812 2311 2305 938 1811 2338 1205 2300 2328 1651 430 1953 1303 1335 1308 1053 2207 1432 2201 1945 1640 2148 1846 1605 1519 535 1535 1930 2157 617 2252 2352 1814 1553 839 1954 1110 1633 1041 2250 1921 2020 2352 2148 431 2111 2101 1508 144 2342 1812 2235 1147 1808 1816 937 831 526 1524 2336 1819 1635 1559 1925 2308 1845 1827 2205 2136 2358 2017 2255 2318 2124 2220 2302 747 2136 1248 2234 1940 1808 2145 2228 1644 2125 1724 1209 1248 2218 247 1551 1743 1727 2336 1745 2222 1641 2337 1939 951 2004 2359 2333 1021 2056 1915 1647 2354 2239 2028 1817 2344 2111 915 2338 749 2040 2112 1852 2024 1640 2142 1622 1801 1803 2057 2039 1211 2130 1754 2025 2240 2044 1213 1816 2325 2045 1942 1642 2057 2051 1612 1410 2119 1005 803 1612 2211 2112 1525 2052 1654 2024 1633 1036 2149 2316 2311 1504 1700 1754 2031 1506 2330 2146 2153 1940 1654 2320 1946 2116 925 644 2133 1105 2131 826 2259 2217 2054 1233 2242 2349 1846 2125 1134 2252 2016 1011 1323 932 2330 1254 1505 1206 2139 1940 1435 1058 2216 953 2327 1659 2233 939 2318 854 2239 1235 1007 2208 2356 609 816 2352 2343 2257 2241 903 1324 1615 2345 2220 2138 1628 1804 1451 2017 2035 1352 1609 1836 1627 1659 1827 430 1051 1901 2244 657 1230 2021 2231 2250 2241 125 1243 854 548 1459 1718 1200 2335 2004 1843 2156 1209 725 2149 2158 2056 1843 1738 1542 2218 2343 1824 1254 1748 1908 1932 1843 2117 209 2212 1627 1337 2035 358 545 2138 1836 935 1754 1840 943 1531 1200 2149 2355 2052 1526 1309 1739 2035 1037 606 638 1758 2314 1211 2300 2243 2007 1511 421 1159 825 1952 1239 2303 2147 2151 2259 2001 2226 1949 2247 1803 2023 1241 750 2119 1550 2018 622 941 728 1751 2340 1629 1706 2306 2242 851 831 2118 2251 1807 1411 2326 1756 1938 622 1259 2040 1051 2153 2251 1956 1649 2259 1100 2110 2232 1236 1947 2240 1438 1538 2055 1334 742 2351 1751 2200 1839 2323 1853 1939 1037 2134 2117 2333 2252 2117 1742 1030 1547 1356 2130 2056 1923 2250 553 2357 1047 1717 2030 2332 1949 2303 1025 2337 2115 2218 1822 2148 2027 933 1944 1452 2350 2041 1631 731 2320 2311 2355 1300 1723 2046 1832 1924 2330 356 935 1352 2332 852 2224 1647 1049 2141 1401 534 1513 2256 1535 1756 1653 327 2023 1654 356 1936 1622 550 941 1105 1407 2022 2349 2242 538 759 2059 2255 1852 2003 2255 2327 2306 1733 2351 2349 1605 938 2027 2323 2232 1938 1759 2110 1819 2132 1906 2056 2359 2121 1412 853 205 1423 1621 2331 2304 1947 2131 2255 2315 2051 2228 1727 2326 2207 2110 1441 2014 2235 2307 2349 1726 242 2004 1500 1017 1937 1557 2332 2205 2348 1318 1449 356 859 2042 1956 2243 2320 2257 1620 2026 2023 2138 2115 2123 816 2155 2345 1711 2204 946 2022 2034 2123 2154 2356 2147 2245 2345 2118 1952 2153 2300 2149 1704 1706 1148 155 1228 1342 2317 1021 412 2254 2218 931 946 1954 1959 1752 1145 409 2243 2346 2337 2042 1553 1253 2241 2340 1205 2314 2231 2000 1612 1122
186
29 1737 1450 2316 2036 1747 1713 1352 1814 1024 457 533 224 1028 752 1939 308 1001 2321 110 1207 1459 542 325 2028 152 1129 454 1914 1117 1417 1759 2152 113 920 2057 148 1142 2211 259 444 48 620 952 37 210 451 2014 444 1053 445 1248 2259 2327 619 2132 1803 1552 630 2233 2239 2354 1745 1715 437 631 537 510 532 2157 906 627 1719 1934 650 1231 1227 1451 820 501 809 1843 750 616 1547 1934 208 1402 1830 1149 2031 150 351 104 2124 2044 222 2113 1912 1039 153 110 446 541 1235 755 246 937 1247 1131 2202 1534 508 1126 333 7 2104 1807 2251 1222 1930 1712 2037 334 1221 34 2243 909 255 1409 1427 1819 641 1207 739 432 2104 552 2034 2043 258 406 23 1647 259 1132 1459 210 617 401 409 2133 1658 821 438 1720 832 2019 2210 500 441 1252 1127 752 901 439 440 2215 611 1243 2113 1756 2201 403 1251 1518 1836 1409 1526 1352 1033 827 1437 1612 350 1727
2124 1908 1554 2316 2345 2017 1748 1942 2325 1924 655 704 2250 2021 1955 1954 639 1214 2329 2211 1634 1640 2004 533 2044 1357 1455 1151 1927 1925 2214 2108 2158 911 1554 2059 1917 1925 2228 259 1918 328 1612 1625 1141 426 1005 2046 1113 2010 1124 2150 2300 2345 821 2250 1848 2319 1458 2304 2252 2358 2031 1805 2129 825 1057 2233 909 2350 1929 1026 2105 2313 1747 2256 1427 2326 1059 1418 959 2300 803 1017 1945 2202 1348 2246 2116 2250 2047 925 1053 1701 2213 2227 1914 2313 2241 2204 2127 1313 556 1227 2016 1410 810 1303 2213 1642 2332 1548 2127 2026 750 2350 2353 2056 2259 2323 2037 1721 2041 336 1903 934 2246 1623 2117 2359 2235 2030 2053 1854 2349 1919 2338 941 2216 2306 1425 719 1606 2255 1756 1825 2336 919 1554 1133 1110 2149 1729 1205 915 2022 1823 2307 2304 2344 804 1256 1335 1812 1553 1321 440 2233 1128 1253 2208 1757 2213 814 1254 1801 2021 1807 1545 2038 1623 1912 1455 2137 958 2134
