5
1500
1827 2209 105 1739 749 1740 38 1322 1313 647 2324 2148 2150 827 539 13 2105 1624 1929 1514 2332 359 408 905 107 1300 841 236 1621 1141 1223 1636 1557 110 119 1017 137 1226 2044 1059 1008 1222 249 1033 2012 121 1821 331 2240 312 507 1905 639 1524 1113 2348 641 247 1327 453 520 1857 119 1429 2214 309 1534 1432 1439 2353 420 2235 1910 1817 1351 2014 356 1415 1022 1659 2253 1212 528 436 2040 251 245 1938 742 328 1213 949 2241 2153 705 909 1625 205 1920 401 1133 16 126 752 1100 1107 1102 2022 511 948 34 2225 339 715 1507 559 953 1212 1959 1821 2149 2244 1959 1004 1238 611 759 953 1128 1003 1629 1832 1419 950 1215 533 1829 30 1638 535 1241 2152 553 1635 1929 1355 2008 657 238 1918 1600 1354 1318 1028 411 2216 1010 1341 2258 2021 2219 1018 1729 221 1818 1456 1047 1818 1003 1527 237 1653 148 1658 1027 1115 2256 214 1705 2149 1327 948 2032 1435 642 2327 223 315 2004 2040 1812 244 2059 642 513 558 1955 1847 2354 1535 340 2333 1330 754 1742 1100 2159 658 1941 1012 1008 241 2207 414 403 1019 1238 521 251 916 412 28 316 853 1133 0 637 759 2044 1824 530 1004 1424 1430 1047 313 725 749 2019 537 2321 1131 1737 821 2144 232 1903 2344 1139 2309 1144 1859 939 1124 806 423 1529 1431 911 725 936 2319 2347 649 2259 628 1858 2017 645 2315 545 2236 1741 2102 242 2154 1909 2319 1037 541 1655 216 1416 1004 1451 33 230 1330 900 959 415 2105 240 1224 625 1732 607 2149 1230 1515 114 709 30 1005 331 212 251 1656 1334 1443 1246 1327 1703 744 2008 1016 2142 733 1542 1552 214 1931 409 1106 743 501 1611 1927 1726 2159 328 1832 1943 949 2202 1320 1425 1856 2136 442 1916 1836 1124 1332 1233 226 1521 445 40 1216 2222 1323 255 1340 1806 1332 2157 57 1552 2029 243 1058 1954 249 210 2137 517 25 846 1152 1422 1104 719 311 139 1209 847 49 1628 2056 527 2338 2205 28 733 711 424 2247 2300 1642 1738 1840 1116 1924 423 947 1347 811 225 2209 702 247 2340 746 312 2024 109 1442 12 250 839 132 1452 2344 300 2150 713 2224 1130 1601 2014 2118 1326 1700 1903 1842 646 819 2140 853 1813 1139 632 1446 1922 1226 1405 1340 1617 40 1009 731 447 558 1433 1405 419 649 1824 1925 825 620 1300 637 1244 157 2053 245 224 326 1350 1804 1223 1715 540 1850 1610 1952 1833 956 259 1128 1714 1512 322 2207 1827 2128 213 1355 1232 155 1144 358 1026 420 1251 533 546 1222 1843 1715 2035 1405 1508 1749 2016 1050 537 52 622 2042 617 902 1539 234 840 128 1449 1225 532 1836 2156 815 358 24 2125 925 2320 301 423 52 1507 512 1203 524 1430 30 1626 241 810 1639 125 1604 301 1123 1353 2108 141 2033 445 106 1751 2338 1718 1055 1728 2152 854 325 28 759 738 255 1357 453 38 101 251 1455 425 157 2215 708 1138 850 1854 1809 1545 231 429 1156 43 701 1133 2116 352 2107 1117 148 1111 2119 2056 639 1958 1043 1007 1840 1600 545 350 1753 1234 759 1916 129 839 1525 2013 1419 1308 1833 136 1818 2202 246 1043 906 1041 823 1954 1753 2045 640 2324 2026 257 335 1743 647 1855 739 328 1424 1102 333 2106 2022 336 2154 1905 2032 306 418 1154 1349 2046 1055 1248 2144 2325 406 851 2305 1518 1052 2341 644 1949 1324 158 436 220 439 545 245 1444 147 1640 145 1602 136 221 2142 1226 1951 1933 1011 1059 147 1411 246 918 1213 149 906 1845 725 1141 2119 1815 442 926 835 1300 1128 602 924 344 2130 1743 1402 1032 2036 1817 214 1743 1308 2233 253 1607 747 1246 2136 2259 2343 1627 2032 2300 18 1951 1015 31 1940 2320 1046 2134 1056 452 125 119 237 2323 831 3 736 1811 518 52 1837 1809 1019 2132 1121 2135 1503 2131 842 559 321 712 1615 547 534 318 553 252 532 242 1056 338 1633 300 2130 2202 444 335 407 637 1055 713 2214 2243 1813 1749 32 1929 325 923 1901 1231 1635 348 1306 1732 1636 1225 302 1229 353 1538 1826 1217 1342 1910 1319 104 219 801 301 1315 1353 1121 2138 1544 1918 2212 1943 55 259 1553 1024 1510 914 1634 1643 2340 1206 725 534 1921 634 1208 2248 1038 227 1036 159 1646 927 1708 1220 2322 2300 1159 1858 615 58 243 1150 1206 2328 634 306 511 1014 1059 1746 1610 1713 1223 2350 1914 626 417 407 1243 1615 1044 948 225 1236 1442 2120 829 1846 2039 200 244 2104 307 1522 1536 342 2324 1402 623 326 532 1240 824 946 531 436 1610 2258 727 2213 850 854 40 2354 1036 1130 908 1224 2321 2213 2343 1509 116 129 1054 1541 1518 1038 1318 2151 252 535 549 1625 2207 1434 156 750 1156 1232 1013 1325 2246 946 352 245 917 1534 1547 1905 2141 824 1145 722 1316 1727 1545 651 2010 2301 318 355 214 407 1551 109 1603 2357 1553 723 441 1945 1323 1228 1711 1455 1228 1558 2232 1152 701 457 1729 1748 1547 1629 347 156 1803 52 915 0 952 923 1457 1404 309 1221 2235 1352 1844 2053 301 136 406 1731 2355 2153 34 2337 615 1105 2224 1845 925 2307 1635 1853 426 36 610 737 149 1219 2244 235 2232 1105 100 705 1253 1555 2253 1209 1351 454 1538 1029 358 1712 939 335 2028 1628 534 133 1555 502 357 553 2010 304 1433 1643 1834 916 514 2236 111 822 1623 555 1202 1015 232 1740 1057 735 752 851 2336 2217 133 1539 1741 731 707 2306 357 2337 438 701 2212 2252 1445 1226 541 38 626 50 651 1127 2339 2244 620 1217 452 1202 1122 944 1245 38 634 1854 648 844 1318 1151 1846 804 1329 1325 719 1954 1634 547 2042 2208 1336 1257 2204 2154 2027 537 1443 924 701 2318 115 758 821 1941 1755 1636 1635 1655 344 1952 525 1531 1048 1158 121 824 1623 726 2233 212 723 226 1647 1801 2124 1250 536 1 440 1218 1801 1259 254 1609 932 1125 1935 2146 433 1643 722 1423 452 2328 900 2026 2051 2335 1456 1505 1117 1558 2238 1521 2254 2041 200 352 454 2307 1121 1912 510 301 546 140 701 1800 1413 2144 249 1249 1921 2240 1300 352 352 422 2007 1559 336 613 2109 2331 2311 1903 1328 2037 903 2332 458 2248 444 1812 1003 845 825 142 2357 51 1725 323 2146 2245 527 1138 1035 2355 1738 2003 253 1049 1100 2317 846 2349 1734 36 712 501 1209 1259 2049 1145 956 832 439 2207 931 25 9 617 2355 1447 1353 1803 313 12 823 903 2155 1516 225 720 1959 423 1950 24 1053 58 1728 2035 2304 1840 2357 152 1314 1514 828 141 2200 116 1024 2308 1503 2021 759 227 1928 1018 1901 440 1816 338 2242 427 833 2058 556 1159 610 1253 821 2245 1932 331 247 131 1608 2032 1043 1627 2309 455 2231 612 1254 526 1313 1239 434 646 1256 1121 936 1007 14 1503 1406 429 2009 1017 948 224 635 344 138 30 148 26 1336 1728 1929 836 1137 442 1536 114 820 1302 1553 2251 1311 1023 610 351 822 1343 959 1439 410 1741 2033 616 354 1456 1048 657 1409 2014 533 1303 2217 1240 1614 1254 2025 1558 1134 1655 2306 1029 2129 2325 423 646 938 1540 1734 720 1636 1328 307 328 3 751 1942 416 1639 949 949 1612 1237 2321 1728 1751 623 551 1934 2238 427 138 1051 1425 32 720 618 1414 359 2254 815 1317 1552 1255 33 1953 836 242 1326 332 32 1156 1830 121 148 2327 1909 1652 1250 2049 2313 2127 1813 716 1842 1047 1702 241 957 138 1858 1452 1735 826 2352 1135 1452 1342 2332 2314 1053 119 1110 919 1611 2243 1401 1027 204 1823 1128 2106 2017 532 758 2338 1826 941 1513 1326 443 2315 353 2011 1720 621 1231 630 126 241 1120 909 655 1256 1325 740 802 411 508 2029 1022 2130 718 948 2256 647 1958 2341 1008 1027 533 255 2130 341 2016 8 7 2236 2223 136 1015 1857 2159 640
1831 2356 1522 2235 2103 2311 633 2228 1524 811 2346 2311 2309 1423 1739 620 2300 1713 2129 2118 2339 425 703 1441 1731 2156 1050 2126 2311 2226 1627 2355 1704 1708 2034 2246 1547 1606 2313 1853 1228 2142 740 2334 2325 319 1949 2059 2246 1708 1411 2320 1602 2137 2005 2358 658 757 1824 622 901 1857 1717 1508 2236 1355 1812 1455 1535 2353 2041 2239 1954 2149 1631 2033 2349 1654 1401 1704 2320 1937 1549 1146 2133 259 948 1958 1202 2004 2246 1624 2334 2240 753 1104 1847 826 2249 1935 1315 32 1133 2254 1507 2053 2107 2209 1946 1417 1112 2230 352 1429 1512 1726 1358 1624 2027 2101 2359 2252 2254 1837 2354 1119 843 1644 1432 1129 2201 2006 2340 1943 1457 2355 2352 319 1813 1611 1945 2157 1858 2242 2312 1846 2143 1757 812 2200 1828 1611 2155 1150 852 2251 2101 2047 2258 2227 2234 1109 2246 251 2158 2106 1209 2111 1253 1558 1943 2051 1244 2122 1748 2344 2259 939 2051 2152 1939 2118 2230 1439 656 2332 1048 1738 2355 2042 1933 1159 2214 953 539 1645 2225 1850 2354 1651 1252 2342 1814 1354 2220 1746 2159 1648 1954 2014 1558 253 2353 811 1134 1536 1849 1834 1835 1139 2110 1937 1712 1700 1734 1806 1922 759 2120 2050 622 1848 1741 2253 1840 1128 1900 2341 2039 729 2344 1137 2322 1539 2349 408 2007 2358 1912 2359 1725 1859 1158 2301 1847 654 2127 2355 1233 1936 1754 2341 2351 653 2259 1340 2214 2105 1005 2324 724 2241 2010 2239 2307 2156 2354 2322 1530 722 2247 1211 2217 2205 1524 1536 2326 1845 1802 1037 1518 2258 1055 1833 1925 2054 1435 2157 2010 2325 859 1900 422 2317 954 2205 1216 2237 2040 1852 1300 1839 2120 2308 2346 1215 2327 1058 2037 2158 356 2020 2118 2356 1026 2015 1637 2057 2120 2159 1607 1854 2203 1643 2320 1836 1441 2045 2157 2043 1921 2040 1824 1927 2156 1237 1902 1504 2148 2239 2313 2012 1940 1956 2247 1726 2331 818 1833 2031 2033 1821 2016 1957 908 2303 1310 1911 1924 1426 2215 1117 2124 1749 934 1659 1656 1551 2143 2232 1909 2348 2349 531 2016 737 2124 2340 2311 1911 1947 1914 2045 2239 1620 1602 1602 1119 1614 2239 711 1033 2347 1217 1919 2136 226 1901 1001 1837 2258 207 1453 2352 754 2156 1423 2309 2114 1921 2209 2314 1948 2207 2058 2220 1025 1718 2224 1813 2108 1950 2143 1448 2154 2006 1836 2205 2041 1607 2024 2108 1459 2243 2232 2124 1013 1444 2023 1951 1956 1338 1309 1050 1415 1215 2054 1529 1158 1618 1529 2210 2227 1738 1726 1912 2357 2212 1859 1034 802 1320 1848 1759 619 2353 2141 2313 608 2230 2335 1327 1806 838 1948 1949 1619 1942 1638 1432 1907 2055 2130 2236 1959 1856 2319 2030 550 2129 2357 2150 1341 2356 1637 2340 1918 527 1514 1430 1057 2319 2156 1224 359 949 2317 1838 2337 1135 2111 751 1852 2127 1715 707 1957 1933 1935 2052 954 1848 1228 2148 1759 1707 2230 2251 1245 2329 832 437 2004 2357 2116 1534 2236 2250 1841 1047 813 1312 1820 1352 1358 2048 1222 2328 1054 1503 1555 1614 2331 1720 1205 2242 2005 2223 2234 746 851 2227 1348 1847 2246 2340 2133 2308 1329 1107 2218 2126 2058 2054 2149 1800 2231 2054 1923 848 1233 2310 1658 2205 2356 353 1003 1544 2013 1509 2151 2132 1904 2007 2320 455 1209 1318 2126 2107 2247 2249 2236 2230 2327 2043 2041 1426 2349 1337 2159 1028 1603 2313 1616 1042 2334 2138 2239 2239 2241 2246 1350 1417 1420 1533 2315 1824 1532 2226 2355 629 1036 2356 2234 1052 2357 1006 1954 1343 2124 1428 1634 2042 927 247 2345 1951 1918 1103 2150 2223 851 2147 1305 2117 2220 1025 2117 946 2000 2158 1327 1341 1124 2100 1932 2024 1809 2308 1842 2336 1829 1747 1919 1150 1829 2009 2139 2212 2306 1615 1327 2309 2358 1104 1839 1702 2355 755 1802 2031 2332 2153 2259 2357 2247 2247 2306 852 2153 1303 1943 2301 2331 1131 2248 1841 1001 2256 447 2345 2333 1142 1110 1601 2306 2222 1746 2349 1824 1145 2242 1707 2356 2040 2138 1410 758 2008 1153 1623 2023 1400 1523 2050 549 626 916 1421 853 1639 1359 2213 2216 921 934 1018 1626 1055 930 2321 2327 2249 2013 1746 2225 1801 2026 2027 1241 1710 1713 1452 2338 1710 2041 1752 1833 2314 1556 1840 1912 1848 2038 1641 847 845 1602 954 1315 1445 1802 2338 1648 1943 2318 2017 331 924 2347 1827 2037 1944 1826 2300 2343 2017 822 843 1957 1627 1306 2313 1407 1617 1941 1345 2115 1529 2211 2223 2358 2353 1703 1920 1248 1009 1809 2325 1942 2340 1944 446 1639 1757 1649 2026 1629 2234 1522 2352 1947 1534 1438 2214 1948 1841 2047 2353 2125 1555 1512 2337 1457 2209 2124 1359 908 2254 1811 1646 1649 944 2335 1844 920 1819 532 1448 1100 1226 1513 2125 2108 2259 1839 2250 857 1549 621 2357 2112 1134 1820 1957 2339 2319 2356 2232 858 330 1222 1711 1641 1137 2242 2348 1111 1550 1048 1751 2219 2141 439 1710 2134 1926 1611 2110 2249 2233 1936 2051 1054 2032 1710 2140 2213 1041 1930 757 2113 2229 1816 1252 2104 2305 1304 1436 1537 515 1636 1133 2116 2358 1902 1347 1913 1946 1530 1817 1733 1523 1919 2200 2239 1952 1421 833 1956 2110 2219 2351 1040 217 1846 205 1237 732 1845 931 1824 2233 700 1543 2252 1503 2142 2112 1456 803 2311 1931 2356 2209 2351 2358 2253 1748 2256 1909 1617 2358 1719 1920 1114 2247 1959 904 648 2032 2248 248 2346 1627 727 1347 1712 1916 2259 1602 1428 1816 1717 1448 737 2318 2045 1801 2117 1800 634 746 1817 632 517 2049 2135 631 2342 1839 1933 1958 1723 2315 600 953 2257 921 1722 1644 1718 1740 1525 955 1651 1826 2340 2224 2050 1552 1755 1537 2146 2340 2319 2340 446 1601 2217 2354 1931 2020 642 1801 2331 1025 1925 1148 2347 2251 1107 1343 1908 1551 1156 948 1649 1020 941 2321 917 1308 1811 2150 2243 1523 1818 1619 2223 1956 1644 1320 2219 2306 2108 1828 2208 2333 2309 1638 1954 2135 1424 2354 351 1114 852 1957 2148 2057 1647 2112 944 2031 1222 1706 2128 2110 1811 1001 1640 1917 2332 259 1902 1523 1650 2119 2256 1252 634 1315 1530 1943 2215 1259 1209 1618 2059 2207 2006 2154 1038 1737 1225 2255 2018 2330 1249 2109 2249 2349 1855 1529 2213 2246 2242 1601 2256 2043 2309 1024 902 2319 2007 2307 843 403 1144 621 1601 2312 1441 2346 423 1534 2001 2244 1948 548 2250 503 2252 2145 505 821 2211 2348 2316 1922 2249 2043 1218 2345 1219 2253 1627 2004 2310 1115 2136 142 2358 112 1810 1109 2148 2258 1308 1848 1610 2356 2106 2316 617 1525 1251 2336 1934 2349 1814 905 2044 1909 1238 1514 2309 1927 1054 1949 1032 2315 1845 516 811 2136 2357 2151 1356 1835 321 40 1724 1551 2155 2048 1104 1509 2305 1724 2158 545 2006 58 2026 2324 2343 1935 2357 1824 1510 2049 1725 144 2255 1349 1552 2340 1852 2101 2338 2137 1946 2133 2310 634 1940 1628 2355 726 2117 2113 559 2055 1939 1946 859 2332 2034 1604 1444 614 1921 2152 1106 2246 2333 1109 2235 1315 1557 1451 1921 1634 1153 1542 1625 1354 2203 1255 2041 1905 2202 1011 2049 1555 1226 1951 2339 815 321 635 1342 2059 2109 2209 2006 2003 1417 1951 2012 316 904 2249 1859 2251 2155 1914 829 1801 1919 2139 1223 1712 534 1949 2343 1226 1421 1513 1311 1155 1659 2235 1511 1730 2354 1253 1729 1857 2332 1559 1417 2138 2317 2258 2212 2359 1854 1948 1840 2016 2135 918 1906 1646 1556 549 2025 1022 2137 2057 1809 2347 1816 2225 1737 2352 2334 2215 1608 2309 2230 2253 948 2003 1723 1733 56 2019 1938 1420 2017 2346 1124 2147 2312 2215 2325 2028 1255 251 2134 347 1809 1715 2316 2049 709 2342 1932 1746 1416 2049 2346 2306 1933 1752 2346 1437 2142 808 1044 1910 2006 2019 2354 2322 2359 1149 1901 1344 2355 2324 1321 215 1950 1047 1914 2342 2120 1734 254 1927 2311 2112 2111 1918 2345 2342 2259 1447 1816 1716 1707 2359 1458 2054 2034 1459 1545 1615 1426 1218 1138 1104 1436 2012 1353 1949 2337 933 1950 2044 1936 2223 1002 1927 2357 2019 2353 2358 1755 1124 2212 2113 2311 2342 2206 626 732 2330 2301 2359 2157 2239 2236 844
1941
1139 1210 750 2319 114 1858 1939 701 1036 1106 2044 2324 410 243 747 747 337 2301 1952 1821 819 1417 1941 659 1751 857 1529 1119 1456 653 501 647 839 2348 1554 619 1857 1811 2040 1938 509 610 423 1840 214 24 1755 1922 359 2043 429 340 437 2143 338 1813 2130 435 1831 1017 645 1232 1829 1337 1751 2254 1736 353 2321 1944 1700 436 230 509 2236 1637 1847 604 2234 1421 1832 513 1428 1836 2311 808 1428 1420 547 1443 2258 1546 1302 1943 1523 2220 2135 2210 633 2355 1312 433 922 622 719 146 2158 1115 1000 618 2250 253 1722 1549 234 1552 2220 1542 1219 1150 930 1322 808 1817 1021 809 144 530 926 742 1035 2313 114 810 956 104 214 1239 954 1005 1517 1042 2053 2340 2043 1501 2238 454 46 1027 150 223 1113 1428 1111 815 1339 1025 646 1718 41 945 2136 1431 934 2332 1156 547 1551 947 424 1015 1100 2028 1800 449 1850 2206 1847 417 1203 655 1513 1347 116 2253 1356 520 204 110 38 1250 832 1339 2211 348 12 2227 2258 348 417 1135 1143 1045 1726 741 1115 1908 707 1424 1500 1156 2050 1700 2254 356 102 1448 2257 2325 2238 1718 1532 2355 1959 801 104 1828 156 229 2351 1810 356 2136 1542 640 2149 2150 2053 1008 2009 120 1223 1303 1524 2258 1219 1839 358 1932 1041 1147 352 1920 1606 704 1012 1324 2307 400 926 2126 1857 1838 901 58 320 1337 1615 2334 1257 1211 722 59 2248 1538 1440 1559 42 439 1334 1302 855 158 101 1123 418 2207 1603 1907 246 318 324 925 2143 1535 1029 1643 446 659 1934 137 550 2150 51 1928 342 549 723 1721 947 1124 2131 1051 511 419 1944 13 730 935 1634 2216 113 814 1154 1953 2307 2045 10 801 1128 2323 1430 54 2047 1221 2329 39 756 739 2105 1540 1839 1704 601 1903 2213 2103 23 42 137 1740 846 2100 1157 840 119 1735 730 1550 254 56 654 943 1051 856 1429 125 2305 753 605 518 528 814 602 32 2050 528 1126 1336 1348 816 2254 1217 233 5 416 2135 1135 2300 2100 847 210 1541 2036 2025 1045 1947 25 1805 1319 1314 1229 1543 200 912 550 2113 1010 2051 1323 257 139 2035 758 1412 132 1325 1028 1754 727 1826 953 1236 450 815 950 1749 928 1624 130 1916 1519 347 31 158 1928 2055 133 638 348 1919 1222 1249 2134 1447 1212 937 1050 939 1217 2222 2232 2131 1735 156 424 1024 502 1405 2233 2124 1354 1841 2308 2017 1037 25 725 329 1245 305 1527 1529 2107 409 1059 2346 420 758 1700 1330 1655 1158 226 1907 318 1523 1247 1249 2138 919 706 622 252 101 758 1832 419 2115 608 1033 1357 216 723 514 2043 1743 2025 241 1639 2104 1004 1733 2312 839 1924 1328 2025 1519 1331 1637 1538 509 1513 639 1436 1801 2027 245 630 1748 1159 1108 903 2147 2006 2255 1650 1945 2248 354 1803 1924 245 1007 2021 456 2259 514 2042 811 1814 43 2301 2145 1246 1958 1906 326 2321 2231 2009 123 708 27 1937 239 1522 259 1532 1945 306 2019 1504 722 1851 1117 25 34 1809 34 1636 108 130 1519 2131 518 2256 1154 728 1019 2336 502 1455 1358 1546 1626 738 2203 1613 2043 1111 1735 403 1110 1514 2016 2356 39 1712 1315 317 23 2049 711 547 737 516 1900 1357 627 238 730 2309 123 2322 844 509 2109 2141 1358 1306 827 149 617 1151 403 2058 1608 1904 2255 621 410 1702 1409 245 1234 742 100 1810 854 1558 1437 2237 1439 408 1713 1647 615 1628 1655 1416 601 841 1417 926 1015 18 1425 2136 1233 2019 1723 2309 1149 1614 637 1733 1939 242 1117 1144 922 256 124 1344 2200 2225 1033 421 1053 1833 1957 1255 2052 1811 746 353 1509 1245 1904 647 1334 804 403 334 2351 333 2154 2030 1410 1355 1435 31 833 133 1135 1828 1147 1306 422 316 1334 1545 2015 1245 137 2210 2131 2009 311 1837 2305 1933 42 2323 1337 1822 1101 1948 1443 1409 857 735 1156 157 700 734 1756 706 248 1306 1028 531 1826 2315 1326 1918 2022 1315 828 601 211 505 2334 948 123 1745 1620 2137 1117 2021 204 2101 1855 455 1106 1007 2219 1757 1625 1206 1650 2333 1048 2035 101 2024 1345 1233 513 419 1026 1359 2038 1105 2304 656 1414 941 910 643 2316 1903 618 311 1558 1501 1336 145 922 115 1525 911 1458 36 1816 1845 139 1349 1850 208 1653 1933 1545 1141 639 836 1048 1835 1408 1441 1655 412 536 1734 617 946 2256 1218 1702 216 2140 1841 1659 753 819 206 459 853 220 719 306 1223 1756 232 2143 312 1442 1736 1900 157 1056 1549 956 1751 1138 1838 1030 346 145 410 445 450 1147 142 1222 409 1850 1612 927 2121 1334 921 1323 1339 2257 1554 1007 850 2158 112 850 1945 1028 1338 1638 209 2111 49 1504 36 221 1302 1656 1456 2004 49 1704 1814 216 945 357 59 657 2103 1055 1747 152 1132 627 556 553 1015 238 708 1525 1450 1200 835 446 137 1135 715 12 1507 2338 119 315 1938 237 2100 417 2313 706 744 249 137 901 1757 800 1731 432 314 837 1300 112 1534 825 246 2314 2154 1318 1515 214 1851 545 56 2215 1139 758 830 1826 822 647 1953 423 2317 748 1312 114 1946 1330 30 2212 1841 715 130 1800 52 844 341 542 1705 38 826 554 1529 830 402 739 2250 1516 1637 609 1655 206 842 2341 948 209 211 1325 1304 1557 1000 511 504 308 2342 533 945 853 404 1927 1242 555 2347 316 50 156 2028 1454 149 1647 345 315 1211 1944 520 1621 1807 458 1414 249 712 29 2117 1439 544 141 1338 436 426 2303 933 555 2300 200 124 913 101 1910 1719 1635 2044 745 1646 1438 536 815 150 831 2154 40 832 528 1530 827 1648 200 605 1503 132 418 1646 714 836 20 1516 2253 2009 1534 2131 848 2056 223 2055 937 757 40 901 2119 731 1003 2304 317 1623 1928 159 636 1547 1504 1825 2200 2219 1451 1740 927 918 120 1811 158 1137 608 636 2254 413 1019 1727 1424 255 2025 34 541 1417 1935 615 2327 1513 107 1506 1739 851 221 47 507 1819 1333 924 821 11 645 1931 221 1009 1819 2110 449 537 1542 2123 624 546 1742 1821 1834 1709 1707 2014 726 1538 1957 1601 45 1956 242 446 1158 1550 1605 1757 2009 403 1142 2048 1229 1217 1703 517 649 419 1306 2346 749 1803 1006 614 1412 525 904 1349 647 923 2120 1845 2042 1927 1109 413 523 2210 1202 1126 153 1614 353 1800 1010 133 1244 2146 640 802 858 828 328 1540 1854 632 903 1327 10 1336 1333 1720 840 345 1753 955 2031 922 1553 1917 236 2058 259 1316 1517 2125 2142 352 415 8 106 1853 2255 355 1402 925 2125 1141 1928 1119 2155 1704 1346 205 1605 748 105 1745 1659 321 401 2313 317 804 1744 1908 247 1324 1437 2025 2133 1937 135 1733 1822 319 150 2041 2022 1753 12 1903 1200 1339 2246 1336 58 730 1517 1622 2252 200 2210 150 2233 29 730 1207 1247 620 1412 430 142 246 1518 1323 2115 903 1627 1229 944 1005 1314 1509 449 241 1651 243 1346 1512 1141 1158 1547 2001 114 842 900 2333 236 622 1310 144 2320 1438 2223 1056 1048 2209 2022 638 1708 1205 251 1344 527 1001 2238 1505 520 1336 2253 56 302 2327 942 348 2206 312 445 954 1746 1124 1419 1805 1937 2157 2041 2249 113 1322 631 900 2251 1030 1102 237 2231 2342 456 1437 2318 2020 1657 145 2038 1318 1539 1516 1849 304 2110 1417 1819 1444 811 2342 1110 1358 903 1852 530 327 654 1119 720 218 903 1110 736 2023 953 1829 1359 551 2301 550 416 801 48 2338 2310 2200 837 650 1248 2227 1346 1213 1124 651 1046 241 2242 419 1740 1154 1021 954 856 1021 2336 521 1640 1047 552 1504 813 2105 1912 52 2159 1812 1834 1759 355 1450 1629 2126 539 2320 1037 320 1113 555 615 1053 1352 1637 1546 726 1248 725 1544 8 1821 342 1019 202 626 1403 1736 1231 1000 1948 837 1029 330 2243 733 1155 1551 1228 1049 533 1 1553 1540 737 2317 859 1503 2157 1320 508 1448 1320 1956 1209 1419 1108 406 726 324 2222 1044 954 913 2350 1718 2329 530 1708 1156 308 1707 2024 1256 517 1815 1714 1007 2315 1158 1422 600 1135 1626 26 13 206 26 1938 406 1119 2136 2113 1357 1811 952 908 1551 353 1047 34 1933 1758 920 1404 2301 515 646 1252 1018 1339 1059 501 1332 253 2052 759 1126 2116 152 59 540 1811 39 1633 744 1211 440 144 453 900 115 1730 202 1318 2017 150 2236 1533 754 1555 453 134 959 1234 1422 1822 26 2 302 1108 1059 501 506 316 742 1220 1542 530 1445 454 801 133 2214 1254 209 458 1740 149 714 736 20 536 46 1600 1634 727 1319 220 1033 1155 1445 2153 1148 1404 1057 1358 1805 838 558 358 1622 1657 1155 2055 1756 2002 938 207 1326 333 947 940 756 2321 2307 703 1813 1807 529 424 1517 923 449 804 1835 852 1141 1646 830 56 1443 434 2325 2341 1449 152 1144 127 2146 455 256 1426 1412 1600 1143 1635 27 1602 1838 1457 2243 1211 1234 1950 227 1036 329 1225 1247 1239 511 854 644 144 1654 1644 733 738 1026 2251 1157 43 1229 1516 1141 2045 1043 1424 226 747 2041 1518 449 1900 705 2242 1710 424 733 1618 16 1806 424 2126 14 932 2112 1159 2314 1214 853 449 128 1602 2120 1219 1408 42 2033 2008 1846 708 539 1138 1908 1159 1237 535 1013 1930 418 1838 1939 511 1354 609 1933 1014 1647 1545 926 1247 8 1044 2241 551 201 1336 307 643 927 1148 1516 2237 849 429 1607 1127 1450 111 34 2131 2056 448 1249 808 1429 1728 1708 1515 1453 1739 643 16 1414 242 1404 836 507 2200 1015 425 422 558 2058 347 237 1939 559 1002 1636 310 929 649 701 1420 1647 839 1723 1441 154 1550 2110 1348 948 2342 1143 1923 1024 614 146 320 1531 1630 935 2238 835 516 1342 1535 532 2307 507 2341 2154 1029 1457 1839 1129 45 2133 435 1533 1158 643 1509 725 2351 2148 1916 1744 957 232 445 518 720 1238 947 1157 1639 2134 532 1211 1358 2317 2037 1917 2315 1537 117 2354 409 1312 1825 647 2352 1 814 1056 2236 52 535 447 507 1134 145 2129 616 621 2227 758 424 1812 1658 151 1033 38 1739 2234 214 1849 1715
1146 2110 1913 2356 1654 2057 2115 1552 1329 1548 2140 2359 415 1838 2203 1114 1224 2310 2007 2310 2132 2044 2240 920 2013 1620 2104 1336 2215 2132 1622 1325 2056 2356 2129 1740 2033 2340 2301 2214 1311 2120 1644 2136 1839 1722 2008 2012 1737 2154 910 2133 1326 2225 851 1951 2213 2123 1840 2045 1438 1456 2338 1757 2240 2335 2306 748 2333 1955 2322 609 2101 2323 2312 1953 2118 2325 2318 2252 2020 1425 2144 2325 2314 1557 1525 1957 1825 1758 2328 2223 1313 2020 1636 2220 2357 2238 1211 2357 1357 1805 934 2326 1720 455 2335 1317 1150 642 2305 1047 1738 2222 549 2128 2240 1916 1642 1251 1231 2105 2103 2228 1948 1813 2209 1519 1444 1646 1704 2353 518 1357 1805 1646 858 1631 1328 1418 1755 2324 2333 2348 2139 2017 2246 1831 900 1601 1823 1621 2238 1501 1625 921 1803 1200 1228 2247 2355 2039 2154 1718 1051 2342 1850 552 2350 949 2302 2156 1935 2132 2059 1037 2232 2328 2136 647 1303 821 2347 1401 217 2339 2141 1225 2216 1444 1014 1315 1435 1721 2225 1607 1025 2340 2347 1548 1909 1147 2357 1411 1919 1359 1323 2043 1837 2034 1634 1625 2154 1932 2324 431 2023 1724 2258 2345 2246 1815 2019 2359 2311 1349 930 1856 325 2203 2353 2056 1830 2157 2344 1124 2257 2257 2239 1756 2332 619 2002 2138 2209 2345 2038 2219 429 1936 1720 1306 1040 2042 1944 2225 1813 1650 2349 2059 1735 2137 2339 2146 1230 2005 1057 1520 2018 2355 2312 1338 1009 415 2257 2321 2214 1839 840 1531 2121 1351 1753 509 1933 2300 2013 2216 1846 1911 257 1802 2249 1043 2357 1539 1441 1655 1742 2059 1946 2015 624 2155 128 2129 1219 2134 1553 2000 1248 1640 2300 1935 2125 904 2101 1643 1519 2027 2005 2336 432 2128 2048 2138 2340 2224 1501 1138 2032 2326 1535 1153 2115 1351 2347 1835 955 916 2309 2250 1952 1911 741 1940 2348 2209 210 1548 802 2250 846 2226 1542 1723 2302 2118 2054 1755 2346 439 1436 1309 1424 2117 1636 428 2311 2355 738 1727 2027 1359 1445 319 2228 2120 1139 2020 2036 2252 2332 1326 528 103 616 2152 2017 2354 2349 1302 1841 2237 2142 2257 1825 2128 1626 2217 2125 1854 1554 2346 2341 2206 728 2132 1335 2104 1609 1448 159 2222 758 1825 1147 2153 1847 1756 2202 1931 1909 1948 905 1032 954 1756 2353 2356 1021 2014 1633 1010 1942 1957 2017 2300 2336 1351 1342 2033 1801 1406 2208 1459 1828 1504 1912 1059 1953 2224 2250 2319 2032 1159 1433 2121 1435 1757 2243 2224 1358 2136 2349 2301 1551 534 1858 655 1517 2115 1854 2251 2337 2332 2313 2348 2208 1407 1813 1844 1737 1718 624 1932 2312 1728 2059 2050 2139 1836 2227 1206 1318 1623 1743 2124 2251 2133 1241 1812 2050 811 2014 2253 2331 2106 2040 1150 2151 2309 1203 1740 2342 1859 1953 1743 2042 1722 2155 2046 2114 1821 2056 2318 1955 1914 2115 2242 1939 2245 1159 1247 1908 2157 2156 2323 1915 1951 2352 1611 1917 2344 1358 1900 2221 2249 2325 1053 2115 1513 2212 546 2342 2342 1819 2254 2336 1403 2335 2248 2130 2253 1147 1145 2311 1956 2327 1610 1549 2223 1721 2038 2227 825 2059 2113 2203 1003 1911 1314 1638 1935 1345 1522 2141 1838 2256 2142 1132 1216 2344 1229 1457 1608 1730 2122 1845 2315 2247 2046 2152 1921 712 1738 1534 2344 2358 2217 1808 2343 1221 527 2142 1541 2316 1505 1209 2131 1517 716 2227 1253 2321 1348 2349 1420 1041 2130 2145 2110 1904 852 1454 2137 2228 1615 2237 1624 2213 2342 934 1103 2032 2017 457 1236 1303 819 1938 2120 2055 1602 2238 1948 1523 1812 1955 2103 1849 2027 1721 1333 2253 1929 1034 1051 1600 1845 2138 2230 2211 2026 2343 1901 1823 818 1736 1959 2152 2320 1252 2110 1817 1948 1901 2325 2227 1904 641 1322 1932 2111 2253 2055 1833 1158 737 2235 1707 2027 938 2023 1852 1630 1125 2357 345 2318 2137 2158 1953 1651 54 1537 153 1159 2155 2116 1322 1602 1923 2135 2329 2044 1644 147 2249 2213 2353 1458 2147 2353 2138 1422 2357 1831 1909 2118 2209 2103 2209 1316 1554 1227 310 1855 1249 2104 804 911 1605 1045 1219 2217 2317 2114 2129 2315 1928 2131 1856 1116 1014 2342 959 2327 2132 2046 2315 2303 2218 943 2142 2042 459 2126 2355 2325 2116 2235 1414 2032 2357 1819 2355 112 2229 2318 2240 1403 924 1350 2346 2049 1359 2312 1923 2348 1334 1204 1045 2357 2257 2047 319 1944 1910 1507 835 2356 254 2346 1322 2209 1142 1849 1853 626 1702 2014 1044 1756 2037 1654 1340 1712 923 1929 2232 1953 2253 2235 1214 1645 1734 2005 1615 2256 1547 2317 1759 2334 1947 2237 1924 958 723 611 857 1114 2317 1627 1907 2345 1658 2326 1527 1707 1916 2149 1346 1815 2209 1249 2008 2324 1850 1229 1327 1631 722 1624 2043 1922 253 1859 519 1947 1958 2005 2132 1435 1216 1552 1406 2318 2154 2334 1302 2320 1303 1216 2345 1324 1338 1859 1919 2247 1629 2319 202 957 2248 2312 1717 2220 1244 2055 2145 551 1903 1341 245 1547 2257 1953 2125 1643 2209 1232 1633 622 1516 431 1759 1526 1953 2152 1821 500 430 1935 2257 20 1847 2343 352 2020 1946 1525 2333 2153 2313 856 1902 2151 2032 1152 2036 1625 2134 2343 1157 1911 1559 1618 1728 1116 249 2316 2339 1903 1921 1127 1938 1351 1155 2305 2344 2032 1319 2220 1730 741 2350 1203 2347 2121 2133 1631 2249 1922 1208 2234 2155 2142 903 2352 1508 1049 741 951 2334 1755 1019 2254 2052 1955 1306 1150 2259 1819 2157 1422 1659 1526 842 2354 1552 913 2047 2131 1927 1918 1327 2039 1453 1440 2346 2006 1309 958 1921 2234 2041 850 2359 957 2200 1418 2047 2319 210 2305 514 1439 1824 2206 720 2050 1939 1821 2117 1523 1545 415 2216 2316 2110 1803 1557 1336 1808 2333 1425 711 2317 1331 1342 1542 505 1936 1741 1845 2058 2232 1657 2114 2217 1630 1651 1447 2158 1035 1058 834 2036 2125 2201 2023 1531 2237 1602 551 2005 1205 1628 1847 2237 2258 2041 1927 2308 2117 2059 2129 2212 1106 1355 2208 1442 2137 1440 1723 2329 618 2354 2234 1853 1011 2039 2041 2105 2250 2229 2059 2310 1441 1508 1207 2118 2324 1855 1622 1725 2359 641 2048 2141 1633 259 2151 905 1328 1650 2111 755 2352 2149 450 1735 2130 1020 1842 300 609 2228 1402 1723 910 823 1026 2220 1727 2320 2244 2123 752 1355 2245 2215 1731 2305 2131 1912 1845 1949 1719 2319 1253 2046 2122 2213 515 1956 1706 639 1925 1930 2026 1758 2103 900 1146 2336 2045 1331 2223 842 1357 1858 1858 2351 1015 2115 2338 1651 2354 757 1330 2224 1157 1008 2323 1857 2134 2031 1153 1006 643 2229 1709 1838 1817 2323 845 2313 2146 1003 2146 2346 1313 1810 1431 2010 649 2308 2249 1506 1707 2234 2107 2012 1512 1928 1802 2221 2221 2053 2048 1459 2129 2113 1840 2206 2127 1445 2338 2147 2151 1311 1637 2034 2059 2323 2323 1813 1506 2112 2349 2340 2337 1509 2234 2319 1359 1655 1734 945 346 2143 2235 526 1645 2359 1237 1231 1843 2025 849 2336 1719 2033 2317 1940 606 2240 1911 1830 1849 2357 2024 1757 2001 2026 2104 1736 2340 2305 1814 950 2157 1657 2258 1516 2335 1319 2332 2126 2051 1724 1735 2134 1839 2009 2245 1420 1746 1556 2236 1938 2118 1817 2030 1027 1342 1631 1549 1835 1658 2256 1530 1523 1254 2358 1910 2227 2325 856 1910 2355 653 2018 2107 1115 2338 1909 2254 1108 2242 2348 2349 1723 2228 2036 821 1502 2126 2110 2317 1752 2209 1938 2311 327 2312 2331 1230 941 2210 329 1520 1042 2318 2350 2106 2137 2329 2157 2336 2249 331 1322 1130 1151 2257 2159 2355 629 2303 2344 759 2123 2324 2052 1659 1038 2358 1410 1546 1731 1850 1607 2338 1843 1838 2334 812 2342 2340 1947 1250 2353 615 1326 1137 1956 1642 1153 1041 1237 744 2307 1746 2333 2158 1814 2331 959 2016 1434 901 2357 2350 2347 2353 1729 1440 2256 2135 1911 2152 1354 2145 2310 2340 1137 1816 1915 1807 1213 1849 1147 2352 2258 2106 1405 2021 2324 1113 2252 2058 714 2250 1902 1835 1759 2200 1956 1729 2205 1434 2337 2237 734 1140 1405 1932 1614 1433 1736 2315 1624 2106 2128 2326 1427 1844 1301 1832 533 1646 1440 2004 2151 1841 2023 1051 1558 2354 2315 751 1929 1558 1818 2005 1414 2259 2050 1555 841 2358 2254 1844 2327 2243 619 2349 1738 2048 1357 2221 1226 1118 749 1635 2232 1333 2119 1856 2350 1750 2332 2257 2012 1415 409 2225 2039 1259 1032 2357 2227 2133 2345 1831 1834 2023 1726 2236 1930 1402 931 1003 2244 1729 1238 2253 2337 2309 2133 2059 2008 1556 2036 1059 55 1947 2324 1957 1437 2308 1953 1831 1453 1804 1745 1717 1540 2220 1635 2244 1521 1130 2243 1006 255 1427 2247 919 1951 1414 1801 1827 2231 523 1651 1313 1920 1507 1419 2237 240 2327 1623 801 1658 1708 503 1533 2133 1726 1904 52 1932 2200 1850 1716 1144 1716 2118 934 1351 1742 1259 1836 2108 1534 331 2303 1802 1725 2031 2257 1456 1654 1630 525 2256 2347 1620 2145 756 1609 1751 1239 1441 2125 2249 1615 2118 1107 1859 2232 2232 1809 1656 2003 2048 1316 2253 1759 2257 1906 1711 1431 2340 949 1258 1319 2356 2330 2307 2221 2354 707 2131 2005 1731 1425 1707 2107 1745 1535 1840 1419 1032 1803 1535 2344 2343 1451 1356 1205 300 2249 1823 318 1641 1650 2328 2141 1907 1427 2305 2301 2310 2248 2114 2014 2156 842 1623 346 1444 1627 1248 1246 1452 1342 1838 2356 1754 1043 1928 1934 2253 2005 1556 1943 1925 1204 2159 1905 1457 413 918 2042 2258 1553 2327 807 2350 2117 823 1540 2114 1413 1953 640 2230 1555 1122 2246 1426 2314 1918 943 601 1214 2348 2153 1552 2123 2307 2103 2014 1846 1706 1548 1506 2245 1813 2204 1947 1439 2238 812 2327 2149 2347 2306 738 1949 2308 2055 1717 1757 1437 36 1859 2258 2031 1642 2316 1639 1456 1225 1527 2055 2354 1411 1706 1953 1208 1459 907 51 2151 2207 1413 2200 1710 1810 2006 2019 2129 1634 2249 758 2033 1938 1031 1605 1143 1807 2232 1039 723 2140 610 2246 1511 1755 2020 824 2254 1903 659 1812 1126 1237 1542 2042 1339 1934 1714 1545 1827 2204 1934 955 2347 2344 2233 1842 643 259 540 1728 1937 2345 2351 1718 559 2133 2352 2240 2308 1537 2349 2254 1744 1859 2317 2102 1453 2139 1134 1930 2054 1316 2112 955 2353 2154 2314 1854 1029 713 459 1654 2301 2247 2124 1726 2148 2302 717 1859 1503 2344 2122 2101 2342 1821 1837 2357 2358 2113 1903 1421 2353 427 1043 1059 2313 2014 1932 456 1942 2356 1313 2313 1055 1236 2251 1329 1857 2114 2233 2344 1942 913 2333 2354 1805 2048 2141
454
310 1319 1712 1616 1034 1138 323 320 1427 1800 1123 147 1327 11 1953 913 2057 603 1540 630 447 1312 2027 345 125 555 2111 1125 721 1518 1414 514 812 2139 1519 1028 707 1327 1249 2139 1806 2008 1252 321 1228 2128 2207 1942 602 1027 117 751 1341 609 2100 714 612 1139 800 718 605 520 2053 18 24 1507 1807 1549 1925 604 1017 1658 436 902 453 1509 1845 257 109 1714 239 1514 37 327 2220 508 2345 2045 153 1421 847 639 1144 1808 37 1311 353 806 1154 1505 758 1201 2012 2153 1314 305 537 1940 331 257 1918 1659 550 2032 1838 2055 1823 903 101 1228 2352 744 1230 2118 330 1314 1438 555 511 1032 1439 736 1338 1431 549 1458 449 1717 2015 1231 1239 229 249 1554 519 326 238 310 58 1117 1944 839 1919 751 1755 34 2245 1516 1541 1459 1544 2201 2017 204 2147 604 2031 1357 1909 1902 1957 1658 656 1833 1405 600 1639 1126 1146 1602 1651 44 102 2326 724 1552 2235 1755 128 34 2118 1059 421 1302 1633 1512 158 752 1518 713 24 1449 1106 2010 555 1106 537 1857 1636 1114 923 1526 329 728 2345 240 1303 848 602 2017 1445 2213 249 1835 1640 1034 810 29 1357 1802 1327 1113 1048 751 1719 358 459 751 524 238 412 1209 828 2357 1051 645 2305 1755 1433 2129 819 48 1925 2319 2337 0 743 2107 16 1940 133 1506 2235 2222 1716 628 1559 247 1826 2024 1114 825 918 904 840 2107 2114 1818 1051 210 1421 2145 1508 1149 1344 735 509 1319 2144 337 1910 317 1555 711 1847 425 107 919 229 1030 1052 1006 459 1347 2354 709 856 1939 1111 204 1438 1027 937 2305 1838 839 1921 1004 2318 534 736 1001 2219 2358 2317 418 2359 1930 1657 805 624 2049 1015 1433 837 2215 1659 1134 1436 134 1948 1405 1633 1221 102 343 226 713 111 1833 1546 230 1904 33 2249 1824 521 1215 1153 2129 1822 540 1852 1959 212 711 2300 610 707 1527 502 1809 1112 2232 1710 1833 2302 537 1534 832 100 26 2058 109 2236 733 943 710 605 2240 47 1257 533 1448 147 257 350 1650 1017 929 2358 1547 1508 341 2356 1119 340 159 1854 1156 633 1346 2029 339 624 752 743 2126 226 319 2243 1426 134 1105 309 942 1818 1134 109 10 2201 2224 2031 2319 2300 359 506 1010 1520 327 306 1202 2313 745 1454 520 632 1311 628 2237 23 2058 123 1141
1746 1453 2054 1626 1327 1745 419 851 1513 2027 1650 952 1945 2214 1954 2308 2244 632 1812 747 1544 2113 2229 621 946 858 2258 2351 1647 1751 1927 1049 1305 2149 2002 1921 1345 2033 2128 2313 2100 2047 1419 939 2319 2241 2212 2307 1149 1300 428 2042 2141 1620 2345 1433 2100 1831 1150 1958 754 532 2327 1239 1457 2118 1955 2250 2025 1257 1123 1717 2144 1336 1331 1559 1855 2232 1332 2147 1808 1825 1543 1403 2225 605 2347 2049 1907 2354 2133 1349 1149 2003 1030 2351 1109 1642 1556 2356 1423 1228 2050 2154 2321 2314 1655 2121 710 1813 1942 1659 2339 2327 2259 2224 2214 1539 1427 1741 2357 2224 1414 2156 2245 2050 2323 2201 2217 2139 1613 919 2100 2220 2113 1532 2045 2136 2130 1328 1830 2232 1544 1555 529 1851 1109 1058 225 1757 1949 1328 2340 1839 1911 1254 2253 1627 2235 1734 1547 2304 2137 1245 2259 1302 2309 1822 2105 2339 1957 1851 2121 2016 2047 1356 2206 2002 1306 2027 1813 1827 2226 2340 749 2348 2255 1809 2351 307 2225 1059 1108 1504 1634 2050 324 1414 1619 1514 243 1733 2253 2247 704 1324 1008 2045 2111 1639 1141 2140 1126 1452 2356 507 2225 2102 1802 2204 2206 2252 1953 2239 1649 2324 1528 2217 1817 1916 1946 1530 1952 2305 2033 1608 1049 1358 1927 2009 1535 1831 1630 2359 2235 657 2323 1755 2225 2354 1133 516 1934 2349 2354 823 1259 2240 641 2241 1553 2021 2326 2230 2048 1137 1614 1642 2206 2154 2346 1808 2328 1536 1437 2107 2144 2141 1128 849 1546 2155 1626 2113 1507 2348 2321 1747 2347 839 1938 1133 1620 1548 2232 1206 259 1935 2210 1725 2127 1634 1319 2029 2358 1628 857 2322 1535 1615 1613 2315 942 2343 2022 842 1952 1038 2324 1141 751 1721 2244 2359 2340 2023 2359 2315 2143 1833 1438 2341 1507 1900 1310 2232 2128 2028 1457 142 2149 1759 1806 1344 1546 904 1031 1217 1204 2023 2309 1559 1927 1429 2257 1851 527 2245 2214 2236 1859 2226 2301 1959 1759 1511 2328 1039 1024 2316 2241 1941 2053 2242 2304 2220 2307 2253 2041 1641 1900 120 2106 1327 2256 1056 1552 1834 1406 2247 2313 1817 2331 2116 1314 410 1348 2224 1333 1749 2359 1653 1829 544 2358 1632 1504 1956 2211 1156 2356 2106 2247 1624 1258 1041 1605 2303 1710 930 2249 1742 1713 1932 1448 959 2203 1806 2053 443 2202 2241 2219 2326 2318 759 643 1301 1808 1639 746 2325 2315 828 1629 1417 1714 1819 1115 2247 2114 2059 1551 2208
303
1234 223 2020 530 916 403 1246 2137 245 1444 1053 430 1111 944 608 1523 729 951 1144 1226 209 1411 1025 226 855 930 1811 1634 1134 1928 901 430 1506 1046 551 600 1859 400 307 1939 207 1824 1301 1940 430 1840 241 1742 2304 809 1955 907 1135 159 1010 1620 154 1453 2303 1951 1553 222 403 734 2245 1412 138 2139 1008 1520 1210 1054 1804 1950 2106 723 808 2356 1828 2040 17 325 533 1436 1114 1733 807 1735 1639 1513 245 441 459 1720 1149 329 2144 1821 1321 1422 1638 154 1145 1708 1028 1244 2221 1456 1355 1711 1704 524 714 1614 621 1535 2348 1751 1616 123 703 150 2329 301 1912 34 117 1154 1653 1153 356 2313 1315 1906 1201 1436 1221 2114 408 1405 1136 1702 344 412 604 1055 2008 444 2254 231 1320 1235 132 1827 1110 831 1233 250 1239 623 916 1638 1314 1250 917 520 524 1951 2029 553 1020 402 2311 1221 1328 2035 511 951 1025 826 141 1022 720 1857 320 1403 2048 921 1544 1848 2239 1936 1507 2310 538 1135 156 1930 720 1305 638 618 735 2350 1828 1044 930 756 2338 2201 1100 512 30 39 1258 627 1658 1455 2109 1322 1429 1022 2302 638 2122 2353 2122 553 2059 343 508 922 2154 1205 608 1138 1417 1035 2124 938 914 1006 1941 739 1712 1208 2053 446 946 417 742 948 2141 51 450 1110 1315 1005 1237 1533 2318 2241 122 439 33 1100 730 1452 238 124 2119 948 2228 2347 315 1953 28 2203 1148 2238 459 1921 1104 328 2049 840 1535 2014 1258 617 1951 1406 2311 25 806 704 1427 828 417 2054 1605 119 337
1312 2017 2232 2301 1806 735 1500 2142 1325 1800 2159 714 1115 1229 1529 1834 1247 2350 2007 1703 1936 2146 1855 2359 1238 2213 1836 2344 1847 2215 2119 2032 2234 2056 1850 1333 2246 1315 500 1959 2112 1923 1703 2127 939 2105 1936 2306 2358 1016 2214 1241 2035 2236 1739 2221 2325 2314 2341 2109 1815 1612 1805 1738 2252 1923 1900 2250 1502 1611 2310 1516 1943 2300 2146 1031 1439 2357 2241 2101 1150 533 1238 2103 2220 2324 2340 2304 2123 2048 451 1542 2337 1725 2323 1023 2146 2005 1412 1840 1923 1615 1732 1712 1249 2015 2327 1456 1815 1742 2011 1051 757 2109 1548 1709 2350 2232 1628 1047 1432 818 2336 425 2323 1116 1735 1158 2351 1855 1004 2351 1756 2346 2009 2321 2215 2310 601 1938 1716 2147 834 829 901 1322 2030 744 2256 712 1453 2051 2038 2233 1406 1808 1938 802 2022 1541 1625 2115 1655 2211 1238 1916 2029 2113 2208 555 2147 2122 2331 2351 2341 2045 910 1623 1847 1558 942 1604 2350 1932 2138 1848 2108 1819 2330 2323 2322 2033 1849 2323 554 1516 1617 2056 2220 2322 856 1147 1647 2355 1902 1537 1209 2202 2352 2220 1244 2249 1531 617 1258 1910 1918 1847 2259 1521 2019 1624 2346 1943 2154 2359 2237 1730 2210 448 2239 1347 2309 2159 1342 1349 2322 2154 2256 1729 1847 1700 1952 2200 2319 1550 2058 1016 1735 2350 1343 2328 2201 1334 1913 1727 1612 1100 1626 1634 2356 2248 839 2100 1147 2215 1038 2041 1705 1245 2138 2247 2247 2359 1618 2243 1716 2324 2010 2250 506 1934 1332 1314 2058 1831 2227 2109 1619 1804 2146 1531 2357 1536 1904 1251 2345 1339 1605 2235 1802 855 1322
743
234 933 22 2221 927 32 1122 557 713 2041 2238 1019 431 134 13 322 1250 2207 125 1832 1112 1145 1806 1058 1826 950 2146 1047 1355 1524 258 107 1741 744 654 2318 511 2225 802 2329 1518 832 400 418 413 239 1348 24 213 2217 2128 2223 2105 602 1438 1109 1700 933 1420 1330 843 759 2203 749 1937 743 824 510 1942 1816 705 244 1528 521 205 2307 2007 608 1028 1534 641 35 1621 131 1343 240 5 1353 520 538 2126 536 1704 941 1945 231 536 2059 1704 1631 2010 1821 2338 423 127 1504 157 1645 1631 342 1605 2241 1003 304 108 2013 1312 536 1041 1236 1008 742 2326 605 1418 1853 1853 255 1850 56 1112 713 1825 2129 1314 955 915 927 351 1131 2121 1828 2351 1821 703 405 859 41 1350 434 1117 339 1003 255 625 259 1836 1237 1248 2226 724 1947 1843 1109 308 115 625 1019 140 2257 531 2109 1034 1354 942 1 104 2330 511 1224 1038 402 1056 1723 1823 408 1503 1226 1601 538 1510 204 46 637 531 2054 659 2310 1702 2149 1624 1500 230 223 1742 1807 1009 1054 516 2002 1130 2225 237 1442 1849 2218 1249 648 1619 1306 1937 245 339 1022 51 813 1336 902 2 1349 1015 826 224 14 129 2042 46 2257 1852 714 651 2307 1639 1747 2022 1457 1927 1424 731 425 1831 1222 405 1901 1347 1204 2144 2131 1 637 1653 2153 345 617 1433 1028 1534 2011 126 243 848 302 1230 834 1912 1545 943 2345 818 20 512 911 426 1104 849 1813 503 1516 1644 1223 1229 1620 210 917 1254 1502 513 2304 147 205 2353 1255 1033 1856 2013 53 316 2004 515 837 743 1216 1031 1213 1628 1250 2232 15 1105 552 1301 628 311 2220 1459 1649 905 1510 1619 59 1336 2152 1910 1629 346 2123 1238 759 1215 130 1901 718 1919 521 147 1309 714 125 311 254 1833 1213 55 1241 2353 930 1346 1241 4 2355 2349 2112 1149 1156 222 724 7 720 829 1738 1654 1227 650 1415 1424 438 707 2058 401 1315 427 1539 2303 343 2030 2116 508 1432 2251 1132 203 322 603 2207 927 1617 847 720 1358 736 1112 1603 1717 1508 1757 2004 635 1237 500 1433 711 2039 53 618 1447 1439 1825 213 1931 1925 453 1116 412 2310 914 836 2057 1219 501 2238 2010 531 2335 239 2042 31 630 818 853 2318 1436 114 854 1007 659 545 1850 1947 2309 1300 921 1633 2300 1744 753 1925 323 1631 1225 854 1007 2026 1219 1840 1630 2246 1527 1455 1201 2043 558 17 616 701 143 2138 16 603 1938 2159 154 2228 2149 1103 1109 2141 1115 730 1508 1303 1704 2121 650 28 1149 228 516 153 1745 1259 2049 1752 242 802 442 1957 1432 234 1116 1650 507 2204 921 906 1455 1027 604 1740 308 2002 706 231 1537 2117 817 1940 1245 908 106 1231 930 953 220 2212 1159 1540 141 518 1048 1019 1754 843 532 421 1154 347 229 704 1436 406 805 1109 1405 400 1858 938 736 323 1109 558 1935 323 1534 653 2335 1833 1740 915 503 238 1442 29 144 1620 1403 2317 1657 1317 107 200 946 1804 1047 2244 2208 1507 1633 110 822 12 1828 1116 2220 1009 1205 50 2340 751 200 2312 2337 532 1801 1812 1451 1111 751 1943 1437 1004 2144 2032 1454 2027 1552 207 218 543 2242 850 230 753 1646 1151 2209 233 811 1702 2209 1025 1351 1430 448 558 1217 102 1742 1203 2021 1339 1008 732 405 1618 619 1735 859 302 212 934 727 143 1215 1127 2107 306 438 2321 414 44 1701 858 1532 847 1652 1044 2248 1753 304 1842 2359 21 2156 1643 402 1527 212 1006 1850 48 454 647 2023 618 2114 257 33 627 2211 1050 1709 647 1937 1914 1419 1436 501 1316 23 1524 1619 1019 859 1453 1746 250 1050 1624 1600 918 527 409 2359 2243 2141 710 727 1439 1744 1521 2219 1142 321 1508 1342 502 847 1141 1105 1641 1550 42 2017 753 2036 1659 223 156 1217 918 1220 1956 2324
701 1315 1230 2252 1222 58 1127 1259 1116 2053 2243 1302 1028 842 109 1729 1325 2242 301 2336 2224 1308 1923 2008 2019 1700 2329 1056 2128 1729 2026 1824 1817 1801 1256 2345 1604 2359 2009 2356 1611 1058 1037 2119 1445 1144 1350 2134 907 2222 2327 2256 2227 2114 1744 2000 2136 2329 1459 2318 1209 922 2221 1820 2025 2319 825 1443 2330 2228 1743 409 1629 1326 1802 2356 2303 1401 1540 1927 1325 1150 2003 422 1349 442 638 1357 603 751 2207 2222 1940 948 2148 612 1949 2117 2339 1633 2202 2340 2338 1540 1658 2227 657 1745 1644 2237 2103 2251 1350 1910 1440 2141 1829 1854 1342 2108 2136 1242 2339 810 1923 2050 2014 258 2236 1724 1346 2334 2222 2228 2144 1145 1905 1053 553 2042 2211 1925 2356 2351 1016 1616 2354 114 1944 618 2121 927 1651 1124 1050 945 2154 2042 1838 2229 1612 2233 2202 1557 1236 1553 1122 1022 2200 2257 2248 2257 2136 1407 2118 1803 1108 2330 731 2101 1806 1721 1936 1954 1925 505 1913 2135 2109 1041 2040 252 423 2355 1919 2135 1927 2328 2350 2317 2010 1956 357 1208 1752 2144 1032 1312 550 2207 2202 2314 1422 2121 2130 2235 2046 1454 2020 1326 1938 2343 2050 1234 1933 2108 2117 2324 2048 1913 2051 2003 912 1516 746 2156 520 2342 2026 1129 1711 2313 1847 2138 2043 1808 2339 2131 1033 1300 1924 2240 2322 2129 1728 1823 2155 2324 309 2006 1705 2359 1521 1056 2107 1542 2126 2228 2156 905 857 704 2318 1758 2245 2102 2102 2352 1050 409 553 1744 1027 1118 925 2324 2324 2002 1652 1258 1305 1829 2151 928 1537 2202 2153 2346 748 1745 2357 2309 2359 2059 2353 638 1838 2310 1025 1912 1303 1237 1821 1927 1633 1413 2236 626 2000 1808 2327 1741 1520 2326 1459 2058 2247 1839 2148 115 1348 2322 2118 2316 914 2343 1932 1628 2311 1814 1957 1811 2215 1452 859 1456 2014 435 952 2143 2200 2117 148 2114 2354 1748 2248 1724 45 2356 2349 2117 2103 2359 2224 2132 1637 1832 1409 2015 2201 2037 1016 2100 1540 558 1630 2058 1922 2213 1927 1941 2352 514 2055 2203 2030 1934 2251 1438 2249 1650 1209 2232 2032 1713 1909 1501 2254 1500 1804 2340 1735 1934 2102 2029 2147 2256 509 1458 815 2242 2236 1449 2322 1922 1846 1911 1936 2015 1324 1603 1330 2312 1407 2136 2340 2054 2144 2239 2306 719 2336 1235 2213 729 1804 1543 1338 2340 1727 630 954 1456 1142 1139 2304 2022 2343 1513 1231 1855 2322 1829 1039 1952 1623 1631 2341 2239 1747 2046 1342 2235 1726 2250 1702 1459 1250 2133 2041 1944 1427 850 2350 2351 1706 1224 2333 2159 2332 2252 2347 2031 1653 2155 2215 1624 2123 2302 2350 2214 1112 133 1156 549 1906 652 2146 1303 2349 2322 647 923 2108 2209 2331 2013 1823 1927 1847 2301 2018 1714 1607 1203 626 1816 613 2142 2341 1206 1855 2226 1730 2128 1836 2240 933 1503 2359 958 2034 2359 2201 1837 1817 519 1402 1312 2017 2040 1757 1351 1245 922 805 1317 1554 1146 1954 1907 2317 905 1913 1307 1331 2142 2016 2210 2322 1759 2253 904 2336 1906 1915 1122 1042 1300 2313 258 214 2333 2341 2346 2002 2245 332 1059 1737 2157 1715 2333 2244 2008 2129 1848 835 759 1943 1418 2352 1507 1836 2247 2354 1053 1341 2329 2344 1837 2159 2324 1452 1533 2002 2113 1449 1014 2248 2035 2136 2116 2313 2111 2049 2021 2257 1553 2346 2100 1727 1839 2218 1453 2159 1942 2216 2333 2121 1944 520 2229 1707 1729 2357 2103 2028 2215 1353 2008 1525 1730 1436 2234 1302 1603 2243 938 823 1813 2123 2313 2340 1340 443 2337 1729 1851 1722 914 1953 2301 2012 1314 2313 1753 527 1847 2359 2201 2219 2013 922 2213 1451 1009 1928 1410 455 1409 2123 1245 2118 2226 506 2146 2234 1444 2310 1716 1950 2115 1703 2336 1147 2021 2220 1725 2152 2037 1351 1531 2240 2320 2029 2323 1908 1432 2357 1706 2359 2253 2203 2134 2225 1458 2158 1820 2310 1954 648 1751 1558 1430 1557 1456 1203 1914 2313 2224 2141 2051 2143 2220 1923 2025 1557 1802 1450 2323 2351
