10
553
1013 574 1787 244 1179 1197 229 1971 2257 22 1507 2309 1157 332 2293 2317 1564 2341 334 604 1732 1656 1572 1513 1567 1174 340 65 488 866 1045 465 354 203 734 1366 678 2010 1415 1914 1048 1061 1654 426 1219 525 1540 971 694 501 2091 1631 455 1902 2320 1881 35 1838 1376 2241 2159 529 1970 371 874 2293 209 706 365 1829 272 234 2007 918 1770 8 595 1155 1240 1041 620 1423 1743 278 1915 283 2041 914 417 244 1263 42 333 1625 414 575 223 519 505 284 603 1384 1912 1818 374 1242 1289 2183 582 1338 1996 1788 1107 840 2107 2197 208 1586 1497 51 1531 2264 62 1002 218 1241 1211 972 250 551 429 1346 699 1716 1716 1356 1231 1938 840 2083 1518 95 135 634 789 307 1258 1637 1725 772 1493 1963 2014 1854 1163 1737 1234 83 100 999 1976 79 2224 1809 957 137 1420 152 1971 918 1187 317 1402 635 864 1038 422 801 727 1704 148 853 1669 73 859 935 2222 604 1613 763 1445 1517 605 2115 1525 349 62 2016 1504 479 99 796 1010 356 47 721 1482 1490 810 1388 384 1835 2281 192 2071 1355 1381 55 985 1697 782 2224 108 848 2135 1718 1119 411 1880 575 54 1426 265 523 1934 1684 2299 1033 1462 1754 785 94 1064 1939 1367 1685 1318 32 883 2118 2140 250 142 1645 2090 1057 1254 1550 2134 185 858 1406 1781 2239 1904 894 688 1408 1074 1500 1950 1457 385 971 846 833 2227 693 910 192 1431 2180 1256 1971 1572 1879 2081 1359 2118 833 1356 688 2354 2083 1256 1720 2202 2135 1886 1426 1967 1945 1876 1447 1745 1155 1774 2145 790 1914 1132 433 665 904 1728 1317 2120 1779 1795 1267 161 2311 650 1100 1275 2043 576 1471 930 1126 1734 372 465 1368 672 1483 2073 1746 536 2315 2 966 963 2340 1963 1227 1430 1160 928 1576 1003 1271 218 1092 1503 2293 1604 1298 660 599 1695 1186 2007 548 496 895 432 1769 1625 1819 403 1750 2311 786 1274 1002 115 1022 617 2073 803 839 1298 1684 2214 946 597 1769 1622 1924 513 2110 1659 2351 1816 550 1799 1123 1430 545 2323 2295 198 38 538 1966 675 1573 2308 454 579 691 1791 719 1490 1222 354 1930 753 1231 1819 419 128 1660 1405 1539 1591 1698 1797 1203 2132 2132 1812 75 410 847 166 63 1852 2247 2051 301 471 1292 1938 449 1196 926 1200 72 413 1293 1572 25 1131 259 1822 1920 106 1983 1899 1148 1658 937 811 566 897 531 1853 687 2120 811 336 591 1721 693 276 1759 285 2296 293 1779 1135 280 2114 227 60 2102 1550 1277 1718 1088 987 1451 1918 1690 1290 161 2272 1001 1045 421 1145 848 610 1503 1462 956 2337 1286 1567 2176 934 2233 1726 1953 1725 653 84 416 2012 378 1526 1623 1613 1059 1303 1692 196 1110 2298 1589 1133 826 1327 472 1885 690 431 2131 436 1399 1540 794 1078 1539 606 951 1867 822 1558 1654 53
1597 117 2121 1178 1094 1734 373 817 1175 1635 1759 1440 2211 657 1522 1031 443 2309 400 771 2117 116 671 396 595 640 1880 619 1671 1255 759 2205 1053 17 1400 36 1618 1327 155 1952 2063 2268 1579 1926 2348 666 1590 1484 1585 1185 16 1251 1847 270 99 2107 1872 1868 601 685 893 1996 2225 2119 1776 2118 455 1387 2194 1533 242 1232 1052 494 2293 718 482 1055 1681 2333 71 1097 1955 2231 2199 533 981 896 686 1010 225 1525 605 778 2182 1820 1562 1903 376 13 1918 514 1822 1423 1367 1783 823 89 2350 493 1543 906 469 1441 1351 2064 717 0 323 2282 602 1161 782 1856 1205 834 1692 1471 506 1126 975 329 2187 1546 827 23 1530 1108 611 819 1659 2257 470 2164 1795 850 2111 93 1087 1761 807 1463 313 2216 2224 1624 1061 119 1994 882 1454 1122 2119 662 1656 1676 1439 727 359 1663 788 143 414 130 1887 958 546 2086 1492 664 1812 1605 1587 1937 1783 317 913 1840 120 647 1874 505 2066 2231 1356 2321 1269 842 2273 1612 1362 1682 2075 1153 1163 1438 107 101 582 2251 545 2035 1454 1264 211 192 707 785 408 675 867 26 1699 1020 495 664 2304 667 1080 1152 1461 14 2348 1305 375 768 624 1478 41 2229 747 1058 1121 1357 777 790 277 217 141 619 2343 1752 829 1420 311 169 862 428 1594 475 653 1724 134 111 294 1346 2259 1652 1146 2338 1651 1701 213 1174 558 1099 1895 1796 1284 1732 1044 2063 434 1883 368 1715 92 1147 1198 1808 2038 600 1947 1135 982 2075 2278 1542 662 738 1375 1264 1560 563 742 979 2304 219 1526 2318 184 1569 21 1268 947 1969 1505 196 2270 1378 140 1033 414 225 2044 1490 2202 1085 762 1906 2098 1033 736 515 612 1421 144 518 1363 356 1368 1071 894 29 257 779 865 700 1053 1203 686 947 2299 1676 848 735 1946 890 47 1855 1883 28 1030 2308 1633 773 1653 2306 2357 414 861 1809 311 1740 284 1783 1423 2190 1152 1915 507 252 402 1389 472 2053 2085 1262 708 262 10 1097 1452 1033 2026 2148 1850 2191 1576 1654 1460 1230 110 354 1416 1148 988 1569 2036 2332 1377 1605 2239 109 1700 1588 1758 2233 2326 779 315 534 160 1225 1106 2107 1684 392 350 1798 1076 113 1179 1086 259 30 1146 1351 2068 2157 1357 1891 273 565 2225 223 1513 836 1386 1416 294 155 31 622 1107 2030 610 594 833 978 485 624 2326 1720 1143 2072 959 1591 724 692 1100 905 1604 495 165 1656 1869 1871 953 2021 365 1709 51 1541 1098 956 1443 1462 1077 1349 728 2349 1262 1011 2216 1636 1787 749 2235 776 328 2074 1828 295 1254 989 225 397 1156 1980 391 894 1874 2199 1765 1498 1538 637 918 218 2093 1828 1776 305 1065 2208 1870 1035 1724 2038 1700 1963 1787 2283 956 1888 80 743 1867 1278 1069 152 642 2346 1575 1853 1474 872 934 899 235 2128 383
890
1886 1450 293 1649 1254 299 981 159 1524 406 520 1899 568 718 224 208 1302 1271 265 482 2250 824 233 2080 2017 1483 257 250 1744 1651 1479 1160 738 1400 47 157 2356 1290 1752 1286 1520 1558 1538 477 826 2288 1697 1853 1695 357 1954 1163 1771 2166 279 2325 270 21 872 381 1941 1790 2338 829 2265 1552 630 447 996 841 1505 458 1609 242 2196 2152 1201 2114 1544 1549 1719 1657 1556 2093 1319 773 1543 72 535 210 245 1466 656 1359 2253 1515 1660 588 823 1823 665 1288 1036 1711 485 2214 1281 73 1474 437 595 140 508 1402 1349 1229 868 2100 297 2232 933 1950 1938 164 347 752 172 1675 1668 336 2032 1864 1683 2340 1947 1705 2359 1015 1667 1906 2156 1289 353 1204 1701 1102 461 1064 2073 1002 575 974 1627 2052 1904 1018 901 1683 411 689 54 1910 512 1126 2221 2250 1178 1638 543 2261 957 1904 455 917 1754 1419 342 1795 499 87 1288 887 44 490 559 1572 1108 2294 1075 1899 719 2086 1574 1694 1041 917 1925 207 490 784 2078 518 1476 1593 1185 465 1016 641 1533 606 1793 2329 2269 321 2287 701 1679 560 1144 1927 2071 107 843 2024 1901 97 282 592 2067 1015 2065 894 39 1485 62 1250 977 1738 401 70 745 1649 920 593 834 342 1586 2197 43 110 2137 878 2155 1818 1133 2039 1667 854 291 1184 703 578 566 938 2061 739 614 104 2349 1517 947 1816 1064 526 16 1544 1175 2012 1398 2346 935 1200 1176 2202 1975 18 26 2041 741 677 1429 425 1227 700 1578 185 2066 1962 1412 1684 683 973 875 1416 1998 2283 996 1979 1328 1637 417 1679 1162 1914 1600 86 142 1703 1849 1104 138 880 1948 1874 2075 929 349 2305 1252 1621 1934 1695 548 848 2033 1648 2038 1998 495 2215 18 2114 343 2185 808 1755 512 2049 1717 413 2117 1307 2341 1786 84 1027 2089 74 736 2122 188 410 871 1623 364 924 87 9 430 2071 1604 2321 2153 770 387 1620 536 2133 1961 1428 1237 1718 1521 2268 846 1788 475 599 422 2286 42 143 1173 1358 2103 672 633 594 2080 486 765 1549 1360 2185 1718 2069 88 1295 1451 850 1239 462 2026 1738 1906 683 310 1346 1132 1301 826 1764 319 2057 791 1542 284 1626 1422 2066 2220 698 681 1807 1680 1588 1540 2285 622 2272 767 691 747 1362 321 148 99 1757 1222 1770 2018 1942 1595 1137 368 1801 414 770 837 281 1204 1733 138 1242 535 1014 644 1325 2244 2007 2086 1453 1191 2105 577 8 272 626 1090 913 1004 1667 1869 2166 203 1718 929 810 354 1149 494 369 1983 862 2330 1420 652 412 163 2155 1367 1014 2342 451 189 1061 1449 385 2237 1308 1980 1224 1863 1322 534 492 1425 2184 1865 1116 2100 2002 2099 1984 788 2357 328 1624 1463 967 1519 77 919 1764 1312 187 436 2192 1921 1132 1271 187 1006 148 311 153 1293 1829 830 1657 1721 1385 698 779 1129 903 833 632 276 471 1432 1126 103 932 1650 1284 533 949 861 1404 601 186 1889 1993 1052 62 2347 586 516 413 2205 1218 112 429 1216 2110 1390 543 1099 9 1859 30 173 95 342 1108 438 1252 708 858 724 1195 497 811 823 1428 2007 368 2181 114 79 1724 24 1810 2166 911 1613 2088 2090 147 450 582 387 361 1633 748 564 1812 512 1336 587 1772 1520 87 2115 1885 1970 1482 1763 984 115 1098 2197 292 1777 889 2060 1706 2352 1570 950 1165 1292 1877 1392 805 313 1069 810 1377 2188 1135 1283 580 1366 538 1641 2069 1854 115 1742 1224 2085 1017 679 1488 125 2220 778 1838 1495 26 1466 1999 1651 873 1224 838 1836 265 930 400 1132 1797 1 2005 1648 1512 1512 486 2193 914 1791 1810 373 1246 936 700 716 1289 2031 1760 542 2 1466 426 1133 597 376 1816 1226 373 1898 1487 1657 1291 90 1526 1922 2323 1469 883 1325 2029 1026 137 1273 401 325 769 347 2097 2141 182 1821 1151 2325 781 508 2317 1479 1806 718 467 362 1876 2302 1648 1932 1048 1947 2240 1290 909 1990 705 1217 518 771 1510 1995 879 636 1772 1369 1839 1296 1427 450 538 1020 1403 784 481 615 367 713 1330 1253 1770 2117 436 484 2337 2198 1507 968 19 1881 2241 1037 1796 2348 242 2067 1527 781 1831 2030 319 1334 2069 1144 102 106 896 202 238 202 675 906 1598 483 2132 1848 1428 1396 382 2267 1839 489 617 386 1605 1623 1164 26 1312 1283 337 716 1594 70 331 1593 1457 994 29 319 1843 2070 233 633 1999 1789 2307 323 1346 1667 65 867 531 2194 1368 1044 950 473 1284 1693 1716 1397 1304 1581 2311 800 525 664 75 1943 591 1523 765 1546 1650 862 534 38 468 1985 2249
1537 1382 1733 1058 1679 1217 2204 2088 535 1582 846 809 2220 2050 738 1898 499 1346 603 1609 842 391 994 382 854 2225 372 1359 78 224 1901 1748 1209 401 1127 1959 2054 2010 494 522 1236 283 1224 1948 2230 2192 297 616 132 1175 842 2038 1737 2257 1417 798 1970 1879 410 1156 472 497 814 2308 1038 1008 1859 927 365 296 979 2117 696 402 378 1654 1041 1798 357 355 1020 1172 517 384 587 365 69 1235 1002 2037 21 479 1271 901 1795 1288 1282 2052 969 959 404 1337 579 675 929 85 1574 937 1876 2012 1628 1661 1310 37 1890 2025 642 2125 1869 1619 339 1986 320 1215 1984 1452 2214 1739 1974 1653 39 1647 16 2260 1958 2275 908 888 2132 1172 1263 535 594 2244 234 1197 1931 1795 699 666 314 573 1231 599 1333 789 761 1540 207 1914 151 2123 1616 1927 1629 689 172 1278 2245 1160 855 53 885 1001 1257 310 548 1988 2216 1754 725 209 563 176 1039 1605 2182 470 108 1304 1214 1977 1982 360 1669 690 791 1025 1438 1660 19 675 1306 2322 360 868 389 2215 1419 620 1309 1105 243 756 248 1575 205 438 2291 907 2183 1121 948 207 857 1137 1509 1681 555 589 2100 954 335 648 1293 2187 106 1380 913 68 191 12 1089 2023 1591 204 1963 2327 215 430 2249 1762 609 434 1650 1222 1017 2329 977 373 1811 1063 1772 1542 88 888 751 631 2308 1163 2328 1677 206 470 1164 2073 40 2351 134 525 845 856 1217 1611 278 2149 508 1153 1982 1121 1773 942 92 128 1761 458 1948 255 207 1714 562 138 847 1697 2059 1931 1927 332 212 801 2094 1744 399 1679 370 34 1126 1 1187 120 2004 973 736 2265 1788 17 1360 1509 2022 491 386 2250 543 125 2358 446 1113 1106 1495 1645 365 1073 1601 296 16 1802 913 2181 120 210 129 2301 581 580 1958 835 1093 994 1594 1955 842 290 1727 639 1587 2054 239 1175 1807 1190 1540 2301 1456 2001 1921 786 2077 2060 479 925 393 1642 286 2194 642 2081 1237 359 535 707 2332 1219 858 1783 807 1256 2248 1892 346 470 111 32 1639 1308 1619 512 818 196 363 984 2131 1546 458 1993 1567 1762 2294 2279 1891 454 2138 628 2352 733 1699 2106 1791 1757 1115 1531 1664 335 1603 1356 660 2088 1850 1924 446 453 2092 1595 1663 984 760 497 727 1249 2103 1687 51 1648 1935 509 1981 806 194 1073 2338 1333 2290 109 2320 1926 2319 1181 21 323 178 881 1390 1521 1004 2257 942 2351 1827 1864 2084 1075 1093 683 1167 995 852 2260 1276 1731 687 1847 13 1865 1136 2302 1184 183 1457 1755 1989 1777 13 323 2226 638 385 700 647 313 2287 345 870 1726 1334 989 1115 2278 1475 2336 947 222 215 677 2073 714 900 1272 1075 245 531 337 1375 701 248 1566 959 2199 994 279 1409 1240 1319 1461 124 2216 525 434 947 358 948 195 880 246 1751 69 1157 661 2143 1928 1073 1355 1725 381 403 1915 1345 1758 1786 1658 1983 1973 1384 2251 479 1580 1449 2187 1528 1970 182 1105 1271 454 2300 415 1522 340 1433 584 1900 1876 724 1935 953 1164 1245 332 680 1596 1283 297 2312 1324 2255 1366 1097 1741 1090 230 1566 745 1186 517 110 1053 851 2352 778 1694 1795 1546 2220 148 1016 1190 2061 1488 334 317 716 1779 128 1226 152 466 2316 543 1461 919 294 455 912 514 753 1732 2319 1842 740 1952 2239 570 2245 408 1093 625 1380 1523 1107 842 1695 781 805 847 1094 312 2037 254 2157 2275 1134 1953 309 1047 2282 263 1191 486 1982 2070 1316 61 2226 25 70 2292 72 28 1441 1128 1469 2272 1654 561 156 1379 1861 1445 2203 2152 740 2225 1964 1543 1660 1102 992 1693 1813 395 1480 869 1147 668 105 2103 381 1418 2075 1595 175 1680 838 1969 1227 518 1433 293 2349 2276 2260 1089 2216 1978 1828 790 1176 1908 786 1496 923 1088 1753 922 224 766 2061 488 294 1042 700 2202 1879 413 1676 1843 1775 87 147 1481 1180 386 839 655 203 1301 2331 1917 2000 323 1547 19 2171 1115 1728 402 1439 784 240 1628 2344 480 1804 700 1117 1747 1137 815 2208 1507 738 1815 2336 814 747 1659 170 2184 1190 304 1313 1699 2017 1711 1649 1053 552 2088 1133 2129 24 1518 1187 542 1811 579 1883 1117 2342 277 977 2107 624 1562 668 2198 2088 209 2282 1326 1866 1364 1788 841 1340 1990 802 437 2095 785 2155 1629 522 1985 2044 926 2284 2218 251 723 37 1893 410 2107 24 3 210 554 2213 1901 866 1314 2148 2207 332 223 2002 90 2353 1692 2048 1917 1460 1744 38 2215 505 1575 419 148 136 1464 1749 367 1334 27 1534 1598 2201 363 2023 1395
439
680 50 2330 1493 2348 2153 742 1949 337 1307 1097 1640 1741 672 1171 1183 512 1781 1243 808 11 574 409 802 987 1842 1932 912 1743 1814 1414 898 1217 1097 961 425 2126 471 2327 1327 1134 1155 2030 2266 877 889 265 2172 1938 2201 903 150 2257 1338 907 1749 960 381 2135 1275 1951 2209 1492 160 1234 924 904 1787 1374 1563 2013 66 429 1396 1123 1270 1466 1076 118 564 2347 1690 1769 219 1256 1339 1571 534 1512 1103 1877 535 348 52 1523 463 1196 1070 835 1930 670 1253 1030 1158 1711 769 1780 914 505 1052 2227 1596 1173 1684 1058 26 1479 1587 1999 1167 2209 740 728 1870 1048 1062 2058 194 1232 141 2274 1925 1552 726 1598 1901 1107 1780 2165 1370 207 22 532 1464 853 1772 1707 2247 1615 1281 1429 962 350 1103 882 1772 2276 499 120 1958 720 1265 726 2326 713 552 1022 1140 895 580 928 2170 1356 183 1382 2156 1493 1985 907 2056 1097 2352 2061 2280 2089 2213 446 1216 2041 1434 2088 310 1424 1867 1525 1709 1068 2336 818 529 1067 928 1899 1254 1332 866 746 103 648 617 551 1709 355 629 1913 1941 148 1541 1390 951 94 207 1617 666 820 376 838 1030 625 1615 856 1253 1281 790 2022 611 1844 1482 1825 973 887 2035 9 1439 294 793 1757 582 1683 1757 799 1212 2032 2173 251 1971 713 1396 1613 2004 806 2032 549 2262 1018 576 1456 2280 1375 291 1473 1949 2356 882 2246 1150 1362 1146 804 1268 1345 332 1409 1836 722 131 1395 1590 1130 1141 972 2164 444 1815 890 28 2200 13 538 1761 1978 379 1894 500 776 556 1067 210 2150 1930 832 1308 2355 1121 1263 1536 269 196 2148 85 298 1906 440 1609 944 934 1972 1740 2319 1895 1209 1811 873 562 2119 927 1476 290 792 1164 1089 788 1603 1524 1566 1661 2312 353 329 92 247 2293 1512 1240 531 1908 205 1780 1590 1980 344 2226 1091 789 2053 1667 1097 790 58 346 256 622 123 1585 392 2345 1532 77 1491 1038 49 1222 52 1550 752 1397 1369 380 2139 1171 978 2195 346 2219 1550 305 503 733 902 1612 1806 769 1652 1278 2032 859 1673 1797 1791 2347 1460 1615 1057 964 1683 1303 59 2130 404 288 1779 364 557 2335 1596 1698 2101 688 1242 1762 0 1651 2174 144 1166 1661 499 1661 751
1986 1832 1708 2044 1131 2145 829 479 851 258 799 1824 2160 1908 1718 1997 1831 516 1766 94 900 1005 1963 1498 1357 2029 1108 1639 412 1645 1319 1195 14 956 1109 1237 473 944 1487 1092 731 793 2112 875 1388 931 320 1848 758 66 2008 1922 1520 2213 270 97 1850 877 275 2348 1959 1064 585 2162 87 973 1646 1071 1829 2144 1150 1831 501 1142 1433 71 1236 273 367 1408 2216 1508 1592 1529 984 1949 948 668 1377 946 422 1807 2138 1360 289 2230 1075 96 1510 558 439 1885 1140 512 60 159 602 1921 1637 1108 304 558 1735 334 749 315 388 574 1489 483 784 897 1310 836 1673 124 1912 132 109 1079 1292 1646 342 287 312 1032 1329 218 607 1514 502 1916 892 476 1214 2143 2018 608 156 2311 727 1568 724 1491 2300 1695 745 1675 1658 230 1110 313 1918 11 1625 1242 1185 1612 2063 1566 134 2022 1155 1034 2242 651 1613 1626 1867 1854 1861 786 1556 1520 1415 82 23 687 1763 1732 1110 2335 1635 2198 594 554 957 481 1160 2294 372 2037 88 1167 1457 1967 952 1264 1828 691 1623 1134 514 1669 1127 1706 1951 2237 2341 1305 322 1490 298 121 1955 1272 111 791 1573 805 2194 778 2027 1688 617 1737 378 138 1190 1504 1661 57 1473 470 1112 826 496 1641 1786 445 1587 679 1402 2230 372 2303 1471 1464 813 261 1456 1960 308 2308 1504 1478 1305 669 1261 1993 1397 1655 1367 2242 1188 1318 563 2002 1176 362 663 318 1368 1282 1972 945 444 763 1632 1441 1127 1557 2190 1010 261 2248 10 1178 467 499 1004 1054 239 1701 1917 1114 224 1790 2042 1016 2131 508 1536 307 1992 447 590 284 1190 1278 2077 1706 1150 2082 1516 954 85 1678 2146 1015 542 511 2024 2078 66 1415 2288 1847 1039 837 681 397 2251 1977 627 1343 1959 2248 1044 1393 1022 1730 568 368 1792 2005 751 677 198 341 1026 103 1890 1183 1962 828 127 1307 909 1321 2208 2176 895 1491 511 2081 916 2227 461 364 215 2292 146 816 1185 375 2020 111 2156 351 770 1918 29 1939 265 61 1597 1760 216 964 2338 1186 1262 76 2197 659 2225 899 1260 706 504 212 2078 1545 1809 1650 2205 1969 2137 1097 489 7 261 1033 776 1146 243 1801 830 2016 1118 2260 891 1968 234 1295 1520 1558 763
771
561 329 1178 1238 1869 1580 622 770 2245 359 2097 2100 119 656 1649 1788 1391 295 1795 947 1365 2053 51 1812 466 848 2011 856 1367 1793 2316 1876 2324 1149 1130 142 1200 413 1147 720 545 536 1739 1301 1608 931 427 173 212 971 421 1087 2139 1149 1468 577 77 1903 1950 489 2131 1070 600 185 1112 1952 1834 716 874 2106 2342 73 1583 1096 1008 1856 878 236 1011 1767 957 249 1733 64 408 19 1999 147 152 2044 500 768 1747 1957 1287 369 593 1780 91 933 1903 672 694 1879 906 421 1752 1267 1259 893 1545 1948 1968 1199 2347 2354 1281 929 1311 1582 1985 2062 184 570 1347 1289 1819 1202 1505 1170 2322 40 1625 714 1232 1829 706 221 2184 480 1376 1311 746 1766 1723 363 1805 679 1683 1814 841 1301 1017 960 2054 1177 2148 45 1910 2171 41 3 1193 1316 2205 652 1929 171 800 128 1181 1122 1065 674 2313 304 2347 601 1103 463 612 1081 1658 1079 2278 1855 1898 1049 726 1116 2356 1780 1028 589 492 1162 2065 1750 105 352 1052 34 635 1554 1370 1214 323 1735 1060 436 1768 363 1444 2007 2247 1615 1916 613 765 736 1391 1147 775 884 1357 2164 458 931 2031 1703 1850 218 276 1760 2184 744 2116 1009 68 725 1699 219 1350 1980 1168 1896 251 356 257 2092 2123 200 1909 2018 1592 67 496 1659 1931 906 1724 2125 1716 1389 1340 2146 2179 1744 1177 1772 1682 1131 1101 2207 1553 1269 113 635 540 1164 1362 291 2087 1629 2088 537 1657 1382 1407 1294 1276 798 1243 1404 2025 532 1636 1685 920 2057 2032 864 1006 1523 824 298 1901 214 1630 95 1668 2029 1801 1796 1054 1585 736 844 320 2286 2007 1893 918 1103 1765 206 851 1511 614 751 78 1622 2169 1152 2127 870 2077 207 578 1290 1761 1362 1495 1493 2304 1453 39 2158 338 931 1178 1331 1348 297 624 97 371 1403 367 2249 498 1273 664 1565 334 622 1642 649 2206 1328 921 557 911 1950 230 2327 111 578 232 2026 500 103 1077 935 310 1018 543 110 461 894 1112 162 775 1466 2358 747 2012 156 1996 441 398 2130 2069 114 1286 724 55 1633 232 272 1337 2156 1669 2279 138 271 1388 268 167 238 637 2167 2168 1070 1192 2277 544 1935 2040 1708 463 1385 1580 989 1125 785 691 117 842 1774 594 487 232 1298 2156 939 436 2107 2284 235 2286 1438 664 1770 313 47 1176 1611 1069 440 1089 343 1073 1147 1620 1265 175 1320 1750 948 110 2126 322 1721 2120 1111 794 1682 1698 702 147 1390 306 1281 1184 1302 2158 401 359 1063 272 842 1838 1639 1193 1186 179 276 1740 801 1133 2133 1742 474 254 1135 985 487 1978 683 449 1730 1121 1053 890 55 684 680 561 1129 1507 365 462 195 1031 1807 59 903 2097 1600 148 1586 146 140 779 307 1400 524 279 439 2137 957 455 6 459 1936 1646 1753 1568 1252 670 256 2350 1547 1851 1059 1559 1097 2312 2086 592 1732 666 1654 2073 884 2331 1893 1134 1669 1723 524 606 511 2287 2156 1280 108 926 1681 1426 2338 1717 490 1928 189 1539 2096 947 1193 8 547 896 1176 133 1556 629 56 968 2157 318 885 1358 1621 2007 2160 1946 1277 1241 154 2340 716 1956 513 1034 549 1946 1017 2089 815 708 1812 2137 1205 1079 349 245 1275 768 284 1142 544 1933 1713 137 1851 1402 1030 812 269 1961 2033 891 2143 131 2203 1987 2259 844 1140 346 1744 83 995 1205 1651 213 1431 387 934 1011 1899 2122 192 1037 60 1699 1304 418 1798 1443 2316 1285 900 596 672 418 1034 475 2314 1085 529 2243 1131 1600 1023 185 645 1774 2073 845 422 292 1433 319 2283 65 1244 122 935 1637 2042 5 132 2183 1872 1463 165 2075 545 78 1564 276 1927 2174 108 1696 349 323 1679 1046 2049 1340 539 1726 521 120 1050 25 1705 943 187 1394 530 1466 758 2148 1114 827 521 1469 26 1587 2086 44 1154 2256 1492 2080 2190 1576 1928 250 1052 1721 776 754 774 562 1400 484 1029 1724 2164 505 1271 189 554 1110 1578 401
1296 1842 1225 1832 1196 515 616 1416 936 1377 2264 549 2092 432 1928 257 1305 2090 451 651 2104 2348 233 1326 2025 384 1487 696 1320 2336 1396 234 471 1344 2245 2125 63 1644 1032 68 1503 425 1760 534 531 887 1802 755 1046 671 316 1820 1507 402 2208 1852 2047 1328 2079 43 455 387 1876 592 2320 844 943 1916 332 969 2058 1850 1167 1584 304 583 689 2067 1684 1843 557 350 1378 1283 2314 2161 1315 930 893 1433 139 1082 558 89 572 1660 1322 1021 803 651 45 393 1016 2117 801 1203 57 1259 2241 266 817 923 1188 574 571 382 1771 1282 1502 2210 531 1750 1961 1575 2163 1197 454 1068 191 2067 1347 304 1381 1579 2303 358 1234 1258 1055 1463 586 43 1383 42 1621 1481 2025 1246 1149 12 1738 1235 32 1648 1802 1729 1711 1696 1625 1621 1742 30 1499 1447 186 1558 1099 1195 644 1080 2347 99 103 662 755 2085 1226 1710 1493 2127 1157 186 1221 1046 273 569 928 601 855 1016 1896 503 1438 1696 1653 268 1052 818 2257 541 725 753 1904 1556 1500 986 2107 775 511 773 1991 1782 2160 842 2189 1545 1960 2195 1347 1199 545 784 649 1559 1282 886 306 635 2229 756 1328 1528 2128 1597 1632 1025 1736 701 1509 374 2064 2028 1923 1318 501 1620 2265 1863 425 576 655 31 1550 837 2252 1797 2018 504 585 1749 2119 2280 1353 2265 1689 164 2341 1333 683 682 217 616 144 125 788 1786 2008 227 1436 816 1293 24 215 978 1083 1753 1543 801 1343 1023 923 928 805 1446 1935 1933 383 196 759 1271 1710 1781 1539 1717 246 97 652 246 2237 1944 723 1400 283 1607 426 591 701 775 737 1997 1854 1891 1018 593 122 882 1334 522 410 809 1589 1124 818 2008 748 182 678 1241 169 1929 395 1729 757 2096 300 365 816 1657 1076 1042 1864 1965 1207 1198 1852 2034 763 2063 1786 591 2088 1353 508 1246 2118 1239 1873 870 1108 1081 1167 555 1523 1775 1304 34 753 1584 2249 976 705 937 1987 1424 2072 1249 1585 1746 1854 183 98 45 255 1399 1552 757 980 1099 139 911 1418 437 204 787 401 1510 1596 1524 919 119 1889 1136 584 973 2165 1517 2008 1528 1991 1794 931 1563 1691 1163 2112 324 569 1297 2178 1586 2266 222 1586 169 301 1635 399 826 741 1591 308 2193 2060 1471 771 43 1319 1334 59 926 1059 116 1454 97 2054 2354 771 2292 44 1007 1296 220 912 741 856 942 1706 1512 799 1631 413 1998 391 1371 1888 19 1911 467 2159 1448 2286 1223 2049 1008 1514 843 1060 596 529 679 2243 1559 2088 1658 341 1471 813 87 1273 1769 1321 2032 1103 577 2333 94 2175 954 1082 1365 957 227 2323 1051 583 1371 2044 469 1015 1562 1879 1414 2278 576 2180 911 1707 431 1738 812 2094 1405 964 489 1531 761 795 351 901 1780 2001 123 1909 2097 606 1607 1281 1971 1199 1677 847 108 968 929 581 98 2147 1711 2200 644 286 1657 982 498 161 1461 151 1778 42 826 777 162 1036 1761 756 1887 2043 1819 1608 1115 2236 1783 461 1506 1323 2341 1018 21 524 375 1617 2131 444 1869 1751 1363 1280 864 410 2100 768 1947 856 155 2025 767 581 2005 225 689 930 40 1162 1322 864 2234 692 380 720 2344 327 1298 791 1687 443 1487 551 206 2352 927 1955 676 697 1 1064 1566 251 2243 1042 252 1306 1 333 646 703 875 2348 1154 493 149 748 706 1042 1455 1299 233 782 122 1696 417 762 1436 153 1194 19 42 1394 78 2046 2286 891 537 1839 1062 550 495 1912 659 1339 170 2214 44 81 1536 546 442 892 440 131 1432 1334 906 1259 1595 2312 628 100 2069 556 1657 2155 1223 1445 1368 1878 1599 1948 1970 1859 2078 440 1820 1233 1448 12 1952 1047 1643 219 272 1516 1986 1771 402 767 1763 1919 827 2169 1364 769 2072 1087 26 128 1809 1626 1223 39 1811 220 2299 1284 1381 217 358 1161 1527 1607 1592 2256 177 2112 937 2170 1928 622 1282 72 1870 973 2315 759 177 1140 252 1118 387 1544 1729 470
888
387 1642 1654 1852 376 1483 1793 740 434 42 1421 391 2308 1817 1157 455 2040 1223 579 1649 977 919 824 1737 1140 302 1316 1192 10 873 1543 1145 1464 2089 483 1603 2197 619 350 312 165 1265 1250 959 761 2303 32 1914 911 497 486 2283 2045 359 2287 255 1547 1590 1004 1156 703 1773 1608 2050 1077 2056 1201 1493 997 1874 172 34 284 1519 1204 2065 1161 2325 2312 112 191 618 1526 1902 2182 1717 1118 298 1462 599 324 2175 1641 664 2318 1694 1833 174 1597 1958 1728 28 1029 1725 2071 985 2158 578 639 1386 841 1112 1970 1925 719 2358 244 2112 2149 1436 235 363 920 551 2017 2186 691 783 1387 2336 1678 294 896 1076 2006 2319 1581 491 1130 973 1098 2306 274 413 2175 1807 989 740 1394 482 130 1347 895 1151 1224 2207 1540 839 1105 361 1730 1688 118 988 2232 1009 2203 545 1402 392 1970 2214 40 1068 1368 54 1345 1353 615 1135 688 1024 1251 1168 572 2129 404 1822 1289 496 894 104 1050 112 2007 1374 1769 1402 711 603 2156 2151 818 843 1737 377 1845 1542 616 866 2303 796 2228 1483 1631 1258 1275 2070 224 1257 1811 1122 1076 320 2155 1040 1194 838 2022 2253 1137 1255 1057 195 1778 1463 1551 1716 87 170 457 1429 1681 1633 2331 2245 992 2190 420 991 821 1277 1479 1408 1665 1980 2125 17 833 2164 572 1763 448 1676 813 1268 2064 1770 315 2051 2071 1276 1416 1902 1933 766 1859 532 1296 2234 1423 396 922 548 314 323 1889 1723 1060 980 887 482 2124 1249 825 846 703 184 1240 1182 447 777 1551 1737 194 520 1908 1734 2153 815 810 467 15 1545 2164 1879 2128 1864 1932 745 1182 2330 1051 2044 1656 838 431 1495 629 609 930 2246 325 847 1065 438 701 1214 1671 1007 1341 1471 1846 1176 596 1150 1414 1603 256 1052 41 1262 945 1238 1488 1360 565 1106 2056 2276 2154 2212 276 986 2140 1562 1341 1964 1982 988 1648 1464 387 1050 809 1744 747 1010 391 1409 333 1044 763 457 754 1992 1506 1433 267 830 1650 1179 2242 2070 15 162 542 4 821 255 440 922 2296 857 1841 930 1089 1827 1166 306 1311 523 1380 249 710 210 1333 313 71 1130 1035 1578 2267 1875 1158 925 1381 1942 1750 1984 90 695 537 243 2349 766 2141 85 2 1697 1746 1736 2263 905 1735 1575 484 1626 535 1404 2131 1932 1409 1279 1715 649 192 1558 2041 1765 1342 2185 1356 496 95 916 886 662 915 960 1904 794 534 2021 1854 1585 427 1693 1848 2290 720 222 1169 1985 1762 1109 983 1394 1064 163 1180 659 988 1126 2016 1821 1646 1204 1909 2248 1440 1500 1070 1892 70 1125 842 519 1824 1414 2255 853 1424 1855 2079 1866 131 818 1263 2291 668 868 1410 1269 1891 615 917 1811 85 832 605 1795 285 1160 1061 1916 1173 884 1279 1552 501 655 403 424 1919 670 1423 910 165 383 2126 360 754 1159 1901 385 1310 915 1500 1535 1981 2073 776 45 210 939 1267 1569 418 101 1431 428 1195 1417 488 471 231 1946 1865 423 117 2279 1681 1092 1220 926 1470 1862 1192 1562 1632 1588 2155 1194 1801 811 2319 2134 1165 1583 1401 147 28 210 1553 1453 2199 2254 419 206 1770 459 1115 2319 1582 217 1744 2006 307 1159 988 888 70 1264 53 1906 2355 230 1840 1849 633 115 2253 2211 644 1874 1165 36 1495 1283 2160 568 295 720 216 1170 2131 765 2227 2294 910 521 1908 818 1559 1469 1494 2308 2243 1279 842 1071 1484 994 665 828 1636 689 351 2235 1421 1834 1276 2023 446 1934 573 506 1552 473 1740 711 470 2284 918 963 2276 514 1152 1748 954 883 1052 2264 615 739 1986 960 1500 233 208 775 1648 1481 1524 1338 1415 1918 1472 424 1558 2315 255 1777 1650 135 1463 2234 2084 454 300 2305 1739 2253 481 271 1555 1994 1161 2171 1546 1645 1072 1454 2323 2185 1749 61 1619 275 673 977 1359 152 1539 1068 982 620 25 302 2074 1937 282 510 2120 928 1493 970 2154 2069 764 1260 1338 2300 1898 1760 1061 569 1843 524 126 793 84 136 2160 203 714 1193 1003 1526 2344 570 1822 1830 2191 1113 1617 1296 403 808 2269 1611 544 1699 717 752 870 394 2076 340 2335 2161 742 284 1533 720 1921 2322 1538 1653 789 86 1053 2320 1896 74 38 625 1553 1779 2278 372 370 823 2293 176 1202 660 29 2149 1264 167 136 807 2100 237 709 922 1740 1128 1649 2053 2307 1112 1641 1528 1925 1889 2024 1115 341 602 2058 875 568 106 288 1886 1227 234 1047 558 898 1803 2153 571 811 776 1319 1668 1656 200 1158 534 978 1997 1671 1318 1413 1310 396 705 1907 2113 1933 837 964 1686
2068 111 2162 1290 353 1972 2062 691 635 1013 2287 2313 248 898 497 1180 1229 616 109 804 1676 2015 1318 1756 291 2230 2259 2070 1240 1917 1874 639 168 609 2057 2212 1098 1690 1305 1840 1403 1099 11 1056 749 1012 488 743 2222 116 1397 2340 1671 852 1712 1251 1279 1271 93 148 764 283 1515 1120 692 1449 1305 1906 655 58 277 1295 1324 2295 1270 467 1638 2218 1483 1932 1796 1633 1741 846 294 1103 1060 1897 1150 451 1997 725 1298 1668 990 299 1971 195 2072 1001 1801 1083 1847 2177 1838 476 419 2082 1511 552 756 1629 1317 992 533 2179 492 2021 1394 1979 2079 331 1683 366 1482 1063 40 1062 125 1922 2119 1377 2189 1417 1270 1997 1071 705 1252 757 1925 2019 1341 2332 1530 242 1522 1076 1129 672 389 1120 902 9 1903 804 98 2079 2143 229 334 2157 107 1314 1046 857 1605 1688 612 350 1731 104 851 491 890 1488 2310 595 2229 11 987 2117 1835 296 1956 856 1625 1934 2303 526 404 2052 1102 1993 419 1679 1974 1177 827 204 667 2140 145 427 594 1067 2298 716 63 1951 2266 2111 1727 909 294 1198 1398 1557 777 1414 1926 1866 1215 1392 1336 2249 2216 1277 1045 383 1361 227 218 655 1814 586 49 794 2172 2269 2036 903 2036 1475 335 468 814 1042 2119 706 153 286 976 1492 395 1029 1523 1829 640 2141 615 1715 696 364 81 440 1255 1993 785 2332 576 1912 292 1883 626 1568 1497 2294 1466 48 982 99 73 354 188 1562 874 2078 278 2246 2015 1396 127 1331 769 570 689 514 1103 1898 1531 179 967 341 1158 1434 2071 657 29 2181 2200 258 348 1583 228 666 952 490 1318 1201 1153 1796 221 2139 899 1780 2042 477 741 1272 1761 1385 109 1614 697 655 642 1176 9 694 437 2129 1244 139 205 1134 1581 2045 2097 1065 1901 715 294 702 880 1370 839 1769 1933 355 2142 1928 1296 884 1034 1846 828 1770 1128 1724 1318 2258 1515 1019 1417 854 1675 1513 354 1302 1839 1596 1280 2110 628 1808 1099 1566 198 2350 1746 165 525 833 2184 819 1785 1488 821 1679 1115 1856 1375 684 981 2015 1116 936 912 1742 1811 1653 187 1468 1954 337 1520 628 1383 1598 668 1837 1286 1992 138 580 149 556 1571 1734 1648 1462 746 1407 182 1360 159 2272 1542 1815 1726 92 615 1404 406 2046 1494 254 1593 973 383 1101 1125 1182 863 809 428 1437 2150 626 940 1489 570 1148 1197 2317 1729 350 1557 1213 614 1350 797 477 168 212 654 1713 1703 2189 1034 2176 1851 823 784 1005 1055 1188 302 163 1469 1240 2275 1645 617 224 931 1457 222 486 1329 734 1192 2166 326 60 12 1394 2333 123 1826 1851 20 787 2334 382 572 1512 313 1743 673 1520 1369 183 1099 328 1287 91 1723 10 163 863 1094 1623 711 1700 1025 746 256 976 2053 2262 1293 430 1172 134 1410 1567 381 1412 357 888 1806 67 1135 589 2062 1758 1441 482 1714 753 1324 1219 1995 929 492 23 36 105 15 2100 1055 288 1210 126 103 1074 421 1109 1418 378 2237 826 770 51 1289 1405 808 49 2252 1875 1290 1730 1290 1398 922 982 474 144 2029 1930 1493 521 1075 819 1893 1771 1818 604 145 1329 126 1178 1632 2057 1932 1539 807 2218 1400 250 2012 2079 1196 1748 781 2196 1958 2249 254 1107 770 1882 1450 736 450 1505 471 2083 854 373 964 166 580 1039 2301 1293 1615 1633 1059 1736 619 921 1129 1791 421 123 1648 1729 616 1540 171 1611 43 1421 1248 1671 881 1249 2212 1565 1628 646 1097 701 1606 1194 87 2091 1643 1283 1283 2047 56 1859 455 1563 891 1148 1957 386 1462 172 1063 432 122 1739 1058 653 2109 1605 228 1013 876 1337 1393 1914 2293 592 505 556 2277 2061 2212 1717 1141 2106 170 1602 1824 1309 1184 1182 1971 1844 1996 50 2259 1443 2220 147 721 1710 1173 1621 1332 216 1911 461 1542 1885 1243 1374 91 1985 487 693 218 667 1581 1185 1167 1567 746 448 478 906 2340 2164 1551 780 1426 890 2189 1186 47 1644 1608 1264 722 1537 234 614 1515 668 2235 146 1712 365 876 2252 1319 2000 1958 1098 1845 167 299 2357 854 1103 1092 1311 1528 812 1564 1918 2018 1559 591 1761 974 1010 1901 742 1013 2001 1646 18 2319 1894 2156 2332 1504 605 1298 1978 1912 1484 1510 987 2166 1708 1719 1287 863 1000 1592 1084 1425 125 448 759 641 919 1967 1885 410 1938 896 1279 1292 1391 1512 437 1751 1300 84 942 1378 372 907 316 2071 1646 100 2169 403 211 780 715 328 2332 1004 2166 329 2177 1228 2034 32 1872 1129 1489 795 1603 1177 1020 353 1436 378 1783 881 237 2151 1325 203 621
822
234 396 108 1382 231 2122 2079 1535 2223 2342 2233 1964 180 2329 1278 752 536 1422 2102 539 203 56 783 1756 575 565 1683 1372 17 151 656 480 1640 1899 971 1153 1616 1514 64 1881 448 240 388 2120 1369 144 592 355 623 2140 555 1410 1387 682 748 2126 2235 1466 205 1096 876 440 806 2145 1208 953 1053 907 1681 959 414 1923 338 704 1914 2347 1593 1251 1065 395 494 453 53 54 726 1148 1187 1401 108 2115 1257 151 619 775 1028 2316 1216 870 1018 494 2154 1373 701 1512 1984 1984 857 2288 1506 991 1680 1210 1152 2161 187 1459 868 1584 552 2181 1415 181 829 2357 2337 2135 542 1123 132 195 1205 2352 202 1487 95 1086 2171 697 2048 1182 671 258 1176 571 311 296 1957 99 1214 2234 2148 1580 972 1458 2271 165 415 253 518 1740 1066 2086 1508 88 2086 1612 1340 593 1651 2124 436 1375 951 509 461 838 1589 1938 2203 879 2076 612 775 891 1081 1593 1164 1125 1989 1781 947 2319 1961 1191 231 2269 1868 1670 26 1345 1130 1883 2108 308 433 1528 2268 2096 1093 1119 567 1391 729 1288 230 2267 1869 563 753 428 1311 643 132 650 2202 381 249 1860 342 404 1259 136 1188 514 746 1469 1996 469 666 636 992 383 1184 1406 402 1827 620 102 1028 1607 1359 169 765 513 1291 1308 1934 1003 395 315 426 459 1152 136 1179 656 686 2097 918 887 1495 82 924 1982 1750 1533 1387 2004 705 1876 620 117 1433 1716 1385 1166 159 706 1066 1537 1635 938 1342 1368 2213 41 1819 1789 2071 1974 459 1415 1558 648 2306 1438 414 521 1678 161 4 882 1894 959 886 1190 763 723 957 1350 65 1021 1920 2267 769 1337 2111 1982 1747 572 2296 225 1962 1577 1216 410 1803 808 276 947 867 1699 1078 1893 1194 2203 1818 46 493 453 368 793 1173 1506 560 228 404 684 219 697 1004 1974 1762 1119 1148 1670 1601 484 738 1985 1094 1091 732 2003 580 2162 1651 1741 1230 1801 282 674 1977 2140 2287 644 197 1904 2091 954 1961 584 1100 1842 933 425 2271 1612 1955 1524 676 1397 1309 696 1804 1241 730 1129 1531 831 1834 99 2088 1288 2158 1126 1014 712 1131 2351 957 142 695 1002 1200 965 451 1239 1198 1536 1701 672 1775 425 490 992 382 1890 1296 379 2278 211 1737 1302 1281 1093 1668 2131 1454 1335 2090 1894 5 496 2159 117 336 1862 2297 632 1449 971 873 1396 2279 1302 336 2301 1828 1808 479 2327 622 437 135 1920 1337 1981 1335 223 1041 1266 100 1054 59 411 344 2131 127 968 2096 1921 50 892 1411 1796 718 113 188 2190 1005 620 530 1325 1414 2030 1632 1191 671 650 597 2048 1388 383 1144 1362 994 1017 1766 577 1847 612 729 755 1284 1843 2098 1064 523 755 1629 406 2145 2166 1556 1578 1029 1769 2325 903 1759 1929 304 311 840 1531 507 176 1016 252 1220 837 1578 482 379 1493 1999 1146 2066 1608 1509 442 1746 1505 1078 35 841 1612 894 1748 1723 1779 356 2140 615 2282 699 444 1428 1220 1184 2033 819 1695 1848 700 1115 1708 1143 401 684 16 271 1503 1111 1932 1407 1660 2292 2256 773 1448 300 997 1908 63 972 813 38 2159 1873 1935 282 933 29 2129 1933 752 64 2139 55 55 1421 2279 1053 1406 109 1837 722 1899 1003 1242 91 2040 141 2011 1653 296 1166 1125 826 1745 804 1831 1960 1050 1244 1938 2086 2096 635 1261 552 1668 1720 1332 1022 1042 1373 270 487 1213 1617 2286 2063 2321 2019 578 916 381 2311 1506 1042 1425 898 995 1306 2184 970 2133 858 1893 1040 439 557 624 564 750 805 403 2349 1664 693 1401 1298 219 1104 273 1074 2139 2270 848 1877 1364 778 116 2329 897 279 1170 1755 1884 1093 2 678 2038 866 1458 303 1107 824 1533 2069 1792 953 1635 1907 1502 1507 1164 2212 249 155 1498 1347 1998 980 1400 205 1658 104 1070 823 1089 505 1425 1411 922 2308 77 2321 1501 205 1942 2060 184 1764 2176 1588 25 1231 705 1801 308 356 195 2119 255 1703 37 898 311 1182 1440 1400 2125 1601 531 1157 1496 2221 263 1829 783 391 849 856 664 2258 1116 1607 2095 1547 1166 1252 2152 1704 2102 141 1340 326 911 1065 856 2275 639 486 269 89 2318 1310 1651 786 822 366 490 2227 2239 839 1749 882 1843
369 1873 894 881 893 693 521 1979 750 962 149 851 1684 65 1191 686 235 721 2297 905 1824 913 254 180 319 1121 1586 1895 589 579 2111 1064 1484 1258 926 544 1631 1124 902 2322 2091 817 884 5 1246 2316 1786 1897 1144 1619 102 1913 284 2187 718 2112 1729 340 505 1391 2222 222 1935 513 1128 946 1900 2303 2257 1650 739 819 836 877 531 1970 1771 1544 1667 666 1312 1271 259 2146 2292 1349 408 2165 69 635 2058 2270 559 1066 646 778 1140 170 2155 1375 1691 670 1187 473 2000 163 864 570 1824 997 1789 2063 718 390 1579 1591 2104 674 1296 18 1916 1247 2146 1355 905 1484 782 2062 1716 375 1332 437 1435 1205 2227 447 392 941 346 1820 949 823 301 562 1239 854 1917 368 620 968 904 1016 642 1142 583 1571 392 818 1303 888 1863 1358 2046 1808 118 1027 432 1850 874 1262 1005 2201 1983 1937 753 1856 1407 805 289 1817 1308 1457 461 2263 1008 2182 501 151 755 265 2273 1081 1263 1796 559 242 1407 1164 1955 865 1823 403 1208 513 2006 233 1551 1711 401 1511 1345 1361 1487 1562 1453 898 1296 1486 1312 1077 1847 1099 1836 1013 745 2112 553 844 1260 2263 231 18 162 533 624 2297 1322 814 1585 533 609 1845 595 1332 1490 1430 1913 1256 1109 2316 883 387 1842 186 1934 1014 637 1154 2171 1080 992 12 315 895 162 1828 753 1094 1837 19 389 921 685 1456 279 2335 1542 1277 2038 1478 1644 24 491 592 1964 1220 2298 2223 1123 292 1625 1514 108 957 1561 2036 1006 199 415 731 1443 641 1241 1841 1661 1223 2229 1557 745 1254 1870 108 84 769 1801 2224 1899 1363 1036 2066 1017 998 2212 983 2053 1209 1773 193 1035 1670 503 351 2312 2156 1257 51 1253 2062 1379 1329 193 1751 1355 461 1168 1926 1803 1283 168 2316 156 2018 2357 1880 2178 1372 1363 2254 1128 2023 736 2153 1674 1740 1733 1530 1188 541 1101 1979 20 629 622 344 337 1037 1322 2061 2040 1477 1762 1139 1563 266 2262 948 1681 1140 589 1828 1816 1656 624 1924 31 1241 477 2308 482 1008 896 2196 2055 1294 158 1425 813 671 1719 988 623 1717 334 1754 1663 1855 441 163 1700 232 2347 273 1029 16 1787 1524 2105 1387 1990 1190 2095 607 1008 504 1487 1982 1879 1786 729 759 1770 1988 870 2146 1237 1757 1523 2231 936 1082 1160 1123 553 1177 223 1061 1089 1545 1406 512 2032 1790 569 1211 391 343 1633 818 1081 119 1979 321 793 2157 1959 1041 639 528 35 637 1167 1137 2100 1587 1679 205 881 890 1879 1307 105 819 12 1170 1070 85 1371 2356 976 780 1553 272 842 30 1715 1263 1115 1137 974 1281 220 949 2327 134 1172 1276 1831 2255 364 1278 1655 776 2138 1567 1352 343 427 1986 1134 451 449 814 898 2111 431 384 927 1305 2116 915 1242 135 2040 400 41 487 288 1295 68 2271 1296 2212 362 865 1756 272 1467 335 2065 488 1649 1935 13 454 1795 979 2047 1040 496 1112 2164 142 1041 2247 1876 2039 1962 175 1901 1050 408 153 1850 47 837 311 1575 1081 1188 1392 640 828 1068 886 1162 1100 1626 816 544 746 781 1357 954 1987 2007 329 1482 2033 1732 1808 182 2032 202 1947 1461 1716 2069 1246 69 54 998 407 1856 1762 1216 222 1775 277 959 858 2162 273 510 1716 338 1519 1627 77 593 817 119 2099 1637 1657 1252 2095 99 1995 655 101 571 837 1371 2197 1361 2083 2128 1718 1800 1332 1407 197 733 1941 1773 1298 2210 1042 767 122 352 9 1492 252 2077 1874 503 1668 147 2207 1964 2120 441 209 1452 40 211 1793 2062 504 298 656 1529 2019 585 319 1163 2216 202 2034 701 794 1883 1275 1119 719 149 384 1578 256 2107 2205 1791 1075 338 1772 1720 192 2 35 733 146 2063 268 2136 1903 1866 245 1126 1153 1204 716 1114 1967 1742 859 1133 1166 254 1677 1314 980 1951 1246 356 366 933 1055 211 2174 2333 1415 862 2163 1930 1711 114 1027 1877 610 1149 1167 415 701 429 1966 691 1812 2280 2340 603 2327 284 1226 1162 1490 1880 2252 2324 2045 1924 35 1800 2222 985 1920 1771 1060 4 472 1958 1456 979 2052 847 706 2111 309 914 1269 1307 1496 1255 1628 267 395 779 67 1235 305 1368 162 1928 1619 1389 491 1907 670 770 1685 235 2211
842
1982 2336 852 2261 709 2055 252 393 1450 520 372 656 941 2314 1305 721 1231 720 575 1501 1548 2123 1930 1033 1582 209 1867 1675 1998 1684 935 1978 88 2159 1333 39 243 746 1295 809 1963 900 921 1359 1196 974 573 1712 1359 1404 887 567 306 749 614 1824 1202 1892 51 1712 318 2354 264 1920 1550 630 710 1800 1020 1469 2118 2068 2083 1766 1655 1526 914 1341 1723 50 874 1185 1525 1729 918 375 988 2293 1793 538 249 449 1114 1269 524 1347 52 1459 751 2296 2068 405 427 418 393 631 113 421 1287 1029 402 506 1164 1924 612 1247 20 256 655 1392 1075 1833 2291 2102 930 1936 750 170 655 972 2232 1109 1094 1742 1729 356 816 962 2216 114 1519 614 1114 697 1431 2314 389 305 1897 222 1736 338 2279 12 1551 293 1092 1934 491 20 1736 183 1137 290 641 1675 1521 553 920 1977 867 618 362 477 911 509 2310 2005 535 1835 467 1627 1198 1434 668 73 899 788 752 846 2124 1054 2322 313 1618 2068 269 1048 1820 1133 1700 336 1643 778 555 2114 1108 204 470 182 1392 368 1710 2207 274 1661 1471 1272 36 528 558 2232 481 2043 1243 27 1643 2027 1704 665 632 870 217 1666 842 433 2345 1975 1678 1494 1615 2102 1107 2111 666 680 663 1944 1557 1317 1096 632 1279 1535 850 953 1581 789 1585 1921 988 730 9 1395 1785 317 1686 1448 525 1167 2188 527 485 902 13 1204 1068 2263 419 2169 42 808 1459 642 844 294 1771 1477 1550 1557 544 1638 795 2105 653 2114 1639 1145 215 1613 567 681 368 134 390 225 233 514 1751 1058 2158 823 665 1877 2141 2136 2024 11 1148 591 1225 1879 1627 492 26 279 2278 2162 874 281 1034 1843 541 969 2349 355 532 194 1129 1827 1533 1883 55 2318 917 2338 2189 2110 935 1432 1738 1206 2090 2080 435 602 2000 2345 450 470 2329 1 236 1518 999 250 870 1265 2041 637 475 471 1781 748 1978 1977 412 656 1583 1730 106 687 1913 865 560 2297 425 595 654 573 374 267 1637 1880 1869 922 1672 208 1895 1897 106 648 1964 2253 133 188 1572 1169 1946 2103 184 2348 1020 264 186 1937 313 356 904 2297 2327 2154 681 2050 1269 1245 2251 1471 1335 2080 1222 1758 1206 2177 1009 1888 719 2253 1466 1345 1017 1419 355 45 344 594 832 24 2347 816 1365 1751 1385 2144 557 2112 14 959 1521 382 682 1691 2055 710 2249 1777 559 2067 620 1137 775 1113 2174 814 735 809 1568 635 1106 1272 103 1022 2214 1226 366 482 2340 1701 987 449 2323 2314 1836 2089 1192 721 1696 2340 155 1104 1843 362 1591 195 1616 1504 90 440 1100 1250 1944 661 324 1616 940 2124 814 1685 1133 171 797 320 1927 303 2312 707 1472 684 340 1435 2044 1860 1708 842 848 1249 1769 791 2107 948 468 996 1833 1786 251 1015 1000 2057 1167 473 924 514 304 1521 1474 1171 405 1372 670 1568 2266 1922 251 1039 1157 969 1395 487 532 1224 629 2026 75 162 1301 1121 973 326 417 464 151 1512 755 575 482 604 2011 468 707 2307 330 1218 2200 2065 1543 527 1523 313 1447 341 1865 1240 1763 914 2355 2330 184 475 219 1188 867 1962 150 1155 1724 956 2348 1775 1884 527 869 2155 1743 844 2356 2126 1860 1221 1282 333 1887 922 163 555 2291 1703 186 428 1816 2055 1433 1965 2102 1325 1873 2245 1283 632 1553 188 1661 2201 549 1321 169 2047 954 93 163 2293 1737 317 355 602 76 99 2099 671 1417 2335 2028 566 731 1617 1614 2204 1980 1717 949 325 98 1945 721 293 687 2088 373 1800 2265 790 879 1015 2321 1827 2138 1353 25 2150 262 2339 1614 1062 1244 171 1823 1894 943 2234 456 358 620 1905 1948 1432 46 113 1177 1203 1170 640 235 391 2327 247 144 1248 346 742 878 1936 27 34 434 1163 1950 1202 1490 2204 164 1855 1757 2002 1614 1094 1994 89 1440 459 880 1397 20 283 1935 279 426 2246 1945 23 1905 550 1664 1265 118 240 554 1802 494 611 1216 2194 1000 957 2195 17 2212 1601 483 1186 1228 428 101 951 2135 1799 16 1141 1025 1432 1814 1305 946 1007 1985 2344 1556 1012 775 1547 1589 1554 465 1199 2172 1695 753 1284 2186 664 271 1302 1548 1605 1099 951 1073 229 480 2037 1342 1435 683 2149 136 322 1956 1325 1095 756 1272 1884 694 1749 2352 859 518 934 790 1275 2056 2241 171 140
277 328 188 598 669 649 1472 1059 2284 1006 2287 5 299 616 1424 740 111 1504 1422 593 558 1144 1066 1514 1904 445 1411 2290 1060 624 773 449 456 50 152 1362 880 454 668 1256 2219 485 44 342 767 840 60 793 2151 1364 612 306 142 1486 2174 1848 1278 1265 151 1836 1586 2260 33 164 1021 428 1937 401 1442 224 165 1166 2231 397 2243 2254 932 229 1517 692 224 384 1848 874 1139 2282 1668 578 1108 1725 555 736 750 1261 1706 1687 288 38 715 1829 119 515 1580 1652 2111 1456 402 278 1521 135 2229 950 868 111 1688 1992 2256 66 1972 1144 570 2131 1848 2080 2313 1723 1532 2138 203 2020 302 143 765 523 2097 12 496 1524 1492 959 1885 2348 858 460 2172 184 2318 1481 1808 1658 2206 1311 2206 1743 1744 1666 1456 262 1469 729 84 628 1154 321 680 185 841 1183 1400 581 1584 454 1267 1931 156 851 1622 394 1621 2045 2320 1875 1520 1434 926 749 2255 1244 793 605 1932 2171 2259 1469 826 374 1470 313 906 1579 494 2069 81 1106 1949 605 137 2274 778 1578 427 2142 419 781 742 2202 1988 1465 1913 1923 1555 2102 1675 222 1583 1697 1593 2048 1247 993 1322 2239 852 1305 1766 166 2005 2167 446 1742 2134 223 800 2347 985 2322 2005 281 1850 200 982 745 1968 475 338 319 763 1308 1229 756 2099 1090 228 1162 1299 2005 1522 1569 591 1099 1327 1723 1892 2170 319 1826 1539 1751 1752 1896 2170 1198 1843 1568 1902 693 1100 150 1146 1601 1635 1588 1706 1248 827 1180 431 853 217 559 1492 1174 446 1660 1841 1269 350 577 650 2098 2176 1958 654 641 320 1561 2217 1288 2226 2135 1745 1982 1300 1539 652 1322 371 1448 1365 1404 2249 375 188 322 433 1871 1635 2082 141 1333 1951 919 1361 2273 498 1527 1351 1653 1332 1412 2256 477 1576 485 1633 1631 596 1041 1289 2223 962 1429 589 103 1147 1905 1243 474 1608 1386 2021 1004 1417 756 133 2066 1458 639 1536 818 829 2257 1341 659 1478 725 66 2305 1176 615 2047 1709 932 1576 1690 1361 1251 1530 455 1827 488 222 1687 607 1981 8 914 974 1108 549 1312 1759 130 2126 246 70 2 915 464 1134 1236 1523 1891 2153 891 2323 151 269 126 1542 1785 1424 812 278 1247 1547 892 2096 1737 1463 2047 1802 813 1559 1402 780 899 716 1497 359 205 1774 410 1848 545 1984 855 655 1518 2184 1208 357 2257 264 2019 1376 228 1027 1870 2204 1459 2056 131 1609 2316 1864 952 524 310 23 1500 786 505 1067 751 2137 278 966 1067 618 1038 1792 129 1677 1685 429 1324 1366 1876 1748 1586 2079 888 1455 2023 1515 1145 529 1543 1290 1106 1763 1745 1208 1289 1051 1765 1251 2184 1418 15 2338 1370 2172 1644 1604 1202 1716 674 17 1932 1865 1170 2324 2254 2260 2142 308 1722 460 709 2023 1682 2216 299 377 649 721 1303 2152 1968 913 531 247 1647 311 2127 1699 545 1340 1061 894 1893 7 57 219 2184 2166 943 1048 1962 441 1807 2207 2242 1541 40 1158 25 178 2312 1359 2181 239 1259 1850 1797 2279 615 34 499 590 2172 439 281 1812 2039 1854 15 1475 2107 2302 469 2049 1365 337 717 1021 1796 1523 35 2223 1470 1638 134 2171 1245 1748 1407 2266 1238 721 2313 149 1676 1528 856 1754 1387 1233 2339 650 2156 2148 1448 814 1975 1570 302 2069 858 567 2310 2225 2095 1346 1523 2025 1954 1171 1054 2189 932 254 713 454 1568 2357 2109 2130 1342 1704 918 1202 1958 2171 1951 175 682 1543 1058 1763 2077 868 401 812 1249 1282 1915 1156 1918 767 2085 1007 841 1884 299 1124 1879 1238 1390 831 1330 950 122 914 1729 2066 1574 810 33 540 410 1230 202 290 1913 2005 725 1967 1364 1590 1106 1548 101 1435 1430 1035 1543 2351 1609 21 920 301 1197 1014 285 354 185 2141 976 1156 1297 667 658 1636 440 659 1377 1517 501 2071 992 1233 1514 1165 1264 1682 570 1737 2343 1487 2240 482 489 461 897 1274 910 2336 2015 1202 123 1709 195 1024 456 1487 2230 1966 452 1080 580 1673 632 1944 1007 2170 2123 1371 177 1447 827 2142 540 366 962 1485 934 1095 2249 887 1259 1072 2309 755 1869 399 1628 2284 1843 1193 564 1251 1922 1244 660 788 1025 1488 1647 2314 2219 2100 2023 243 321 1481 1275 2272 1022 2059 754 988 1447 890 1435 1559 1527 1846 875 1285 824 389 741 2222 304 787 1189 925 2274 33
325
392 1825 79 1965 2205 2080 1508 514 1828 2018 833 1420 2257 73 2044 652 2 41 184 2037 332 2351 1758 1918 464 89 1215 1616 1220 1379 579 2001 1061 30 670 2343 1326 1954 626 1162 1353 2180 636 1368 259 60 572 2059 145 1425 714 1112 2037 167 1863 2187 1716 1965 1068 924 2085 1617 346 527 704 1948 2024 2175 1330 1556 1915 1047 113 664 250 1873 1729 1962 1908 1611 2245 125 418 496 2014 878 531 221 2297 1176 1605 90 1611 1392 1265 972 2348 1412 1245 1229 113 1784 771 2345 899 1671 287 1139 2110 619 868 682 1228 947 1396 2327 1266 60 2207 1571 644 172 1306 1895 20 904 63 1494 1031 22 447 1070 871 871 440 2242 1175 1148 1517 485 238 626 838 1815 2190 1428 2313 2154 1588 2196 1582 598 1119 1651 629 787 1997 1305 792 1612 2196 1579 1771 1337 186 651 482 2166 2081 2108 2079 1167 1448 2232 1448 605 1906 145 1155 205 1395 841 321 579 2293 999 1047 136 305 786 838 2079 1369 111 143 556 991 1577 1845 1274 499 1617 2237 2356 269 2104 753 965 896 392 890 1865 555 2189 1000 2287 612 259 929 1508 1565 418 389 1676 1477 462 479 1398 1198 613 1069 1066 1879 1642 1996 625 732 2025 1034 1720 2263 271 2052 894 1460 480 1830 1927 732 1574 1819 1326 2076 603 637 288 1427 387 292 1236 1514 879 1442 2288 502 628 298 910 1766 1564 1328 1177 998 1620 2322 326 1568 1981 1353 767 1568 2051 271 168 1209 2216 1728 635 1406 2346 2061 985 1915 396 1679 1696 297 2098 982 588 1230 2256 1977 2354 2301 390 2230 231 641 192 863 2287 1089 246 141 2192 1657 2286 644 1089 1620 55 1716 1440 324
1929 704 1441 1451 235 197 1494 1038 271 579 1100 600 735 1828 723 676 1940 1232 610 675 208 603 230 569 2249 744 1138 1387 2281 275 123 1431 1525 2219 2094 909 422 231 1804 597 975 1564 1050 1610 1102 1435 655 2236 2219 2254 2222 279 1015 1976 1701 1917 2246 486 2035 94 1634 6 2053 1265 442 785 1257 295 1567 18 1347 381 1074 741 2336 1295 592 898 1010 413 2134 1190 1851 1072 995 715 141 2108 1185 1257 1074 2096 2219 769 233 1561 1338 1846 2121 810 1889 1150 151 1081 1314 1528 112 1902 1221 1618 1563 2244 1236 841 2070 798 2344 198 1230 141 2348 358 641 2019 1140 1761 68 272 350 729 2006 2299 1960 1499 1796 769 691 237 1248 1901 1327 1612 459 1389 1336 464 2127 2307 969 246 1018 1376 1631 248 1937 1167 921 392 423 684 1926 478 1048 1463 913 1695 2100 1488 1815 264 666 2210 226 1845 399 351 1785 2139 1626 151 298 1904 116 1846 2338 1471 1729 2286 2310 133 1751 426 2047 187 1330 1076 2011 2124 544 894 2289 1981 125 2065 1276 896 934 1782 2094 2074 1258 527 1571 140 261 1518 2014 728 2051 2266 253 1335 821 362 0 811 941 2349 1474 1939 1133 1956 239 1059 2096 1685 601 298 1130 233 43 1390 2044 942 2102 1520 2084 306 1462 758 1481 289 476 275 1372 1401 1036 531 2046 2112 827 1704 1317 378 1574 38 1487 82 60 234 584 671 1050 1033 216 1349 2321 1560 380 800 1532 1736 45 480 90 480 1693 2282 1935 1726 758 1388 13 329 1778 843 1656 324 726 1194 990 516 1691 1222 2203 2341 757 68 488 185 1081 1395 2310 137 532 1140 129 2359 1872 673 1053 1454 1251 1339 848
995
1153 60 402 1805 1329 2097 1962 59 429 245 1143 2300 2289 705 1315 797 798 478 1284 2298 1134 1624 104 287 756 917 465 1128 1676 438 700 1495 485 1570 264 860 2230 961 366 2106 1080 939 468 301 1678 662 1589 173 2178 30 1269 1274 800 2190 731 1754 162 1922 2237 389 233 319 292 1271 2151 1756 513 839 2341 2314 1025 162 2018 2140 2326 1476 1627 1760 1052 1044 2200 1570 0 713 2174 530 1813 1432 1878 831 1853 983 1107 1695 2092 605 1512 2078 1424 1098 1975 1013 465 598 222 445 1285 221 2235 1810 1983 236 2 1915 884 1976 1894 358 301 1026 799 130 1044 1604 658 2195 624 591 1796 491 47 1168 242 722 670 425 304 213 194 574 1519 40 228 1870 2078 1309 1283 1017 1222 2026 986 1904 482 968 218 1401 335 1707 1206 871 2182 1147 1545 1436 416 1635 1241 473 1519 1319 2053 854 1784 1657 1310 964 1878 1338 2029 1790 1048 1005 1041 1436 449 2349 1539 598 1044 2218 122 1350 1572 794 454 515 493 1552 1841 445 228 1685 1828 309 1940 898 1757 2197 334 977 2142 85 348 1968 1364 524 560 5 2183 2194 599 668 688 25 2030 687 1186 672 1097 1864 1147 2084 1582 876 1316 2254 1005 1810 973 493 1149 1349 1610 129 1915 2343 525 119 1884 1972 471 468 1055 47 560 269 2125 534 1440 1793 1627 1721 1366 275 263 92 2032 1335 2168 1448 2225 252 100 815 1338 2024 2291 989 250 1030 1713 1454 917 1776 81 705 1774 1641 59 547 691 744 1778 1735 2134 914 1206 989 1503 1 470 1012 852 1556 376 1866 2318 2020 1195 1250 1343 1402 995 1633 379 1490 1459 2122 1837 2052 484 1711 684 685 1265 1287 157 50 249 1974 293 101 302 1698 433 1463 1015 2187 1150 62 1631 2057 346 1657 761 2245 1097 2209 1976 146 1183 834 891 1146 329 1933 15 547 2263 1817 891 809 2303 1164 1046 1796 1326 915 559 439 925 2334 1606 2094 1473 772 1924 2105 70 1128 981 1300 1801 1966 819 1176 1519 409 1211 1954 1496 753 2203 2307 1656 682 1263 1584 776 901 778 1558 463 1005 187 110 269 195 1893 2314 2311 1027 1525 407 957 1597 165 594 1762 602 2324 734 1136 1784 1563 336 1806 979 1129 563 1710 2100 127 1983 1751 1831 1531 767 1656 332 555 818 677 1494 1047 984 2254 1282 1816 2109 521 1947 307 154 345 547 2145 1185 36 246 960 1462 1036 420 1521 2353 533 185 1131 2244 106 355 1494 2155 1779 1066 1117 1511 475 359 2062 2053 555 1940 47 505 1988 870 680 423 1792 1866 1018 1383 627 1171 1596 1115 920 911 2209 95 231 514 1528 450 1873 1275 523 1804 1097 1168 1036 1465 2183 1524 1904 664 545 2282 434 1445 595 473 2094 1973 1365 2114 834 950 715 1019 666 1661 1922 994 1724 937 1758 2100 1148 1663 1783 782 2223 204 332 1023 515 1311 724 834 1347 2195 2313 763 1195 1379 668 640 1484 543 445 1091 1993 1101 670 1374 774 2010 887 2264 1659 308 1996 1374 708 860 2149 261 1909 602 2016 446 1990 1987 1692 917 727 950 471 325 1024 405 1353 779 274 344 1224 245 839 1948 515 1581 1510 1668 1151 132 320 1721 536 1619 1335 1250 1965 2288 2182 1414 418 708 2343 1019 2155 763 125 2223 807 1694 1772 1401 1909 164 1316 1689 1783 2025 820 999 908 413 166 905 1848 451 1330 1184 2135 1123 798 368 1804 476 647 1049 1785 935 1292 979 1100 926 815 1165 1267 508 1771 1612 2317 704 2342 2232 1447 1974 1428 869 427 78 12 76 1724 1782 1163 1221 845 1858 342 1680 387 2093 1515 721 1759 757 389 2337 50 199 210 1891 2067 964 1546 2108 406 976 2308 679 1478 2250 1845 2147 229 897 734 1216 472 1034 1490 300 1701 735 1139 599 1364 942 1599 50 1759 2211 1282 1678 420 1658 1811 771 220 1606 1169 516 1759 1117 525 1935 430 1662 1116 1466 1961 1651 187 1965 914 1711 2069 988 1193 1246 831 2233 1741 292 838 1480 824 2131 1727 2055 930 2140 506 1625 1701 406 2213 882 1808 171 1122 655 205 1950 1956 1489 2065 877 836 359 586 470 865 1045 287 1255 1879 1115 719 691 1384 1967 962 2279 485 838 49 1757 1194 138 788 1353 727 1835 1143 957 1813 2135 2114 1410 768 1180 1141 1537 2197 782 1215 1566 1580 1626 412 1521 2264 1478 1347 2236 1828 345 1809 1834 783 2256 831 911 275 1002 2298 824 2054 340 1592 996 580 1252 759 1958 1598 1024 2354 242 1450 1882 1902 2262 1621 2142 632 1733 578 2346 2242 2147 445 1238 2005 1885 1822 1448 1869 1436 87 2352 11 342 371 1184 572 818 250 1779 2244 1532 66 7 895 1179 597 478 1649 1386 916 1420 893 330 1322 727 762 1740 1343 725 909 1727 565 2229 1469 1489 1888 143 628 2093 773 1524 684 184 2247 1213 2302 156 296 1361 1383 107 1819 2082 839 624 468 1731 1852 949 737 848 1222 1165 1124 699 1120 1732 906 521 1000 120 883 535 142 946 1326 1520 2219 1196 151 2053 300 1395 1584 977 690 1735 391 1492 834 384 1440 785 2236 2083 1832 37 288 1461 1334 92 918 1385 778 2160 2057 250 569 1139 446 234 606 1259 966 702 783 1372 599
969 116 751 1190 1300 2079 392 2269 836 228 1636 1490 2349 609 1479 1193 694 584 822 1761 982 864 15 372 928 779 1937 506 1539 1482 563 1995 809 1853 917 1344 2183 1061 1228 381 1775 2249 1035 1571 1533 675 1519 41 1814 2007 291 1687 1965 386 1304 1954 1119 2324 1328 520 841 2307 947 419 1763 2085 393 1268 33 1436 1576 2304 587 1967 2160 666 2315 333 1966 616 1781 835 2355 35 1423 939 1166 549 478 1668 110 2186 202 2150 288 773 962 1004 491 488 732 1106 1414 1923 930 122 2198 816 2051 868 449 2116 981 1987 1762 1756 515 643 143 723 1392 1920 973 1495 558 157 447 1085 911 1659 189 634 536 1107 1060 77 19 1659 1023 216 465 1224 707 454 1080 1239 1567 283 677 1631 1453 494 2276 1796 766 440 404 1853 263 2089 1145 709 1967 1889 1932 1332 2128 257 1069 381 1441 2070 1306 973 1491 961 1790 912 671 713 295 82 1427 1429 1314 871 2307 1888 1445 1623 530 1597 2083 844 1882 611 1920 1083 444 2141 2124 2176 1696 1214 660 1084 1023 1807 45 1210 441 839 969 115 988 1299 2 139 306 1821 75 1102 608 2024 1955 2019 995 1262 1102 66 793 2290 1320 1248 960 1023 241 533 1285 2144 435 422 46 420 739 1751 107 2194 1543 140 961 226 843 1299 533 806 2157 576 215 922 2161 2107 2184 609 1566 2283 925 2040 2094 1930 1788 2057 1385 144 673 2310 793 684 1958 743 795 397 1059 2125 1345 1433 1891 2038 2014 2341 1857 1208 1326 120 768 1903 682 1971 611 2092 2059 1081 1346 1505 2165 685 1173 2263 1989 1300 953 266 2170 596 2087 459 1820 652 1219 2302 1635 1902 1520 1462 1918 2019 382 1309 937 1285 71 309 2108 1928 1443 46 302 203 1415 358 76 1892 1813 1171 53 1025 567 1014 1468 1345 362 1864 854 1123 1856 727 1293 345 700 365 1079 1747 294 1887 1705 956 1010 851 1804 2249 282 317 1786 1181 530 966 127 2222 122 201 121 1871 2185 1161 557 969 649 902 266 573 2162 1149 1295 1612 2186 671 1272 2001 1289 443 299 1522 1794 528 1014 1453 1214 1493 2080 1265 2005 1302 310 1450 299 2254 542 576 1615 1412 370 1498 1706 930 1913 563 1987 1901 136 480 384 800 2332 1936 630 630 435 1323 1315 2110 1844 1010 588 2316 1063 191 1392 481 1992 1365 1495 1608 950 1584 1969 1534 193 2072 2110 2120 1751 1842 2353 72 116 2150 35 1545 1348 209 1743 600 333 308 1101 2091 1245 1174 643 692 1878 496 997 360 2306 2199 1056 106 755 1358 1490 1258 298 1732 593 972 382 317 1120 561 1992 916 1200 1181 1829 743 1925 1376 977 1910 2234 1834 1687 1809 1920 174 2261 290 2183 2025 1781 1354 786 1600 782 1305 1906 1647 1027 1108 2178 302 876 635 2325 122 101 1893 1589 397 26 1499 2181 724 1457 429 1145 1231 2228 357 779 2046 1564 1939 1454 1220 922 731 1230 1281 1175 1453 784 310 1773 558 2060 994 963 793 1665 2219 83 1159 18 1442 1468 2200 170 2010 363 1753 921 399 939 159 2236 370 842 381 663 1559 609 1711 742 2171 699 713 2295 592 971 1880 408 1049 180 1370 2210 1358 1932 1577 1672 659 854 1421 1845 955 1536 2304 1887 579 189 1930 1090 1298 768 2288 256 1383 2055 1846 1041 887 174 1022 569 758 991 1656 2012 1428 214 653 2029 1677 170 2178 2121 813 2073 448 634 1910 2301 1113 955 77 2185 1725 2301 2033 333 865 1879 845 659 1039 1628 493 311 245 1792 2006 1237 648 688 314 1163 1825 119 826 1978 424 319 32 9 1262 489 107 637 1317 584 1365 1746 1589 45 1511 1956 937 971 231 1789 2169 1942 784 969 2002 673 982 456 2300 248 287 515 2257 405 1031 2177 137 1393 105 528 574 1193 1507 463 1420 830 2260 135 1196 1256 306 183 1889 767 2239 2297 543 358 1806 934 1704 1858 1393 841 327 369 1652 2308 323 124 817 188 2184 876 888 1553 929 1964 152 1600 872 2077 903 2255 568 952 1061 1960 1666 1090 2234 304 801 1630 742 1729 769 1613 835 39 453 163 1508 214 982 1260 1460 2011 1829 763 1385 1641 618 1280 756 2249 1062 443 262 2193 1335 480 373 1198 158 286 2116 1229 1655 152 174 515 1513 1451 2115 308 672 1778 18 1423 133 875 1212 425 1670 2066 1888 1259 798 1989 790 589 1685 884 866 1778 472 1477 2105 1150 672 24 679 2048 2015 149 265 1944 1087 743 27 56 1374 1113 555 1304 83 1471 1265 2351 1231 545 1902 929 500 735 2247 39 2064 674 628 1900 1749 1211 583 989 159 1381 1601 146 1092 996 1906 1633 1007 1623 1013 263 585 1584 925 2077 1107 421 917 1432 997 387 316 664 712 334 1926 1245 1855 63 1331 1112 1773 895 803 1913 1443 1399 1647 1434 310 522 1240 2095 601 1579 490 1965 1248 1699 221 762 33 304 45 1536 1407 1935 2057 162 2048 1438 804 471 1221 315 865 1058 2347 1842 876 190 1086 2009 632 915 601 631 1842 530 1861 8 208 2050 2335 924 2108 1880 404 153 937 1759 311 2012 2061 1591 1670 514 1133 714 687 250 2350 2229 597 1834 1331 168 1341 401 1868 1461 271 306 929 2346 1875 933
473
2142 1324 147 990 262 1355 703 2288 2031 2215 608 188 301 496 90 1944 1145 503 1099 16 828 864 532 47 2010 349 1754 506 1760 1311 1670 1355 1287 1389 478 1090 2327 1896 315 582 177 1163 1591 591 469 100 1572 535 116 1474 325 1633 331 882 33 772 812 1352 214 1235 2015 1102 629 573 960 639 915 1965 258 1629 206 284 2293 802 1662 58 1068 307 1513 1111 1450 747 1608 1562 1406 591 2266 1281 1718 55 442 695 314 1509 384 654 1687 15 1692 316 302 1058 1109 2140 432 435 2320 1695 771 1223 2265 2243 2148 315 1662 227 731 1007 1954 2032 1936 1725 2172 2213 559 1191 681 555 1565 711 737 374 2233 1602 1553 1417 836 1460 2106 503 749 1600 563 1670 1617 2116 337 1558 1385 1380 1877 1395 1026 1107 2148 1276 2169 1534 699 2105 955 1218 1953 338 2134 1858 1275 1982 2121 656 1548 1070 335 1951 1720 241 947 1836 1321 1832 177 1169 93 1357 850 1186 1564 988 681 2170 1878 350 1603 1080 222 1478 1080 798 2121 1590 421 2146 1188 2353 1140 942 2259 1376 2087 799 2057 1630 1468 2303 802 1891 2133 69 975 1951 1931 2191 2357 1900 664 712 1528 441 1039 2225 11 332 1468 1953 157 942 1962 1083 1810 822 545 2348 1300 1990 1422 2265 1378 1062 1597 520 2210 1729 646 351 638 781 1740 1944 1926 2017 2325 230 132 2276 2065 719 1477 954 559 1263 557 2225 163 1519 641 2058 452 2308 2279 528 1797 1891 99 544 1842 1750 785 773 1097 218 1065 1280 102 1156 764 1278 268 627 405 656 389 2238 539 447 1810 2013 252 337 1265 4 1652 1945 814 542 1091 69 1011 1083 2336 901 240 1310 232 1996 1533 245 1636 1272 2015 1954 1063 372 856 1988 2009 1297 2230 2030 657 400 246 2265 2183 254 2059 1300 2260 833 0 2220 2149 392 1754 1760 1767 1903 116 847 2316 1135 1476 1442 1285 1228 1567 1649 1515 572 1492 1709 616 265 1946 755 1556 1159 819 1207 665 570 483 471 1398 277 618 2170 737 728 864 1224 2236 1792 1850 61 1712 2261 1198 1684 1986 1224 2095 319 1507 1971 383 1107 871 1875 1889 1095 2331 952 70 885 1977 633 1583 1809 2151 789 540 1421 1522 1501 1773 780 648 774 1632 2229 1673 723 1208 94 1618 8 1899 941 1220 477 2197 959 1306 829 1687 1930 2007 1947 1107 204 2286 1756 382 722 1542 1596 1034 567 2035 545 1334 762 2037 183 922 2253 1476 1269 1033 444 1095 878 1126
2320 1495 1839 734 2246 1305 1407 1944 835 1773 1341 1936 60 2172 1006 2044 1950 1243 1819 2028 864 1519 693 2246 2092 168 1343 2318 557 355 64 1910 460 2019 580 1692 847 2182 1228 623 617 2043 1138 294 1387 536 2148 1121 1549 783 492 1942 2281 1062 670 25 687 12 101 2202 1016 746 10 838 1627 1698 82 2238 1029 1332 415 1136 91 321 891 1319 2190 438 541 670 1510 1221 531 906 63 897 404 1664 2294 674 608 1490 183 2207 696 953 1669 1246 914 979 705 1451 1893 2068 2181 771 1079 2252 42 701 1170 1265 1358 1331 1056 489 213 1628 322 2233 1647 1984 1863 4 1030 2097 22 830 595 454 1072 383 1771 1921 1016 2168 1590 1471 2325 2096 1865 2294 1799 330 1953 1673 1895 149 2292 2240 1806 2131 1633 263 87 1305 1281 2115 936 2252 1124 2041 691 1461 1152 1307 2327 577 1882 1118 1080 2148 997 1348 238 1774 99 256 1266 1097 850 1582 1453 204 194 434 1073 982 1837 2187 1739 1562 24 2028 2216 1927 89 1064 1877 975 1216 1138 1691 1173 736 87 687 453 1311 2176 2343 914 1912 1165 121 333 2091 856 731 1118 1731 1819 1655 1558 87 862 1132 1254 198 1969 876 397 1036 1249 157 388 278 1514 37 1265 1855 1374 916 1657 740 727 376 1933 1977 1093 789 1067 1263 2260 730 292 652 329 137 1736 1854 211 1042 1500 1827 719 214 579 1849 1609 1664 241 2190 739 2332 1085 1635 1223 413 1024 894 778 131 984 1369 648 218 1122 1232 1166 1519 1662 1937 1772 948 1155 2196 1948 262 756 2166 833 455 57 1708 814 1478 2012 1212 699 1652 1678 1160 730 1675 2166 2163 1174 5 1569 277 1513 928 2146 1426 621 1997 145 2214 991 2312 199 980 1662 1051 172 928 1888 2186 1069 1192 1643 1032 1108 460 1697 786 1368 1758 187 432 1460 937 327 912 1328 719 1912 2104 58 1473 709 173 548 1146 1752 300 1521 589 92 496 2035 2163 469 2255 1456 1921 1024 2194 2151 794 410 1801 2051 2261 463 1237 1487 1304 192 301 1493 1353 2026 115 1069 1630 1252 2022 1193 806 201 2046 738 1450 1981 910 788 1007 798 553 709 1699 1739 1583 2068 575 759 1371 151 1615 1894 1548 1458 510 613 615 707 66 619 794 1577 85 2131 1503 800 1288 577 1272 1845 2226 1594 1603 1387 1835 1729 730 613 475 1270 2048 1633 318 623 1402 676 2012 1874 495 120 1037 1618 678 136 460 480 794 258 597 342 1055 1974 2279
