3
80
1949 732 2026 2157 2007 1438 511 838 853 644 2148 1543 422 933 2307 1446 1614 1506 1059 1729 1942 1916 2219 931 523 2140 1804 1017 145 633 252 1942 1934 503 331 441 212 55 1911 530 914 2117 841 414 2133 415 706 1119 1143 1204 1911 2310 1827 2020 1539 644 1216 2217 909 300 2241 414 20 1537 2300 2357 2309 55 1149 1041 138 2259 1106 326 401 1313 129 355 125 2004
2132 1019 2136 2335 2107 1909 1300 1619 1804 911 2258 2151 1348 2218 2326 2042 1818 1537 1059 2245 1953 1958 2255 1203 640 2142 2329 1224 1039 805 1738 2112 2145 1350 420 2132 853 1245 2110 2057 1243 2311 2222 605 2155 1936 1316 2000 2151 1332 2215 2346 1832 2356 2322 2347 2346 2303 1231 1850 2257 628 25 1821 2310 2357 2355 153 2336 1341 753 2339 1351 1547 818 2329 1554 1701 2323 2253
36
923 1236 123 1522 1159 1758 1342 1617 919 1126 500 1735 820 408 1239 839 1801 1528 246 750 657 800 622 1757 1855 1915 1720 1122 338 2252 728 2048 2126 58 323 956
1019 1758 1305 1758 1206 1825 2028 1747 2204 2331 923 2253 1821 1908 1514 1622 2318 1638 1642 1651 946 1119 2053 2211 1919 2229 1730 2025 733 2258 1509 2255 2148 1443 1104 956
99
923 1449 1643 2104 1435 1520 1407 1623 138 37 1837 2319 2222 442 158 1836 1722 1505 2000 1743 1846 1021 445 956 1854 801 2132 710 1827 1847 1117 1834 2128 616 752 2213 1556 130 207 946 359 1935 110 238 241 805 242 419 1213 537 2312 245 2255 2057 259 1449 2021 1109 724 1637 2211 1938 1733 559 1225 1644 2159 611 1156 404 2220 516 840 758 2208 753 2039 1549 1255 205 1424 2359 1402 248 1937 1347 938 842 356 855 1 748 1947 11 1151 559 1133 38 716
1024 2352 2007 2300 2253 1729 2328 2358 1005 719 2050 2326 2227 1225 748 1848 1816 1921 2156 2059 2014 2057 1324 2311 1959 1328 2209 1016 2053 2005 1803 2228 2316 917 1349 2233 1615 443 1338 1452 1757 2313 614 2322 1027 1013 1952 2129 2247 1044 2340 443 2259 2059 2207 1454 2130 1325 1051 2333 2215 1943 2317 1914 1704 1717 2213 1013 1706 2248 2236 1110 2341 2133 2309 758 2049 1721 1648 1616 2356 2359 1808 2204 2231 1648 2008 1232 1223 2256 1108 2245 2154 224 2113 1228 1937 1439 1811
