10
42
5 0 1 6 6 3 7 8 7 3 1 5 9 0 1 6 8 9 1 8 0 4 0
50
2 0 3 1 7 1 6 0 2 5 5 8 0 8 4 9 5 1 5 9 0 5 0 3 3 1 4 7 0 8 9 3 2 5 5 2
26
0 8 0 7 5 2 7 0 2 7 8 8 8 6 5 1 7 0 2 6 7 8 0 5 2 0 7 3 2 9 7 7 0
25
6 2 0 3 6 7 6 0 4 9 6 8 3 2 6 6 3 1 5 8 4 0 7 3 1 5 7 4
30
0 8 8 1 4 6 9 2 6 1 4 2 3 5 2 9 5 4 0 1 2 4 0 4 3 9 3 1 9 7 6 1 2 7 4 7
13
8 9 8 1 0 8 8 7 8 6 7 7 0 2 9 7 3 3 8 6 5 3 8 4 4 9 4 4 3 7 3 8 2 4 3 5 8 4 1 7
23
8 3 6 4 5 7 8 7 9 4 0 7 4 5 4 1 3 6 2 9 6 0 1 5 6 3 5 9 2 0 6 1 0 2 0 9 3 8 1 6 3 9 4 0
43
9 8 7 2 9 0 7 9 0 2 7 0
35
2 3 8 0 7 0 6 7 2 8 7 4 9
19
0 4 0 3 4 2 5 5 3 9 7 3 8 2 2
