100
75346177
4207832
99534109
29079201
28179105
61722991
73526642
50637769
14216048
45746260
7070678
55398131
24293719
69575229
19604746
36210677
1004819
52375481
50935607
44117088
76146848
77753123
96572467
54212485
41101775
76146678
24122936
59622433
74997685
43665794
17984364
72709713
38972896
23089113
24392548
73719497
96416369
89699986
28708127
68004529
46076189
67386745
15209440
50378724
1402863
62303226
45810701
57342539
64261372
19803420
28545200
31599547
7114898
55591936
62408370
13184765
12236396
22812715
70428610
31454044
68224944
14941064
31819866
30431512
13997845
87714699
62448917
40381741
19387293
66725905
73150049
46822731
42501143
15661733
32950011
92973441
65115548
25382187
458947
32062555
90392419
82408793
74065073
22186946
42788913
17593586
32131308
53107589
77759324
81107541
23492513
61463770
66121189
31427425
65871085
2790525
92466721
90612466
89009459
63073461
