5
12
586620290236 107722980857 228910220388 806630662435 857826489939 383141754479 363866920267 888411682400 148423759081 408111651859 242238852010 652204721679
17
311561368445 110845999317 44906982917 765757452243 762150608513 242915975649 247175644371 589061584888 477335870448 172603954396 914691042720 88266793058 977503350755 741973592687 126168192324 625686735123 765456681313
9
250565897239 260770233145 312675622080 134278003187 646456837624 508851892895 335138710976 898742364409 164016611469
20
605449360064 67191403880 118008600854 840718187763 454730621041 706201923992 407283761849 389182558353 409063788012 519951831503 431947663854 230819606146 236194572015 798491128099 297952738130 794830197653 776691528431 724451732184 203433419535 571910810292
20
248804970888 86829424444 440058094962 281302365116 803647880266 684390885391 772598545055 776734413419 16244918867 849569765281 916801490141 368353790374 907853165126 848961254156 560115130379 798768037059 355614844472 209078444155 877949617877 645323135659
