10
52
40992 19392 33984 34800 26784 22176 40512 25008 19104 25056 25344 31296 22128 29184 15696 34848 15072 34752 26112 12576 1872 24816 27888 45408 40320 37248 33168 43728 2208 37680 13344 5328 42960 8208 36432 8208 22464 42576 46896 25440 46416 3696 45840 38976 29904 34944 41760 30384 31488 12576 33888 29328
64
54708 27257 12319 24347 90889 73914 9700 34047 46075 34144 20564 28227 19982 82159 21728 29779 2813 52186 1552 9021 49567 14453 16296 80219 79346 29003 1358 92635 31137 52768 8730 32883 89046 64117 45396 76145 33853 41710 42680 55096 70131 36181 51119 69258 55969 77697 63341 2231 1940 49858 8245 68482 17848 72556 54999 28518 93120 68385 74496 76339 38509 61304 50343 57715
88
90404 58782 23765 79249 63147 48694 84778 5529 21340 38218 3007 1552 15811 68094 51313 48112 71489 16975 38897 52574 27160 89240 50052 95933 63826 36084 49567 50246 67318 20661 6887 6402 85942 21049 35696 57521 31137 65378 2716 76533 22310 12610 18527 47433 17072 58782 74981 34920 71780 47627 25414 32107 4074 83517 68870 50440 70228 44426 94478 80704 94090 92441 12901 20467 29585 28324 32204 43747 8536 3880 67027 9021 50440 94284 11834 20273 46075 58200 10379 87785 39188 4171 17169 58976 40352 80801 76242 74884
97
10336 10208 9216 13280 13792 11792 12624 12016 5184 15856 13840 9360 9712 848 10912 5040 12496 10704 9776 11584 9712 10048 752 5024 6640 1728 7808 14112 7488 9584 7200 10928 9424 12816 8736 9632 12992 11072 6656 1968 3216 13952 1936 3904 15952 14960 14160 2480 1392 12928 15648 7120 6112 8976 1184 11440 9792 5472 1568 6848 9616 10800 9344 10832 11712 11344 4112 7600 1712 3024 9552 3136 3136 15584 7152 5216 6320 10704 12160 3824 320 8640 13856 14640 10544 2288 3344 13728 11440 2608 14272 7904 928 3072 5088 8048 13024
98
24402 49588 51842 66542 39200 52038 95550 63896 72716 44590 21462 38710 17836 32830 90454 87514 58800 87024 90356 7154 21266 48216 68012 1078 30576 96334 40572 55566 96432 8918 64680 22540 60172 50372 85848 94766 94864 28224 10290 97608 10878 39102 40278 22246 62916 94178 45276 60760 34888 68306 13328 5782 33614 91728 88494 47824 97804 10290 34594 86632 30478 1470 38612 87906 50470 23912 37828 36750 2156 15974 4900 58310 13132 45668 20776 78106 59388 94864 42140 14308 10486 33614 66542 97706 60564 83496 55762 39396 36162 22148 25186 7938 32242 46158 3234 38122 77028 7938
90
19093 36722 40382 7259 41236 29280 39284 38064 25498 22326 16165 60268 22509 24644 13603 42273 42395 57279 17507 10736 43310 56608 18971 9699 48617 19825 13786 41724 43249 3355 26108 6527 31049 22082 43432 19825 1952 58377 20740 37393 34282 47031 24583 33672 23363 43127 4941 22143 57950 27511 37088 56364 39101 31049 59109 2867 39955 49532 56303 25437 18117 22387 53009 55449 10736 1830 19764 29524 41480 22875 54473 46360 57218 48556 3904 13054 3904 52155 2989 48373 35441 15067 57340 51057 44469 40992 21167 19947 35380 33611
62
3933 5148 2421 3663 3681 8451 279 4428 1089 1179 7974 2268 8586 7515 2772 2331 5139 7434 8145 1944 2259 8451 6282 6876 8919 5616 7263 8289 7272 7335 981 351 5940 4302 909 5580 72 3789 6282 2376 8622 8694 2223 3888 7317 6696 6399 7371 4158 2448 1368 6642 2061 5832 8415 297 1656 6498 2610 6057 3321 4527
100
60789 12282 32430 67620 44781 45954 7935 42918 41124 33741 61548 41124 35121 19389 10902 26910 25461 54441 33741 27255 42021 33189 32568 60927 52992 25461 39606 37881 15732 42642 27186 39951 9453 3588 17940 34914 23322 16077 34638 49956 52302 58788 20907 22425 15318 51612 64446 14628 55821 54717 17733 32154 15732 34017 35811 59478 58926 50025 50784 37812 49749 43401 30084 9453 23046 15801 14904 20148 45126 26151 29739 36087 51681 48024 22770 6555 6417 13938 5451 40434 43401 38985 32292 18906 63066 41538 49680 41883 8832 14214 66171 61617 11040 40089 14835 65688 25530 64860 60582 1173
77
6552 19320 16744 25928 30352 11984 3080 49392 43064 19208 9352 8848 30184 45136 17920 24528 54264 22680 36568 54040 34216 29064 48720 28728 12264 38696 45640 14056 49056 33768 33768 16856 53592 35448 54656 29456 43400 5488 7504 39368 30744 7504 3696 38640 28672 31584 41272 1288 23912 9856 54320 17864 31192 11984 43456 41160 48608 1848 16072 25144 49784 4256 19712 6440 9240 19936 32816 55384 30408 37632 12432 34440 25312 21056 26656 52696 16016
92
32508 774 57362 85398 72498 13244 52718 75852 75078 39044 18920 78174 21156 84624 79120 72326 10578 57276 78776 75164 11868 25542 12384 33454 42054 65962 39474 71380 56932 70090 83850 50482 11438 18576 32336 80926 58050 45924 43602 21500 62178 56158 516 33884 61318 52374 45580 37926 34830 81356 45322 40678 19350 81442 28724 33712 68370 26918 50568 45838 53664 76540 25800 62780 48934 39818 946 47730 19178 22102 50740 56158 23306 32766 22446 50912 54524 19952 46698 20984 32766 63726 24338 69574 53750 77056 50912 79980 65704 38614 41022 50138
