100
88
105708348 854703360 618213027 592906951 301747918 728296566 364655434 592030436 268590282 552069943 139521357 840371141 993097060 831194301 365739559 764058302 321713898 750850288 654273414 823146391 515087752 758768722 779393945 680136017 827145788 87281157 263649655 713831497 387916853 750134309 421855352 225053813 730980155 159748672 113599761 716141124 843922911 304094080 239090416 90140346 39533024 92461338 938222915 431241915 778630281 171320662 500170670 105432433 875982612 216251958 354256119 552847997 537039172 880747054 789717013 419817063 250170435 439689960 267807639 153401727 593244889 833248953 941086953 145984649 807557497 596777404 959964763 38997839 351036772 190566988 198853923 822454898 386220500 309551279 861326973 473271739 583870623 771858000 660855407 428166947 964519171 443407885 818092347 767226728 148012442 37611736 331718238 956660886
94
631901612 99034959 578817113 948781169 448048266 471876039 746628805 840593467 446764124 186903319 242752102 988022978 169812240 115229749 731031038 594499049 434284018 532132574 644175669 25166031 665591653 989185189 22312471 457823970 595906454 427148893 580724482 983712317 377182200 314619746 236465 458400821 647608282 482013835 393952533 695903327 721726691 152126636 723266503 608565620 649159207 639351874 378967249 473547918 792798378 463395912 36616328 97267229 798227998 110082084 19082535 175009000 539974407 543032926 708572587 256422798 434412133 285991106 101308966 900408881 167400644 986573426 132272491 673442458 417763957 648075343 177201824 94196533 485404620 136214064 410819490 935585757 617020694 453755227 776601816 957005107 413427259 136280061 619362365 569524998 565813557 328082971 182729087 943973833 829857624 379474962 569000230 756596586 48512371 583102696 77058467 619933118 399669896 344516250
41
577081667 584796020 82546504 899796090 660640649 67377765 105826713 290383400 785948983 474340036 17568386 949131477 217189866 790430653 724458825 69541939 197790361 813452584 75388932 168492273 66433634 188427777 768463114 302666314 499009204 44559109 186060480 371016748 72282051 863827568 348959827 703275555 780287560 87560837 948902559 441527429 741698191 145500986 746990046 781511229 817023259
79
502211425 435311086 105460170 100206892 444025032 944292321 364550744 767673799 111372937 893090096 997719333 579668147 514239445 369170248 143497865 350583735 777879852 970763479 558613947 159703927 211146558 952550071 228969080 703098344 881492269 124514791 230026856 199581438 581077335 424143379 130736155 616026701 880669940 296921481 615471305 986552882 202379383 772234340 963026302 407188000 853365531 394773868 678031768 441294802 252585974 195615972 753053524 587244791 89121462 30646363 87996246 172278039 740923754 851542062 715562792 93193493 570867091 917065094 913217546 269987717 101061900 427992302 492970485 581350168 615126664 542196819 729996353 413948840 996651274 595643426 596646686 933398543 898265673 239823160 804185790 783187257 209502760 489728379 752775978
1
198300727
76
88177506 279999392 349861778 880563425 684153995 669688613 716938423 647206463 62760516 43738362 86288996 379109123 242069893 331526053 554184455 810086059 985422816 478211149 752629700 871573933 401159665 713490519 106266473 893276758 910150954 774214047 936619224 831749259 177921405 686766188 835725720 207363714 177211161 309712056 718609931 980866104 657076101 354974002 922223232 682474851 342337422 947495993 345734777 834633599 401984337 875616353 515758692 895417132 938667791 693625227 170396769 284596128 950977506 471132070 623685784 875485651 636194855 242511635 939001449 551325316 982865961 760244185 407454734 544127397 608728456 953467389 264932371 605630251 998086294 618979426 761810834 587813388 468508995 727778601 614436849 377381933
45
599026559 73339285 104868236 936670333 888624984 613263686 345991770 926621492 254833539 951875780 927602135 815397062 76620954 330576705 404281944 15484099 256829345 140385410 97012565 17376424 569928037 96235153 553305904 550108374 989277284 92788022 168604357 471446597 995954791 684252791 892349880 210481344 941483095 895598650 556014695 44898395 72749729 336004084 965279330 947455983 635803314 153526700 605934982 474458763 116478910
1
214137625
10
652911112 760700173 272443671 788192579 3232518 97000210 424834843 923611535 403174605 374329643
19
766576059 593520652 463394578 889123431 291443088 478724675 251139728 214914931 174561987 791039341 346115705 892771144 77074045 355980974 716812290 852162409 68545043 269056366 866937611
74
948535559 52271803 567613508 572980839 653592832 775371963 209016115 576560150 618615355 992555657 152786134 880707102 167256845 938580279 948431262 516580635 395916670 663154676 204459569 144167723 55695145 787156949 574651265 327376596 736653499 261286127 44843550 660217918 28017142 587654478 116837429 172017390 360871444 162903203 80834519 346356111 633009129 230663761 380570648 923531951 537019048 249833516 544616321 558882963 296724891 980950376 330764631 721933967 744136916 409607930 880059189 447942760 571044443 534180632 3157731 827617419 596748430 880876288 663744271 512662751 990895337 419977378 390123937 963423907 497603687 40347596 135487993 259463331 698269110 774995724 266491624 125533292 510754533 675530664
63
96391377 288974565 869037708 468443944 685836508 145626402 8527053 266079112 55710791 878596080 806238326 988702387 947093726 246747169 459875226 327019463 791212755 503075055 937767095 623317393 845213729 565996134 599899009 341184206 260434840 597128241 285972347 966877524 164370031 307896943 558042158 248401781 269705886 380145230 436890527 844096054 94686381 653987573 822401696 477731762 247575166 239384199 317341273 398278559 503520272 94534496 711446185 77248803 502000817 973693673 417508805 408681626 194211347 144301833 30091548 53353370 331270439 701244862 768208252 380985877 696245656 522828574 647780334
98
675505122 542372939 242546960 716517955 656112596 724990129 524759354 104420600 444392623 454385076 449461058 611026225 861342636 287744892 947702855 902877043 26936588 995200388 797683325 955998150 594454440 57866533 506612518 940944202 930533779 290103251 163080938 856330617 583245787 506247939 460479569 516350514 699471141 911210488 507899084 753232910 833516211 606874496 806141979 415420927 752164498 170199735 533605090 987564814 998687856 716409175 648566570 9722852 179855027 50350870 556664698 540114850 274043830 155460625 398029363 106796760 367090472 520223744 654105574 713014149 370148885 750913411 110713777 757312618 135213581 267261612 447808318 159508701 848165519 607167618 178645884 336966787 24933472 195277510 197183851 831312688 967847801 485518597 755234846 133766903 434038694 547366498 271928944 927147246 488497280 377723148 44976226 957241580 180851845 588144747 221300513 381805962 341672683 656568099 704606670 156357428 550084403 960150115
3
890261564 211053327 513172019
62
480339952 120196124 785207154 36018792 856330667 260997678 815226822 30736700 306110379 652998454 897101379 870551031 302734974 585262601 8414241 393307322 308568619 29317460 959503988 936680831 443582930 777416682 877311085 887515337 499664253 388393488 219646190 235426800 975310950 927144528 124308853 294431771 173684152 882417456 682029060 841790850 960970562 312251573 629708933 513661199 956119223 921542396 71059948 416187426 950961961 138801160 153139789 292019692 386259300 21331048 382524928 358303102 356944924 921504467 912707049 272246604 208385819 398437677 252981396 147843247 900709568 24088726
99
850528196 535025698 410772842 521529313 865562506 908450569 78518598 318203296 984611141 362144443 40526346 994799768 615066501 249720595 344161797 732281539 616544599 675436440 853654621 385232855 89408991 692025292 106852771 927959459 34793125 147277685 642731464 888355295 974734953 666966194 804398095 581855064 2336699 329968599 185861821 891831648 712579359 21827083 700123728 458876531 972508464 475632071 637191542 511819037 280981261 510061361 242829323 578182878 305820830 714638529 739249550 489878079 677864174 233478784 402998773 194452685 431313329 889308060 160902696 972907905 337503417 149225663 417922906 972648866 490497864 629520773 761416621 747891052 740122379 767145838 294627224 778098385 87272515 391472799 819678970 49015567 773994688 422424699 730081454 64321033 404581395 892810427 961139647 650138577 643245909 15731355 518695375 252466647 640105477 48657546 54607763 712189480 415525586 303925181 672454202 928188200 613920803 935013355 272614542
78
618631098 805922109 555462970 111436898 90747415 833060105 499434692 208383390 717496227 559070208 842845076 860033779 99234633 458278303 411300270 271377145 734770587 4474958 899093217 328986667 337232757 376752433 333171417 855699718 159945410 769851955 689926276 571747587 865312620 46641574 559034823 665680390 572696114 446297538 938645752 233290374 256943661 59514646 878035425 524552241 380915558 182105768 735608595 640351091 11249702 31572235 947759315 822815658 129155021 299193024 680172097 890354746 194575252 336023784 886251363 423125246 845652031 450080566 262216324 92718519 293642086 394851672 860786378 384104803 140549942 724367946 201516746 755644190 745698560 587170090 543560355 83310251 186497186 462218239 859196284 883118777 994759852 192409208
46
618726083 84262989 985330206 501225732 38420680 659243507 442225680 42015721 538382275 154110958 435267638 502625898 589460150 633640165 962158491 690767790 119574512 269492095 724786817 939529748 996828444 646445353 595722995 832577109 675033539 317478094 698950035 547905439 656908997 734401184 702181257 357698437 745584149 810987609 444159333 192067688 26103791 821440971 660102430 233245817 829741517 668733721 189045378 659509064 583652762 993636488
61
265421882 326142851 184669835 78577467 345012667 457950138 364668070 87482118 791662588 445778658 960909706 295272899 175325581 307828959 530800055 277050250 519032794 48015107 611803267 370436804 741484510 110371189 854822318 802685704 204435752 669674494 840663973 335831697 515019995 543463649 182531291 530784094 584349364 389983817 354757747 346315955 570831505 840377452 348958268 140079296 186122591 455137349 957178371 374963959 568399006 356972339 815851630 526155745 228200691 7764232 378143446 930645334 786924294 232619763 14225136 669248320 447206722 186687911 429566315 908862037 2787159
69
275201814 77506055 627713789 865603220 885706649 377213439 286962346 479765591 244126032 735134152 738342244 247374539 580846811 950699313 405513403 904357661 60511731 818394093 687661906 516554455 750739567 324466407 716037875 399969340 675353101 558826942 31844913 328903578 525182481 116534109 196441826 953423164 727847087 594483860 620594628 648340877 335400391 965707719 884668298 169819117 642669299 767338038 229362506 410212893 363280606 32136996 956448105 561991371 371193010 402268441 995629109 236694323 179227081 469364444 523518633 233926101 610063546 879486566 622434837 479201685 857824122 861050917 150807689 397983180 328764656 166689509 122811359 884206879 442867220
33
358584762 762376389 404700772 207261502 619817171 915629433 798246991 35705298 648173201 64969142 140725416 124247900 824336432 802991826 133788283 985512728 669522407 582712636 968793443 223813858 556142490 606456312 101163248 696529136 423893632 199930614 672063235 448514681 385713794 340975139 60713221 984773526 386329517
86
673094256 194584618 865090853 9662833 228612416 261775691 203256458 543505563 203034077 715613816 186816907 314597453 840079968 145503112 316643773 949021033 148266984 215612422 462759215 695287581 379667732 466364850 491358366 652395076 138054765 359447230 831077506 179278313 908277413 568973199 845291908 178034924 621378509 543719174 222609144 9625953 182428002 384643437 698531010 621667284 697520469 754441930 569346388 95406990 458664392 502282357 459142484 396491397 725748949 167866852 489733760 905035810 1872859 86052011 320946532 888523065 2072428 615452860 725277450 337381929 752514551 1151364 874924153 495858598 973296175 204183312 924042403 545504813 554234362 978405469 73485077 631158162 954236581 947048968 560853122 256270651 880852499 220743706 694141830 772260746 479457896 697451695 192078730 585848581 766351643 880313365
55
168777108 974779133 509098114 272103255 202264086 744044047 214568837 303855574 724902675 647789092 367784858 617783518 76626689 338104115 413241582 238919044 637324692 623584359 89047999 265676669 316658282 568613259 883789224 193354079 195028609 483388225 618941827 375123780 724249833 523831311 928659532 625285629 874788557 647456903 787402111 463127653 995995207 144364064 579651761 376554870 963901612 732700795 721281732 557921226 750942864 714184362 732666099 588679170 975193004 309573672 680152976 839362401 769964295 517429799 435649891
71
796602586 657949005 950523222 896257807 126419816 358982428 764976336 935107389 618421352 833517886 130451620 691757803 75302726 738139002 39767212 316853406 205850160 800078357 579223673 645013804 659720756 663717012 225512359 441657868 868597093 319108650 945408327 28830101 614591928 507814872 801363534 222438155 781734219 134311697 298666053 838465160 57209638 128155811 83147323 294449774 703788500 43749849 591607527 623789302 167360734 223248156 741309489 41742258 688229512 994636413 576790285 559925475 347513303 967929609 819569616 771924061 291847247 343132041 727546380 498363250 173413478 386125328 895060311 604909974 485390894 254986931 280417352 665268949 984770017 141696589 416771051
81
404465902 434749613 683167171 400385574 675472091 514992519 349734221 94782843 407606461 179074897 316001558 888795239 104272554 587406549 607710030 656592850 38633302 676475947 363562670 418043966 785232212 497949921 906253290 25298370 220253786 444384466 904225117 184710762 861732695 757516673 304315904 195274726 910280708 992666834 233732134 578194587 424994027 579757473 302877129 252869915 252814461 320252559 409747793 818941574 34963536 347832639 202360707 377803424 658352670 165238739 178597279 32197059 835091341 863670314 735751308 104313048 81915423 460830525 772435558 932308808 13048006 992302824 330597645 527416088 8562816 844226001 789811251 515191396 498471738 510390343 305652813 262732973 5181797 591604398 32838387 365195582 628996500 729336024 974192988 177881613 927686847
2
999067034 85422816
1
601535376
40
233121659 189037888 127058891 454234243 609666850 843529350 925078529 308361106 607116096 89310987 948681891 828339560 799443857 630233398 580750459 306344493 540647974 613061162 869355878 226243334 677894986 254791979 112952901 437436454 209180362 994121526 975500623 425132968 836718085 745626844 737405750 173835488 424668336 973155963 896365093 73751379 26128154 61975499 629677993 444054356
36
880777642 547667233 317708092 770467043 180153106 13276301 683989644 568087691 248473152 475972534 919134977 511271682 914084226 79097360 231449608 647350896 441490965 79934176 771498126 787067090 6440068 32149033 780189191 871764624 532668052 546009063 536594180 851559791 799536779 522374402 830964781 56639071 918434455 827282398 702733571 266174506
96
400425375 464508537 710384242 634202892 813834012 273343490 434798533 30794875 65474916 665475102 362588158 252001124 320212631 297916113 278137377 840418836 119066397 371545099 248101772 9559787 712693835 825866048 140260005 789933861 977076198 616729358 991655350 700566083 200078059 457230026 179717221 695666314 350108286 669918237 646435572 75335766 201214298 53088639 332021901 94701644 326311429 906893489 182122980 515717819 223268159 571272273 761977579 95482536 876142503 409902956 787579117 123518360 322752961 751926326 470871918 795338926 998711029 37626068 374299124 623355570 491629177 946317289 559962824 633840964 647052305 193412029 129770660 494762065 418566714 779925369 449893136 558848644 492824317 131772248 112981044 734043457 493952375 827573719 295989507 239974809 139778900 714687608 134235921 661976931 671499051 883392056 26175128 348236912 320761850 315173668 522342538 201701263 177965149 674449856 770758268 341034156
27
457928182 130638047 157137632 216085857 162891124 79378834 482639011 762857811 299671942 34476952 585866031 192929671 676841387 244361987 935501211 350157941 533903669 857247094 875943334 761828887 667953735 638808995 894348563 872313642 651334543 291344520 505017070
60
424911511 578775359 961924207 521843370 110304693 733520570 312941458 40525602 656180655 527642466 154407766 504192742 681448633 954152467 845522925 21708993 144346335 741099232 202987395 834338645 379409993 167584462 900850488 679995749 174251807 654636514 658930411 498816172 470076501 613441044 946068867 918550629 335930545 72415478 61218723 383485474 496373443 875657707 609487087 212009285 905623035 628604800 548703401 192891451 251172206 832844116 920569263 193662774 650540349 933590440 338603660 27040768 691595933 265869999 509943717 10813504 364704620 710856705 298673740 304205070
14
422763595 316623722 228371485 849077467 359005968 383577289 928445964 3837581 170127319 118887087 369267673 396153301 82110088 944527009
47
283092925 854534213 338895670 937609063 65319423 740704956 937183804 142519679 137136545 269673906 922259733 605812099 520936083 771176082 786551815 321379699 338609841 48377243 589013747 782045250 729468825 685756683 356734135 550524499 756842871 56532608 988424120 227039639 976090616 243087797 624644682 915701917 375751885 847946873 450143810 945585063 243373278 562413353 400958178 47416865 590628583 624736703 149253111 441457411 470436369 961230564 893857325
55
348160661 621264895 15022198 739394225 716568984 535001125 398416753 276448105 191374487 124359565 696215433 224184944 165554227 203373933 690883922 698073360 68463175 72766696 599243387 413141765 826140795 201792336 465117037 709900929 12005784 325645821 940025506 477731938 593137392 846394827 277559079 554599754 819947831 920609839 794934396 304131298 153205949 232653215 359662154 860839928 787397982 755504286 106496993 996643480 891692956 139452561 555168925 603268280 810523543 597417643 934921673 297553396 868896957 562329879 674980035
78
420342992 474827807 700026130 133321719 719754302 367768577 517428439 135118083 823544795 16638622 633341544 960037347 882056070 320173417 604251008 395367085 320333765 137603014 960380410 400766571 752331339 790170101 421010522 774964071 127264145 994772214 537001335 101516347 811848199 449062399 494086623 491946365 469430131 761095734 551759764 859140048 248500325 742353060 176462366 828515424 7793394 427097506 378796133 709192711 969065048 739849885 283941303 320272081 159721828 279388776 770742028 878201355 525449108 430647523 398528981 881821658 52123194 187935694 73160776 438507770 390198627 458206992 840545861 714686722 630288797 897956481 284934737 386406929 687547263 243080581 540512745 264300277 118667575 579329976 328753452 931917607 608889757 270031173
9
850818668 357165848 335866903 210664811 260545498 931400462 376200870 894576285 348311195
9
203765379 446383497 592709159 681082055 676906824 548442712 559098203 976174798 25620598
37
509407883 547449378 451394127 992068437 621031945 456390064 603066070 50076387 794043856 870965974 927534277 997740163 170614066 51696253 453116796 433928410 496737664 588515821 300847188 502040984 221524039 819495290 328736762 278250798 349954884 427458742 344330997 216195419 905292122 475717817 930208165 418422937 365372212 743449753 87939878 606051135 791290084
42
939364702 102833297 771237081 331058921 300658411 721346823 619771663 753894574 975006350 693274712 129464205 908302959 97429125 489011456 457200160 146639697 972985661 71465111 512761660 147037289 809609653 819931661 327993626 934908290 245534210 270206505 208354823 392399566 233259294 643156359 697007878 36043158 668373248 631583822 881145102 693121168 191508107 762764428 824069808 867949224 853955784 651466441
93
90603284 782863702 178530284 745643401 847694297 204482777 683680850 177876796 231386035 447409987 42065271 806933218 928194119 337305518 319476119 870123079 764174211 676597706 881454463 195624685 818149415 368423979 567946078 761839177 499606748 81230700 465862256 692540834 187845339 563878221 217587951 182646948 209350248 895984845 192839424 865492774 903455427 16719331 824907523 718138353 310200729 125976257 685399249 244093655 278678185 341677176 624111416 872090311 645969079 943355926 890426275 709581276 721505800 772251170 596878136 409956372 378680796 406367301 963526214 467408392 359242834 113845777 617064478 165440600 451757653 271053632 500457280 34342801 26354165 445028541 630604498 269868306 449615496 624747063 786330859 737157229 260597992 994119580 450060828 579253552 542401172 419340461 493458444 896346335 763731838 257239831 554121944 549449768 47373016 252885792 115945777 885677662 66281181
59
925519526 156386418 741496760 230459044 551174283 16626125 370439402 378206298 485249103 571303415 926638203 639504556 339132896 903192457 377584059 387906636 42087182 305232433 547515979 401014176 219842798 636416734 580287455 949023081 528391888 604112424 615462322 982473439 929533107 478571956 126104597 6222999 215671694 823233441 260417673 249620741 494232017 993899091 487336387 79272187 768930691 952018028 564055380 71248574 743407252 103897606 762706595 725135506 402668117 352107152 103725412 145352793 5301635 544409104 190433644 990026346 577711320 914769071 337745370
76
752842664 603748503 363689940 833435153 926165755 224465482 37298648 739384723 696701571 831572153 967494422 519798846 641729186 900275995 623369352 537282923 78535521 669685961 933167437 852342451 768895845 545466946 495149716 325246019 85542804 759722674 544715029 72305476 184026053 979306076 564056173 60097001 542619922 642529562 708390367 792720678 778741934 923056866 998377250 829140703 992826372 730499549 777960687 141260782 478264516 621156897 755725775 521725861 340757466 533722639 628208795 607837595 279023764 244030368 359569608 183306779 702747375 877510145 837468454 989268838 926680956 833932948 329040111 662978551 293262601 843063198 564049354 280650115 844213843 917393582 96345026 865116663 204895960 853956515 966878617 353447084
84
407701855 571028288 314963866 97848697 649469326 44904475 286575658 10357146 603216003 155214412 517805911 362212936 591172841 460339004 555628205 39044112 523127769 90535937 846883705 305806615 398702812 19477858 140898388 493830597 941401775 281317605 969139334 886333273 571004005 126348318 212454616 827247965 76328716 21882469 853970163 183640393 942817071 472294946 5160944 533168042 849410789 217866502 795902245 408354280 556561603 707125567 968286850 967169837 327127262 267774778 794149856 762903738 390879777 578352119 102404759 614028276 646363762 267559688 74684107 14117141 253724267 700514671 944383143 913604256 363560838 64976573 393967785 697846828 670758721 921802814 841960546 224692027 293008955 10893786 319270848 601945018 907297945 134224240 367224575 243266909 57531265 199522304 845625845 262846506
98
616091166 988094809 992476674 512016537 688742669 205879856 640492956 513794761 467291881 103856812 610270903 330248714 476586920 674019424 172620093 806751495 995861495 180793227 553342144 957736839 857266524 274431162 894530064 780141192 834413861 690884660 703367878 137015037 422593420 500445970 701665404 757083221 343037889 485431848 690920241 35919884 984008339 28829826 136313245 455163088 172214333 180916012 63289418 964931754 122012004 994951429 110809879 311522476 56303617 316288268 495694197 763279216 394116349 51979959 55500577 658538421 82153232 217425558 983633157 276739940 124797410 224347502 839775023 922904427 997990115 382352813 482541469 948809401 415853981 148472321 530509899 567217515 594656234 623856683 840428335 817719048 884826312 760386073 390121178 545312042 52348984 510153637 296811186 683655950 277751001 652346679 658388801 74305480 193561614 560146889 162384696 884972287 228663061 201044316 396586857 554998908 59491975 617958744
76
536270951 38824736 902490004 693369714 366095363 230176970 903061923 937303511 987925460 181614594 772212200 973121219 375817944 163208465 732649680 978801400 251904282 78970578 566351882 80889350 595049476 923128943 993670894 503810746 336718847 379146413 348059468 183123511 790344136 181130152 944204740 786568619 744767733 295626502 885471924 472088982 323774513 25464301 709432635 14045 369328033 17669429 933117414 94345257 165146258 707100066 436722201 77920761 745318922 172508423 471278548 524716456 897384461 248062375 674261654 68067398 720324389 491068759 277646021 881553040 824419988 130429998 44357416 761104761 275694823 40733527 490086903 645800286 449268724 581568106 28892109 246956734 384028264 722757094 122332989 548148215
86
84167381 957314610 514090833 912786978 754558481 41947055 992547025 375945926 502526 75062406 691815775 319883772 471600185 173693048 352567657 111066600 917863317 586461401 938268849 33990781 329739939 119114923 267008744 226154173 70693700 676646186 300877167 877907877 77431053 262235262 669279143 842126921 748491628 316249047 842539268 223124791 739832173 393631548 39532790 68173658 711282467 159539053 251989539 882883890 363619885 7124159 670621550 971858908 593407154 949047540 908027607 747646612 622248744 421156581 351433884 356830835 473857600 592907823 576051728 555591079 240109179 137572252 529207849 612098889 9747195 657703225 492132687 649215470 447121013 180791133 590954281 552454269 834943604 806064501 448422894 63542109 879480572 757350049 386002102 952351859 769552591 754490040 386736632 65350088 857356893 332315560
41
566195573 222094243 516012074 688651624 499377447 222370543 953671840 872030967 856361710 406412758 953655639 895201961 659969697 604341942 645761947 303389758 171723565 607553554 824314637 85979472 632189591 639417676 413273849 792729537 709398964 325778930 744330909 437284947 897615751 805039506 161234502 510704173 854792074 238029116 437765006 691081689 888721195 139716835 265843358 185068334 7058453
20
497853176 807857479 718230274 529893268 335269220 805968511 348155148 997946106 690901988 75617234 924057518 346609295 532670467 835541952 726785744 389889354 306652882 174055830 54440455 384974497
17
633359676 332547238 139281487 373806903 431087429 495310458 962499661 723272628 966118401 101387035 138580977 310548327 985269805 491066512 981500517 342301941 189449836
79
533189930 342963338 554351289 151077256 215317911 163966600 853177774 443111606 729733210 682029253 748395784 425429814 903834440 27036581 644378888 185428085 336845820 135020884 680078732 696829330 769983698 648819042 707887943 968888275 730940113 243444095 665495456 162422485 464089818 535000875 22838773 550299560 809743193 211286880 835892790 327848525 318497361 387996053 112909728 882421674 984355213 531078356 641326589 215872635 733031712 819148864 509715741 336690338 470172015 536527227 141207042 899657662 278393206 1732123 437119203 334400598 291992955 321219268 781467611 281910773 121026440 912946035 681780399 562898088 794114560 653383678 306023161 714354315 546967826 639545892 397569574 659214942 554381711 207106143 568691633 679308526 540497590 310990506 680976329
9
885753006 711645385 745284165 67241733 858552594 654665882 399881182 77528602 738866120
76
62229319 2313950 744578246 815836566 692856104 631510573 789141714 411702397 394632018 634642647 620309327 912120880 663145557 613885072 240840074 516454212 782742963 753913165 351205867 125907659 224627173 113560979 447253186 930157755 874427420 490091653 870179152 734409704 676064837 113022313 139357284 481054796 376525571 346285609 359322739 396740852 870959422 676301832 882238448 204197847 319786842 634723067 62279950 966802706 601278531 792543035 504374090 775372128 736499016 223858925 542076980 579888741 531112656 250818024 217091773 723111999 378242537 283774649 335433696 261453055 298794710 666054444 859886092 348904643 176311209 974490549 236017539 300201910 43706420 121976237 900558771 135309563 103150682 282596549 966572121 398144338
68
419038283 484492644 751916265 819878144 876674884 735415039 921972106 443641980 632084022 527756403 367533799 520467709 100349960 503825258 215224895 602022420 703397488 604391681 744262999 306520667 993213940 323815923 178204767 907830321 887305733 404077130 71159453 785205112 444232874 183267050 498214219 618114120 874735438 55552332 649126801 525317006 262172467 282156063 839493765 159985203 950291249 354942057 690588013 308894421 829652213 239937784 952005013 497631309 703017489 772109998 886253586 581983266 899545951 134686674 994567286 274249242 718635977 588403687 821451788 319336745 607160405 380028586 792556327 504026736 199827801 702732086 84934670 884602981
17
956209933 981395338 821945811 66832792 409537109 218100263 81007531 315038910 687125359 790824938 497260879 272243212 415907197 498304947 908663606 632281647 92657359
77
556494743 641718000 221115595 22141770 910236992 720803359 840379004 603787838 372193579 767979178 877431306 764362601 133632438 37551682 954893900 78984715 655551602 130042506 436063990 198350631 515141972 657192623 147525061 282686278 201134775 632229221 123869997 972800856 157867966 108925401 167725768 13463632 50755457 576238527 379892749 354671604 723528208 966330262 182948219 513765185 271985293 80803268 817532889 580503103 971450525 676835797 913449932 53233717 953014748 720467462 824921591 54800706 572301919 963399623 131116883 70616621 552001714 169337959 675791657 381786354 4608955 13151349 115140364 945486759 995807677 419439801 337003121 239365907 633414 384898675 183569691 187687880 339663881 572258232 55390573 835863796 270955932
32
700169787 69043820 721632777 509812328 463797855 815608399 840474794 486611097 242741782 506572339 628766805 939366156 611728944 613379461 801808078 53002946 621688605 185670151 295420277 212500558 532970207 390018472 983090952 697240109 240860020 713530644 282065155 834276471 244015382 986942047 942879298 929164063
94
652087466 73266565 382492286 552664528 56895973 935314141 675834568 202010028 508736128 919001744 787272528 980417972 982952704 286499677 116412577 339250754 501698305 821971619 811887312 24642692 570040951 487730865 868049113 533337681 106524601 732280089 502477847 677933430 370712477 348628172 404603317 638892485 153580672 926540129 206407900 293073882 707261617 919063372 96650719 496155437 271215529 597203858 187570116 543510176 422099235 807228589 967213746 324062396 968710129 799673290 339941015 138801470 104107204 394515230 958582278 879809950 539801634 654753256 963679470 976403027 408979276 232602576 504764791 420670851 653800165 591408044 256734004 600460983 120646281 525782900 451642001 204244399 496351742 42532535 623604396 543459044 753684819 87936029 771467529 441133750 979935900 356023864 942703024 138198832 929784616 596055921 521382706 25036844 965803845 551384665 589188201 592259905 663043594 574551268
93
751925594 429735784 63218972 617912715 565751441 274341853 456244377 401621158 613502094 903153343 782397233 116152123 187098614 8275147 594452649 373593428 448681665 455544435 158467024 847181764 159685017 176830370 331153131 55507001 354084884 3046466 196194681 114608730 232675506 677380184 417837720 226639014 983230759 965477302 153868864 55435235 625776523 817230116 94172366 177935328 397478536 328277033 203213085 600997030 475904058 897699409 643214105 366275817 308283426 636695406 738116077 634841924 430522464 314082286 475368776 931596851 464276067 542037647 83053932 728623084 839907928 309773256 521435046 45046661 766517041 74527427 551044307 212222526 600356007 931613326 215036584 980998733 100988539 547084963 10923200 97181582 875468547 238886929 557192649 989811915 945872059 625533728 876298587 533799513 52848765 559165509 756194228 469433672 683314549 202377015 558938565 544744093 560023674
11
721654229 447616890 805126703 341380438 985863284 264020958 529499119 841972898 664121403 87354018 461757380
56
934117841 149680384 86115488 51566145 653271783 304512791 501536286 755843021 275186074 144618101 421550524 757661876 900916820 9836239 372830022 977815748 441878850 982753546 793947138 488630887 45209132 788449489 483083056 998777756 520961301 329075003 960891701 714901605 529831578 946905721 175680453 241529994 672913809 451272925 361336210 966031583 338914322 527137014 34675168 130661820 421093555 912527933 522522117 637118061 235425452 191414765 900205045 441551660 265869398 832337764 684428676 945876358 62714674 698871082 34535098 192952705
52
544516165 397375015 174869242 234176540 701356008 993025189 511204024 751294158 419648519 203698773 836560638 1726867 288692075 328597449 986278071 909974959 346047763 573565852 566164825 902513303 412457259 105592918 474715133 649794340 646887021 559001432 994482926 911805451 365345447 50932017 440987133 363269640 291404889 655355022 541111846 409003663 320607448 738102719 307865003 214246903 152558527 953585959 908339241 309453942 731131036 826051560 353220079 514654465 956769840 628101040 134098770 345298712
99
580683091 803737493 648916996 952188923 116678539 816783435 779000581 327958091 680393827 687108276 86475571 989294729 950146074 1889184 727457538 686594455 224263665 361233115 743511831 339210802 704865754 787058341 87258854 60781369 41737910 644929237 352234623 565032678 849890553 42521504 750469606 661533124 305803114 607595390 674283038 532130646 22791429 641269025 40594779 929067753 163841981 772911612 913358091 47100141 419482418 576242675 466241295 67530163 637780956 155214132 854181951 840415820 791540617 762630219 329412124 725259333 890656931 408747738 997476264 704521887 334835951 658254236 402546019 652203213 31661378 528324884 875251046 672629964 438704088 140130556 170952756 240900152 328481347 897463680 172582917 581213618 2253330 374098201 678356776 379658114 162595321 383295374 230794449 205437303 513013524 164023359 391012143 674756309 280302894 725222884 561304624 524317497 626629167 316209670 297930043 701288444 516278979 158578059 764471935
18
754013951 638573518 704782628 914775190 924408119 740285940 789339984 654424853 99760994 210737909 72088777 227456152 529286753 240801963 151248457 706162687 625058334 998451592
49
366619700 997664793 537376795 434727093 602630621 365665709 756060782 396057802 595938535 563445163 581212460 592380905 689718153 201673066 572317161 61185848 110110434 480653861 757533234 461295405 818848846 40687600 115134363 68904748 398449675 302861182 523462333 501665000 454433421 477579165 364230657 836253006 794297213 186012960 442172358 458020607 226633491 538834989 278070730 512482498 566075273 537807634 664036513 643619046 895267382 962922932 844764051 926786646 970927166
63
567803311 916489600 170779518 851638304 722585778 685209099 376736694 614564878 491271277 725608180 972697805 210417314 994398959 647590178 520124189 965603512 936115386 47839850 32368167 296506919 436520181 763731166 582841368 752594039 636185134 532262725 333992344 123573179 722267000 489176541 196662734 818356636 890690474 144347124 194449259 460229448 499376094 501561859 802834933 275783302 748877220 401554750 735428859 335651580 741872846 307022033 338254879 867171591 265063932 952789729 3203517 735303561 763610664 748135617 639236618 106129269 371598782 878265634 446274698 981442638 988505419 85352144 883310841
74
567020693 125332727 423889146 116433372 246103082 73390982 488991520 993712386 359364312 456107933 802723988 655867991 861014024 412850096 322356086 504154212 636398697 557553173 249427607 717388656 316276643 719153177 655605669 478657592 363529401 14212268 190794527 957602756 547307912 371680767 612559615 472467732 888038137 317621975 938600261 721491881 656585173 161241773 716515874 102237507 111134495 353450742 335888852 915467702 789518236 592567420 482008488 910400460 312477755 496881474 915929273 241286060 565648907 144314607 424554977 604597700 819944817 177914975 895853390 640868459 494820851 779469184 966582801 666392888 399597095 877704675 259330203 74166117 689458564 24267654 665800841 801426983 648374639 349560058
77
679610255 634053708 678313798 171634362 200225251 751575159 990718170 73208631 604505858 638475857 636234025 992436304 311294463 13063442 601265556 748702191 262709392 412547660 195930611 832263149 199235235 200072670 88852437 819583211 271285485 673185707 444375762 650045394 326200768 883591904 983825083 239325687 882946964 211685109 20016235 422449514 310839750 322447236 980280368 176009616 215023769 617526874 52951580 835332584 12669648 891070146 936057907 753684865 342199590 529341148 527940421 275147142 755891246 802867977 728655483 919379324 120643524 418901526 763730382 186103393 980920579 313199344 834313486 983033713 307191195 231811853 981016864 666520115 946768810 785909520 944463664 141525288 487146307 930246566 967213410 64728761 497526802
32
812022272 315020671 451427873 919952747 114155895 299657396 531401869 607426393 566792634 428071789 957181493 378140585 641965849 732532316 713465106 20245380 282525051 243986204 740439257 576179624 87737862 925456732 389457014 283895608 477469763 61934882 785403824 447160461 257670074 544852164 952980150 189362224
40
746630974 731703548 808259756 324400533 534815751 674918568 911648794 805800024 28714067 743333065 913129031 446475558 446747667 132962526 927000909 888809921 254367193 372968237 379483865 825493768 847766589 413913839 732837813 967699250 885274795 193019275 759762441 638891609 920912934 767980788 910228880 391720783 578262242 668643342 402334348 949869534 616387360 282607127 286551555 242411205
26
153468517 278238893 448042325 441066184 958933526 228092190 148008352 643744473 191521949 216618340 817249011 348114796 455662737 963756861 624734240 501442119 849233640 569807880 165993353 36218304 427245427 203809107 713029882 651289781 703884114 366444639
24
67500349 561686921 370203634 433602222 359490987 63791626 10009130 846248571 947344104 959458109 815245888 720353643 388220039 929452313 357316726 387981930 98863370 317669918 292581238 748780063 323284911 835225236 701609428 286213834
92
694944417 661111968 533095072 444957728 114143908 506135677 75587567 373219816 31173214 843883111 161831393 198909580 753244911 744515787 178554854 874015182 276452787 587638197 168751818 103489885 116974181 646522859 900207165 108010582 215176979 386353885 63190733 710958964 354933751 467159985 302557870 700713268 559026918 510551474 930660826 611679032 765847431 455999327 958980348 694050382 258143626 614323504 840464962 283197961 178809785 998503660 268180244 572452095 999724237 501084687 346629891 567710019 959483508 652568074 886035673 279873825 385356362 194181635 715814764 877181065 517124670 173504226 557493741 610569473 159286294 304207488 581096094 517866081 525625210 817547930 853544073 925137723 886086994 445082194 586570599 499915487 964732905 766600804 167988523 649911717 315170989 770381665 357447004 295437361 835200298 326006772 936152115 883988296 635335587 213398607 63876402 179075450
89
556101637 526087697 386316466 589273696 357231793 505099317 821884556 383018266 703491626 153449700 132672118 759584176 273943957 544938721 207383142 473613674 604354969 912843028 688570373 347931598 561757450 39620905 473090144 607781235 589479774 182127214 629028220 654386384 883468478 586003950 699261400 996498679 961289943 535732345 988473512 713887990 586649086 618361583 865681792 121518783 443573195 35163148 145531319 274342430 17498542 205713296 484079334 183507131 211833527 623164112 456178049 201081995 931623539 528622515 741044314 775001104 773591911 403571632 226633897 185107852 562388236 577476205 747127612 685699501 202651375 995241202 518641027 445033514 183635380 410920720 354185210 666742352 988047184 7396535 55797623 619988550 295903184 547169660 626598214 471262687 697730140 917369054 228764354 732257141 242506044 866900810 33961558 982727538 857118832
98
507725382 526969531 612513738 147202368 439865237 856917788 323691475 160007610 826187280 995374968 694322313 975007832 731679115 615316454 647623838 219012461 566104620 494047410 963579928 109182799 204998154 322327046 231792943 399491905 247168357 215555253 850283411 996486401 409489364 413842576 539989336 249227366 88299177 394116878 987867613 720367382 820544247 259663424 639477923 635923566 151780064 536775457 652317373 733329030 128817853 511065076 279382026 932932016 193319160 976380336 978816714 714265995 328568336 985398754 209356630 625736612 442662782 809428515 713630111 682171359 613652519 503269762 117289025 398837382 836709335 478293102 3257475 83618580 814080932 250826457 409115168 629807379 97499708 859758422 326223380 58219473 574537671 777481730 370459455 716443422 476405977 763912433 59164249 325425479 448035745 542733800 257968900 75035921 663080369 346010988 911898844 520096686 944520003 411944783 425073898 395675108 943250300 660970038
17
88366143 417604658 252385292 598328895 523514762 815292696 415446615 407836653 856134032 781577673 183734676 423212388 369319681 598657242 955917384 213802077 78452988
66
60381974 309109693 768321896 129906150 359940925 955599180 693219046 984687344 517412940 917427950 646527783 994538069 221465896 386289371 72130088 524956294 521223568 84604285 60933210 908572316 772604049 837158991 446090137 262435711 538585683 538599784 758493997 704792419 903878103 767095643 38540221 802291005 504894369 140158494 559691462 195743234 327570983 579240970 826223917 942899024 684914362 481090752 878611743 613812258 922326173 339499996 36105211 397183188 413508166 922412126 229573090 315650266 98178501 459478381 296327307 315796333 179620731 126948676 926624231 357274783 603482160 804052571 904970396 546595531 344016860 275934276
18
70156059 976741960 520600834 57372115 732011953 966120350 953985618 851050337 352260997 828799623 688236406 545308869 308862424 352735760 557692923 989516545 750882035 149087994
6
555168378 697222407 279271994 497610749 19424448 824355403
70
507348998 74500156 871463370 525066118 664500628 845296540 272754109 30724652 48358502 972371985 15719245 540725668 359504409 345725554 23261694 913341911 930956014 195510837 250555206 994274928 18442539 167757247 85381814 611404717 279887967 432881775 504464414 912384106 542924242 720268020 261824900 410158368 814818522 197909895 423373986 110614955 316002518 4068119 58350145 974726338 841430010 405164788 239990730 343609718 825618115 480479364 130424490 328765249 525505025 560404480 145091709 287408639 658296867 554356440 772702332 710292770 452126592 322708101 991028764 894941477 18436879 720780636 612215830 326733447 299638797 521611802 924682121 425812167 595853932 552500075
12
953250293 814681240 920277942 904957672 535111614 68645269 996570130 431302162 674637899 781343818 945953553 276900865
91
922132121 687221041 689538314 573040233 56994625 933864935 475786537 301271814 290174754 37591742 428432500 332317495 863934872 982461945 51306510 201092674 377143939 972344564 985519012 18694777 590030616 556112867 690108116 437571689 866642255 559039186 116883588 392230681 690775648 532540638 195540704 870037690 953363442 273849700 868177309 43429337 702332459 326174 485402026 760985587 504840715 112135279 196043896 629487183 865452550 674354136 477869973 384266744 136415857 80911158 943642677 443472483 385493481 110516083 942795884 79976679 560612623 123224748 41579951 300604226 300365859 227716544 879607198 674040909 108744258 175075986 285924195 716146754 294592059 504126777 879454608 943490867 540342198 301681981 951698918 856402519 194980982 557206593 598154626 783354235 498423996 258725372 610644604 895741753 691580535 535604395 706099649 284971697 20318868 781826076 548616628
96
696341497 797236276 200984096 690319137 751709462 22524851 409301846 895904081 485079369 94071267 200465064 260464575 543102778 730995452 619968805 110064955 826604253 494284411 465938195 122502390 113606064 353271483 143094711 894191303 839744036 138524571 239899413 571644702 507339456 117577697 541809405 37359142 41601168 180810963 553516817 950620140 540330239 149232373 995358209 358353004 849163038 347821790 899269172 724416475 936002953 495422287 409307675 495035539 358678953 964121552 630798117 225540697 621097453 742637648 335910947 871926373 664699967 747188086 668477153 825299667 847021430 201218330 816652926 656498926 900481850 499703255 923316785 810893314 607953967 418259429 524366906 256630142 679137998 194712859 655986132 832783229 410933200 718274503 10282186 808469024 818852974 855800390 752274911 982995975 213623522 864528620 104772291 831116912 697559264 878678220 276073454 620047571 821575298 400564573 107521252 170778655
64
916122328 373522640 400841967 835394561 577856899 947292768 774464668 558484684 464875764 701719258 368010051 565684610 307117459 952217438 971068179 771085400 871471987 918303347 829305295 453910925 82668961 382547635 340860002 571483916 694036750 409572582 156790293 855390086 736291937 591740626 300157521 477911632 959124356 7315672 553090066 687637610 217429757 174536811 516062237 376510280 836360532 384176927 508543537 533744255 916924995 424172603 331145074 856467545 415718576 71935967 486661741 364282310 301344392 700486110 947276294 618669034 587185966 440832912 657571849 813746493 611747359 698944791 491630816 815544882
71
802419156 293156081 462658613 289397843 31735592 721807228 776914445 755811130 290147656 507338972 570530050 712805387 189561579 469467230 51415384 387616194 845545674 538324694 786958345 419734318 739554452 895039094 781881034 284081053 474811268 810466639 402558693 681258873 898258713 6259864 645629799 81431209 559820334 825372354 975494870 465820573 140232536 654734621 824315440 214868930 82619958 663400520 781547989 15476624 311981108 363078912 842935765 292498162 108416919 39813179 717077534 109944999 714177532 181321121 749669982 422103619 757368942 828546356 671764452 821634791 806337953 146976737 333726565 79070465 949036979 475714055 667695041 285710670 713089490 413808554 737499096
22
424941853 923547325 177540957 215485713 294471285 40334404 113497788 975590096 932640381 511749404 43021678 680171177 728692252 764599864 449817590 856071032 474297628 363603531 824501315 998904897 60636823 298090529
44
401616175 14660076 291652951 647719947 377300918 747396180 501978175 714807506 538489369 240421435 532780465 196188255 618675768 909297175 228778780 311997600 462227182 723185403 680493433 524721487 480501673 168845786 797238350 474006156 626797763 984823466 260095815 37573238 116566370 20490686 145585154 967909982 480836501 653268681 219709728 250687042 749113219 98834100 695402152 492428625 822425243 364055473 792180603 678079054
36
841357040 464649598 312172934 731457017 660530896 893233302 696356736 196864701 659833039 347617870 7266670 46897898 445181210 761527983 858894102 474634617 779051520 198474350 423521877 664051331 67282458 706045338 74758651 908703473 291476224 983528506 214090704 309489617 340405785 424928162 92611090 203981357 184720345 713653864 648510315 546844259
3
358376327 248426874 918387381
2
835369642 926608125
46
178528272 16294629 106006535 451209146 37152314 146179051 248088266 590663640 12161587 398115785 756393387 540714593 958360603 508191989 379639228 280730427 947082392 956262071 39919933 9278966 686376596 172977718 447409229 716239679 924654798 470201972 586323925 901553256 449829566 15022320 898705072 253617707 885636689 425571757 185796506 916508174 545837904 625962127 772155782 803197873 90010865 519227949 496114035 465290181 366800153 837155076
97
789025132 877190622 182851866 353426222 181363266 25594419 996710453 351314102 684082450 842883977 433191941 102646740 864317673 327690095 501280297 499699090 155264190 775486790 825894012 699818875 956091212 683795939 96998665 47189112 369318750 779420094 156503765 663440233 166330171 426613886 908875511 821853952 240839165 992452534 690727279 616515732 47898527 296976957 553982181 465685829 721339966 330784708 960451853 415814352 938532331 383719101 817730093 780758588 459981494 853864438 891534468 959178820 175656601 490259678 950967502 892756226 338731877 682545039 870957101 175185366 657103753 557298643 527228262 464926326 843239081 445316068 256478603 994460996 542219960 694697039 273908256 11957944 500178384 513761085 95561731 992853847 702893843 376391469 864166317 14872704 277457041 473871344 328675910 365390599 821768147 151422819 441964000 268026826 514283600 109485548 153599978 438232126 36316551 487841754 436390618 82774128 390118363
31
150316420 648489360 471110079 25590734 748565492 709535686 437513320 888120699 219709101 869218268 239959113 654087036 876992956 377048428 790918598 487079818 519994071 604913432 54102274 468765044 445639573 723767244 531159176 929457515 650116487 403875271 837568670 868462257 945863497 878808090 442361399
34
504458295 698090420 231683115 277419997 628012912 528207993 405434601 7136828 196871046 601314065 919791923 774010330 856909872 87643079 36864257 548648332 225011072 185874703 386189927 176229192 301710818 575809104 462154068 492575770 519799290 862530626 226940489 98991733 251247302 731773676 528697002 659251164 540420233 414655090
25
946631805 615463629 915758752 617989526 518677916 765107672 344238377 58189172 461978140 672423926 79789631 626719666 687597605 560777328 476427752 403480420 826051867 226840916 180078984 655380132 797070167 913748202 374920211 149674144 527709255
66
994728941 484006435 246635073 106299229 197260953 140651542 659692597 202512539 177367606 159361352 917419842 378453757 328911346 875993221 845151437 769590751 136956009 740602308 132699665 269406612 112040371 25154407 353708609 916796795 302945473 475044260 79275718 227716935 469792836 583310814 855152382 67897232 665820505 602606886 940694321 966448574 825913658 279621161 747000847 829828680 118561424 955652046 111998802 767889369 877389762 900387236 185438076 853428489 791467764 631408635 467584348 289940107 569869373 638302331 698153079 842046183 443925281 547201306 362660374 288148550 725638162 791993163 366116072 855782967 575648971 653429683
38
674142333 155575709 915907008 496707162 721657006 895551332 847860089 585418299 343089890 929196305 460675912 240937770 190261672 860343762 863798008 528357772 583366914 521402010 63600365 872513898 186519350 210228944 610633861 701998445 801734759 697411932 773142452 531019581 533923534 34428759 128333889 71280541 710095001 696926834 284000297 638399931 581927440 508665695
1
283431315
77
630734113 929125869 878825846 451089600 147275057 331621996 674043434 455042972 348560569 584076045 560857633 230587060 662489126 718926313 853319357 618256670 214645052 952391974 723510933 793697388 491715472 288128890 459357647 634689757 41394608 692084161 339251584 385530069 127104380 112438991 70207694 275460527 390233258 365054473 666267421 601374631 772920185 288625497 931200563 170412582 597469595 215195723 566534279 476833525 359016128 175606789 189182751 456538416 573617802 707470210 898325392 381942057 647350925 764786652 612896209 117015690 562558814 130081558 536423584 398175571 768237824 317697571 210909733 602986219 310261700 657612976 699175045 768602145 971002834 128710862 360201004 683344962 80655778 515295331 385132170 209275340 384746297
57
33570657 450105454 605503898 443863308 841127437 62049946 667672528 538970108 126304284 228731651 625501545 985235136 157961744 973277913 511081196 680312357 26131075 963121503 149608001 225834953 270407274 515190427 481804826 878261179 343157228 569318972 478199190 118698653 759695030 500340733 931907449 611569285 166551407 946002909 189028462 360390262 911823022 741547217 902984062 326906004 362096399 716283791 77251947 443181752 162023593 935049522 443551861 843820054 343159379 740357219 509611824 419023328 875185539 265070126 765204205 430200281 816618431
