10
48
932143 305645 746484 511461 473145 472310 547367 170011 24203 415962 618959 816655 303059 382228 837257 154671 120789 814436 59712 287307 240527 600304 908513 803737 513083 680997 861195 374530 569399 872906 768132 122787 400992 177423 444980 907878 368064 586960 560175 131989 699799 678274 90825 164987 241527 485761 166963 748806
40
697441 211010 82557 890174 710463 288192 25605 266834 684704 836622 637166 655801 851372 251796 30771 694590 372704 891530 334378 336531 974872 90967 238626 164409 521153 305090 658053 572303 909697 823429 886363 52204 119305 136719 20398 393217 843715 190252 268086 626365
63
176264 392025 625687 838962 91423 89921 674424 134649 202504 899094 516935 193070 15520 959964 235834 146511 829271 105774 843680 189254 216815 316299 463144 117165 547528 409806 199494 843496 530928 869227 291574 689048 335883 439477 352071 924493 861717 149873 750105 374150 550783 754025 689830 593152 659963 454199 203016 401137 905037 415322 687324 690990 196936 791319 191212 512641 278061 266020 395208 377069 65669 774133 431652
75
623020 744405 379586 500915 247160 186365 220251 946896 992943 500176 886921 304161 74778 182828 645986 405250 958830 218410 942523 506182 323940 800188 119680 585190 692400 339384 788232 62841 206498 310252 393551 490101 171345 11415 112205 587430 261893 251319 944000 730030 434848 857223 254600 409644 844733 968500 192690 467992 117553 512927 343171 132672 318719 460463 567718 320365 222513 884076 784382 589921 570398 658117 350489 986656 562473 872250 185501 745548 380759 138583 417494 497625 572107 335311 37351
42
754516 340355 859947 736189 935570 984278 177054 746795 548527 938813 197055 464792 650602 940763 329452 941261 356473 128640 86215 889992 259184 297815 52897 352999 97913 200027 32040 283773 304451 546359 344653 275872 330883 161912 673558 552992 856416 864729 306794 784879 259372 447717
39
400548 718251 948309 98325 255419 791805 269742 284120 237864 406104 211433 86182 950428 406950 949845 946142 223044 379058 910116 191901 198275 269360 504544 919740 783592 31174 257220 441288 153517 753008 240151 910752 330309 215273 880661 16504 279094 906047 211791
44
927109 141634 573330 651268 668143 436121 686169 386475 619294 871315 298585 999405 704232 758957 525585 123728 662546 743527 59355 560710 530738 50181 667463 548220 323291 639161 257404 748728 507455 126458 939093 659654 496400 540862 803481 181146 264423 985667 127053 98389 615180 572745 577609 221291
99
655048 635121 794624 274007 373996 112379 8275 144151 27806 793610 567673 667875 177437 184273 276320 975466 266080 67552 456856 880716 151752 213404 312686 573242 206328 921477 467797 908952 233933 464773 652041 549371 698475 531521 722521 989345 630917 873271 326125 548310 117398 390945 174556 33963 641388 239831 387957 360622 559301 350675 428861 366344 870489 838365 937011 121703 884574 288460 190450 967656 230747 489562 768941 640969 404474 15187 730159 67024 173492 305235 582703 290969 610957 774769 946518 33442 408803 853445 957791 571655 964382 708428 225239 31972 851649 429033 524099 426534 196367 965268 563285 82155 928107 282412 832538 564487 582675 745030 384702
26
433643 695738 937 452992 42911 269512 782126 754440 896983 531019 292017 307027 502601 640339 397484 140767 482952 143015 339665 546385 843090 821493 13047 433474 883604 891687
99
888680 322562 512847 495333 111932 434563 657023 177758 256912 654817 538671 878492 825763 331487 581491 152098 73542 610206 918614 881234 297911 269724 10073 546356 993856 971050 825030 690728 316011 280179 612412 953376 490420 860835 139672 700965 118832 33423 778611 137202 11296 246529 692647 100590 282507 21419 664865 48861 181296 436419 920770 809245 182168 552313 448905 729339 250822 83530 572982 88110 203958 749454 110512 704269 410221 531958 783296 334067 482364 389178 203287 702828 319449 553522 47658 543060 85206 579581 380019 835976 121753 769224 225259 550116 159096 220355 255285 441389 870317 610103 761880 684288 807176 131428 137835 512457 279292 568774 763339
