20
163 2.4562778154067813 30889
601 7.762973464791476 5342
791 0.8070669776375283 88570
768 2.380278325421924 27078
154 7.3255293747364965 67882
877 6.911953783372105 49046
388 9.926481107960297 30598
740 3.335198794689114 71413
682 3.3850090069113574 2824
954 7.141328159839288 70697
308 0.9965580769899641 98564
161 7.6579884503382445 30179
58 6.835756847526035 77666
292 1.5736636097728718 20032
854 0.6151887918174068 34708
838 2.0852674680659473 74741
920 1.9744997264899184 44040
503 8.618509145460033 9465
364 1.0904226023753747 49138
881 2.370253772387095 20007
