50
86 7 7565
955 45 1134
995 44 6364
275 4 8048
540 17 5636
306 11 3331
385 8 9215
859 39 2989
299 49 1407
736 37 8486
115 11 8049
351 9 1041
632 10 2625
616 49 6711
619 46 3531
516 34 3734
426 16 3571
271 43 2114
583 18 6079
752 42 8349
859 44 1564
909 44 5880
185 20 4005
506 39 6412
62 34 8825
387 5 9897
143 25 5588
991 14 7181
685 29 6453
470 26 9150
189 27 6073
856 20 8406
870 36 2492
687 17 6535
812 40 9201
159 5 5261
535 38 8501
747 31 8979
803 44 7735
731 46 9601
738 38 8790
517 39 6086
599 17 2614
708 13 2290
504 27 3580
752 3 4287
669 19 4162
829 34 5664
105 27 7032
935 28 3547
