25
1627 75.10205975864598 613508
1240 77.90392295445099 926223
7677 59.90673584039952 684819
8335 52.210489267263235 554260
537 68.68212533574358 593779
1761 24.17878292117725 348512
7322 93.2782342067833 613630
3236 29.969510297499188 638448
5441 9.968378632506113 686238
4134 98.17031997005137 557678
7766 15.45366677416841 658746
722 85.46613316117444 723711
5391 43.111732861917474 624156
8821 74.10959611881766 615386
1002 15.363124236004442 224710
1783 12.207480268950494 582685
3308 25.332957631527286 470646
1203 43.90514256433208 456625
3811 93.04763476574672 189840
5668 35.44311170206329 942430
3976 3.462192934943868 86958
1902 24.28985464809212 552321
3105 47.00749652796929 670141
1188 98.71279621967645 859326
8642 81.24417972073877 702896
