5000
11662 634166
132695 814444
162445 504842
632879 319821
874879 324392
671005 712801
164555 577989
580374 564019
726349 720183
7007 836582
80150 689448
208964 994454
396391 884636
230352 348026
899333 521510
344698 821197
531736 688884
194413 535963
103638 33358
414871 909219
987180 368411
775850 681505
612044 337646
798503 73407
786120 878712
87079 699052
849315 924516
480586 856960
143065 467757
8275 225730
335963 236515
166822 172794
623439 107477
579052 632074
295502 510071
296321 22446
803870 558214
416007 739290
816877 573813
715459 800009
565106 642538
473024 536462
181106 128346
805871 842161
330896 183158
690652 653877
314636 659275
168694 509956
879605 101877
144944 626284
639954 583854
952418 233210
369765 351998
939299 415319
166477 571999
253827 979364
451727 837140
335517 699859
16359 338768
732440 514579
385219 170185
291185 76582
761836 4935
954499 908485
7487 137768
287413 858896
576364 756332
476458 802146
544185 871337
741819 705324
473667 189908
381950 65806
226673 729319
233417 505760
545110 136310
127244 890728
377308 146316
823245 46211
502117 116786
346399 892093
749904 994683
99115 677935
589412 514115
200618 69150
659335 29752
662586 819696
670448 274601
594995 758386
858726 617256
900842 698693
949865 116810
487595 623317
676067 863227
525164 237272
593545 644528
932410 863566
74075 407937
583407 934237
615868 327258
818849 387191
804247 685270
631163 684329
266830 345119
358247 42487
531668 146448
519710 437742
85327 702879
328979 537481
808379 845786
424082 774657
734500 379840
750669 694702
577260 290209
469394 713427
823695 297339
399294 109338
115256 801308
329705 139738
73798 711890
482286 759301
688240 869386
852976 871151
584829 234796
620367 953606
729816 711897
665694 214649
228366 811309
478711 299311
439099 332125
935026 925180
187686 782401
582397 684958
167464 924545
265030 149360
59754 661491
940706 150139
703990 565486
184545 74870
932421 862070
783955 760725
592695 979697
321057 147256
319222 35390
629706 256879
383745 2477
824426 90958
927478 603484
264209 639506
545647 982578
907641 5190
694153 895489
446632 287728
666631 521138
366614 281947
314034 361191
256676 732030
924333 817567
36238 742320
150097 538236
973986 11603
962382 757837
703309 75968
210603 328610
543140 583205
265856 63791
363483 918801
630302 207404
905211 468237
326510 343246
785668 760653
468033 984577
441994 783498
235626 474222
791960 832565
354375 414884
408971 574405
483410 585157
92804 630577
728112 499174
351696 867643
83186 63654
81566 764688
540415 587574
591073 479928
854118 443837
336927 304489
554945 171238
342610 229761
996403 702433
856625 527166
110637 2758
397303 221807
664022 193500
458269 674309
57991 988763
96157 947666
749662 719557
739502 828326
627218 44670
180780 162647
84162 684159
441364 578463
633683 407721
876604 926851
393463 708932
616068 947326
207550 181477
354040 600264
362502 594433
513225 753740
78778 517265
876844 505516
867638 808794
105525 682534
252380 707167
395591 521390
671933 777444
384465 897182
466829 456612
326797 368183
581226 240941
935617 969063
208583 715993
945437 891236
771933 290743
843309 809523
56688 926925
897792 382044
715788 186731
43816 522170
595961 49590
752314 866664
939501 894906
969269 373824
817859 251159
470884 361247
284985 881795
304096 682480
718778 159238
226416 653740
658213 38052
184784 44292
151897 448761
685858 666278
902885 238766
85476 375728
972419 82053
357132 794373
621642 282688
497845 439681
714915 821886
502130 754387
195075 154142
164043 98675
19093 855778
238757 604082
722222 732733
734705 501325
944413 583799
287462 678078
85883 608618
361357 644677
326175 192157
257498 892207
498991 137400
638897 937436
937030 939242
226071 581808
403838 966922
886858 751960
816273 595161
786268 937170
921994 66452
811245 244746
611963 930516
264975 837703
929989 24233
882120 326090
204287 458666
943006 703366
350512 120146
701356 643433
879333 900849
11620 327624
166477 714730
403753 922935
26965 939955
244822 974961
582180 613674
528279 293296
199452 166668
647652 394457
847200 995869
908822 184926
200072 436196
482725 102388
943672 375647
789906 958713
481278 747600
935165 505728
219267 173437
833573 301888
85750 742560
451029 654637
97786 454591
840125 29050
486895 464263
572917 841190
96469 381740
706579 377466
679234 707107
831266 917298
587011 841590
798715 416606
925589 275448
453526 721824
314477 367690
984905 605326
95318 837005
899182 16207
510216 348394
556780 121134
485691 993347
775087 906323
580508 268785
436523 793064
770024 87945
864979 950486
280240 426946
728106 661032
368633 307121
626472 128921
425927 240625
298677 44763
807643 698326
948702 431802
833775 664135
966121 854425
152083 767039
303800 321372
704553 615379
555603 143057
52735 596279
9241 965716
602904 435452
880231 724037
630630 55775
410203 600454
763090 778636
509600 993153
31703 896737
849031 959435
584735 866604
372722 959473
786307 265451
221996 702799
144394 220292
770602 646809
78633 101387
553272 504704
627196 315444
877312 332021
529039 684578
33235 763468
565541 444850
224419 684360
918130 29703
719809 277512
944634 991269
808289 339408
100342 76
516508 966575
504344 444839
641521 434384
772083 174727
375824 200844
335526 229797
955865 841878
780365 884285
311564 716061
525615 615660
437998 512299
838997 967827
35350 649583
949676 961446
802557 725208
769312 718488
423677 261949
889271 363242
335861 930577
963819 577565
146577 68990
631806 556392
761240 959946
214215 661493
790586 361235
876693 869855
917095 567433
178655 786100
669631 303768
61350 798903
123878 829411
563307 147417
603301 347522
336638 27799
427108 405699
7289 887352
494009 335717
750204 444135
166156 484710
427058 914088
454771 890804
775059 704846
918730 289015
15060 452455
888900 414676
922225 215837
565371 886589
424590 19122
826937 881311
742522 943304
489714 742783
583960 905447
528028 797956
981359 185407
497339 446366
220485 143882
482696 735890
489171 867527
721517 636269
255423 665146
94475 288982
964094 799415
109788 413009
33177 382193
138829 655829
848906 87950
75678 254674
19406 970977
695787 237093
193470 788914
639186 807614
268424 700957
569564 820554
126902 299776
528671 939928
540900 865461
91109 123578
103706 735875
132593 718165
285213 206003
32281 949555
772058 655710
50381 503214
90364 125704
605687 555549
520847 322089
68898 387848
453894 151761
23992 848595
341375 168313
943223 128582
787636 654680
886885 149361
873540 424850
247408 668086
374751 432289
61476 25359
310210 867616
490280 739702
890197 352314
714787 731132
594020 711278
737809 882501
408522 486423
499760 257804
276394 872621
923537 118563
210960 198413
685907 195992
661405 852151
299303 227088
644814 955801
113943 921131
729419 633888
808797 84011
868233 979629
617224 844743
190962 485761
836621 960971
341962 299205
922796 811863
966756 640110
986557 189186
507845 567621
817277 185816
985470 786751
37263 849765
734391 519288
709997 203376
58741 767449
438400 775597
689874 60738
701303 963221
709779 25614
810036 245123
16157 993152
113965 579656
967967 506268
82551 851060
539819 373658
570211 905819
791584 249697
502341 754964
575378 337409
325983 363435
2976 281834
635894 721182
167214 903053
380045 861819
325247 883006
188990 185578
49504 294105
896328 845201
116227 815730
673701 912346
774400 272970
919631 616099
555967 50103
711745 683187
543087 769131
232748 995835
485361 99968
701333 106049
220160 310489
65358 476907
823607 914848
826790 998486
804639 29856
446281 650087
27480 294013
492287 500657
707274 119836
266907 365583
784291 793435
858465 463594
470522 202922
758568 224647
724258 833141
655683 545965
132744 582190
361789 493416
717186 898898
434661 442377
467543 906965
575505 425900
677548 984048
369236 469815
222554 778436
913048 184906
19448 960366
600596 61291
219219 819654
357141 351657
56963 213558
858514 915705
798662 712620
838504 350793
602411 315282
872310 106377
558403 401094
860215 211649
909546 915855
631326 149829
648828 836071
631795 279650
778492 870424
95945 606757
112339 703361
860733 320260
618614 70165
117144 749937
28578 66628
423213 485308
982051 711194
375699 305635
30496 522465
465315 76126
647477 396540
95752 945373
720953 360769
712407 952113
808305 460763
822166 37026
544593 737049
881194 55531
741119 370393
119773 888263
648470 36735
262550 134796
581018 110344
43113 147555
598439 303299
383995 394276
170709 404742
207370 813875
184119 392808
435956 758927
983137 924493
41553 352954
115145 501794
214824 953275
255781 915633
994998 845668
218510 750386
953402 604646
172021 199205
386320 172065
843898 789921
505766 725919
554325 131893
265460 806950
724568 142552
368855 763636
453471 815947
479827 163871
422992 538129
561982 928816
605022 780864
723707 783683
271363 118094
553470 460462
431548 931003
835203 197286
571410 316275
197814 825537
52417 406658
600555 553818
423751 418883
203181 729356
69958 670019
616140 849743
234648 57879
570172 312322
922475 362798
403178 999702
801263 996042
58913 979871
146729 272843
713360 405600
860808 180434
87721 859122
772164 14994
448273 566756
168688 69585
447920 132978
14945 370812
177863 336166
682919 812097
484710 101338
924023 99759
563154 41078
75999 497305
17326 855045
586773 274408
789283 449934
764170 589530
738484 602526
900373 136226
909819 767368
736049 159059
152567 854899
549601 138550
758678 859540
924807 521544
422757 393087
550386 2087
50112 98501
506928 166929
410114 261735
153388 415467
680082 84563
708537 373465
158741 584417
541314 277729
60538 478997
694626 546055
768606 109087
722034 502525
61334 238231
191778 200112
194512 234284
180557 35677
837801 557380
38596 872545
567936 731917
562179 756448
545503 664965
708824 147075
224752 9675
24385 73906
999724 303685
190724 222852
265047 339248
882849 479500
642510 47483
463775 528270
309451 989069
357739 18405
209642 850597
177544 674558
372783 429204
279941 792317
70059 373172
965862 209250
687129 486616
822760 222910
72311 788263
245869 229102
25534 688653
974172 615343
47974 628877
24767 29423
251452 9152
671326 429820
201933 618316
565445 194980
965788 843309
569162 53725
339299 383734
979500 142110
599658 556447
108311 740563
909795 650833
967483 901670
644826 413627
450157 596513
247655 585079
625992 503307
824417 995786
261353 980002
15644 577166
326592 708866
998754 534223
965961 349793
347121 935781
54178 665979
886306 549197
654726 550136
101060 952467
458302 108142
772590 344504
939754 529984
697466 911697
69049 806240
673481 773221
746149 413767
258646 703576
856325 795043
78192 326187
593151 772627
566743 249466
426733 976133
726822 48367
367283 619975
70946 354261
124699 580410
138668 964801
420413 959659
388193 991374
831972 291217
496132 958851
727493 587070
523856 285149
930210 274355
247164 939035
504706 714115
111212 308957
410129 765033
360150 928274
365047 22549
786744 673443
624125 660125
185934 166631
653968 836444
254069 661600
158058 304280
153303 7732
350974 652880
502436 710899
289510 801038
351824 396629
981833 89104
407006 223176
775060 300207
872036 130435
3350 352046
369407 49003
422730 397129
422880 233698
526223 991052
923078 658598
992263 58855
135807 423858
568716 400473
958653 647179
396395 614482
753416 743279
50961 347054
371371 819244
589358 377494
334567 947843
699716 292703
763787 85013
586775 557015
875022 753757
462100 867912
387322 767960
301698 557185
936515 816465
849201 587702
218998 856411
368239 667977
256533 463313
358294 399899
179294 287091
944825 648089
223237 501224
600946 998241
247612 190800
167918 923383
890054 68610
693726 318858
951963 8149
334354 312784
391627 613501
397974 133356
983555 310456
855701 732889
179397 142618
25923 722701
286049 887296
260986 56292
392313 605306
925383 249162
826583 708921
578399 732865
294806 967894
102933 289301
843270 415847
594640 605036
38546 951081
444176 895165
86242 666736
225763 970257
245351 649259
76479 203228
468815 598006
620756 451984
789172 754059
8867 842085
886736 523008
827853 441140
933362 971294
64639 903581
534245 587344
456625 749654
623429 606890
27065 215907
355097 820146
617506 896644
406556 721202
799375 529051
95057 513408
928980 312110
130932 761819
674863 276758
25472 803230
217816 449343
367281 685673
554717 25692
956059 199871
78596 944190
720290 839355
630449 63124
340068 218616
881323 893677
860462 837928
703303 843852
703356 746637
131295 892678
228640 26849
598291 395412
143442 766784
580141 110318
857072 691550
466073 661677
558130 210037
545290 740312
285767 734637
166324 922118
349748 837783
970803 397861
937902 636793
246300 529994
303179 316145
589369 681225
960275 473201
115099 890722
936335 143660
407776 937726
804368 462448
831943 379506
479139 311431
193335 342009
935394 516544
124692 273155
788393 10317
157033 715602
721750 588701
730074 371132
938254 404845
631974 533944
821562 580016
369520 692362
121481 42043
445343 628443
661141 928457
417589 78089
92399 745794
365712 462846
146969 403819
589045 848876
290782 290493
807360 753796
353835 621852
197050 498876
893768 315446
521668 478475
372020 309084
295718 902810
395623 646652
925085 144318
102923 744957
612787 664111
282400 16070
307687 210896
576213 449116
568199 363658
772467 46403
765168 754720
651237 572258
722701 730911
824742 392849
827847 768869
184969 613878
190978 686516
348429 744315
404370 69822
340889 482160
917812 285435
37230 929326
689052 46774
83110 394329
700234 999764
895772 403208
834433 330771
392956 659670
874268 645186
242556 122595
801619 708492
907490 238180
428007 162247
562411 569606
290072 235279
12534 636580
204986 616583
566992 526864
543039 988222
414926 930689
27800 602118
187711 367292
710750 378080
940927 792176
545347 208791
157702 191702
825045 826711
215765 848323
153537 665943
173381 335274
808177 943352
923898 236572
725397 67742
843072 148203
374071 67657
256333 897416
995874 99912
869635 557985
520781 538240
389292 600218
874153 627632
468470 468538
951039 140521
947430 643645
249413 513368
727519 230969
408149 16861
191372 444505
575385 733709
583553 208695
47880 44720
742755 898706
39900 457069
759055 311864
129088 879812
269300 661729
924115 939081
978630 593062
350491 337382
245660 295014
520336 278898
766011 317957
740754 661871
754859 280290
523199 864517
576961 584775
310509 440732
738446 839772
701714 362383
18025 584141
211749 852340
224512 668505
350538 816752
416760 79690
470444 766106
279534 289656
154111 621300
3148 614765
140702 904436
187129 171103
366719 438834
592427 435976
577694 995435
472890 359861
871971 839065
379738 67903
218350 91670
287553 455023
728526 764158
185293 280421
67930 833014
996108 22181
536535 634090
617599 636638
29626 526976
315033 719342
520547 58233
335218 141162
769508 310506
49190 703792
16608 421204
828948 537505
885934 647695
939081 549139
308139 589155
886419 489849
763906 239144
541121 744917
907571 46849
688511 820816
866982 523187
666628 213681
645098 598268
949981 520419
165182 800999
585953 881558
365965 444393
502830 465970
318513 105153
718887 747542
343919 547314
315079 861690
912502 525899
688169 454745
888276 868943
44659 366065
963228 475451
121700 529004
203173 17435
147941 452187
477248 250016
350073 961796
912531 756876
410107 815072
541870 487160
245400 364114
355902 148566
16298 670181
309424 482645
131956 852410
25972 693526
42006 263924
854839 78447
229529 686109
335440 566458
197881 133148
688323 587158
715037 836970
698664 127041
903067 129675
16187 798366
880142 26634
250793 518135
357698 717152
529626 649888
579513 230329
252981 113631
637905 151222
613712 270892
140016 96472
527747 360090
762336 941204
982149 56691
655042 255202
749304 903901
813769 114779
24001 706897
56837 526802
917338 7986
634861 474040
355812 502460
362547 145135
480213 403876
499647 377204
913511 989985
385218 490081
180709 782723
569312 192728
400951 825035
617835 925860
877231 460332
415196 499728
171810 73917
474881 174392
127938 724276
852051 151409
423087 700234
32662 767007
471609 820536
627729 946126
657965 495224
444494 283101
60026 844396
204350 913675
744584 108996
104099 945467
5546 381382
226627 540365
891853 443703
319062 536389
116529 776178
995000 189410
314743 3595
816425 949592
520549 615579
471310 570743
30527 855526
376869 631989
604130 74083
779257 610518
167485 609169
300037 988653
25383 134860
621731 563196
582316 693351
257571 960632
788678 328978
997789 339166
311542 143904
727037 572814
504729 267968
133834 940131
325982 107466
414686 783822
379601 128774
205403 943802
360969 455403
205093 45340
51562 723299
515612 581056
974469 461279
374592 129737
754311 617845
302496 882388
865822 718537
43220 217168
139396 579842
973881 513328
26701 420626
512928 614887
12513 154080
225546 230324
849588 365434
880705 587238
615711 526412
393453 874712
909872 342130
989863 83016
941359 494939
308127 710489
303204 758422
636313 192322
281909 14569
375336 76031
227606 388707
665414 304191
235830 78726
806305 448429
112432 269411
327710 783722
514561 853197
481337 206341
596108 578522
949838 864868
942962 598412
221888 468390
882753 164770
208644 70046
25772 627599
212993 421017
973636 588753
998457 426800
957314 515503
283662 878299
991138 298124
299764 678680
110464 552529
797206 567280
2674 761513
907650 566756
998518 706842
161567 580444
172155 161512
884018 33316
225961 788456
947257 918940
346306 191745
178434 285146
299820 400691
871495 263265
350033 639587
361573 559524
121805 914449
167753 117347
519610 928095
441935 327048
696096 437862
134598 489115
655748 968947
638454 233799
218140 537756
902189 138974
123800 269555
627184 983847
95314 267337
349549 890177
909079 434661
821326 678110
39789 301740
686182 52501
837493 119677
758105 245397
755141 694800
540781 417617
842587 310140
327255 109206
667311 298603
962496 649379
187455 47373
934767 252800
793664 955772
290415 242363
198646 847388
288084 879410
310658 250084
979630 719978
782820 975218
58445 218462
167101 621835
674891 710771
172648 894210
993276 141068
733420 541082
30632 624004
272362 252703
547492 85894
9954 847537
497656 89350
870772 246449
826674 809501
855581 995416
499031 874438
910579 231100
166901 142043
366082 652496
589813 367239
660247 226827
368227 349517
856006 952396
568351 992591
886417 394097
947808 930040
98352 208892
547053 959192
670986 475778
429766 425565
51034 546998
889600 774595
35335 924929
571596 179548
857792 418552
10041 718878
236970 115730
415252 164882
46316 644643
155493 209330
478087 287180
302402 327771
684971 309382
330314 575419
869896 360173
666427 610510
138475 565723
564336 484787
831895 557012
264190 536733
430384 345811
614271 130023
271348 455837
635604 96716
598672 712306
885656 951429
230098 991390
3603 466729
957969 633222
756429 184489
35029 426512
454860 648871
924627 676322
50182 835230
511163 50099
720284 850216
330699 845067
128316 36548
108891 68780
24003 312677
214240 280462
183033 781615
870465 571712
892935 292097
471628 403747
900244 367616
264919 15891
517219 608800
531154 924494
736352 875501
137628 283507
873247 295813
441822 233624
107689 153289
293378 350302
489720 854683
374651 481732
517973 406087
721049 927940
714500 537142
525840 648591
188411 506631
565344 866281
642578 490135
149041 473947
862223 987999
138565 979715
899919 461582
494130 439498
911835 15447
729190 948152
472251 734277
648844 95158
983601 485544
822201 35666
937221 743491
573326 480646
858842 949049
836891 238639
412619 314008
906748 279385
793675 526264
571384 352528
802636 687966
495337 99163
60596 817704
691318 918244
482397 159114
183316 345587
323466 632506
519828 895120
127378 277574
463478 831283
590259 916647
522557 31520
732667 664942
106040 808763
861660 746023
449535 874021
926785 485713
780404 834103
346610 670932
200394 274625
416183 927771
455568 845376
67620 984362
70459 709530
636151 391227
808483 182889
751692 610080
625509 303544
837863 876604
773557 958462
945761 252133
916766 366803
94258 412980
142194 901138
321294 895551
934393 312449
672214 135384
169555 56289
547977 276783
905214 102096
19985 460882
433252 931081
638045 614666
485223 783646
748347 748479
918155 111139
463453 599412
184856 99455
693873 128769
682857 169768
527622 689542
316051 534225
332008 373149
53394 598907
298622 495244
674925 763924
434162 270527
201269 931132
879595 829373
705254 955702
462378 497189
530968 29945
557625 254522
902685 634708
953740 990540
67566 956918
876138 64400
289585 96325
409532 496724
949323 812414
937307 215037
902875 29522
862634 563329
878077 198409
83830 501206
123531 77548
682281 904348
339694 221437
421596 210490
114665 521838
387352 765124
852101 923771
940790 249811
738157 491051
585428 752817
594818 801261
85963 794044
994068 667559
726653 958018
584582 92729
192367 923699
204927 110470
782836 928633
996146 205770
26176 420209
225089 108256
167408 739343
375973 844664
396419 176873
480764 4647
902863 143037
849042 857713
41504 660362
687150 6830
119184 16244
402990 131768
49071 831856
696713 815468
688166 503875
732027 886517
985482 262709
154847 833320
971855 851203
644253 703844
605703 854122
343648 685301
971084 421914
296290 643434
287318 903039
778908 784857
929964 481925
540562 213980
287864 691857
456157 681638
841864 357087
805287 890661
472465 971989
457125 618107
975889 322758
47523 604105
444774 648670
232872 253979
740010 19270
160950 731935
6196 265104
599581 692881
689573 185987
746309 495908
927927 221350
528207 576913
693428 911899
438886 970455
870606 509268
832315 608980
539898 710632
708682 393264
548855 720775
726250 958599
466456 22110
783602 544083
608939 25475
642674 541386
101448 879170
61806 898910
75403 870525
372995 188712
241053 541960
971274 680076
512837 281304
720161 394821
132581 859920
890398 758291
889030 201531
613287 949583
304554 318169
950136 778600
702263 529575
348532 357027
283461 80888
109230 421788
921141 246126
771551 760620
446375 792655
625994 225780
489084 568367
920212 886971
870851 730369
746181 588342
986362 714529
347945 429243
896111 300024
474845 393435
486645 705794
314297 474530
593052 932282
249222 228694
646958 476717
646428 77014
816539 736262
820916 352620
894687 646351
851339 860498
519686 712846
125120 286707
330892 321460
105374 551542
57234 702154
611767 449107
658633 741932
94238 576930
644117 158516
759294 482376
807556 22252
99060 307368
185193 394837
247971 430789
188768 997000
929061 111293
383650 20643
377726 377875
942153 363454
62917 160293
701186 300712
965366 534331
132603 46386
545979 397201
609774 698042
887394 40232
803377 192893
332938 458862
631167 212958
965510 490741
340296 557589
265603 233540
202226 992957
594189 795545
702385 999627
144884 514915
681383 281698
65155 586071
576412 409269
398711 512839
947094 252298
666615 711486
445695 781411
490092 608400
791626 736357
468574 79957
179254 658294
434939 566984
765342 227858
150059 472082
462838 544265
852886 322518
279867 524474
614992 332847
416154 693653
526820 355856
771031 12637
71969 499070
412161 246330
992563 820402
65810 974095
297959 101182
359981 322609
518626 206827
631609 275398
160123 362358
485 774849
585763 305865
467184 150466
994153 930199
44109 522264
412119 334044
216052 161623
367656 216851
625149 676215
206059 794536
23258 718679
722137 81582
295024 383543
954093 231463
129210 587415
721941 976592
962175 812381
766848 420998
125384 194842
74026 325541
601260 970842
132357 712443
813621 450111
587509 584765
670354 540829
251978 485843
777104 437762
543986 633840
895914 395835
868950 528073
942189 677559
881022 212892
469898 193756
986236 541841
393018 193286
643523 985847
426525 737033
514615 141107
139653 300024
733081 854620
168731 229459
938461 688824
191397 59952
689655 411461
33783 979673
763383 346751
795923 956281
422331 847116
394628 516010
392740 571525
797990 747501
810062 228565
670948 499545
962171 86534
169795 820480
356221 476455
258554 956314
625093 45106
412203 464354
855126 904189
228746 532330
984369 112342
763076 21474
454511 785594
988727 225493
732695 71488
979008 719093
522030 814916
341420 36583
513712 533228
510906 37052
533655 703567
259815 180730
804587 784955
268081 600576
180179 445386
127476 415804
178317 651026
194074 930324
145530 867881
438098 342426
98531 573824
712267 296758
706835 876948
593852 452167
194512 109444
524538 866124
861358 709475
716988 636232
444798 852055
697917 713834
113303 614804
414303 834491
29942 679147
866214 395478
675620 731407
851226 688213
826587 513641
736489 51757
237603 383825
350206 654280
111649 939526
1427 932946
62354 302152
887488 182370
167535 415981
865445 937115
88016 363366
841667 189553
344091 400238
794218 47766
978904 736709
391918 406982
663844 881141
270975 755024
485491 146775
350987 135248
642384 450778
361339 658782
372287 761163
507084 562041
716453 721298
450244 890782
986221 102229
641033 603339
984539 579135
533057 448960
39508 489779
526348 351533
251024 186791
52718 63166
113913 825846
52858 76907
528066 393998
271803 121587
832286 675157
726421 64207
811194 751263
420338 304832
583576 944879
531816 147157
339246 489156
374279 458702
815386 285848
709900 483595
591062 70243
935450 704776
713792 205328
497318 941569
999677 350734
562584 198214
188038 627737
289938 875088
304640 437570
475468 616635
505576 224702
407956 768510
209761 954914
940943 784975
188651 613631
564169 349023
971792 949632
373252 883388
199184 110287
416336 200761
476099 297115
575660 469758
180306 402999
474818 704235
433891 316216
364519 73742
657624 584667
535900 282095
179095 77669
818829 412957
279230 928771
859407 529722
504692 124373
267732 566549
724970 922370
836031 897580
264153 529442
292526 236008
317662 389395
531938 476604
858786 618162
185989 583147
71729 104591
606425 330116
594968 130568
459779 332498
133438 771323
535384 109714
698859 37919
920252 378411
535577 465049
402628 228642
657880 331936
705493 925258
101927 55247
481440 589570
477899 182237
463701 329110
671065 780993
601876 17992
903910 218134
98673 703768
225756 798754
867465 302894
58532 971244
725462 49511
123775 444528
853975 796570
749044 574715
372417 574450
834925 120598
333616 903519
673752 692849
554659 278038
769554 980578
376864 755317
64576 955271
396314 797701
782658 209101
294612 995595
544598 150491
560303 554874
502774 675359
136726 259882
593231 968400
726111 435640
793399 542542
616020 128330
841292 25239
22229 69142
280309 927934
570084 322945
389718 523466
81802 24795
802106 93410
410020 433777
518431 673009
554716 314765
281309 783590
640461 214279
930356 871716
995921 265992
553885 755509
551408 708675
330636 348680
592166 985406
213378 721829
456183 736944
780534 540402
516082 853690
876847 97939
862823 898462
442403 591137
262563 97450
284639 531200
788588 251682
399243 216627
379324 146519
205152 928720
836026 539011
930702 232771
713031 858455
379274 805048
599715 830502
140997 728901
722145 911422
508534 947049
936354 523040
740007 737102
650878 13645
780301 889586
691162 47340
804908 144422
127594 115679
826599 242347
145156 151900
583547 740569
334857 304808
496154 465811
130130 61774
174639 651891
701434 697845
319196 303596
876325 466880
742096 629833
16383 938118
564617 258396
529433 580877
219707 500356
192090 557426
742455 569683
996785 995898
876536 207549
350204 950197
58480 858660
106631 647227
865952 893670
880164 884532
550595 747435
439815 409787
310465 113246
37856 590418
994523 543323
699046 340097
700878 345211
99082 67463
272590 351919
282190 260653
117814 65354
589405 448666
102923 554096
318618 922851
201904 766434
618310 524383
930047 788995
789525 959851
85000 617534
551566 477752
378030 14875
321109 457840
156028 421943
20489 359776
703260 873494
926378 975997
531121 34773
644696 671708
60591 864893
294778 850140
509901 35277
829572 957315
927732 65626
994638 278797
954662 312503
734282 528102
6954 541956
644239 506108
800789 958085
905536 914871
141835 904389
688450 131769
418384 639044
836906 159018
25794 405744
692695 707638
217630 547438
332919 444540
363183 214303
83511 125646
800895 505693
331286 832890
115679 167198
695089 984193
149885 433339
913665 202696
686432 310524
461310 421452
456576 741065
805039 989059
763660 806694
386898 827848
767368 304774
240634 730413
662606 392455
776884 772973
267197 622853
474110 258260
228691 320147
390858 735991
951896 302992
278765 144595
920891 685289
903186 974188
405195 218203
426777 219190
67877 181488
811297 841810
657871 19924
433418 30733
919160 80569
345719 345116
179629 674565
180879 575980
507681 239620
884754 912024
420362 610176
548238 708525
888123 136099
284489 50357
67195 341736
576361 380137
146406 509505
310456 300083
175944 943901
260288 878634
674887 559700
905542 140473
89199 143697
417378 979869
238739 132840
908353 553168
447531 312620
544863 338015
420718 41660
867665 79457
207920 313567
761209 835863
311851 639852
897918 682803
713128 608718
706220 696198
285980 228236
924432 657319
345580 353579
25095 483853
562 665186
80402 776027
143546 268908
658328 92897
561004 834171
533422 539248
432459 324154
142747 1415
728971 600943
355387 562644
289214 770041
531474 329475
353069 54133
886677 913417
571488 194536
169740 168326
611348 223710
928595 681317
507563 666531
719900 316123
190966 451883
454064 806562
154069 874559
704240 222516
247172 522987
173366 175777
537103 313714
236572 310705
5303 565676
26981 82375
625097 306715
844086 212093
977168 478943
985363 115973
733525 15244
590156 651063
96362 30292
807424 271909
52309 849854
432913 536879
487068 78727
35481 534952
626034 485116
460487 285111
278656 977712
950925 445444
794256 469229
624490 342767
240501 661592
47556 90597
680343 80901
294440 390261
138710 638774
803738 932808
481231 56551
864973 711875
628144 252760
666869 349545
905792 548727
355562 71667
850855 651794
538029 256192
485203 398323
795221 59894
41223 798747
961304 605997
886023 567615
324729 295775
960248 245630
625998 464003
170597 618605
238256 571637
347674 418165
191989 472769
809961 439697
542962 481919
782703 265201
679724 508144
360660 490927
329765 227027
823612 81775
340124 685617
733946 105834
179508 803923
682809 668664
102441 874033
548335 671363
552154 915987
626742 573896
224384 325418
991246 980437
569563 879658
179872 632390
345115 423708
639727 544005
14649 547525
90555 411035
882994 290701
368056 846979
753365 939451
346347 803381
583592 927184
174698 501415
964662 197522
421443 531708
278351 276050
167140 287179
759196 12360
894991 87916
373842 717732
685651 740378
247260 775511
195258 871436
429877 332220
733356 507411
582306 238925
792216 830057
792497 67280
639902 835029
719700 121238
626415 525104
102504 519708
779832 512079
183682 916348
290193 597418
831128 107308
771222 43837
9267 809058
385704 92175
601897 495882
309229 533714
598332 602423
130577 918903
370718 711592
169752 571149
99154 475571
215914 516162
942419 855076
232428 499677
959760 659878
80095 837162
263022 182897
462621 997196
156294 636944
113701 112390
976440 154041
842982 957297
330581 691061
565791 419368
897630 113880
13671 442577
5373 690662
367389 676524
699594 600899
487327 33189
812602 131463
3072 429827
176721 995424
658603 4599
307583 416285
44174 660991
791245 311097
160286 397400
317335 165576
283867 21070
747653 178413
882658 148702
717116 647406
907307 772004
135924 943036
173774 750844
796521 715360
209694 123326
631679 485006
690347 550601
694545 344196
794737 525166
642060 63971
525039 765674
59569 455528
458999 172074
31247 987728
784750 641978
167429 323813
268518 928126
789155 692880
774931 716381
661730 21433
6377 88521
972394 129310
195412 55092
762876 221210
249724 782769
65620 501245
689383 304308
370190 547304
591453 337704
689297 874292
136332 723188
609228 697870
107328 500047
362715 174987
390855 15669
748059 977974
108353 976112
222552 273442
402135 457470
525660 666872
563728 442826
976700 841391
182432 521090
110840 282791
187060 135970
691389 314765
621455 459982
855556 224789
221396 481231
709363 161559
336555 770587
60978 588993
663458 886797
434310 32901
530660 168989
312625 70558
928396 891324
240708 743515
43671 206115
899627 49648
494940 192305
966201 286674
82728 118710
940637 168183
872736 831477
609766 666791
352982 263757
662364 59525
715460 827894
845132 759347
597946 6946
891131 603342
515992 213585
116444 399913
831136 119317
720419 891553
853284 683831
254784 551189
13518 819253
166946 511459
671669 213201
390694 292507
749284 382977
185619 345774
99196 368147
146542 65575
838304 248085
126975 484445
63167 667300
540629 556236
849167 928505
263841 444349
781581 969249
232037 403921
591621 931885
110893 624906
52655 217960
528985 417678
906761 267915
214071 720373
440180 296984
643493 644611
691241 493142
886911 114210
852937 259102
506056 20485
588294 708954
641121 864704
270380 67016
273262 680338
584960 29596
672895 188140
577492 496605
734207 544620
617313 235832
657441 626105
870460 640321
621889 868835
229146 595765
1406 46457
744637 865055
357024 704839
628995 461673
515805 564683
340271 683256
824956 788535
213261 420984
669315 104613
283294 400335
463274 367920
630028 599488
39604 359489
106308 334891
772409 698750
377459 715139
169808 990497
987225 91473
899317 650785
164682 676303
413635 595144
378562 874975
440102 76980
886035 348471
843396 590846
15915 226087
517417 13387
537538 43124
618276 173833
262510 793378
180161 319235
598326 422933
123250 965436
50839 823545
140732 670489
409868 143087
70166 126309
271230 800225
981379 895974
67300 319009
652306 715164
873506 531637
851359 863732
377789 243874
91561 616942
903951 689034
121942 853902
325715 120932
28319 383012
862127 617772
684798 884304
854652 310715
908798 388345
600741 127687
507141 644148
124702 949472
40644 200322
968844 905396
791936 556132
248894 898103
962255 581587
613350 814218
566267 231132
772923 87477
458856 172547
869419 462680
322392 294999
336062 262121
288055 757868
845094 912474
20984 542165
58385 104791
527588 71943
550635 476670
885154 368335
834410 414373
720984 379560
645269 509929
526129 752038
153419 857696
202453 76677
128516 453751
511739 530431
586744 791757
580108 884057
900399 175337
108601 188769
483197 158498
948143 28109
568331 16628
25585 268534
674578 300477
256176 782527
173152 477460
584299 443418
322351 92473
525797 122374
60833 350732
827890 408662
189382 893093
732123 756974
14064 861955
827001 987077
34673 503719
363445 936600
918270 775862
931373 536956
758427 768884
320859 875706
293965 845269
220291 757196
254715 40383
77296 770460
592616 526589
664224 587241
378552 604428
517816 493700
968420 621550
289287 111042
237433 960127
432710 669638
152267 908993
349066 996825
671473 737841
47202 464865
1976 140185
510780 708689
327232 234347
100497 74808
75420 579840
221245 883892
637094 816410
6280 46904
241758 986854
972496 932505
901860 475049
749537 938517
388282 464577
377657 501279
361621 339980
718295 643219
425521 790426
483798 80615
589116 525378
239050 892339
561743 253720
283815 25720
483600 456823
413399 238939
803107 631298
977535 294276
689992 57147
766990 983556
665737 69938
299528 254538
600302 81919
373838 163685
343178 306446
730165 932411
456559 294085
465355 634897
670941 941254
509873 121208
756498 95600
280649 312073
287891 57499
568947 342359
806584 837097
85476 763431
677528 354391
451730 344020
559608 783288
983755 189797
870124 330137
793605 423799
692502 860632
658828 73740
512707 517675
407192 331505
728536 739800
892298 574246
83755 89992
389349 575061
404448 886132
713448 946827
925851 594455
125279 204546
191387 182349
723911 894284
554577 464481
729678 584202
364041 545321
338797 775124
475035 307412
188432 129068
822750 43498
451250 448788
670424 996469
520816 802436
718307 658001
438366 949169
424794 130592
601046 411489
374801 421828
570944 709282
311544 896071
293918 418409
74188 444794
186049 712568
944299 876095
40627 764698
393034 792103
888654 32934
238729 695563
302271 145117
529556 118126
792020 464954
298467 667645
148319 723667
420198 970762
755347 892249
845683 580325
214988 569969
37863 642207
521896 69987
891343 500891
425670 317698
895093 165951
335801 958158
109327 500884
149733 294653
478707 852024
997895 19231
460021 772498
987555 445152
715887 465830
256325 21759
188273 927372
864864 526002
628185 465728
625689 376790
317357 470354
949615 156052
995014 512081
917780 407832
579434 262117
994968 171688
805366 838237
524096 963542
467107 476585
949511 751276
60776 45273
550909 761258
353845 867903
459835 287394
137785 795383
399273 390680
221094 70955
855683 595389
763762 470640
52565 751350
856953 752494
33662 60907
34165 545966
284410 550416
170385 112403
893996 229913
212704 488238
85653 848624
34620 723927
100372 982201
385791 951622
550642 776609
943518 343519
436349 158208
949265 678288
985571 223809
883541 271028
626051 816621
605050 830735
746728 934003
788752 491152
304224 663538
9576 241194
715592 940911
52276 279203
302023 232259
494469 317328
19387 267328
860800 392600
912207 156642
766130 378138
206516 261513
535697 333171
194092 677687
914754 529378
999081 562536
174838 960616
817182 471819
312352 150355
523855 741603
879042 141615
961910 391275
220641 373740
881736 69810
549017 847785
180117 696001
132228 668261
728869 825441
200199 411923
29167 538565
259537 884678
789541 750529
203088 464713
388653 757429
794764 330145
694253 457375
900869 721775
656935 837123
302294 318941
677891 492823
559373 885212
274568 93154
323374 271981
128403 976563
723328 562192
291316 639728
606512 779604
816131 40231
900125 465752
146448 821975
753171 998543
57771 565596
393786 823785
395394 26186
56908 173606
371217 662832
610306 930573
889862 808816
709901 886816
257979 877089
910234 972395
401864 500215
699952 456530
371277 843688
859171 98813
410977 160389
380280 909130
551672 252822
218098 151846
198882 717047
823589 261296
533104 450578
780895 557587
95831 630443
743570 520803
921095 101514
451330 382321
480583 720691
455680 725059
742025 166332
331438 502252
555044 918507
471239 701702
85806 52799
809948 908992
337301 462405
911117 275775
707494 185861
882739 856230
309641 563021
982553 258162
532803 639290
857641 660686
113522 911790
744018 147381
715063 736171
846558 849792
265306 146021
741774 671350
696296 801763
37489 525857
818088 43786
686503 960709
868660 81374
397509 834043
627287 953770
854053 508927
989352 438293
929102 578299
703381 79639
890444 811417
759195 893164
929673 92574
705509 15140
594373 888135
942077 791700
436504 356027
476503 239871
44986 622949
950516 131971
706326 953575
91700 386666
965824 227888
198454 218634
896544 779317
878701 465181
279704 510980
373013 506310
207623 916096
843659 210195
386824 87446
174076 425567
667293 811334
870489 351231
668525 565329
5861 700576
744583 237985
612356 72798
802871 640673
390587 26263
495732 260335
946125 403860
208246 230784
712655 204348
114926 35087
56362 646575
718688 972012
608949 456838
38453 425124
453457 674218
580568 444890
645461 616776
498018 304245
251439 227687
182867 655087
93359 951534
704143 751594
437652 975809
23275 533984
190021 505267
195491 645399
105865 828247
418363 898205
135132 895581
732945 837576
361014 181583
520713 166356
237064 141960
590079 376158
240696 650035
497294 917245
763429 820518
569761 406597
607938 289134
79672 492758
400956 919585
709519 520005
402323 685064
31206 824123
185479 173088
686428 895312
708285 563651
966825 600235
823709 816049
844141 683497
140418 467185
881646 907557
783272 725334
71104 67037
925107 575329
512628 52306
561840 981339
450721 797034
206658 66230
398419 678117
73333 877326
510101 560018
587392 952977
327055 171983
145754 888089
198404 179796
813840 856768
726273 836544
646312 869156
511273 931306
703210 741150
686535 438893
352378 253748
990019 327183
257166 30055
229516 904736
421934 441791
496571 123367
93400 143505
819170 955115
643963 159338
138877 744572
513446 947753
793135 580197
632127 183728
789663 834340
10631 540461
326399 780357
940534 81419
923149 95725
51748 227570
793529 391471
923833 31415
798154 239107
191701 192730
942403 754672
780879 153096
593160 935498
4410 689789
756555 964683
169681 386729
264348 5545
501801 335282
926232 303888
305081 355649
927862 931545
250280 258560
165756 179809
792861 292319
900396 521861
978813 903735
618709 206342
382655 501219
118364 100045
186837 261478
172578 259183
479251 87678
478425 837838
143931 463847
698995 738904
362756 261838
160028 711783
517648 513648
444759 685448
645592 355756
386720 835337
966480 452736
769685 394016
699635 202036
698954 866559
80548 573874
214932 804172
991422 66422
703805 933407
649726 981680
414549 833943
136478 690862
902396 685996
255052 9934
755754 736586
587057 784327
891431 227087
397773 380001
720001 997410
950604 988436
773946 908643
902923 699018
340100 588930
403724 530435
152956 332901
456093 383925
863261 227951
220364 450088
196413 501779
452406 107321
379143 732437
79420 287654
290757 691229
386546 629630
390239 813433
140082 572294
242621 910447
670140 986396
596640 67877
753036 348826
953202 665075
349502 1081
406855 391059
229625 331001
879388 654613
941669 112450
405681 153708
395771 455595
698027 906176
860769 115208
347955 481780
276087 886462
285942 81781
422580 276181
654566 86538
541364 285569
500810 99668
631385 4694
44883 473743
242399 544030
556463 451578
590153 963423
549494 150419
306763 557353
308635 424984
405559 580416
7016 135329
753835 279414
453127 232266
847957 319762
128792 272595
198816 487590
736571 362337
134346 753929
332435 739363
683396 269987
161102 961639
704210 658269
151966 989031
875397 509942
10918 541669
21904 594882
700365 96129
988079 895199
601295 574556
713938 302757
174677 14856
701193 995434
311652 456045
592740 406538
920551 314757
45128 859005
421608 331566
850952 385953
566675 54670
382970 984797
321843 754268
422824 894598
582049 644239
724310 354426
547269 728157
838410 162930
240206 521666
518606 577824
78183 257341
155263 741629
916066 686627
650061 410513
129533 544924
742346 651367
866744 993561
169890 58039
247612 857678
792274 645284
328990 860271
796306 929107
938501 18370
922069 442658
996159 720098
494376 972352
61014 90362
69639 872806
637489 500977
56546 302750
95214 4650
173807 145112
503698 502046
228347 590496
811687 401492
963073 627185
895556 171676
620966 751248
30884 721978
155528 86777
787852 728676
566452 733747
700545 31602
349740 853505
243319 916563
588833 957742
757984 702594
458278 495213
394014 156915
739812 357246
584149 434086
240184 375112
205721 94486
77002 567062
783325 38952
163801 653089
103671 330363
923897 402910
525081 308222
591641 904222
288405 261009
863245 319970
443485 237150
200672 905150
482005 674002
993381 554724
353909 919953
567384 592814
126225 454228
550090 388677
127167 634746
904465 477247
795799 658081
266084 358252
244616 231581
132003 596314
672363 315501
176800 324081
39867 673458
700637 871943
335036 16712
73318 885685
38431 916499
684965 788099
127823 908215
157497 407511
426685 460245
739067 220012
71480 468175
504213 221353
698266 686373
637844 129762
341583 395736
413521 190516
881744 392622
314736 974936
948369 145081
582080 145125
783812 992454
625277 202271
567672 601388
342911 257076
505431 259674
563449 533916
952981 138082
126418 581374
32055 148527
75804 844202
179815 34868
653789 926045
209247 395766
763434 600918
654972 341810
996355 523023
131927 444895
996010 48580
341823 707017
959888 182080
354166 218370
584519 459610
163143 125079
411254 225084
824659 389329
624267 51133
778335 418307
143172 729477
280811 705025
534276 142603
443203 554672
63604 526441
836008 813654
485131 978203
36234 725059
865254 382411
496646 378007
99973 842173
762364 154685
555556 922539
548502 265482
321029 216371
948275 893212
689232 99552
296287 424194
831242 831204
812814 487774
740460 851515
991209 293525
936773 314617
926482 488797
376340 476561
161123 381843
756078 580068
651345 631836
445213 368433
293629 85052
968649 629207
351288 330072
878147 44505
546517 26568
875597 259348
482992 476400
954608 80206
182163 543893
121028 288925
625419 867611
917943 344309
7882 942536
503177 369221
415658 569597
552837 345464
77826 67289
312810 489435
783264 326627
223332 686533
646960 293833
269953 88942
525957 697511
981412 34052
867014 608573
747523 630788
109690 785714
20551 820894
810776 931331
27164 992168
679258 439404
612709 812996
643646 564594
850718 66040
998841 389675
560240 589968
657371 880191
443546 974833
23710 686383
600733 822165
534094 45749
2391 4518
102518 750955
723499 185643
659739 350989
989903 18102
364451 36288
629623 345030
452207 984658
881883 902610
929101 753388
769006 726923
329585 707308
146116 471087
511588 601057
39959 943147
327961 897318
910614 944890
759315 985632
757575 170141
670738 67148
882749 531035
795898 308069
658664 337391
740225 780429
809463 908689
680859 376408
301937 374984
975021 843413
323550 176681
615547 666064
976599 662693
719003 457283
215172 410839
671946 100987
550209 516514
283779 678282
673809 405230
663149 27417
266162 103032
723952 876057
481411 814717
798154 160979
434764 345771
487103 196338
141327 207102
989716 944538
555383 245967
31258 352005
666994 32249
416835 982052
491082 953030
63550 173231
859368 260541
141152 897309
455829 362250
584471 896305
378680 904888
970658 173228
175574 480495
151494 743671
669713 666627
974770 183878
373435 532240
391461 476208
986234 852177
42775 946181
886845 17970
448837 46161
905349 691802
287147 847547
691945 628809
789305 943843
336414 960521
305665 807290
396123 793215
215456 156309
513715 168371
235981 538527
451588 520534
536383 637328
78473 231753
83345 928960
823628 823619
167543 814855
157497 247886
289737 711736
859457 229442
247582 139462
668308 701191
324710 126523
957169 442525
316795 69549
598313 937289
396922 7246
936409 698209
886199 707575
119723 634723
19679 139882
185841 977389
22228 625306
574828 788014
784009 883347
584856 123118
873638 749005
921538 971830
628993 681267
78714 176259
295912 431584
650098 112108
389113 611917
880059 296079
141883 668245
509654 205644
193519 277414
197079 794873
445374 394435
652992 560464
146426 629437
580858 653654
195374 880708
776550 307313
551418 9408
109620 62444
854140 519232
662745 351463
130920 512868
278245 57935
83232 390780
249845 872290
311468 664022
214962 605730
521775 220597
652979 172701
466374 780174
98105 358660
710932 469278
455620 962789
256269 322806
765031 131317
53006 231612
797089 949184
931699 919701
457992 845289
600061 321186
502607 563358
151253 354620
964354 544173
65579 479112
985113 435207
990719 854911
221996 540019
122624 714076
217486 916851
958497 510479
533556 813449
871950 700472
75289 298766
422867 17840
255771 975801
198655 848573
79138 134424
821056 212046
231749 223916
777314 840826
692877 894630
457623 972344
120537 826876
593630 948028
279259 380426
456717 18008
397354 543787
653072 759223
427691 112020
683009 413207
671423 32694
204997 826422
155988 994977
475298 8203
295329 511938
411013 35225
898595 696070
879716 863368
785108 845729
443413 959234
593259 637711
219040 8886
102811 791483
994164 753230
738325 770331
81967 278461
62338 714334
281307 859448
986189 940775
228613 896488
570598 815887
680772 776616
379181 581641
786564 150323
359067 141213
176204 263293
842923 760896
764670 169796
303335 646522
65817 553195
152304 791694
449588 213909
682830 402328
837918 872741
550114 58008
18101 377107
855681 490168
482029 625673
237897 149313
382013 573076
467105 824146
234592 526797
898867 916752
302736 617625
434263 394595
820299 443783
297291 977964
472886 954615
40227 130774
330498 652097
413151 517655
346285 330354
718507 413194
114212 475717
81962 400849
664959 153273
419900 278157
560600 873105
857554 446615
615223 486473
517070 22183
403452 926568
707403 888765
64634 975978
805010 101975
267032 953920
283259 80125
275963 281340
690173 315162
424851 316650
806396 900134
88011 983821
168293 533260
473778 70971
910261 25898
288927 975140
852108 665562
496920 350035
393585 687160
917518 821564
798940 908437
841870 226711
671327 2699
415094 366739
778456 787311
450279 728179
193581 268731
147698 688341
296171 71602
447982 296555
488888 435129
582461 467342
932436 914329
129152 579114
324545 714138
414345 250955
506830 79331
329186 156498
524105 27130
57976 896358
419555 9219
830927 726161
36071 948354
119544 850763
218730 841393
835292 394596
118055 534828
517630 977375
893590 403722
170301 419821
963623 625724
857738 417055
4860 613863
754989 664135
635849 828206
531975 6468
829343 389314
200466 99313
438200 686308
30322 690080
253001 623695
384511 692271
424752 843629
694279 728999
213187 430791
228366 379075
442763 583910
596694 241583
571666 322213
400142 352278
235547 932010
162451 142410
275075 632974
531245 490794
362323 719717
668791 526736
839191 85880
977484 558771
216296 675895
81064 216493
348504 531682
164677 224060
571517 251692
377520 455880
367901 467602
645525 471550
310403 413697
32789 582926
213464 380724
272224 994223
91573 120745
814813 826623
370239 612925
654414 520785
376462 499306
546078 377086
577117 478256
700726 696199
88256 45579
45801 83789
120472 121937
561707 924228
736438 931019
467728 180908
932945 338352
180012 905943
701746 71398
158254 533758
750165 89383
991903 737489
135261 719196
139689 774871
884199 946007
584567 720699
757825 874814
135644 48209
955172 65620
315584 564634
506762 484634
654127 160909
266062 218228
255743 176730
765549 755932
170117 674504
612478 759575
675358 764986
686823 404620
216719 955578
252743 810663
2672 336830
335596 628413
682513 421976
723823 358731
758691 922842
794317 310800
338143 664261
732632 726568
544448 221501
312692 219124
985657 530267
122728 771273
241233 667966
152177 655980
248485 251612
699246 220273
819587 20920
20644 630357
461329 229481
841046 539572
301160 522687
16221 205847
873079 939573
343498 631756
837455 537722
543526 211390
489459 342660
952973 912537
854206 271670
95827 355368
992732 903961
757397 427056
923575 955042
954399 714308
917071 655380
127331 89351
412487 539630
55219 163173
422141 459114
46144 411560
121985 364070
850254 56344
174895 150774
266922 157426
184468 662544
294477 540308
719031 721840
993305 703965
743225 643842
709030 370315
917435 488184
755038 816333
890744 725285
284201 253417
376197 643853
385445 950154
483174 753571
618141 32090
904671 306579
232223 587354
841006 113918
215768 679989
608227 733741
775417 170890
41390 262146
270895 767977
7798 644529
774659 974580
940374 854946
982755 488432
854813 710606
414850 972394
330791 740793
921961 181180
495655 71154
787356 832782
469756 607716
426920 774237
887438 943953
737129 663074
126537 464409
294756 619717
267401 656519
107451 62371
306822 735125
208179 591818
553401 851906
929592 408930
119826 804542
290434 761556
589069 129984
495660 511133
268267 91591
934262 552216
777275 645197
825555 267870
950539 879719
557494 975969
395589 139394
161509 136718
760306 385430
228745 917269
667281 123505
564354 700731
608850 152904
12051 719979
753851 525453
329881 375414
190841 808691
622717 67296
438145 84606
712671 43893
29797 187411
699712 550025
678998 389360
662530 930398
151162 122390
319795 963552
929098 123205
519655 769030
724628 262555
236339 460225
783497 622545
946514 729498
624066 764138
188346 488910
772525 103598
514964 85637
907317 698157
790550 925758
881129 566613
90515 429866
386778 69340
880983 173206
181533 632626
409065 916481
470685 880623
251779 13771
331188 148112
461425 943847
28875 184186
523374 53975
610507 265963
624974 411796
846444 841568
518616 733769
709044 691870
850245 708701
34510 804827
849973 327833
277971 180326
878042 460968
23055 834808
765737 957027
574960 324378
331639 458566
367604 221324
885946 660364
92203 297801
616180 216132
747800 923342
582583 778076
633356 754690
922173 216153
700477 798252
710328 818060
392111 485004
744931 300138
448768 10968
977820 718935
781572 341463
659486 876706
983114 421460
832701 910697
905319 156873
973401 59987
366590 507046
61478 716016
45877 705800
581678 72117
307358 630976
498450 854562
114019 73543
172162 797688
860869 269266
390649 953432
535640 71841
189860 551833
235254 14347
348677 362538
930251 920376
510959 474578
571746 422962
810405 145356
306339 99163
194164 426442
496710 996569
490192 278941
400890 599499
280245 5723
128120 578412
840023 635022
389711 551837
804408 611448
19000 865817
161814 619322
580969 299384
58343 819488
212703 96933
145892 411275
410915 892790
19520 131291
786329 644693
706116 151970
323600 472933
842558 51318
398284 8631
735996 98785
172371 361328
114718 712209
680619 834411
502946 160599
625351 915630
453189 330807
499740 260058
792771 857174
272837 122540
683508 112093
999502 356659
371940 303341
693231 921425
595828 374338
660639 297105
336244 107485
350874 458067
775075 402877
819838 213128
682007 458147
33960 687285
787771 41900
643413 783337
453458 553971
894476 629385
135958 331512
239482 149788
249975 806923
475338 562837
3624 883897
123382 951744
5521 6248
688151 352465
73109 830745
63918 440210
105486 446595
766986 805214
461453 380151
764619 613921
131838 643917
614230 969423
354588 487001
362714 889669
967510 462625
935244 722097
190508 304650
934258 789691
55830 992164
24365 91243
512567 944290
718046 132856
256276 24937
219260 642655
742832 325089
846208 276879
178856 854698
274869 255997
136399 560473
815210 781382
214482 658964
562904 941339
175210 554582
61896 677389
192749 286575
166680 567242
680049 176161
85858 185536
651819 124545
847755 79976
135129 152802
786204 138124
697826 535118
606400 586266
839037 558345
193905 761429
681004 110402
464982 345031
607153 835028
208687 803627
14248 250854
991240 980749
99446 166649
438902 545189
309219 607020
683052 272508
453178 192626
407225 766092
881475 3952
786897 719337
833088 1003
308829 14532
830441 407339
576634 808325
959356 167960
428988 863898
372233 861514
460792 946787
247631 854721
338056 762320
304701 152882
872369 822142
731042 768850
966231 69244
107521 320992
315115 940039
396456 305371
587575 132982
780969 405443
613720 66899
193719 87427
70413 463295
745849 745601
283708 203072
917071 349414
537623 524952
918712 1982
563788 536173
723036 173571
325396 880557
573088 707877
949850 530213
40565 942905
322730 817231
35363 961200
581612 616807
581231 192232
373918 129973
127684 723265
646550 286061
387403 682305
110210 937420
220308 255927
827921 379429
223571 96527
345169 448729
623331 758586
491229 578682
490622 120139
250078 540504
889082 479854
538838 744286
466666 34960
507655 997003
25173 404443
890388 122728
653994 921885
822679 475653
623194 68919
201907 624475
402986 188727
377967 339498
754616 732985
265116 34716
603543 995652
435800 137030
161343 306044
3942 527033
680607 207060
117467 705625
447534 537730
358638 481177
420110 849386
614400 214963
456456 495422
196055 141876
354691 647999
986781 922124
443966 884672
271276 326417
80258 936640
285318 539541
648245 212197
899040 493283
395201 728550
109664 663941
40402 690648
119863 673597
189325 224367
43754 558983
422930 806462
473097 594340
234700 159795
866657 581521
202863 599251
835734 320990
153212 282395
844349 741447
147309 275309
631541 237076
481761 973111
718099 467806
669060 252076
393221 24304
983038 279600
335958 351223
429189 754083
904176 255832
853039 487201
168090 913424
605446 320627
884503 636499
538507 176306
786391 78286
103225 998411
671260 932959
96135 106538
985807 749081
392128 970847
461506 255814
189092 962192
443619 805149
726102 499363
603401 189201
811153 882001
158346 583855
988169 405881
21959 527238
779286 770991
836297 296386
504340 887440
974568 731615
885466 702938
480214 264973
278366 222573
749287 995660
258618 749228
335207 132072
479774 760497
591811 180490
173957 888045
930931 65413
484358 297672
312960 189292
832418 215664
569926 551256
253688 34886
67138 869001
824071 872462
999237 1111
702772 901251
301122 636232
211137 18682
848327 93438
444318 94850
105525 585276
341772 662848
23947 448224
399212 312881
486521 610428
849173 568061
48375 786795
537653 190217
773114 803675
491867 478888
187693 465008
173507 953488
850322 580986
821634 876326
352846 388738
654494 881751
589663 284417
852763 260862
789906 324582
469951 38853
962193 113662
643279 215916
118130 141864
841729 379087
374221 221809
618309 655110
662348 314435
606271 823208
200508 592548
559749 206407
114176 556869
551347 806079
257912 817998
659115 128914
286800 977894
368246 286508
558723 961963
546838 543367
844669 563913
26912 998101
816674 489516
852470 224195
697163 802310
597372 742673
570529 338774
24195 862926
22950 56904
120711 460754
302358 933507
588785 16517
817536 161527
996432 553902
565673 163233
23279 398292
744122 117007
305647 68128
769413 734630
411410 686783
847883 971318
281072 794421
85378 763288
151253 268341
649907 515805
567750 329925
635506 353403
822901 321738
476835 255332
533351 951718
615388 81761
244748 139774
148014 533302
850608 946819
187782 586751
428951 780280
972094 206793
914584 380662
745642 640479
604106 336891
79897 867682
954708 80577
666885 767758
944342 577578
388404 864054
757498 87004
514605 766029
791230 278252
742636 550209
729009 264237
461690 87650
250402 416444
457026 482469
134803 963220
63679 816558
188319 560472
738271 730874
313053 404080
764706 53330
758009 521356
559623 565329
617371 224132
713694 122585
852887 170700
494152 19753
698011 383120
207620 729559
429060 865446
82252 371282
656164 944250
914512 848556
16585 849932
202420 142114
835449 690064
90920 606308
720208 615926
889494 223011
42654 11760
968036 901294
639942 796893
663455 560419
697674 205334
76070 181875
189826 449232
625042 751081
201440 298756
126922 538746
741848 180997
584956 395627
657558 441865
501733 341
574591 494871
648852 335827
699913 715701
534347 957439
30065 308443
578919 799257
590685 106815
259934 970798
790748 792804
306153 334193
385340 402203
976088 272096
44959 994662
508547 124599
911785 15285
392519 580808
63009 379550
619329 523850
807514 502162
413106 286814
233520 544429
634356 397049
53780 752014
749302 261158
83404 221054
27477 472354
912629 456120
655085 839394
258605 71317
37904 363406
791024 454074
883010 419262
736637 667994
910359 460718
501316 411843
169673 812752
768469 256180
849503 638236
724658 650146
412025 206543
785677 169451
190637 362117
941888 148961
980150 635144
77305 621873
602213 53847
232577 241922
784765 25592
775818 839279
194029 633739
83859 490113
928351 578863
537261 720557
362046 124825
969337 454128
986989 239374
2725 857848
301766 734251
657698 179782
968983 417682
716331 684745
585647 284517
983214 653831
273533 127993
970299 258342
887564 597096
819647 512039
39514 591584
539513 485548
93143 278968
824418 907215
746363 25930
749294 334687
387017 275673
815938 842795
264980 844846
947152 957024
888443 41807
592064 369258
520716 666988
660692 984933
492169 430571
701356 405731
907191 250213
573871 222837
660658 270145
562322 88276
827064 694934
122584 975348
919037 787803
867954 495260
170845 280610
376996 591899
291697 680755
587322 720230
249140 391970
29111 755532
75542 508525
103840 423716
596333 223281
861145 313639
648664 471118
848020 128625
563525 913398
948593 662396
281421 147125
263608 409579
803874 719321
130514 213478
248278 362858
929455 998096
263121 161219
596925 352826
555102 736891
606188 658151
714623 900669
781288 678357
794357 269234
933890 293395
718437 161903
933593 671330
147098 453944
322332 487551
155800 925373
736002 289638
305020 279843
563202 75856
781126 806441
667684 464658
460050 773817
762571 378258
417515 420226
186272 43180
704944 713458
764629 132929
121764 894815
281253 597090
655602 554102
846442 182329
237111 69345
973163 7474
679505 663897
718818 936439
262341 77903
439215 892309
122634 338981
94097 623246
315886 650178
876639 247650
893679 795962
886080 43031
130792 735406
982344 347973
663137 133976
952584 384622
589547 373678
301975 554080
464808 205974
224323 838822
607254 502678
113823 686774
936333 753184
593995 113926
71824 610402
797303 933805
367385 268673
239224 973154
538747 109893
66248 644274
703616 703316
816791 512760
164461 916550
776049 974563
378145 28233
277939 971788
955416 866392
908107 368798
49785 814185
537434 81777
181032 548226
105616 479185
427752 85550
477390 97803
187310 426218
765274 462663
392918 886393
704338 470615
102202 420582
735269 370307
742183 415883
166206 229244
50225 758429
991494 932880
740111 800170
195655 385655
221418 64576
664521 117578
105706 439379
79281 619451
239247 127214
935659 683089
68950 255123
278420 596077
38795 145044
117024 16132
13205 567087
139953 710248
744876 509841
65841 392127
721579 530927
418008 631587
190831 335691
285737 265179
584419 230149
98696 414770
622308 619773
338033 875083
273565 318564
53410 719838
956886 701913
92196 255914
724598 597975
772285 49172
626459 8720
147363 216923
398400 79420
607951 535221
171623 659994
916087 476762
836914 710319
480277 374720
226966 826073
637681 931951
742508 125345
655491 785750
717460 783082
140644 922424
636647 201381
738383 197612
61537 165301
805265 431289
600675 302466
93711 685985
940563 338043
58095 885745
897573 961901
516707 488573
938512 151270
455742 687359
415208 485073
919125 536196
794980 223625
137069 211042
736488 783454
82096 401010
231247 801774
665487 407081
477369 688797
916899 148027
240193 656838
263077 717752
547042 447934
146367 240867
539389 114033
841772 6819
142372 769871
636830 245477
823917 644652
917808 539455
50106 527033
939861 758322
525696 836950
173121 360297
647662 170234
829397 876449
603930 805439
769605 825523
818819 682934
268510 582615
576930 811580
749190 309823
493556 415359
602067 246095
67821 462553
452453 605079
260847 551943
30120 338372
29911 126188
774217 170586
803212 38054
844981 438652
160750 54303
944942 163073
113091 987610
652534 424979
46936 429502
477248 699519
108268 141554
539053 155621
195276 888664
677160 558558
142253 152892
366681 370263
612097 746899
129820 350367
492027 567635
239257 976505
221618 377067
947661 476353
271151 97034
437916 315675
630887 463887
999032 326353
482802 445709
68470 63045
806405 573716
135771 647087
59949 282254
769139 512520
648627 272249
869120 601102
815472 42209
31018 248042
312195 325206
82694 306341
121016 922074
476625 386992
159174 104678
867436 360197
314876 478640
382411 165071
418023 534629
111802 136148
561046 64658
225265 307276
925616 478240
866083 566076
25839 389516
716642 50435
331131 36273
159214 351242
396079 961470
869975 935244
480724 829748
30329 561380
946275 470841
321950 82183
368995 23097
788288 540054
138079 409403
29900 86526
373674 398247
704830 957415
41721 343638
462287 579813
8074 591015
638373 641725
98880 133051
485949 841419
267460 118930
789953 357036
866030 832107
38123 204194
689423 72808
566745 952406
229236 656454
988952 520130
130404 25235
519823 740489
910721 7102
542668 790688
23582 212067
470151 822507
522739 274162
813058 749130
46117 963083
15536 494950
177218 245396
183308 624334
825872 79042
298175 55797
422299 326551
313968 56034
203224 9305
536298 771309
929942 32902
522621 66595
93105 459410
650431 249146
411118 551470
246611 825537
938686 353219
74686 759041
489497 33370
628521 679198
16544 538006
733278 738678
876847 432880
838937 166865
764217 581046
226630 544831
571608 273401
782056 165748
107409 4091
958635 336115
902089 585889
335616 919887
185963 501569
747555 43066
153061 836539
921331 615529
519893 988902
365812 418299
577333 212413
343633 795378
479753 964240
951019 637751
776649 975293
813880 261670
587027 430060
10803 451884
81530 247559
150886 928213
60016 955301
620610 695503
356015 307150
535507 698235
908436 372915
717870 592223
117424 834974
419979 632708
362926 358808
191572 593019
259120 530308
157953 207547
421467 474428
815288 520271
414716 989802
515672 922964
753037 839084
586145 754836
900407 777738
601610 465767
318640 505213
224364 255307
851383 719651
683917 401453
80452 68954
26076 291575
473079 880879
884286 412867
169148 679902
554409 251603
982541 22402
155348 638732
71686 113253
383044 150969
942911 74445
492894 965498
733997 585766
286019 244494
259837 10323
905961 726448
227864 383659
262934 211624
631311 558210
557892 500331
771760 586203
858859 910504
398670 156422
355045 818415
995677 213761
473354 440547
274500 234152
144701 3035
206803 715361
938058 114437
987220 125211
298306 913440
505447 905101
764369 297770
328699 312375
990113 365671
338161 721029
609608 943740
58884 42435
536702 493459
335616 600361
744258 686898
47813 636601
747953 3308
278499 113093
675545 516882
454231 506718
521136 739377
164732 233123
475827 684855
629671 717703
869317 512575
457645 256993
77949 648351
885537 619322
642786 70744
148588 601444
388705 41056
979633 492741
325319 105004
134913 126513
718185 49315
470582 272831
432894 586229
552767 88978
935933 748762
121445 562593
548410 327199
258773 556962
157205 210134
832122 172630
136015 897644
179201 381676
117894 533278
241720 211476
968906 931755
899257 715910
993012 182491
113860 695381
800592 24196
834931 121131
393139 794600
875134 540405
279547 654522
98403 294704
427909 389788
297882 956936
885194 981823
941339 125034
543259 418389
853244 265641
509434 380914
953659 37941
411813 14047
431327 996556
905713 356179
518626 524411
991145 11736
581615 873473
937453 495231
792665 207602
515199 544581
64820 385722
337295 809417
59146 833612
595718 494127
138787 189332
255178 571761
241650 29231
800867 798077
194202 847754
558174 966975
40338 559052
78017 489424
507368 96739
677688 161442
987964 434547
298060 754344
370767 679062
329416 898407
582194 561467
29829 814758
134471 73024
832191 134131
413867 195488
531293 584292
417557 561902
868621 657275
605913 878727
437809 760189
294806 950433
653781 208164
140676 465149
926682 605647
46831 459648
355533 428794
605872 702741
938452 408960
961745 8356
360347 743056
226349 624466
301004 287234
399041 952126
927684 626627
969971 68406
959523 134954
581118 755501
288514 73325
235350 56638
816276 935580
772471 119476
918575 652563
30928 332163
647243 132435
723064 1045
944009 449061
533010 11684
739337 139931
690299 783132
866130 721770
814959 499407
226553 670146
924844 17367
811475 833781
491599 349553
328866 897754
402570 668614
921213 104084
898926 255492
887628 428699
50527 324742
936369 111318
780180 395673
893081 143924
153878 147127
140623 421645
225520 134239
304783 182459
286987 540371
660369 624230
784789 813541
536487 399193
149498 955179
341110 342624
70359 632952
997230 191160
343323 418042
936952 954184
253270 757939
280907 802772
738164 428758
613282 983618
62387 569285
759638 999575
315601 946382
569716 291861
256089 402644
567337 227350
787818 383957
467138 496627
65164 370720
67831 197013
31974 418019
935396 130852
89111 563739
69918 968922
538672 17352
712544 278423
19991 787495
370996 210411
509533 825901
54018 689096
223284 877864
368773 365744
37623 659043
324958 493840
697758 438020
558583 799022
82945 14896
569086 910223
923683 394633
398173 320409
895540 40566
673196 400849
605228 507777
480488 547401
540728 139139
105600 484504
48396 315926
164733 146983
799205 163428
169497 205327
243246 368747
335717 35170
656310 219457
102115 460842
670077 984268
789692 730908
152664 22275
607504 622838
683377 25299
629995 160598
859572 564122
368580 414508
689931 790261
152491 606170
245821 505834
746954 857688
685452 394148
79555 774636
414727 794296
294465 189468
532250 484303
638255 133604
387052 26671
391052 637377
796648 941733
482238 68884
857146 789196
130266 303506
25570 855814
298033 402027
353862 984717
726551 900041
721778 914455
461338 918130
57952 980351
924807 503577
976881 509956
238222 632501
318059 187674
395376 886419
218715 479206
148989 902684
642087 787644
838093 537486
973938 729889
909509 359524
767632 508817
155210 665526
941782 406605
107986 833939
721586 950086
691030 892466
547556 238839
626647 406319
662561 955428
81037 588837
957232 45114
256532 506556
992791 343558
718067 304013
845468 672790
130029 320144
337511 970992
331073 598084
856619 678807
433376 140107
235655 393778
41945 735972
266204 432739
755628 495513
843124 584350
148714 46165
860613 680352
760716 572474
762750 190200
154575 52018
717066 325350
759596 985955
329322 199238
659564 302039
138604 638751
783398 168873
680357 525470
734404 133924
530144 875178
929373 566886
535673 693763
629146 520593
768221 943157
892987 713479
417552 988690
618072 586724
600199 710017
901742 112505
875521 993441
806870 321056
590885 60782
240947 70965
646252 321716
303355 72823
278514 19921
121307 775671
701787 881259
877098 439843
543396 428384
575123 357493
701818 143667
321453 416705
942618 240618
670124 453725
206554 859772
983516 111200
181765 808540
356176 277014
670541 260950
960682 102609
774942 225272
377595 490885
262481 983987
763463 780715
548769 791166
708733 451752
365159 947210
740562 831680
460582 350740
28931 474344
985919 760178
206526 132920
839078 755449
11682 387588
152313 348143
916670 994877
595667 810114
2562 77538
22489 673351
474188 801827
463551 295025
838611 881892
31618 562984
290598 439801
687495 241485
684619 299261
808471 764668
680769 488241
139295 892917
382009 802989
911896 561922
474883 387239
82788 45583
5847 597134
316643 573410
410338 825189
126340 221301
197673 61133
341468 771633
634826 525099
91882 79228
530568 181279
535228 328563
88184 113247
664551 636214
810581 185421
161263 73577
884734 527834
417647 250707
115381 381766
719583 540522
967449 152721
140706 989287
369498 452563
786974 388141
541012 137604
448984 692264
603700 809483
