1000
325042 558647
115740 378744
702819 77706
741548 390992
668404 882885
340242 938522
848719 516236
317738 380859
395356 48270
799668 572660
467116 283022
589958 252347
280455 300440
444423 551669
797176 652169
280261 408865
154604 813678
594444 100805
560998 37138
914812 622430
953105 221769
943251 813369
144079 937561
343386 655949
188842 23720
780636 514678
189585 948899
754499 724577
538540 982918
123668 270703
465983 346971
459182 576195
622384 106554
372630 507637
196642 770460
961817 130108
103469 791475
337664 931977
749942 383964
476045 226174
763368 158798
656292 84604
485204 451474
984956 869926
273731 123975
589060 457419
488419 496749
797701 263792
588365 663650
570288 657381
948691 716255
998514 90359
759344 446141
943274 586064
549161 206298
629106 399708
586367 364334
425587 521079
184952 557517
28783 189508
593063 22461
975923 836736
753592 826423
491517 397723
533031 460150
218501 735935
116077 353610
372822 368279
574817 228512
755724 360490
888672 847250
221613 145013
236908 329616
928576 704038
977124 440323
219250 556780
89590 987087
926221 938435
613215 661174
957358 363380
760517 730117
541536 768321
21610 647155
85421 297059
114753 903485
38347 800411
845049 520447
995072 425207
413123 789657
747716 296315
353574 827163
972732 971890
447810 406703
699817 332651
532971 438239
277155 182866
456601 380404
426654 85879
601745 120376
814693 332488
198112 812119
263952 278536
204568 265253
516291 421593
462798 444478
935387 42689
213476 239482
311966 648993
441710 349333
667592 872129
491523 829484
949951 319238
988504 654145
354319 557952
695176 898187
90679 920425
302037 111637
148155 154710
153629 393940
130159 765155
805155 41829
830132 855506
51607 111049
960736 561662
376022 530099
254550 48908
432705 629106
117477 122747
597436 158880
138275 118864
707910 99011
881088 641172
772561 604999
498335 128590
613515 242288
882431 298133
995126 118112
150255 719857
796778 586803
712095 14008
726112 481869
188716 263821
616099 203244
995114 817900
850629 471639
788937 596240
364205 596921
959733 618046
308930 588521
905314 882742
652712 684178
203339 675909
518658 583296
307100 930421
159985 403561
379175 55677
139741 31447
867651 398294
456183 352470
341350 588729
839406 260744
684527 779520
702780 767688
166083 300346
88407 875684
162424 174040
329741 429526
736921 794085
463426 501571
338550 671706
402443 781695
539344 310607
244878 935749
275507 672072
403675 400244
630629 559283
493432 241986
432429 526815
57801 490585
530750 614972
973987 358368
936668 592213
669674 749422
983779 308931
474393 273162
606383 722251
726382 669052
208869 135681
681789 535346
497292 893780
576485 587509
550585 744978
539585 734810
861244 583076
891069 524918
870497 90511
702466 235556
137106 355583
716293 619128
214164 103481
832469 996034
950370 630645
578497 360060
755177 33063
764514 185989
282854 765446
205946 360232
961887 544162
482572 877076
624788 487833
374138 986489
247249 126159
511783 701189
566585 47157
965492 370652
331259 112192
477070 193620
769952 827596
117391 496946
704881 123306
239325 722254
378359 406333
596118 31739
310464 126327
957600 371303
279305 810183
838513 724
726156 412357
621504 186976
978962 335636
321145 628531
145609 932931
634760 479024
677932 41256
563717 156526
656060 723412
417184 771050
882788 653390
998266 902093
755919 557262
136971 51540
60734 641834
193156 296428
586682 478100
839566 752424
505791 244453
115256 202099
501910 967518
329358 2072
531324 237731
998827 164043
303195 476443
311176 750640
10422 227834
81708 650362
403581 984379
305163 3660
81721 221344
844491 684809
322987 114788
605482 108193
878302 942273
433158 498173
467029 830681
467974 145327
457621 375693
415973 876699
971332 850827
553342 41217
168712 286782
134820 741562
976755 773543
230152 569407
11813 134517
471817 359057
711331 940470
183325 645936
88383 430471
360297 228896
635966 86930
185039 23659
584426 246015
784682 282070
661408 713980
28592 649207
469784 688181
232122 782847
424246 742852
842105 676978
399010 652854
777971 151716
112761 542277
514385 192361
2263 709345
182995 133855
802 429072
916002 650063
720224 283969
48020 804252
176083 386373
71294 761709
154428 653916
207145 889246
948218 491468
727122 238961
106575 641290
274608 930353
83836 166171
801822 270203
444280 61084
212927 585624
754144 179558
842707 178604
931747 736341
761952 76287
402698 267243
435893 785351
197752 368981
586731 963794
590691 74282
109531 232071
230314 244969
616020 329010
862794 926183
735583 577795
508910 740785
790042 702654
201605 45583
575783 796870
921542 548022
279260 181394
277816 778340
783776 129072
36490 939169
243606 241858
999405 69331
477887 718385
202093 815386
262402 413815
372627 75393
330344 27482
514522 441950
655090 370065
491382 644272
697534 937237
500607 937598
379134 852279
66552 112102
858905 146427
887787 477286
407046 217405
412153 877855
628474 729683
46001 129362
947794 413929
151157 184681
773837 200572
67807 247818
259241 88684
100714 795816
994904 835997
530418 101166
314401 295051
895437 533334
698088 480391
56586 411595
293972 879696
516615 532341
224816 40721
837622 475455
218002 397695
174991 878994
246642 592042
513432 615130
851593 995551
216321 642085
769387 210596
210078 640486
424885 251345
851237 671927
888417 189739
852740 426249
177010 50501
166500 154556
789901 710783
74018 579504
801094 827364
812327 189258
136773 145074
145661 413327
137893 482161
930755 809541
30724 866993
639098 98547
887063 941172
777526 323884
76739 107709
14620 545779
736773 519974
715846 400860
75607 560933
968013 572489
995032 432913
280878 217469
314529 694685
74998 191536
493324 714963
315784 744851
556615 717502
663757 519435
215049 223923
568622 753636
469348 756151
632214 197788
572247 831247
97081 378127
319256 634362
91551 680016
562427 101863
485526 148855
467275 718680
163840 825
59699 368090
941455 582363
689063 511370
883754 571315
783809 610627
637206 972768
164966 418360
549365 476885
695808 95145
705626 445434
910287 786734
77380 227256
536191 392479
292234 396636
662144 596711
420351 999208
529684 881000
77401 959672
458091 536760
557885 59101
960406 492818
442039 155228
510692 517003
425472 430802
659606 908313
811725 55142
992525 161667
934656 698889
533146 793426
754980 194995
145877 64039
202819 150703
548270 442227
807606 84563
805222 921199
640658 15827
322403 124120
389769 260597
410515 916105
647421 793878
542071 133280
295032 180691
644851 11057
290056 580119
543759 306706
25565 697087
933598 279041
14602 887152
957105 708882
908214 556620
839700 225978
183919 964355
607706 202783
442937 345798
168553 169560
227918 949052
806562 286
829051 862798
905386 436453
83106 823816
984951 390471
94054 538451
374931 554656
107614 928424
123376 752773
226728 165370
489745 417180
646737 161038
585435 586898
5463 865044
567497 927285
355511 440706
891056 989354
417277 177406
154202 159326
4334 391539
107634 101763
964884 369517
843576 558475
989143 198406
219459 135541
418989 642735
102433 552289
406949 37166
803132 730274
950450 223529
692424 866132
976578 465772
353820 650051
206784 117409
169213 122938
393732 218036
984081 827971
244243 686839
737656 863105
50749 260535
402236 685172
277324 832189
239716 744747
824389 774501
761655 824815
586861 657877
709640 304375
289559 539604
55987 246595
124309 966872
570535 714341
571472 303226
236254 238643
757515 939072
152176 809608
11257 400465
871719 133151
611043 529061
176888 675056
443297 22824
189820 435678
105800 655295
933394 114461
329629 866866
38948 787497
673753 831994
928828 402540
586676 897825
872211 426466
236610 190047
285675 746527
85542 33442
878246 609961
400168 242852
342015 360809
893838 101396
760719 297333
394035 931305
2949 989233
726360 944678
509484 78167
254619 215629
589588 543169
712978 946540
122228 792031
633582 447361
592214 524481
882338 666821
556055 91112
784123 655385
46691 411837
379679 88639
391379 380617
718465 36677
500035 106211
416534 34865
685970 945713
289078 315454
402936 927985
417277 760846
594868 587514
774297 459265
872747 611694
447203 535743
948361 424607
734989 605395
934175 648306
261103 770418
177632 281537
76082 525920
252947 242683
170381 684299
780527 569594
832265 538819
855747 544863
110873 432459
641314 740902
873567 1215
155672 789672
429285 874429
22180 724017
838701 100224
909325 795527
560312 871615
203551 519838
325009 601679
639128 914006
474210 629531
964267 30829
149568 29256
453048 697948
309471 879433
422866 779947
457694 863260
467052 865823
401861 475338
153649 219345
204897 484639
108006 723880
724584 525099
624315 804265
501819 130104
673511 818248
771871 756950
917976 577727
368244 148361
660999 991977
398456 267473
481503 664655
499184 321923
51936 592959
166174 84472
149006 597727
506705 443311
380676 929685
493374 311926
627478 811068
589448 864181
636204 873640
341861 738482
226413 625635
906857 664348
454928 688194
265849 572673
511386 766953
847291 980079
310607 266592
14542 584876
979063 880395
391829 618752
970813 226811
624115 732887
502791 560061
836259 547149
512159 909747
82591 883932
162459 911638
594733 636732
989647 107664
531057 380670
287571 400050
529977 265503
667157 367272
233205 609920
738677 57822
652386 55325
873883 302054
993088 942429
971234 679186
360803 84229
609932 745431
477746 357733
440956 731440
996713 710392
439243 157868
170066 709823
860709 111641
387253 453632
210828 761570
171689 874425
246098 196754
244457 98741
630224 396781
722657 117473
264899 37432
384673 478253
547773 990879
226562 511941
74633 260398
25796 140852
654275 767165
913513 126168
282886 386506
195141 361591
998416 729637
84635 866617
834215 510687
489110 620936
891814 159951
930116 811745
671515 730162
621493 338123
426808 277135
487310 201488
275221 777828
477569 99759
842907 764701
11120 730970
23898 423211
79393 345606
423983 89839
680320 778194
977567 398132
978127 571095
211408 858057
57626 452069
1057 629859
736989 914818
646352 224239
816928 502053
732230 134222
104001 137545
432366 526658
672602 696715
341089 969185
940024 398827
965989 137366
856930 499538
724104 776453
503805 269071
349570 108009
219302 394862
874950 475136
941958 128755
88382 871435
461991 253617
225550 20610
582488 404879
963818 359606
107276 210003
770513 479682
675632 86908
772263 219979
941445 206783
975748 536632
863727 291473
692704 755069
390401 688638
784511 162842
100981 838868
404202 657029
3129 118049
547076 477178
471311 232377
240817 984484
437448 50023
411360 419124
724464 104378
570263 141964
819423 803730
693302 150966
719234 258084
640728 844092
420624 558422
945705 860286
961219 760726
766524 310662
237991 908157
522184 198340
623057 335663
250670 658804
8588 191296
387577 158002
991435 986219
525458 935941
709511 934488
716785 504709
357032 185843
214302 813420
634166 902327
345842 328331
226216 972374
913134 320137
789562 541593
808230 377984
182947 240663
686167 665102
547247 354586
613690 974622
154496 43479
361398 805250
378276 730781
587024 850086
978981 410383
921540 448238
545520 716724
399571 689888
199212 300200
297896 633449
635144 316294
188601 842131
568768 866142
581234 477818
392854 872501
76249 152220
190102 64677
241642 383682
272468 973442
43642 672195
264314 319929
338818 741338
687756 945970
783665 177347
648319 550314
630255 39506
682792 660061
467109 717891
655031 130433
830831 969771
638807 905340
319552 492577
188421 767966
398055 750967
117272 873059
427547 372622
155247 260182
234042 598289
172244 892149
858069 156404
625555 848186
281032 100636
996487 861405
783654 537144
43768 471963
84536 637643
619852 592227
746497 335162
158833 185333
663344 530097
888155 30080
607456 897428
971316 381311
456771 144213
214205 714526
529362 897173
167967 341489
47798 201198
354603 169896
490542 430439
91432 587524
250627 432368
147928 155228
588273 603871
606132 711483
447595 107811
998761 65879
80615 621314
622327 562052
792089 221376
573200 239192
851529 225226
49162 156297
294205 820379
29780 437665
389739 900946
932685 60228
66458 935263
300024 811986
332025 577338
438759 472711
170154 346708
767180 769594
69049 13269
613686 648097
531503 402402
701060 409950
967179 776533
687454 777699
274586 36728
116173 142367
283808 477904
837141 279883
397893 962343
24479 447089
402156 367369
976816 955931
589419 166279
626206 726646
285159 748949
684134 388474
306448 359825
955858 953916
759682 782440
45736 783957
792489 153963
672773 658022
493282 131118
201027 760703
44100 301443
759531 468693
667265 827754
730174 575083
427233 464965
775556 921577
79077 506779
95007 570328
656409 867182
192277 888995
538007 458850
29852 548070
817760 900741
87735 607368
829776 453290
11801 731309
672998 340093
827824 462370
186747 59467
562813 318510
245605 407285
100551 869369
829923 649369
255972 641768
846701 504023
985631 589524
804238 53982
506830 153806
526353 395973
856199 430312
138045 591319
207898 451710
30877 442970
893841 517374
226510 515535
309731 606309
49456 183587
215955 269576
126193 445283
386073 485405
156774 956579
456656 817413
903635 922120
552612 195756
323702 196585
608028 647257
444939 245390
525671 128304
880425 808896
580160 627952
474730 420408
808369 919297
388400 14020
719164 948074
536913 642538
896310 853433
945099 768728
816977 363547
243607 645081
364963 408043
773212 954308
376234 452294
685179 481522
161649 593100
646293 471792
323205 141721
495157 116115
284640 431067
903545 831380
150028 527408
113430 808457
196884 690049
546467 911215
708263 723470
733925 46668
206554 202493
435011 602142
335491 837105
673421 954315
959242 576544
758137 792077
861797 743286
149783 823508
637456 67896
407027 715113
410681 394134
29635 882384
475386 199629
270193 146905
519510 886226
971061 315183
853916 856525
549230 271411
875468 677401
900478 310907
485440 239297
303910 608232
10530 866007
121278 77519
614801 499983
561560 328477
112932 41376
88710 245956
45265 583358
