10
492 241
828986 577518 829235 48157 609767 560388 727639 524708 997490 663093 124713 450806 13835 272581 563399 101505 866917 254067 9372 837631 852703 813712 607494 919631 103626 531128 102812 972297 783212 241844 321962 394650 716572 99822 461378 822960 26784 998 987986 248440 477551 724305 308136 257003 510169 839053 115476 42276 26511 803679 123690 199754 215967 442631 682588 177401 404912 507741 770249 871270 86858 186969 33332 793532 548579 523549 460530 336216 919149 408271 415433 681378 553831 887822 250109 331375 951165 596413 505151 336342 666416 753823 528882 367469 693543 367258 825718 217360 28380 868797 12113 257804 391512 892637 756454 949665 653514 134320 615720 26282 834567 650358 503484 63878 69303 543425 389707 786898 161722 437449 342564 360980 606839 782527 184390 511807 99014 634298 855553 711103 521430 168066 53528 39588 556205 836637 818239 621636 507175 889147 377190 922045 389262 363204 638244 250934 999410 685136 748273 54870 565741 937300 891151 413807 354380 58107 526475 610121 93399 892257 459290 890974 906750 642933 64562 577957 258745 872973 953152 660283 556048 707327 657731 729862 151362 663356 76970 88002 950635 19566 829090 462288 737330 294108 578468 986935 57495 495150 916694 675011 978194 168111 413256 995040 677403 363927 341388 722814 313141 823416 657346 21338 808823 402352 990923 567745 91613 497049 583735 454355 608534 576179 759591 562968 609396 995335 676963 283043 414289 8270 566480 530048 469778 526912 333766 873488 601035 434504 734255 93892 162063 405879 738121 886992 793755 553074 168642 407332 194255 626993 555209 60594 863292 95132 689796 283033 734129 268171 990154 113512 372892 746903 513710 773591 675367 396972 967775 136156 150604 152399 715011 49698 391426 86914 327164 839302 422079 722615 313486 888982 989307 138985 672449 792916 836409 558595 871089 150489 232704 961329 285531 625798 470309 309914 51861 61473 294052 445396 311315 120601 87461 512439 783475 358338 518944 847145 214735 794424 182261 555297 578735 844218 29505 994949 561490 626842 491133 394746 883102 576158 187091 304935 729616 187095 41457 406330 855058 302020 651097 253821 669671 647131 298602 532955 897779 962002 590238 447085 471666 774350 384121 998170 147353 963067 934350 262303 506139 401261 861863 809479 868025 106668 965946 552483 129546 171818 325591 852013 759832 230629 722671 677825 937733 995073 748842 619840 272625 891325 854821 32771 63539 572462 598423 232772 744716 845359 42433 481567 24976 244870 226789 473298 816362 149720 158171 738260 960871 523280 612045 54840 909314 545510 686571 94759 939567 274248 409065 270769 536413 433243 63308 227336 661585 314348 937600 438698 594039 89299 160816 375393 375366 759024 820162 283942 174118 795147 639546 13490 517553 246954 354762 229179 323795 576190 62936 632179 616798 145934 216435 501543 920280 484249 418576 915541 111649 532732 793339 155139 870365 899862 722919 335573 201785 38736 859795 208084 373877 962883 769167 680538 820415 465651 236884 3502 470675 731837 624768 649225 41750 754123 209006 49000 226926 381117 776803 260673 660173 752675 86334 327011 288145 754806 734035 197765 833453 396728 922699 92435 341624 543332 397591 662225 485264 974604 937961 241612 511349 903998 967854 550846 460625 51596 951193 998685 281660 754486 147369 842848 875822 647704 363333 739786 422490 380846 583987 365351 787203 229584 303502 448595 62551 424816
612 514
498195 64545 682919 447225 675903 458842 542577 421895 885945 870726 977325 726240 646588 363362 232492 884676 449893 908704 372495 271145 506062 718290 679738 844356 91030 220378 31065 951107 556819 945089 292321 151879 866756 162123 833445 663891 600929 389515 205283 397379 739070 988399 86596 200648 26700 767310 487423 944976 530362 969089 464966 498502 220026 231740 769691 378180 190517 945152 443302 975537 231620 569138 68705 3225 336921 964322 168339 718303 541958 159839 97902 861388 204105 865254 249244 168796 693716 100812 410141 413233 354436 411105 376751 639355 426047 505979 981742 226020 580070 165141 216552 129179 220981 351108 803079 651648 734969 442724 741276 830120 164484 918961 893879 343312 315954 500811 718890 230146 23857 755158 558 836207 138272 989119 168116 251709 199841 443165 180546 19042 410499 409976 371931 758984 177060 701418 378970 489609 218812 6022 393374 249044 864139 214960 111189 310590 160618 280926 176868 803714 558592 611175 929939 266945 849632 723973 634062 746711 55057 586908 828926 379827 53321 866857 407564 787888 967385 540838 618729 207240 835769 838876 886985 304862 210887 238419 999908 537133 287308 577569 864873 232582 133510 660183 207194 606646 238519 96809 818813 690574 9453 745806 476040 136806 505256 98965 879938 392294 233697 554463 905753 347483 348510 119573 695757 375835 912421 87821 721272 128528 932352 263313 173971 880462 286420 988816 214199 980553 826558 540291 431781 681150 405779 666036 934193 435408 186836 10182 248116 680768 288600 16162 235981 285866 657684 387516 420810 203762 940240 787639 502640 728266 992381 954011 797727 638598 432914 866872 397592 43534 782033 211205 667840 632206 391609 260639 291613 162826 331161 867420 890371 661443 101554 934985 63694 420807 850981 320577 642762 793866 286212 546121 690520 579907 941509 703518 964969 35631 705008 155052 863505 121882 905798 360769 711479 177610 590333 246331 941196 97823 479268 252157 765862 526510 463491 193370 677938 323340 9793 184056 388184 35860 249712 829523 979653 2328 753878 682853 443867 665166 982070 908923 642399 422489 147574 783168 370998 174751 376384 433541 63699 459443 640861 77690 953402 393178 555954 32091 617498 32307 439056 66182 403759 320846 979782 618487 82975 968309 228258 227427 616878 244839 345656 777968 360076 843191 562588 757440 877423 212346 970701 842959 112405 752888 811210 419948 934108 18855 742462 425737 690900 666064 150002 167667 43939 526019 600643 891195 583656 672590 131801 926061 36835 699872 363216 913877 606900 840180 676860 227163 813907 706551 329475 712776 753382 333633 342852 204264 928060 572948 354673 9475 610540 937483 283481 82425 542836 178789 788978 791388 599077 245741 360738 135474 875203 655618 875689 694538 17670 379969 794369 704701 523660 997118 842538 262728 703226 620496 85938 379476 676573 873619 504099 463568 127821 22096 181847 205707 41496 78487 620807 928658 585425 575555 364483 379582 431980 871693 782700 340396 229615 839512 260090 116005 37286 169640 716306 878761 579945 91805 191052 994347 279080 640582 102378 994193 527529 201791 352915 42376 555377 813072 130986 201755 114283 862615 18767 585896 419467 790312 892766 313564 852224 400909 432380 392669 920858 380013 291492 712536 64571 710975 553838 261770 612311 655572 834155 658651 588661 787452 779740 709280 914261 941939 989 861896 357035 691245 203754 994463 925782 40863 883923 5707 851297 253983 574690 640803 65985 820627 801953 466953 5240 220431 261004 273748 695538 52955 385672 423773 659105 283378 608708 305612 505225 182044 961140 251409 430757 233999 733506 339152 72973 572381 795659 465245 6819 575196 634378 763217 766100 559896 220817 211711 146788 292540 628207 571731 572149 314331 713044 735481 898181 173952 338430 984818 137846 420448 957349 703403 682363 670527 451933 42525 239207 360346 905124 277513 644912 985339 112088 918010 544741 913623 25187 427301 13549 472649 355943 347457 390053 279654 935596 12306 4519 91798 478732 149809 365595 600981 829179 758745 861906 246511 412051 402116 121216 378638 213390 689570 316054 908148 583109 786150 925015 471658 953265 725919 156834 226446 614214 508360 695964 259192 260661 353974 981304 956192 406098 694344 966315 505023
608 565
236076 116425 274788 848150 384143 164897 907510 376884 597186 373598 71468 68647 868853 225764 797785 938159 536148 339869 841798 486643 996934 632234 154463 730478 699197 597199 614791 786436 857982 285360 395440 973502 278044 91522 33463 544053 482717 690961 86971 309406 564103 567794 719525 667512 444911 848653 175229 146045 222684 281181 835304 979214 686209 949671 53839 170538 319105 258212 424989 554551 294300 492741 798721 605805 620918 834105 253967 477054 936053 236758 841875 264533 276233 56697 359879 979774 241085 746628 258550 563924 971223 736373 418897 674661 812316 650015 339198 493438 383170 909772 165479 676697 168423 660920 734650 723125 254752 321995 353841 82492 560314 275619 123395 775075 658608 633977 32523 571945 666582 723209 896834 699948 835624 244388 206477 162350 242128 512714 264263 478060 113866 107585 553657 438388 345480 736567 18524 604793 331949 182356 87323 858133 197308 728071 951060 899891 45904 185804 227960 485895 373 595005 197976 152040 449942 385364 720456 818396 694024 140888 731438 341806 397168 797898 873131 741529 808079 375437 197414 700298 833161 489139 257481 11239 188574 438877 999726 3287 864498 589303 33660 266999 482666 488704 354885 602344 454560 375010 134367 390347 39140 43305 191652 738215 591598 948386 939417 199616 672379 777229 233327 13856 743204 967273 862032 775498 54587 418167 173473 507730 69839 481898 893673 963247 370765 887003 945047 767115 110685 737988 445194 510635 361882 145255 308759 927521 751105 22709 436580 233613 887123 735653 631520 829360 785353 14766 225745 333011 846152 106 800455 69954 215462 43985 436444 5396 141180 733289 58133 739766 427503 588866 940368 256160 492709 535235 268952 675642 746843 237456 120264 467225 187878 934539 219314 988918 223847 58645 823939 948179 746618 227247 569105 203741 220948 298094 689846 326396 524190 422417 337418 756550 335940 272679 655712 364247 372189 295565 234201 177997 440660 476392 747689 451964 582805 85386 410916 995188 853627 614455 508629 884831 37427 448017 818548 101416 2230 358668 52133 975822 963989 893032 258128 695944 784428 462884 844998 906958 23033 964235 988747 647583 69914 264078 106757 531631 83396 177038 362661 910774 307290 492224 323018 951529 100923 490439 160636 617711 712148 219328 643466 262105 452410 596992 58185 216712 973699 871715 466530 215853 573399 718501 744813 77410 667998 580175 472695 240568 204876 296889 629466 137509 224244 482301 29877 470352 439971 771917 304948 629760 85844 938805 140538 576218 23897 679836 641083 612784 609686 808769 883915 482193 307558 12846 742835 157956 284830 227552 654230 101903 885865 106854 117145 667179 822422 924071 103405 403998 39909 697477 466497 605389 456752 161414 510798 896079 764757 80693 203130 717466 343976 270446 73907 164557 806054 96364 643644 734292 111833 457473 58484 64543 341738 819087 375297 909436 549432 76562 40456 170458 913115 985491 58831 464707 723322 443416 961185 405915 118522 37925 409892 115908 841199 101467 277939 954711 642416 840719 902701 482078 736352 377093 968393 929243 692837 547653 694886 782677 695209 985217 479859 940276 451135 198506 88518 854080 351224 806381 838396 538085 286203 372982 96074 167928 624669 530329 393983 308520 827446 365957 866291 650048 466335 370020 612822 244622 792637 409321 756918 862571 772206 456765 696311 301336 840439 18929 68780 345118 785237 333818 181357 714024 752206 163844 375112 51982 650467 711454 890912 887880 649809 665443 443260 138564 872787 124117 744242 309991 266523 891169 378325 601504 407733 338781 148993 603742 158784 116573 838954 777890 428100 476685 920764 72737 704366 749564 244569 814783 786966 437224 206080 673699 648329 549145 120952 100387 827190 733853 679767 455455 308163 552636 223230 624221 303001 668914 234441 595533 479504 232327 35365 841931 213019 609326 185798 353394 526872 801471 215924 107402 766488 258977 461014 495501 806615 982129 796276 476087 176043 360064 941734 293356 951323 846146 644169 691296 57942 96868 96060 766271 116924 590672 269630 791223 394717 314196 107475 471908 230618 919579 371578 548723 445468 482633 492621 967035 793068 588891 188413 538819 313142 113060 156469 456095 432776 647312 904728 305042
200 105
697065 968417 303567 135718 140211 145295 801492 753159 712895 837588 692711 724594 614458 407876 291380 782251 440207 818104 984882 874843 406619 853495 764040 939601 678079 179925 376888 44961 42486 369439 991036 733366 425552 140492 91298 676270 925626 882347 620711 225992 782120 551882 917770 567395 430782 937595 25556 182592 921000 899966 790650 413132 490153 315233 632613 168870 449330 636460 359069 116708 354077 54145 912294 486755 671725 688050 418351 381596 513815 220923 693202 371478 366237 5740 420625 2899 986619 293190 847485 971539 130894 529436 665010 673934 270566 735832 398475 541862 664331 749642 833758 626377 96998 701179 42644 181486 404691 548326 547478 894777 601049 900767 705999 282162 636254 783517 291500 867180 766944 947576 739987 682680 984262 255631 13071 696486 919541 711496 475824 373606 405077 575149 584468 593519 637107 763638 276820 445841 417999 27343 385805 12747 635130 705081 767251 998186 728260 337894 183250 700675 533735 593096 398251 41090 831508 768970 481118 270548 796878 225631 364732 679000 20421 6809 807660 777677 880249 695011 401719 489194 89653 463664 710855 161680 257191 222695 456184 250747 159627 737298 276264 933147 914352 935092 57828 658574 104328 627124 445474 909152 494936 480251 619969 731492 895900 487403 649035 589074 452039 318052 516984 165746 838129 831963 35282 693445 304592 264943 972091 951192
666 651
370997 217943 932606 473745 919468 354428 448748 823190 403513 592813 442344 355878 689360 352924 60853 810065 43120 56976 774068 583078 385780 67555 947014 154120 971942 355713 783983 75995 390237 500377 928365 119973 202422 336749 973332 279431 448679 776047 95348 834052 653317 648593 421191 395330 670009 752702 998009 490447 359581 974354 113621 822187 463355 54591 98217 253210 970191 72990 544509 658210 745841 880755 655295 428744 82662 191918 671214 780549 116197 869313 997666 362278 316301 195270 981846 797989 380655 684878 459266 944760 588901 581997 365109 511444 50206 808691 413282 127883 482971 103063 383982 472795 840466 488119 937002 509780 156131 204826 818033 519057 694833 395768 211490 364403 266237 559873 161581 107106 919546 162108 47495 565748 44650 27704 790458 154744 754953 278449 675263 316727 841214 996793 327555 681191 663694 930664 138681 749017 192266 747020 461195 842778 529520 897851 637008 360465 717203 976918 124565 582653 549544 434147 826524 213621 100852 181120 420890 249380 765047 470798 490221 501791 196051 152867 489075 602673 936453 135491 976454 121849 388210 819183 496860 175607 146765 356904 49890 806374 550845 605213 870267 76646 446549 118054 586739 800389 143568 378756 665735 229294 728279 487162 378556 726726 581481 414971 522963 229135 202972 73446 321866 175089 37856 999670 743770 86251 335116 683240 140565 462552 537122 449484 289579 689613 700326 281928 770954 691535 517654 687297 666339 575572 255983 510351 650715 808201 969382 827273 481773 347340 462336 949694 356272 142215 796893 682847 662306 467488 894458 689097 450119 179403 339859 754764 744713 882205 604379 920938 710345 816098 206291 783904 953399 607317 240568 629168 194890 266665 751891 344789 766668 65041 54410 988511 148246 336951 47054 920032 676499 885743 503411 533380 950859 152996 975343 66619 186407 419879 930181 462573 931017 327174 714794 702314 384340 949800 512797 570358 323529 520343 223397 241629 755040 811732 480303 443008 258303 2534 348438 126653 203331 45082 969623 937822 879188 535250 775204 446373 989261 77331 12025 468070 604442 661878 949297 414507 455089 979668 538685 271065 848282 136229 669603 120342 226496 984935 345294 957637 895871 774272 397540 367789 539306 280203 993052 667509 486512 20739 952448 131711 161132 668935 993385 565981 192626 714466 327233 938720 431259 966495 831481 298441 904974 457792 119818 808757 514878 290221 689472 28739 388826 498443 698200 603880 634769 232158 712805 899512 175441 626130 722409 676709 154008 104347 260039 803150 792519 63481 956009 334029 338018 881422 864725 453636 935159 716683 429416 946190 40018 455618 748002 205116 624158 284222 468420 899878 275630 484052 109149 804492 707779 401344 468110 512566 842960 714137 82155 725174 693728 606635 116205 961591 299272 616226 314725 215790 133869 252701 251010 155600 40619 901467 923893 558621 872979 64433 311688 710983 526006 353451 554562 900597 304771 136107 93262 224215 861082 483620 731055 421471 127021 243422 452653 832091 382435 396533 499564 366129 166390 690886 269120 150127 550434 774114 467892 354970 791529 554525 676737 681463 876626 145859 476569 223776 223820 735356 307689 6835 31908 449492 376638 624972 279828 750585 391176 66548 827725 16239 646843 458087 271182 191321 699751 854389 17994 412924 147920 596291 605061 490955 744143 273456 32009 614419 923467 528743 580779 397410 161465 603970 216019 566850 847326 360555 128604 34267 367044 782175 109790 754956 475652 666722 88089 740647 452753 779747 91847 270472 729543 289721 968604 623878 430669 122312 272475 260707 987225 181307 270867 68491 15446 923861 395712 985587 902692 892086 351388 256908 568706 144723 92966 838128 47749 346798 920954 394909 808566 972815 184465 959471 856840 159165 995658 114596 467544 39844 726754 452902 594866 803995 466878 264802 23895 418754 470526 759391 506894 396753 458087 239386 591876 130454 78062 836408 516390 146341 681464 223003 476685 437129 83740 42196 207736 573224 387712 866427 708762 235722 437179 232639 604176 330205 962836 674648 827838 11854 892626 228284 311374 139901 916921 983444 627911 954236 301826 214624 987078 348267 323806 271753 865999 604254 633239 438351 672860 38481 67491 479518 354742 402578 181608 71765 73936 92452 797238 780846 61182 534970 449140 889490 8043 338361 663065 413317 431513 198144 920176 221642 721415 269073 266521 501125 568206 601791 556024 654201 109292 53955 161227 324107 685813 811817 132770 143782 595975 365527 808249 151104 52674 39214 214414 14277 68562 701246 344180 977992 591320 688377 447197 976584 87141 749478 168923 439632 710753 927643
828 332
773788 661110 589215 84785 565526 162293 583767 728017 492841 443571 573018 306874 215327 212941 931800 333296 406654 519519 147933 564344 651785 754841 537829 594475 921666 957188 648033 16215 23661 581433 291688 580354 300589 959662 493879 823461 262350 530762 553220 33992 929464 966023 443705 813160 149308 712342 852694 832892 480077 272531 946535 713272 315505 720719 357370 569539 993758 192811 506879 763432 226507 930028 695655 70082 520070 311679 201746 659311 912603 414261 35846 921970 2934 753207 448224 789019 650918 399048 689944 565565 410906 98596 573574 651576 561942 835895 901733 540006 21716 110362 751098 11647 485555 518383 49865 875503 741306 474972 630804 555854 262909 631103 437314 985772 97353 247549 123073 418724 362708 884177 964384 915519 425102 559225 888319 77202 465474 2220 518536 400100 874273 786074 365996 738808 992891 162038 784595 755230 124565 263107 545816 495456 537986 743416 359924 889483 240185 894953 48584 726204 259952 516227 727887 929857 198468 432341 88679 962736 514564 474812 310727 829995 860009 156728 868779 37755 97489 373003 562000 350585 610359 956578 394017 542541 699027 276194 595958 194935 162331 263138 797820 209052 723649 367098 739286 981101 573140 509009 592936 878024 67003 968075 845642 795383 146635 399062 852916 588458 122746 735262 87789 841589 816403 485060 19825 335042 663468 340461 523342 411266 819581 449572 218919 800233 863761 399066 385743 709053 462038 439975 181256 930088 465527 551762 657627 511185 407291 345549 995021 576681 690439 936110 800230 797249 405744 88793 991548 241507 895986 535012 504129 225928 674548 766960 716170 974307 403377 549626 96433 123044 699057 388714 582063 471214 764391 990215 743917 474920 789933 276116 712907 640631 706295 239715 908803 254453 494091 693804 416149 208305 990132 699582 212250 551610 590538 848337 747957 257199 7401 624400 690998 296334 201253 705121 213862 136507 789655 710844 198187 148140 603689 6284 768536 68890 102086 560540 522085 161637 298087 56733 778597 994494 538864 795304 558318 241236 114956 752619 998657 41917 944614 179991 845622 47504 13257 949974 226046 56469 342390 181174 662127 553961 606557 287143 811588 903487 411856 957058 64174 149781 964159 824319 747499 901832 819685 572588 492285 663950 221930 446930 276155 201212 506957 119382 325849 73311 971173 700208 810175 288255 376496 214074 225389 415397 69362 253742 223642 750829 738810 858200 683834 988033 15256 659310 112238 505946 868497 464641 143820 225708 800288 580762 806794 810075 526330 114883 269409 55397 439835 415934 890139 594203 89455 950391 523656 668281 336946 472972 510273 572458 152218 259672 272730 468263 335280 612811 944929 788929 156693 878025 169203 244381 288921 249268 946776 320684 365321 73795 987224 813292 252920 147493 438080 854572 539401 471469 313155 752779 730560 199558 960837 175037 482612 921707 454420 800130 972461 571641 320636 561327 490881 913230 905062 302897 955525 404914 98803 646832 510074 257803 172577 593025 212963 486206 934062 608102 875896 231213 584906 934615 786961 489741 430105 938022 720981 431496 95232 554394 620022 166578 324567 861525 181257 273143 592916 71836 490250 975515 266117 638032 308394 765369 893315 108236 126923 383584 251566 314483 799567 998385 508878 513305 454127 863722 395432 984006 695078 904880 559354 635912 172529 198988 72528 414061 950282 192890 222859 684742 761073 704617 160864 432194 42725 66770 484935 697722 306490 634933 244309 82930 178885 301123 667381 252291 993840 93792 352787 298437 902310 842737 951508 407272 127305 269771 395152 244139 290563 888299 637258 113291 694503 294657 360986 698497 382380 222638 551894 87046 491814 37703 89578 481405 834120 525919 570246 745920 295810 4219 909281 172454 495270 556418 644327 944845 962182 986332 851861 169873 98675 240454 437030 314991 403916 148420 65709 704739 40521 285225 508460 507455 986101 596328 341817 20381 869471 153194 765196 899872 993482 527270 335125 95936 120603 48293 985449 932807 43748 273552 909191 760236 757313 601219 68856 710443 298241 7754 107473 633094 959769 660261 629945 765747 67006 752942 198905 260234 375109 130852 683287 682776 316918 768759 152912 666804 570484 590487 841903 563462 496418 375714 909650 376426 720111 555639 71875 968613 507985 297191 580486 756752 381427 98964 214658 599824 124970 441963 736791 757997 409718 655232 478519 356665 665798 783831 32901 466949 13231 416224 820708 1609 709264 693918 134048 697569 760663 697492 189854 783815 523614 467233 377313 195233 629739 741182 829683 990407 225413 372618 502719 305676 644434 820762 586544 514501 815799 158361 661000 98922 626739 731503 519423 786630 46197 706819 465527 452187 594065 363173 691660 62396 5307 925406 757344 65598 130775 97038 49161 48088 603108 534568 973355 960224 489814 354648 159073 472568 286803 641705 581328 822069 293462 42482 621882 408442 615406 789970 108148 482027 598194 906245 270866 95202 753961 894159 123179 431017 760425 982804 924677 674929 322460 191857 358652 646155 814694 362093 641405 406863 901906 272252 945531 48952 79071 286227 274194 897695 364561 699668 337364 120007 616593 714525 61608 971830 410576 676127 93304 772299 824382 267574 326953 44021 105425 458821 982401 795924 820381 728177 55391 523626 446855 814094 99747 597084 789971 648485 12613 738040 658297 425737 830103 729270 63545 956149 985332 21547 478631 440409 556356 191149 36154 78401 266113 531796 411192 984862 597064 465545 154216 434045 328789 588270 569110 519884 83041 802770 820869 987807 278955 77590 694198 320827 429917 170435 693703 67083 622882 234081 938646 891630 513850 312972 808366 310262 950448 111094 212406 762793 514340 239275 311430 722034 556280 278779 782083 690255 400250 412600
278 125
250351 653151 305948 856782 617556 232708 618974 909573 402066 977188 707836 65225 886905 142297 290061 44193 210577 997422 202275 237097 46236 483525 367605 81541 134690 673891 541335 156179 722442 342341 723611 436924 120725 900239 864885 856130 764146 95612 770896 254418 594982 440251 485050 392197 393844 365711 296043 180223 945541 66364 244029 696161 893006 860480 890795 948991 224443 886393 828010 654560 186980 242717 439084 986609 724167 243440 899475 515379 458083 69647 950416 154511 664242 3247 7479 887616 222798 489943 368480 283118 420915 885574 417630 763939 179241 336766 193396 858350 738378 919836 810532 158872 723640 955235 8459 657124 252306 914718 701758 213081 539013 907559 335490 539698 755866 105125 407880 230397 858880 245527 985853 325317 398695 668384 879516 983642 328917 865415 631943 2907 491614 325697 605600 877683 648402 914934 359656 121550 723050 604275 984107 596096 82822 64196 351044 572509 116342 192718 466223 308295 393800 779571 16143 112733 602424 191912 169856 779780 287373 317174 483532 939483 419971 462282 199851 919308 235580 570272 509921 145624 36100 100905 85397 818734 942389 617994 447425 891659 21712 121019 713826 60526 696890 382194 386621 605522 785557 964803 627499 427153 275282 173779 744041 449498 23886 931138 524438 324866 371535 485055 182197 974021 63978 844832 804898 964001 628497 607351 289471 132933 823860 484683 47252 525462 490618 92728 295132 453595 497118 734509 628009 741589 73336 845982 194971 262322 396973 618506 932512 87242 879254 304453 460051 407965 15748 254319 547171 243399 136248 770812 489303 34599 457783 584746 778962 30564 64852 1286 528631 832895 870032 30537 311999 634707 588356 155800 652219 473609 809349 730652 402350 290780 234761 165769 821330 157329 71785 968232 35627 698309 769133 280039 487980 923217 916974 176051 559116 360928 481767 412544 755942 882890 107780 486776 978732 43781 736151 159801
574 435
862808 118550 602620 329592 438058 403977 77249 966109 163921 199777 893401 755307 922089 330743 229941 595278 63814 215661 69660 926609 171311 608921 262854 928373 892741 46430 37944 686737 513141 634423 974313 94808 863264 143690 588521 94257 717356 727281 564427 912073 500132 621453 156883 200369 620784 730775 521546 850054 696313 324367 241085 398587 384998 880754 669767 15536 366047 728263 784778 709870 717898 377744 545887 515688 170758 561045 848077 670505 453625 482514 294022 714653 127773 26170 148512 628248 752946 825551 795379 64522 962335 778947 637821 951378 68574 552174 681278 762083 705719 194107 969313 590320 52632 897629 299308 537652 54791 638116 930042 235877 608960 135812 451073 405771 200088 879320 929435 78853 670440 808717 656730 252812 385556 677213 591241 621652 534742 582075 485435 116320 115910 245708 61373 498126 450398 603780 954637 546512 470835 623886 201481 732602 303404 469508 611903 298563 914461 982512 259498 877007 742938 712809 454949 98660 54850 952162 4747 55954 36772 410928 836460 142082 619468 356473 114987 542588 737129 366538 126784 876389 634730 3862 215088 799480 787105 496272 542449 958971 415136 738748 172285 435949 381950 415192 252395 283886 401267 458832 450553 284062 6663 128072 967098 513768 129963 231819 943387 600461 920231 136142 116249 500397 483187 179561 210535 43023 904608 140502 147877 615502 520919 1643 982708 9035 843518 790210 288551 779279 706051 203887 570930 970965 972078 127895 101713 345334 252195 58822 84756 188370 8687 486780 124510 592683 100185 941584 13084 359933 488923 903228 876171 177620 444024 457492 992827 646375 208711 550754 269398 140799 449096 863932 165092 117994 348503 85971 953196 829125 988273 777184 486881 469186 161786 197354 101580 56002 511107 241128 876068 602910 436063 118147 696044 299211 734751 525129 745616 965054 799519 197370 584303 766847 213341 398623 302856 483876 910194 34854 774819 532355 256962 439138 146375 499386 586127 252336 499363 955230 781379 199953 754761 5415 148137 129161 124679 168277 247148 13135 51754 883466 361948 517557 914056 768407 97528 119680 233852 133307 10827 158977 476098 433351 964139 211033 56888 754112 426657 633168 204153 578413 273053 86471 48861 203479 424082 885271 286056 579087 144269 573820 276106 524475 24814 207565 623208 817035 482730 80748 467901 81526 317240 963474 519386 923298 299493 492116 696468 118983 741147 478155 876824 951105 110895 282832 398197 115219 126468 951276 839817 642491 910081 841197 730149 721154 129043 248735 419958 331054 506444 329598 393098 819361 409809 856795 628888 175740 148830 810036 880436 484204 279674 735888 184481 968627 672211 729035 564083 634703 849296 68102 277188 277744 806696 377251 793267 808286 472149 501255 89712 470743 144016 798351 289669 893496 43696 170987 467876 712510 288570 730872 556657 304416 304824 538636 984702 729667 641709 710016 979292 569456 478754 626127 619232 995806 555995 804858 493485 113873 497946 337113 165447 163495 852571 502916 190672 944314 332461 991986 371004 851983 480656 30696 193882 26333 348045 770518 114698 719542 445891 344702 239795 116394 759318 436433 740634 177001 163353 447085 214025 743823 84442 79940 598862 938938 95853 39427 152776 150146 19122 616226 10587 303885 598640 858991 941448 391123 418010 697700 956750 392061 676191 906038 531994 331947 635575 316601 488311 895031 502746 887824 687119 140162 229128 334243 465678 180281 976389 952046 304723 581322 247106 552540 647589 319590 54462 143002 646313 956441 922051 210316 83044 726206 325192 447105 210566 988974 404509 341283 482343 222421 230590 540551 883288 755634 52629 254903 249210 279211 463775 579507 431740 319164 732208 383191 866370 725061 734292 470200 622600 621617 958250 573932 694759 63264 433932 907950 723301 624227 929848 770208 858023 358288 872711 24841 57958 887401 22886 362033 536128 593710 464778 329344 936458 897718 326790 679620 868008 405029 891343 335178 431817 724470 185718 112628
836 274
868586 873929 517675 194997 802593 62790 103864 870591 461407 989379 164615 912381 795744 459466 19989 902398 301881 673680 15739 589596 900997 330679 336160 736847 257783 827096 341432 595187 376800 570015 847844 35902 125696 498262 93538 475570 802848 407412 385188 3617 118979 877032 501999 969071 188943 453266 695134 125676 672618 425906 672420 731516 745808 990403 850 892032 17784 816035 46614 538036 737384 905257 983395 478141 196665 584283 75324 911264 97790 999638 70867 350104 179300 119866 22554 521058 308308 414000 949471 931073 834762 740595 392414 33744 250372 562919 69052 117000 144382 452721 956696 25109 252441 816770 835887 347756 179815 97202 112522 612809 489058 991123 19890 612996 177673 558547 874878 111053 479812 635199 270546 177873 262549 65149 256430 812596 35563 918606 710054 673670 191732 853614 563363 730546 477358 135233 50803 884697 883372 946072 864187 731748 405028 652925 34311 390613 678100 200363 38382 383116 702080 254998 901067 525977 559294 783701 292515 509789 772730 926464 81004 187660 625368 628417 254703 977186 348190 548064 622714 187024 759788 82042 241223 987896 648820 685073 165968 746683 604049 809167 432136 659160 49877 989189 891772 121289 444814 967498 196904 112999 467451 2104 247030 264829 429806 599276 620706 85114 87364 796828 828025 377355 572693 870521 899211 443058 149748 972779 983106 69382 150563 37000 885584 901515 939286 655391 9259 186394 661167 469172 854003 823505 782587 677169 903336 328297 279219 999199 73439 625866 687041 402039 43172 899746 812503 447828 995161 770143 569959 359102 306652 870787 417093 743461 133972 233193 927334 180011 272710 877657 44325 772392 6478 588791 938681 231361 674119 620793 237562 625652 410134 734688 473934 942170 570566 266622 124684 11688 378107 659196 983691 165653 551933 456739 771174 125235 426155 492246 358977 95207 230117 238372 994810 769198 645443 690883 109309 424620 618380 265872 207911 292134 124393 272046 73694 128416 555760 587741 370196 976389 613229 720379 727364 718926 550808 165810 706136 878292 583118 228414 884982 536770 913504 918975 477296 416153 141481 508062 276922 714333 677407 576303 767427 710988 76353 686480 524012 728212 923960 407061 753424 834843 32999 534696 852556 387646 247725 48241 131349 816048 399352 303000 793386 255068 2147 401113 896474 918812 905773 453560 138717 331622 899074 875445 69179 49049 831886 995203 126030 42484 10886 466447 274033 385717 698848 304246 661699 839332 668919 638080 490756 144292 273243 699506 911175 288691 364092 234739 770044 140375 74331 285649 414506 86090 710247 62197 602750 925638 125537 249220 666229 549009 450198 568735 604939 437949 942453 724482 201793 846417 312357 637628 619049 349395 956260 721830 18069 768407 686219 990488 948741 32565 585634 343737 440063 444220 299946 640879 423343 406117 903923 695709 123628 414873 569614 933481 876528 266528 63505 665589 228983 403193 588433 408166 584721 528553 806472 263868 274752 813928 272996 987480 983984 462724 170029 196729 791202 378661 249558 537219 752036 262604 115438 431600 66475 217009 937795 420038 826119 152198 224060 129297 238530 606487 726563 161117 997209 467820 80572 857575 572605 111297 504043 669195 719969 914082 546081 271909 698903 434404 160775 461165 695950 708995 17141 856110 272874 176188 212751 850306 579469 306530 525290 844275 125224 851909 564068 108268 384137 823308 147549 311555 49298 271919 272340 802787 844669 841952 57878 571516 41701 761324 910135 45739 739565 65620 624959 22239 245461 88480 279950 547444 824465 936705 95564 951025 271615 187238 447929 671415 840839 661779 415235 678800 288958 145922 404973 479355 526529 332309 153477 505531 701856 556420 875745 72121 257531 803282 789567 208246 248785 686686 90932 66544 106131 532136 332838 823034 508670 493926 615279 926935 556011 569616 797157 766734 170275 312835 31013 468300 560228 898869 369274 272782 3614 872668 714735 55355 227107 631557 944290 577365 193725 647101 761871 242504 713657 560432 200157 156298 487416 282561 522379 770426 484077 649639 924871 61973 221509 925960 952374 246007 798775 416877 773464 233569 973500 97673 521391 117669 972864 702572 146454 159560 546297 553103 700765 914312 583986 273892 263794 749197 312103 110719 572481 241537 876624 893573 31528 96559 885213 970396 755011 207123 138239 169456 899424 472740 759996 387916 424792 633938 970185 620693 282350 376544 467402 698403 436329 959749 155386 214141 121874 967915 577452 672912 599532 527402 15497 383428 170500 659088 150631 685596 974081 251577 291616 950263 518146 869002 776705 137589 431541 281858 614641 183355 560185 721431 242845 589513 72272 750002 625057 237886 124427 649140 296412 501409 691595 272237 434333 227618 648735 719588 48223 329129 2032 54668 408500 437798 195645 237377 769184 65094 613934 169814 409915 127156 3733 546908 238186 553954 408360 237037 559962 766776 318750 403014 648430 447842 233377 512075 774336 965278 553529 515705 523550 371332 415971 377407 444976 340231 473593 629165 651749 30959 579686 804767 531368 237448 692480 389658 732994 211940 461507 617639 208051 617251 796870 330765 272596 2223 480022 960036 92248 52799 554011 998503 971537 995368 250215 427276 502442 177807 122960 31869 883582 487753 93837 457765 881708 405236 699790 803586 627334 916135 694827 171090 729188 340399 875968 960753 191561 218164 881161 949291 259594 452105 69300 324370 187551 113262 314190 934192 234164 489665 128222 203326 81081 165377 388290 214042 342854 920656 526716 809307 443623 421136 912506 48153 295496 24311 407879 332227 496318 600216 476765 417845 550058 320174 957965 224937 684590 351550 551961 292310 637708 354283 785995 61798 332407 309805 526279 112720 268983 427892 215535 588427 621969 836439 48159 772243 698159 695343 804856 219656
898 384
777345 522609 375350 166412 679821 655205 287520 185355 126812 706066 872950 291321 255293 626784 684480 240414 99027 948401 473670 396030 497375 954926 86491 439104 98408 641147 720505 311027 788254 396310 280080 932174 117313 316001 472264 238400 776435 533957 476124 963180 543210 149803 295053 740031 40565 609448 733052 577560 971611 107656 289423 800497 276701 628648 774412 942331 514649 100912 714609 105208 358450 862547 720256 50371 746448 125946 838681 76789 562243 420676 150741 756446 996243 495588 912602 772723 781090 151481 194173 216373 631775 471700 452503 787980 418302 430537 812698 954700 419564 4425 601061 142947 263543 921125 450883 281045 903424 246047 755522 52973 435956 58805 197894 526067 285236 421113 999125 203260 381687 461150 846767 64748 786737 331053 215730 422621 549833 461717 201442 228677 280970 481381 865286 907888 725895 392317 758592 455560 931533 43576 875956 799726 323624 449924 70224 590929 140142 540029 871410 698990 653553 466951 563632 114156 798341 274439 299618 325083 355128 814048 970993 897940 679310 930118 265045 754539 613195 358567 926460 739331 300487 812065 332807 704983 792402 527267 244472 466504 46285 212722 438342 906419 38279 624530 470115 264982 204633 320380 648165 710858 428253 122145 103535 170983 168733 95617 677187 488939 682053 754297 53536 165064 47326 149391 422305 535284 336267 933871 87255 674180 910955 504326 827537 561771 92631 654872 689621 38449 398892 823727 348089 523159 29484 149647 674313 561256 139067 833049 824339 764894 55291 392940 767646 928596 7279 104058 506133 331937 683563 735241 266784 414250 388671 349146 887628 625218 462537 6845 767948 37471 249199 353352 519867 712237 550051 440017 720197 801185 691160 578669 715212 252790 667133 959553 329040 484441 338124 443573 418790 245759 863592 122145 548017 357529 154490 489643 22948 609863 969709 589853 811166 823139 520799 937147 981820 990218 118446 432972 268625 205055 760539 816018 361349 859891 622225 624753 238456 244569 104284 247249 641103 706844 74206 594790 753034 826322 912648 723615 201233 272820 826446 192298 479727 157386 819730 813420 880579 978428 980662 614645 617154 883132 737494 552279 88396 740851 400650 507857 622278 707180 514172 292181 107657 970571 305624 874646 420901 461210 943761 64535 197005 820512 643267 318196 791175 570073 387960 619024 868605 666961 260721 596658 728335 288172 879549 296338 696584 378077 948800 480883 651176 29762 802615 929539 118746 332206 591180 739822 101059 504923 331892 287835 882189 248120 836981 95155 484213 685697 863428 329025 686631 342328 498840 240146 470258 120741 691363 461637 817759 49486 896523 99024 351125 535652 261379 707899 189020 569723 831153 550937 402548 82953 706220 181579 901988 446550 730559 615750 557626 700435 609550 31656 155074 358612 414423 443444 999518 78873 623313 874662 28826 485500 323474 420353 323716 433813 238607 692606 531201 213380 372198 666938 394129 707609 771021 62141 934097 590817 949637 55767 383946 127249 974106 676279 283083 807695 903766 96340 622505 51135 735934 720326 815333 577253 930400 956213 939512 512525 919564 936038 88840 117706 195138 949941 16006 474863 474835 276139 522667 285379 471197 476443 860415 5275 213105 842068 678736 715655 695845 923941 985585 815745 239128 488781 402600 692697 435107 454924 18199 609166 209434 343633 94168 235468 411856 848321 227610 649730 857383 612941 760162 680414 134973 814529 931281 474366 924440 448963 660933 794400 242586 748064 767046 881132 271667 490574 453173 109877 26772 1566 734369 5665 398640 840353 883022 805296 94535 450533 740513 55237 168184 650117 908042 744236 580966 632348 593142 122757 631882 634787 651743 15975 794381 586792 318013 234378 483680 988553 505734 98527 111794 968809 372261 293030 532843 13351 308785 941558 573762 629260 933444 809121 233789 748195 132829 609055 289295 660401 201363 69967 918302 724458 37434 214032 661291 566390 957472 285942 840096 686410 823031 723106 274154 862299 222656 991718 868849 948434 673585 483438 839903 19853 511243 711811 207138 109276 782335 582662 116215 827954 171976 880001 448075 861295 937150 482224 896147 194982 954266 282003 602507 121842 94998 140609 199115 660737 246384 19032 426190 812421 475676 698693 355850 371606 227560 382948 636452 862917 889892 425283 708515 479783 57852 21898 514522 88187 877470 591781 59975 249485 213860 473389 807391 165911 52899 627735 13496 451019 686330 852822 462515 991991 896361 795445 35416 211864 735491 616243 745112 490621 442695 809027 434087 512148 707526 265657 479046 559933 949577 463593 423004 588849 338959 760876 260154 137095 7513 513331 50068 955523 630324 127727 732996 727434 594735 456765 841757 658462 166968 478044 61793 74218 937309 364378 961964 24615 664078 774356 347686 835952 672297 847109 942127 621239 209791 933103 156042 453095 757057 412640 499151 559357 216549 617580 428640 28472 263556 939600 504101 167853 728982 644483 285239 461683 224878 594173 211702 127997 981532 249611 742493 374302 358214 338209 460312 65327 529712 46093 276585 892194 281009 362407 320301 611716 98636 611424 502210 12473 778854 114654 30274 101621 642043 245504 500737 681993 880226 898452 929724 130282 898660 502591 909669 487491 503277 480194 60586 896132 703644 918835 186711 220232 425600 466425 574294 755405 135823 541506 382480 840029 822562 199542 320353 697368 975063 211818 764240 582600 801500 924601 134607 177396 336220 532788 425921 159219 861380 481545 206559 904760 129086 647312 619455 281770 163968 533765 871974 324632 948809 917054 241814 240092 770404 783296 995953 707256 68274 140659 294175 887686 541990 483433 140335 155026 274593 417319 170964 681620 696714 33808 112215 890051 445891 154395 633903 836230 345798 925277 977484 459811 569609 847749 704947 496847 201203 803319 435385 800365 145198 584334 468707 567679 963346 920391 927140 514437 981953 900982 675955 328619 419819 399174 587585 147249 227671 935206 797375 607231 940373 468569 330175 885934 461569 728408 886214 344301 385754 122830 80453 62193 593536 3254 442392 945193 319248 446275 259132 941920 357045 365475 806849 885363 464818 496781 161086 915139 126394 561596 21994 42353 500444 976197 616040 680526 697997 486341 743042 734462
