35
81
524 969 16 153 456 100 1 88 502 593 713 943 664 324 199 776 34 93 647 995 936 404 744 578 26 499 249 309 971 653 410 809 371 13 346 52 864 549 192 550 110 560 327 32 674 281 310 631 917 291 189 58 229 948 770 880 904 638 936 930 66 995 248 62 879 935 301 930 318 666 379 594 607 931 609 732 45 840 870 839 188
17
223 289 518 619 194 737 825 481 378 644 148 116 62 326 396 175 114
58
345 348 716 544 780 798 815 274 544 961 830 274 585 478 978 180 496 920 338 939 687 30 988 110 480 170 729 824 824 121 672 971 408 109 987 776 694 587 180 812 80 193 586 159 994 772 288 409 3 467 647 494 480 431 659 679 120 914
76
747 547 700 810 978 633 867 633 461 53 763 23 931 191 716 889 963 544 667 898 476 17 390 875 987 202 610 824 383 108 727 884 960 212 776 208 204 237 202 924 65 819 440 700 219 951 639 862 443 518 465 653 313 704 652 189 981 101 445 893 195 510 837 137 858 953 814 568 30 875 97 634 968 595 503 879
77
994 115 11 33 969 968 304 859 696 470 219 794 774 759 492 39 996 33 58 759 479 616 534 918 57 728 956 667 393 792 723 794 414 24 292 609 808 838 361 128 363 190 990 789 184 323 923 891 837 823 999 293 186 730 819 230 439 684 624 490 722 465 487 165 338 417 561 103 986 735 678 613 464 590 343 408 362
21
100 818 845 149 677 84 415 802 155 838 132 505 765 765 680 518 249 168 462 669 776
100
846 80 232 662 214 752 39 703 310 830 61 788 830 414 260 558 316 394 208 179 600 481 503 89 490 823 684 258 468 879 245 546 842 214 686 927 602 532 480 901 693 734 691 57 447 859 350 605 515 82 557 80 303 710 111 11 204 61 519 966 257 869 115 985 332 166 17 846 940 976 529 649 122 371 339 329 317 905 821 126 715 118 440 905 800 747 979 817 974 814 629 705 755 747 309 277 650 383 30 170
6
201 553 896 10 962 390
68
629 355 243 787 954 238 975 883 187 425 132 617 604 620 745 176 153 602 17 721 246 353 837 830 647 423 450 361 824 581 981 721 138 886 285 453 915 546 526 431 262 710 539 722 62 237 334 864 656 659 16 783 566 591 845 930 613 32 507 335 81 47 41 989 695 708 535 584
83
688 368 374 402 520 833 147 974 815 256 902 191 22 623 589 612 28 355 575 852 537 37 799 426 988 528 304 92 962 734 717 876 645 824 177 104 575 54 75 583 241 534 523 349 90 180 687 313 32 676 568 828 242 201 161 771 291 376 846 158 361 336 764 701 355 507 769 816 184 286 181 545 91 108 409 810 551 165 759 373 769 215 405
40
306 795 585 612 709 436 869 605 778 152 484 347 664 676 605 307 50 735 659 445 8 4 485 737 118 798 68 254 37 399 721 244 509 254 107 174 573 935 25 382
21
585 675 750 572 705 418 168 165 572 92 809 4 742 486 242 897 943 244 379 481 300
50
742 125 883 106 972 69 924 91 296 319 601 333 865 628 924 782 493 993 623 189 766 677 349 621 942 788 25 152 497 923 829 572 582 48 192 220 164 873 629 695 546 217 760 304 830 926 99 954 544 611
72
841 330 198 21 824 54 260 2 555 979 899 199 457 343 908 827 151 892 627 504 5 768 289 387 861 790 473 741 897 842 373 203 813 742 665 109 905 651 963 254 839 178 255 644 725 726 443 123 969 999 133 702 317 280 404 25 393 658 260 203 161 534 382 621 862 812 290 449 391 171 988 919
80
540 335 618 196 529 463 635 644 511 929 368 244 566 140 981 532 52 394 38 137 6 287 347 588 731 382 282 407 584 808 640 578 195 367 255 615 159 827 932 982 483 219 501 981 960 547 958 109 694 627 191 779 559 837 773 864 183 732 864 786 892 364 33 97 263 854 518 73 853 919 665 222 857 246 402 93 447 247 629 326
100
847 439 105 186 45 818 411 992 297 243 225 708 792 631 167 394 185 855 289 920 511 385 562 173 291 759 788 514 774 767 898 891 107 857 142 295 318 740 586 814 554 606 132 605 563 776 198 17 518 157 993 165 198 483 732 816 709 322 463 330 272 400 668 812 36 119 314 475 254 718 337 928 967 17 469 159 25 795 492 246 782 752 581 727 108 750 379 27 10 582 9 203 805 984 384 570 570 891 883 420
86
456 755 390 960 815 658 799 480 151 923 48 96 458 776 832 596 578 123 457 864 842 777 670 446 834 845 145 696 301 555 83 465 156 937 743 2 689 571 185 281 535 959 730 189 995 791 823 27 290 203 46 515 1 471 997 590 784 640 124 136 660 895 294 506 497 915 395 890 913 806 606 31 958 605 80 385 231 605 55 180 500 897 424 499 63 986
86
826 189 465 74 127 933 697 339 528 815 937 535 455 432 368 191 311 321 892 735 150 537 2 925 80 401 252 83 814 819 559 172 230 157 65 762 425 766 349 828 261 333 840 68 982 826 929 101 318 471 854 929 561 30 769 838 857 107 319 810 568 856 465 473 519 789 251 8 570 631 482 312 203 960 845 684 252 460 201 40 249 206 447 860 315 941
16
36 200 286 833 431 587 45 108 678 322 684 507 289 912 584 398
18
779 221 175 774 312 266 11 955 778 474 88 251 513 635 616 546 389 3
59
899 716 797 945 841 519 551 854 123 871 129 778 964 543 677 287 100 395 671 2 231 522 958 54 818 810 834 106 144 332 868 759 444 534 297 835 868 125 106 618 94 690 233 130 992 361 374 828 193 838 678 798 434 307 733 397 164 796 516
25
654 915 143 637 602 600 261 141 613 97 812 884 107 218 740 935 437 597 67 596 557 796 108 200 542
6
428 347 633 373 233 772
26
221 788 408 641 199 486 2 840 375 142 121 575 830 484 373 750 312 598 885 950 113 654 540 893 212 473
47
744 903 436 765 202 374 667 152 645 742 850 955 505 280 497 707 485 730 925 754 493 352 994 546 566 57 459 1 230 12 828 141 850 697 39 715 146 672 679 953 650 806 668 93 720 495 467
88
729 936 996 278 232 913 179 965 981 449 542 445 180 239 352 348 65 1 886 783 95 934 899 758 53 256 332 157 795 891 223 654 280 470 381 860 156 276 655 931 30 235 653 44 553 249 941 474 603 418 900 410 257 822 313 290 553 924 804 555 146 730 72 611 747 164 700 845 850 487 64 865 139 660 575 308 23 832 608 604 80 420 166 341 462 983 446 865
39
360 695 67 297 334 870 960 602 137 355 501 857 376 839 406 383 535 993 203 774 119 216 751 157 771 895 833 353 432 241 464 707 917 737 578 651 191 924 810
64
549 975 897 941 682 650 46 228 694 926 861 445 633 634 568 241 851 337 624 918 95 717 467 540 591 719 896 238 50 3 758 38 744 252 118 446 922 241 757 969 640 747 120 591 230 705 22 28 881 496 292 258 940 367 437 728 515 290 240 274 237 592 535 78
70
615 77 345 250 815 613 430 865 68 524 320 468 524 868 739 681 101 724 995 686 1000 651 305 510 59 869 148 853 900 50 790 375 447 920 828 766 36 864 851 945 740 422 393 242 396 632 393 533 924 36 442 91 300 566 2 988 347 860 54 69 433 489 700 332 815 148 332 79 893 878
97
817 950 156 243 554 180 710 496 570 952 929 615 32 840 282 879 627 698 461 810 484 438 640 81 292 46 948 617 343 575 827 771 286 511 714 714 88 76 251 44 58 162 98 109 766 667 225 873 192 800 513 535 434 108 866 36 750 668 340 427 237 319 43 867 880 20 846 316 312 853 509 706 651 357 540 837 779 694 470 120 41 549 782 420 603 764 801 501 697 342 10 76 477 154 530 127 959
13
386 540 222 973 92 710 711 671 391 948 795 445 54
94
427 744 529 523 783 701 332 262 829 654 731 593 617 965 930 160 873 110 409 429 909 947 424 79 859 75 994 101 55 541 689 923 678 457 831 719 780 976 784 955 737 859 673 252 179 877 151 132 156 848 494 863 137 102 500 18 885 374 944 284 951 961 672 5 965 696 998 806 330 44 774 78 46 233 992 894 638 125 57 173 780 968 701 185 317 869 283 14 936 952 207 124 595 881
100
187 980 395 246 894 801 14 812 968 509 493 114 698 614 754 60 176 627 799 26 283 867 851 701 539 440 428 731 349 141 139 330 266 412 119 43 867 597 39 185 832 869 698 298 581 665 860 735 168 425 926 296 605 828 161 886 589 718 373 366 459 929 842 655 22 893 316 1000 695 211 425 773 343 767 567 861 486 975 690 783 876 684 231 933 998 309 464 427 269 332 948 431 569 475 679 514 775 681 814 654
27
719 809 701 905 721 105 373 995 328 802 906 77 154 772 630 774 591 137 436 90 977 150 13 156 627 826 750
21
476 912 806 244 240 830 782 574 877 763 218 668 887 488 227 848 906 580 822 271 26
