60
27
372 974 908 95 394 395 872 117 605 344 470 299 111 547 160 320 391 42 998 751 365 369 504 593 969 956 225
66
616 526 231 262 451 646 628 720 785 873 493 640 858 503 175 558 260 601 174 739 962 509 427 829 734 356 913 155 147 631 67 509 961 288 789 559 931 44 738 445 517 28 695 411 812 634 257 324 173 240 132 474 675 224 771 288 410 651 628 638 39 209 531 417 640 970
34
269 529 467 256 966 818 189 565 883 657 26 680 571 738 962 219 1 189 465 240 190 701 880 290 453 395 577 805 342 7 132 962 236 350
99
18 283 169 688 523 718 847 193 166 213 849 71 559 259 923 581 54 516 950 872 869 586 139 215 182 536 986 48 549 161 405 244 656 447 326 580 958 735 554 538 120 158 440 370 412 847 893 321 637 818 714 999 872 840 301 622 534 493 949 455 774 795 594 225 720 223 744 850 529 338 251 402 214 499 315 421 123 534 749 764 599 661 331 948 28 672 192 658 86 401 571 664 810 654 286 797 79 414 770
66
630 338 210 642 128 22 824 2 461 894 97 703 880 57 545 424 247 319 932 680 492 929 491 453 461 773 145 469 467 906 423 723 20 407 209 746 637 313 575 790 932 57 498 744 531 896 733 616 630 613 719 653 218 174 561 323 684 836 415 671 367 706 42 947 899 866
31
662 273 592 411 530 268 287 555 422 454 96 490 234 248 868 6 16 568 959 170 878 393 439 186 452 412 51 853 523 749 983
88
33 158 612 651 549 669 734 630 277 809 685 423 64 794 662 547 96 913 771 513 929 291 812 689 963 631 167 844 136 713 704 22 535 55 85 273 92 730 509 758 925 900 661 949 851 257 899 521 651 489 691 989 36 700 456 781 157 342 664 4 146 951 325 518 957 123 631 309 901 558 157 699 527 210 634 532 296 489 255 894 673 295 868 372 730 115 242 246
5
877 788 438 150 801
91
676 709 678 177 43 572 883 30 817 11 677 424 457 376 921 235 540 726 165 882 337 700 231 830 140 550 988 157 698 932 754 119 976 673 309 864 431 378 524 402 236 885 648 860 607 440 504 310 531 972 712 784 263 628 358 89 139 112 354 393 235 680 956 934 757 891 886 17 190 736 880 546 441 744 311 676 745 472 116 606 331 745 20 897 161 660 959 63 619 940 518
87
743 713 581 589 854 701 874 154 195 142 221 566 224 532 735 513 625 275 95 325 988 619 605 219 202 719 971 355 249 855 419 581 671 654 453 139 885 220 603 799 180 351 941 12 529 38 440 226 27 715 365 295 674 679 990 215 374 673 33 522 194 289 15 650 777 795 688 679 204 730 488 674 202 771 481 303 747 228 773 800 6 358 317 31 447 843 781
57
675 148 979 36 945 814 2 6 71 420 429 668 419 13 421 887 125 126 327 838 501 406 952 894 297 726 127 476 340 22 221 121 820 6 931 659 395 4 317 853 239 656 282 421 136 231 692 51 277 438 747 823 857 343 898 411 342
2
135 974
43
790 2 706 897 190 615 743 332 439 751 739 373 795 137 161 609 971 507 122 175 287 757 280 592 19 319 797 70 449 304 70 52 574 723 133 991 752 97 417 240 345 747 684
97
59 661 929 403 418 725 641 919 29 207 689 497 151 130 958 298 796 5 249 203 59 594 492 327 29 162 917 296 306 837 862 940 432 380 960 621 528 187 426 571 524 665 798 282 184 717 867 330 369 867 463 708 230 810 397 248 84 203 264 637 501 927 935 703 694 550 28 408 649 438 731 541 199 365 602 410 664 30 388 754 441 72 721 77 816 492 489 782 561 120 268 667 579 606 79 510 981
61
447 955 658 78 623 779 174 992 145 502 214 988 469 943 523 538 849 492 697 784 664 19 556 819 934 262 258 617 761 432 54 39 331 613 233 518 568 493 745 607 6 780 252 845 971 553 755 119 60 8 690 13 751 449 881 1000 283 847 313 7 85
91
643 2 392 603 975 175 376 689 670 509 228 838 538 210 175 526 52 432 398 586 948 759 24 900 249 892 891 540 428 643 763 88 946 3 813 259 963 452 466 225 39 564 896 683 877 808 621 518 817 362 441 271 686 356 452 445 142 841 65 427 911 503 761 771 41 532 211 969 230 762 783 244 710 19 821 470 89 600 348 172 831 90 160 119 780 760 52 8 749 595 494
9
415 605 956 248 557 983 399 98 182
33
344 734 136 215 789 646 972 981 716 609 401 982 941 936 5 579 401 697 447 597 368 458 568 50 610 801 363 504 426 702 509 795 919
34
339 875 541 48 572 342 743 8 244 525 928 721 399 545 558 363 860 859 91 963 989 177 763 68 843 326 621 715 648 327 391 162 471 184
6
318 67 480 475 555 672
16
844 532 966 663 436 905 91 786 200 296 890 717 16 719 319 611
97
931 610 651 225 726 44 46 838 694 107 723 698 110 935 67 966 149 412 319 235 529 942 173 466 768 242 858 844 307 182 668 358 710 558 861 887 263 912 519 837 82 812 905 211 693 159 229 5 723 883 985 697 37 959 874 413 169 26 735 886 961 789 821 878 85 925 532 734 362 57 407 423 933 551 667 479 986 185 580 410 908 539 379 653 325 738 520 360 610 94 590 351 138 264 381 75 533
28
660 36 888 911 979 584 103 884 27 470 7 367 976 916 863 735 872 733 440 651 83 95 998 932 725 206 764 232
15
217 86 471 161 947 862 335 838 95 697 873 54 270 650 945
62
34 548 314 665 57 906 612 639 774 850 338 792 955 808 285 339 884 480 779 350 942 635 252 768 74 211 538 140 954 196 456 229 756 775 281 552 559 551 901 622 931 301 489 255 831 211 53 651 449 52 413 931 659 290 340 628 560 44 617 1 240 104
16
385 945 379 560 123 867 418 876 907 611 243 180 94 341 423 792
67
185 63 28 345 371 821 281 155 736 800 470 336 305 546 878 913 666 513 592 467 85 427 6 216 37 563 574 343 615 844 10 987 509 993 431 592 838 916 309 283 906 23 532 99 528 381 155 909 73 246 174 857 567 195 895 638 763 292 276 643 743 514 791 170 6 745 670
32
559 588 874 130 413 706 293 913 337 682 411 10 946 645 698 346 616 802 962 422 591 273 554 462 773 337 857 678 878 813 106 879
55
701 905 141 244 842 507 805 295 318 966 244 160 183 487 567 533 395 362 456 885 39 661 645 571 779 376 584 872 66 504 405 955 420 480 354 855 371 644 189 161 603 424 888 510 664 218 637 899 115 431 733 526 794 20 303
67
439 222 262 442 440 199 21 843 683 604 733 686 593 618 953 412 167 647 657 843 208 454 394 141 527 185 783 818 639 100 469 458 542 165 884 99 634 383 487 979 366 665 609 586 23 983 864 25 160 20 409 815 853 940 940 292 644 49 633 986 263 8 861 412 459 554 291
39
572 207 832 712 791 650 301 981 630 161 266 498 186 460 845 286 132 956 282 90 676 636 298 624 712 316 987 729 366 409 839 902 207 19 863 255 227 403 80
87
365 44 248 517 852 823 510 27 473 306 772 353 378 499 111 529 994 814 939 626 788 783 427 674 355 237 298 929 844 578 383 65 334 365 996 913 202 753 561 420 25 118 55 177 914 670 140 786 56 192 708 313 33 45 241 433 964 264 484 592 800 958 184 401 724 177 27 614 869 945 129 140 982 253 12 309 368 513 296 701 829 115 407 145 854 612 423
82
364 951 781 937 324 901 573 994 90 572 317 520 511 592 548 180 684 46 619 901 778 844 230 996 352 973 556 384 855 327 850 783 570 859 673 615 947 492 21 971 202 657 53 739 147 987 958 729 303 720 699 920 546 716 827 16 914 471 855 527 755 749 870 79 90 292 386 223 366 392 329 174 841 584 111 142 877 78 781 234 859 455
75
935 349 489 803 133 301 16 315 111 314 536 378 902 110 253 97 244 844 740 902 750 708 296 492 913 457 824 867 520 408 248 988 503 698 67 849 941 89 567 753 113 777 189 880 277 146 880 195 240 129 944 833 118 38 238 808 50 945 678 999 748 501 378 253 844 29 655 742 639 493 928 462 311 41 257
86
235 986 102 860 228 366 458 386 613 315 647 443 388 258 630 841 152 990 331 68 101 614 512 333 245 947 309 777 358 4 344 688 20 913 52 566 951 77 676 805 587 437 474 144 573 128 431 819 910 543 326 633 659 212 745 20 971 182 736 253 732 609 901 764 371 641 366 961 33 309 220 783 186 195 969 839 105 719 29 448 19 714 127 476 235 186
97
276 387 958 75 169 887 673 680 514 883 530 406 671 575 923 500 787 663 988 91 316 704 166 600 863 96 907 601 719 860 629 572 40 125 408 912 18 487 956 41 265 168 661 275 119 940 927 721 710 727 3 494 72 250 405 38 622 284 267 210 688 383 851 124 664 318 844 517 437 926 661 493 512 357 441 989 557 938 130 516 431 671 410 517 991 942 244 7 783 72 563 409 687 757 301 982 624
36
977 170 93 972 363 20 200 150 726 374 441 955 53 223 144 441 567 121 105 251 312 574 808 842 44 361 762 894 697 867 848 472 335 809 378 694
71
839 166 820 745 239 115 758 190 928 367 770 454 199 731 61 935 270 640 343 635 152 349 970 285 783 927 308 258 976 952 760 518 462 219 724 757 737 137 240 495 740 340 831 549 943 9 866 806 939 507 703 144 70 82 395 794 826 69 25 778 122 935 306 13 787 276 296 451 566 245 487
27
848 454 677 840 654 828 161 112 160 379 616 671 417 724 96 476 838 264 833 551 952 93 329 956 477 547 139
40
59 441 384 826 132 215 495 132 486 730 973 16 629 665 784 605 963 816 530 381 57 761 452 410 219 970 199 382 813 923 130 712 137 546 840 478 85 828 475 520
29
887 311 64 353 610 224 447 280 611 986 56 586 225 579 261 222 679 993 780 71 42 482 33 991 982 298 109 111 72
68
323 222 982 761 548 352 331 581 459 9 770 882 618 145 66 634 759 170 806 466 438 276 971 163 699 982 193 418 882 984 297 235 650 734 226 414 540 559 309 708 410 588 454 845 322 1 295 899 21 532 7 601 806 193 434 621 190 968 142 658 289 37 950 993 735 783 229 365
51
946 279 388 523 22 23 864 340 252 693 167 206 795 239 646 206 338 228 141 237 767 32 273 387 60 631 877 404 219 239 52 197 906 667 832 798 930 960 346 244 407 847 254 975 611 870 218 53 939 926 95
99
117 550 653 344 461 175 422 320 188 976 112 147 391 247 695 283 518 646 411 161 140 777 168 696 517 218 628 93 290 968 748 933 691 705 210 454 421 36 951 230 772 918 862 220 720 833 319 866 653 587 340 820 642 705 660 790 315 906 410 204 690 801 558 70 916 560 795 206 550 187 910 428 993 853 13 647 921 565 704 403 361 420 319 214 104 87 431 35 38 158 208 748 52 558 795 654 530 647 5
9
510 259 645 338 649 784 678 763 100
15
136 693 884 469 97 453 100 509 67 760 179 431 39 347 196
40
570 627 616 739 396 826 257 170 814 35 668 688 99 637 311 104 886 14 527 670 741 695 127 887 606 695 573 629 888 756 673 875 285 379 634 32 611 671 171 567
25
706 587 919 757 412 218 435 982 239 318 151 125 923 497 728 34 699 642 591 976 185 870 732 29 825
95
497 857 488 65 896 40 274 767 110 30 230 791 103 459 791 730 181 449 878 926 680 327 253 550 528 795 611 820 286 910 899 486 845 759 982 404 192 551 92 35 976 59 772 810 464 69 191 375 164 234 753 649 189 534 687 649 208 608 243 749 929 381 740 72 457 518 390 780 796 219 561 207 247 632 626 516 827 242 312 154 53 929 786 316 479 113 507 875 954 547 85 906 941 541 946
77
20 742 762 669 346 971 6 239 113 762 716 130 125 861 191 118 409 260 398 303 698 453 566 352 150 618 783 691 366 544 93 590 714 20 24 929 801 950 30 40 315 103 871 875 960 952 62 173 741 663 730 876 176 674 281 201 626 681 814 538 935 237 126 264 829 6 169 718 79 212 470 633 732 737 535 219 566
48
825 998 767 564 694 5 853 858 6 485 113 741 3 142 448 324 65 473 739 519 90 782 768 91 264 353 207 162 68 681 676 668 432 929 551 694 253 292 439 373 705 639 586 739 366 396 458 189
77
17 371 413 139 296 198 271 552 324 445 206 32 894 911 466 311 96 571 747 443 447 725 773 575 555 86 385 630 798 618 909 404 422 251 46 982 48 915 274 400 727 215 675 143 981 11 74 31 284 161 977 993 571 104 387 140 656 90 865 139 82 305 838 742 872 913 526 771 206 830 118 787 279 76 502 659 837
85
573 289 902 154 763 202 37 329 28 998 143 143 191 789 904 22 863 550 50 988 462 508 565 726 818 189 696 783 273 194 851 516 600 594 652 54 818 246 457 537 585 599 528 515 445 292 160 887 200 818 977 483 105 91 787 394 429 192 989 345 576 855 642 176 294 454 898 294 392 467 816 814 617 425 708 789 94 883 342 151 14 837 251 352 107
60
224 148 8 421 819 803 256 960 879 954 791 747 702 92 161 117 918 710 315 36 503 619 680 787 929 815 309 866 755 385 694 100 484 946 761 293 532 577 631 859 126 218 596 176 876 97 767 816 981 518 675 53 131 712 735 771 489 960 212 303
57
60 651 4 55 293 128 392 577 457 778 297 166 374 517 363 292 3 216 853 846 15 574 939 448 999 67 21 911 22 113 19 18 990 259 960 215 527 436 892 728 793 350 237 919 118 110 776 775 798 811 144 865 618 108 391 482 896
64
596 165 672 646 652 618 904 763 854 564 748 33 52 492 691 912 460 127 595 260 361 302 733 451 809 803 645 477 848 391 450 890 183 308 621 669 598 878 548 594 854 171 816 417 295 611 149 623 370 95 570 604 753 232 378 243 220 810 521 414 125 648 72 433
28
973 379 825 403 702 170 124 942 824 704 376 905 262 756 568 666 186 661 374 585 580 402 335 129 950 172 110 200
85
661 84 243 700 551 878 800 94 32 301 41 727 14 930 771 794 846 622 317 487 862 312 562 211 721 81 62 396 97 725 907 320 103 56 485 60 458 615 60 431 168 829 578 139 362 219 984 702 562 371 771 15 940 728 634 661 277 613 327 360 954 608 611 475 64 106 911 769 722 15 275 381 704 450 805 848 467 583 102 488 143 870 16 302 133
32
752 434 405 635 923 791 770 226 231 663 157 919 341 531 845 163 678 118 608 821 684 468 261 18 175 331 255 89 852 403 65 516
28
306 40 429 21 139 865 602 790 494 938 403 823 725 696 505 74 622 531 246 580 449 62 565 760 305 301 866 453
