10
62
481243 647615 538343 890940 814055 21774 554020 399164 838203 697766 847030 917112 696776 484763 589344 612461 325161 163346 461896 695328 363293 813853 335381 359333 201060 169943 264081 952275 246727 562585 66934 213522 199727 129729 375791 787759 340725 164100 265523 335565 501048 7807 793006 380545 690336 630815 318602 225342 792294 746147 194498 5348 793897 402485 903378 39798 221114 536738 698562 156774 89336 825722
128807 508641 349881 778681 761707 946734 269671 989793 735492 489375 952297 795338 756656 438545 511357 955509 324918 478121 151271 854804 7737 387154 173791 608045 137985 970806 854801 651656 426083 203226 558966 49354 494589 495243 777361 344378 995648 288308 59483 241474 892739 243476 855771 44267 256 974496 1039 921647 380372 156819 701749 741815 175359 909795 514459 316994 986413 558001 581920 319374 994739 50722
89
189726 305382 284469 549554 562119 294649 276602 785268 31545 49732 628659 356652 47327 687904 675596 127393 508969 920161 149286 1122 510042 235375 806556 686122 991176 561467 233882 490731 733591 824407 995294 715992 490773 832635 913063 528025 986470 376935 853997 10795 26163 595499 636126 456404 366979 688218 255513 713432 487652 70862 728645 684072 548408 632406 657854 64827 852768 729468 848998 188636 90956 284193 535693 304670 373371 561951 273555 354974 624565 457190 917958 284167 453758 578876 795745 839248 941171 546584 174917 715706 586069 498184 498991 201005 903208 614082 510384 800877 40452
296865 653221 592738 720324 877092 568745 705371 713993 443992 786125 392752 668238 779458 79490 612567 662795 100265 76551 264346 247265 531920 178208 730655 160491 228208 758581 854337 596483 109654 22473 632489 295152 45159 991912 404359 651435 873673 774820 180307 148458 207722 767906 847757 588034 383300 239062 430100 787084 867007 380804 400979 487925 621954 652272 382998 289191 575442 21114 2322 73278 463705 554445 212540 498337 176733 403171 863754 168466 823027 891611 827932 377586 109334 454246 276586 835259 479962 121239 933537 539157 311780 810386 508074 57149 135748 870157 606849 42733 24319
67
916309 45796 936034 426986 392280 262969 361258 961985 318310 553436 642254 294743 671259 855751 11519 310538 999571 302009 194365 883623 776715 245612 150516 631551 526871 729672 661468 973050 449136 474997 251333 67902 201426 546846 29936 412083 26397 598744 967990 366342 297708 274814 686913 89743 619473 151234 419326 56716 644224 859509 663486 377991 121274 412916 636765 738041 695735 907765 725075 865168 626874 527871 486023 830485 625976 461057 758590
804395 132858 262043 553524 812683 471668 509565 465236 465773 460240 989110 115462 709232 155401 73216 432302 102757 767431 231565 343714 8663 72378 567514 536182 805639 659947 117040 488999 893467 648386 134889 397256 957614 609460 839050 972022 986406 177701 612432 346679 447224 383307 851683 122335 13668 933245 835910 364583 408438 545510 887464 364438 210534 755532 974956 280329 371454 56830 229781 597018 334454 652374 465590 537716 363438 401524 603807
47
292459 859297 772176 417659 455146 82063 769714 404520 263947 967227 899942 768441 409010 796794 914515 938635 170878 688344 229682 486028 885954 558067 754594 674357 741685 774772 423398 840290 26164 950465 130783 452983 70717 67719 311515 408803 683641 141602 101977 191928 459493 58088 105019 549042 426688 810164 207963
671654 587034 700780 506731 5811 414417 888425 90389 174993 187487 719417 191646 389279 538127 876329 28594 773317 303426 749744 967137 25580 965669 418989 335389 639623 849098 398198 974816 152796 182670 704573 729747 101734 557744 903169 13882 902060 208671 272749 644047 43823 292247 420803 590751 698611 14576 239800
45
428376 111917 16578 206610 945371 712514 105324 617911 88464 994401 263274 827482 160713 821272 863792 238790 699117 677107 311041 221738 861388 126406 12113 603079 223466 112654 734790 23314 444249 6113 754337 278215 435427 909942 206409 660920 919210 158642 83600 605732 103925 491335 494670 252583 864981
138149 748752 998732 172400 674403 495370 34100 670524 122250 568134 845948 140691 337025 788256 81257 793841 12824 735817 648819 219589 430976 757693 689803 229543 957912 214475 863613 524565 478934 812088 94873 287391 327365 84316 147776 900283 914438 360450 230655 671912 896400 734106 881220 192482 466574
20
500367 540234 734613 710192 55577 773193 204451 366564 136435 364680 629490 338409 907445 751705 112100 958324 772882 815728 427640 388796
108218 49771 105978 12351 87384 935732 499241 586628 815297 221645 494852 475596 469592 252655 67718 145068 143160 342274 345850 847242
87
282170 828976 406365 471813 982182 507208 824683 708715 567939 466986 679015 76094 985249 511142 682951 489953 607689 121637 714613 969978 64456 803532 181435 756071 751625 894003 967969 979082 176141 365629 906552 632701 574893 363121 461968 281841 724717 107876 856726 623046 938062 303284 203239 922948 192207 138230 72769 900884 612293 201185 691353 937531 690225 206816 819709 138176 267540 229544 982582 644693 371993 183853 94598 267705 869462 793156 859013 492101 279000 586242 237782 244324 912834 557992 973719 522782 103634 839679 596590 814093 788687 312419 635378 109031 16137 271488 534631
149638 657163 844024 558633 474463 413436 41094 964793 171976 159758 240941 494355 571579 108441 6687 538024 949347 54194 708453 181063 938401 129477 407724 599034 360978 231195 469082 418160 688483 311843 177433 504936 883597 208632 640585 441624 24300 891352 510458 592446 611779 559531 59679 134512 643610 192305 226571 390437 230589 413404 679681 455117 69792 829475 780356 369909 166266 965845 49924 901522 503719 684092 386499 769392 183983 142684 601810 667765 167937 163300 361477 258861 73953 541061 422955 458530 529714 410644 316456 512313 466790 776565 658612 736439 903611 422987 349257
48
944808 766787 413298 826997 280932 793755 326630 875340 487642 722539 82294 971910 710579 943447 636374 719376 141688 85637 185869 381848 267597 729032 855689 665010 687362 394311 958505 735067 449298 141728 77272 69498 756983 781861 704811 343230 221183 931224 811057 855125 655026 617961 844024 161045 496633 752869 365121 614239
43214 62555 397673 982698 388985 810850 795 928858 573019 855074 951101 437443 236295 126760 398099 765354 42414 726385 978187 972067 197166 719347 483478 52946 72483 179211 908033 32515 420893 638938 293021 337432 159626 828027 769369 564717 957090 740755 514891 985144 108319 274721 681117 170425 915546 743625 504073 356249
49
107069 781298 740406 611533 792675 144210 855553 284439 492742 445477 755809 847174 38802 517934 80592 254851 293327 510535 863760 114454 442653 63879 833431 487969 148852 447458 29550 607168 609826 485296 402793 112866 756667 170546 548772 99720 506250 964518 8991 607183 467026 379295 274230 871039 33256 760799 622697 810951 748191
348454 94447 975963 792058 61821 133968 723933 64837 98828 749810 134796 319208 199959 518900 15415 623789 97029 492990 733232 109171 826409 193071 282754 774236 449607 158843 463284 6251 897424 235483 837467 462998 878419 650905 19785 62020 271895 257008 599810 753782 227437 865352 875543 375248 841219 307398 360340 138760 993247
22
602670 259682 44612 206430 565597 384289 975743 392624 897775 87889 285263 678495 729705 146878 69930 871358 667096 966418 69311 487691 874469 125522
216686 384578 125506 770515 130404 318503 930254 31347 111786 415289 655336 955428 863896 788840 682436 887236 83103 288309 660671 912566 111682 509330
