10
39
694860 233553 977969 779887 954821 672323 724156 544219 347578 121448 918888 665266 659513 32314 17108 990522 127090 854579 815554 383541 539827 764567 693909 10293 530168 699693 14015 461185 706726 244178 544134 852905 264538 83204 532842 933557 681486 253835 418711
74
688759 234516 907500 231858 435497 678471 88495 364228 453816 820705 421142 631607 335655 540064 202436 808737 772865 280653 51792 921470 505326 510527 38689 911364 879905 173133 334391 239274 271280 740864 210406 324344 468350 455815 318861 797154 223126 604785 737057 86617 285556 356414 370028 795576 319050 108811 809636 92849 365057 123962 804873 238630 520010 66087 751584 487546 733945 66823 626918 888463 303154 539245 997622 929069 544155 90182 846830 776139 934147 818513 712001 481669 867970 31964
28
472998 42240 946987 720520 912882 548282 74652 934729 355437 939790 845825 245085 41787 99335 184862 114339 148481 238015 335585 136399 80472 45456 591528 606817 972619 975465 210311 530379
15
241733 325239 797596 776953 134831 641546 846754 567119 89784 871378 839495 496644 738585 925418 232261
84
698177 820417 283885 419231 249010 114756 989970 484959 455058 95791 213981 262644 58911 992835 296263 27572 840135 355846 741367 721175 673323 715514 611593 632885 658392 803011 355198 680577 863915 857124 788980 749570 284854 695154 539618 620218 125557 622308 56096 986483 603644 478151 237626 597808 644484 238446 366761 261060 316103 419627 732074 610573 177183 318095 940671 102759 710745 714092 95347 293259 997598 266520 709117 949931 897766 234677 480747 478522 61498 805049 806208 493144 748834 622254 595395 485217 70731 429104 204833 382923 344889 808855 817505 725690
39
140870 695952 845264 997129 627459 379023 499585 865765 24043 289771 367474 683467 644523 598897 107126 875464 210074 382184 671232 523305 523848 107027 279523 901442 886505 868889 382082 840961 128468 633502 577165 413050 713829 567129 583253 181006 554512 884578 372298
66
635810 500354 970506 405121 559189 251712 575176 706782 800613 465918 539350 685735 704234 168339 177037 837058 142219 122620 93074 281866 698880 181025 775805 685308 723703 249985 338615 628638 767350 226952 143203 203094 551167 964334 164860 828991 30445 659257 30402 776755 695666 110397 974439 865841 587671 27813 154151 341084 908042 20957 163994 591052 985647 469113 4747 81839 353591 974650 898349 921758 44833 238136 804161 875267 795924 977160
14
92931 820660 691140 504577 165034 413308 790914 398304 321675 268834 11738 320523 476386 430025
18
886736 213233 252392 779528 394000 698310 894012 387443 690038 526216 442004 576537 840481 93370 280084 31570 949700 360568
29
478166 867088 476881 691018 307371 961220 145569 937835 705334 674763 533743 439996 82803 245834 697844 551446 12319 23821 928279 857815 913133 472698 797240 912776 549980 796794 317940 218491 570615
