10
98
590934 931195 23097 714018 340103 182099 3091 36254 10700 926865 244933 134073 270214 341367 228696 209888 191011 849726 804243 397011 376656 621706 865347 262794 146996 846939 576408 489259 962355 196398 572592 688610 230370 186835 448316 677715 494919 491074 86489 605159 763846 587636 381037 423151 255038 255321 963903 141350 388444 397511 834805 19797 743466 317282 125829 580581 824066 534900 878539 627009 52095 295892 14563 210074 153577 751345 788387 218340 986940 846446 165056 432638 181030 441355 21493 148366 233724 994236 940522 659525 319584 528258 838031 150042 529423 228155 652875 345551 660552 235009 956944 6739 938541 443490 451759 889876 53574 90136
65
292169 241637 126257 542599 832460 423289 494414 303277 546184 641318 851832 564250 227539 489920 270896 843066 918573 620083 603551 311041 965169 530961 965693 848303 365899 618188 504044 914780 979347 820560 755561 342883 672089 570825 321179 503128 685600 827176 850363 935395 786458 870260 639265 894903 437114 450510 872016 656347 882293 807177 260232 577754 482378 344319 402763 974969 503755 17305 602772 278924 794158 835024 248889 457559 33237
58
218616 959464 580042 773835 296555 310298 157567 362726 704460 704645 862112 711908 885339 404335 210818 579948 784195 317832 371577 325874 768767 943370 121545 308214 445920 269643 999791 324035 75507 104302 935079 346133 605049 388145 922916 37867 237126 262067 428765 877311 664112 46354 176736 758077 984559 73466 195269 831341 26233 526199 994464 947250 650308 428367 244796 155373 800375 36476
20
618846 245472 942413 37859 676134 846229 30213 494739 412008 736733 853756 673324 603075 357249 62495 682589 758303 57465 840939 709581
67
980254 757674 527623 161648 889572 264158 363854 744065 30325 472841 23801 548024 610988 247219 974408 203044 111314 257400 420984 598332 928635 313561 664472 686110 934666 292937 175202 723876 732334 4032 86911 979817 777998 365377 907339 388015 611838 636362 127217 669689 573699 411461 972369 998837 729676 232709 61311 686962 158783 595227 622834 67739 791910 211814 558722 389707 566633 732127 83680 597947 624937 309418 977093 824421 957635 216678 661967
59
860325 996328 268671 594347 828036 437339 40828 562188 772562 43090 964530 182794 554465 312543 173724 809468 236409 403199 240520 595992 571258 792325 608959 138911 436100 999206 456514 875011 813929 810256 166575 604504 4109 238513 596122 6887 121095 641039 748358 597302 774111 583909 598113 116370 905033 940076 572876 782732 131080 684842 776217 443685 780278 497249 199226 946383 144326 937103 758618
89
117545 774316 681968 921145 769569 903725 517624 598111 381323 412447 828620 53827 160805 919083 155037 483641 952409 808053 700784 698456 972204 315073 135145 442567 960878 468127 202245 326875 226613 5104 698486 921533 424357 675104 42106 483111 874778 213290 90914 839915 630635 804363 87605 791845 557911 99859 275465 817055 136702 176377 608895 197184 848147 234422 851881 981339 919562 642518 847148 324704 812714 972962 774338 52326 671809 798043 350454 338879 103658 466575 73442 415636 66585 321365 955583 507908 376044 83349 882935 10336 415321 846614 818545 999071 345102 683896 999736 96334 160127
74
566588 670072 472915 452888 472837 153595 187307 891358 568627 259982 821040 831444 255059 526804 999824 857381 345665 931349 260291 91115 883546 199183 226741 645255 178288 293499 679566 832266 897195 306719 972941 186785 363102 745167 408502 403780 116725 809101 863548 603345 418436 260130 672409 264119 274338 468645 112457 330944 707726 277640 462343 654633 254794 34361 996053 646890 421923 61476 297617 278170 481313 115418 914756 567617 550380 815281 611005 396832 177215 713 323259 309902 400215 665994
79
864290 216152 531416 515755 795637 549691 264237 74187 933097 436494 468977 132939 155685 967860 490686 579772 798949 466591 313509 373666 577230 876318 392572 567685 17235 457003 494911 858085 602739 420631 879419 962387 589276 580852 146830 976402 231149 155119 712781 547215 982191 474244 274433 251250 167516 579492 908686 559217 159535 435244 333709 736080 931653 888555 144536 993627 932014 863981 778828 725022 970245 909511 558230 35427 700772 104817 776358 555967 82754 111517 141518 596365 946073 679527 685261 819066 847949 9613 891942
90
40565 635338 510125 155175 606728 810842 198815 727714 178713 727475 605116 50347 964188 577913 770303 795409 854726 125233 635100 938886 819875 318129 838830 426796 474783 451683 817036 668175 133496 565498 595675 832101 72557 768311 13724 602862 373405 785255 332340 163226 230135 861464 707773 139217 719182 700762 315863 959892 633505 460443 874375 954843 173953 616062 183275 678152 988306 810588 35174 156669 253083 629028 416089 210017 463346 713904 324009 810826 248212 981794 858105 549627 451190 579011 87745 15562 924223 239609 653049 449237 559112 941208 651124 218854 748186 720374 466022 984523 101893 465895
