6
22
570040 961768 548585 47587 866494 293600 130678 686623 699496 794418 551527 540628 786763 703657 20912 804853 749769 342042 95388 786015 782675 945767
11
478263 488462 738695 262101 995292 180238 444911 981023 992636 226289 21794
31
364420 486782 521241 677331 429140 195006 477146 576262 542194 776955 35037 963931 498944 71912 892873 158594 43692 49700 257795 782389 830665 440649 296002 802863 717930 547675 294707 440863 374745 139905 881176
50
546253 950061 721550 451750 712275 781268 807481 727472 364538 113331 158373 46568 973147 55801 250526 195838 271664 652795 364687 199863 982232 39876 145765 676435 587093 31462 639997 628204 865740 437303 491670 829837 377742 392281 867052 493950 640496 3055 311984 592048 792460 675693 867333 111019 154018 790593 389678 349752 64028 553337
50
85264 195622 639318 487960 715510 999686 808061 366405 509769 916405 429272 238065 121062 581004 215072 833871 262927 472706 338527 826172 591787 629433 686782 124504 726143 105057 810474 386889 987756 253550 220673 630954 431040 685276 599472 768046 936713 946189 1000 183645 641509 941539 876348 829851 806722 593102 814006 930439 187808 759118
43
347636 443187 881635 270102 430373 546525 769691 363763 957510 108636 428076 747594 419143 577067 57808 166799 253339 743032 934818 461425 214561 108695 619576 21346 45795 981082 543556 523264 496859 172544 947822 96344 393314 991097 802902 562682 127757 895529 116873 692438 499871 364509 826079
