10000 5000
148387543
877082555
198716773
912735126
505484654
480381099
691320659
260372754
305932494
370077631
253358733
816637534
577639798
423237307
431743783
794184257
37676161
860199393
648604287
219147318
926718282
921290886
609471900
125872145
788663799
739955661
111308036
649786717
9864385
939534137
953772739
699968065
575173262
447230861
105252895
913034227
163505617
812756035
225645453
103019883
194140399
295740521
712948430
290977660
731934114
411973453
590938481
693717875
46485463
517609159
251791232
148588541
403406268
551688566
900897575
398258107
980021063
763213098
582097795
886474804
243702147
685016556
497846194
377693417
545948681
945307103
156679794
965806002
190311047
441459362
510911856
135654573
857816864
74963873
652399087
336680261
953348938
837366657
490990356
411565986
714600999
150197437
312541051
707608614
599370928
488661392
121948229
102816723
111563328
526310921
276476754
603560544
48529968
260459960
445413470
40078543
552430615
163779361
58408398
929711305
272498993
540843933
674646438
726197939
739013313
180812952
236086643
167398702
659563221
659262439
709936198
322432756
37203556
82555263
162128601
685177105
419376505
737011514
249850259
907294999
200912609
771773576
888665006
973138369
641122880
326820512
55950054
201726259
92227266
385919952
741930049
999708116
867657070
282145267
257303087
987969244
548594311
969847392
21174420
383184886
603809803
532949349
182180128
786271775
307657102
357428980
894187502
491157577
276229946
101457794
858147032
46289235
154651589
748594062
613744923
302035208
210159832
207227274
934475743
508896108
998476960
820952140
501629858
661469866
508008125
503603050
618299637
662834496
781361473
668461317
638458261
923831273
164959626
981350844
595189853
937346221
195401820
547416167
560547319
639016778
162040633
125646944
780540044
507511761
956629715
266974092
713686699
779028539
349674894
99632133
910783983
115207404
963784594
322248649
283352388
728743169
516897985
885003239
180135645
740071126
952600386
902202392
73698929
315583569
121100703
30704024
510937441
999363528
872025532
614309367
230988452
750987723
494515065
980698500
407318599
53076538
469294042
342166650
274466275
90929671
397812142
37907452
325054901
400770890
670955862
627613344
588375084
648468495
209088420
622813760
293640838
70647826
187454335
268802640
693925489
220886065
706246413
398556110
968855723
854058908
867887547
535669291
500920799
424619682
778370935
536309807
101241368
217341519
101293795
427734851
779786745
822142275
777454893
74810911
674818232
47073469
596799176
513404722
818288842
402690436
626676649
365612733
535002982
437523528
324899141
73331573
605038622
57186711
293097591
172859579
288560441
419473417
3907635
858736218
942748683
565448887
285712117
449669055
598546660
640879429
402135114
925219083
687652349
642082479
826522207
483817073
774749165
582737080
462230162
141519726
6398790
713673713
137368599
490231276
629886859
142984052
343174790
396464956
84642994
361729045
400882075
351986671
939319022
76302516
510915725
734457078
101510047
555606468
348227765
117446854
202612889
416306352
649620408
93023650
292164297
414851974
211319721
226526419
139466313
815651405
69447612
838276433
469550973
67479720
108633268
361849461
235889470
413030992
924179242
875968842
550626447
332159746
161641426
301667938
480432464
281947649
763642623
579558193
693668392
668313197
534919785
521717904
834528526
120750140
106304564
673268766
70837515
345054027
597565790
30546899
908086166
661534721
616979753
285897707
184982406
715922028
631055834
528286742
795546637
250833502
278877264
213694276
458947696
708254085
409999842
911032725
450795829
50420147
802040932
457665020
673286608
560121712
412265989
586172592
309058058
268345875
945165936
915659676
370797330
783874368
606593060
987118993
427737471
606873281
469298491
836207133
545348999
541508289
641463074
304943405
81737716
443051567
369412449
960389846
137209563
36968616
573112471
484947080
928455564
3344681
448140602
515634132
693556677
182470497
108908237
806280413
824606098
966518598
54742820
896331339
300236238
129005354
381953377
410385135
96790784
863648986
191693970
441977101
118660485
659706452
257752962
613385887
488094450
99109296
234612981
208251480
354846622
969678313
572878331
593670427
963338822
722447810
496762068
186212146
124964027
70816692
809447136
744108180
161111671
651919957
890845539
138473967
490062493
133230627
614711637
98566202
987865269
605736795
227520890
777880435
822805293
848715632
606173969
747485880
757259027
93984394
545697111
121834354
143388006
713011187
851418335
335454629
156197358
419888140
277584296
102060180
5867230
725140964
518023617
3014193
272747759
901655785
904089652
11144453
437816500
448249790
700496747
143476176
784885867
352069902
881238772
828441361
34441959
533806604
148005634
683607332
658947362
71760221
37853078
59513211
834157456
400596563
206209853
74249825
526908112
214734450
561277280
876548074
614471228
956372398
10342225
613697353
947063894
461507891
372396045
852061851
213327321
36002309
691418437
179957165
421478757
668168212
95376876
338466650
337913130
337525685
965469838
939723340
101757096
111015516
930967269
681833132
517840881
935596509
337435833
491445426
449531872
979196980
679342759
753620074
296784299
233905546
124653852
139812021
890537814
17808731
457947194
561980832
215499870
626591041
345174394
625932501
762420595
664604156
386307293
83421521
511297816
519613364
622920243
541016911
360096576
940915085
928906912
798596388
193372548
158113290
620126766
503022946
174855485
724026266
313879850
806535510
9426311
691782817
699646866
340850025
177993816
487750139
393166974
188389570
326568701
875079275
833834947
443433910
893059230
737300222
996533544
715700765
190474482
705746183
66681077
750120450
475204092
110277773
543920512
269649687
178636562
644851224
342440184
706824925
833792878
531917368
72906524
398358914
123825804
324949510
790092694
165099889
346779179
37769236
605420345
329554921
145303051
938829736
899788093
550475906
213483665
416305391
419647927
896511134
122863211
453558176
401741607
967494449
808640744
22149825
966895367
842628322
672669000
908289795
723428549
81164506
537192749
225944155
191985772
801577976
920597418
375271108
506538991
498933376
99415666
480345716
133962090
258959089
651081497
425704238
42115246
800093278
401338173
674048667
255639649
282020793
211428116
922226608
135178672
575415567
628073540
89430134
796528145
820182143
229462936
580927418
303629588
437209372
509094876
435541465
811048063
957880821
498920922
904171789
262588
170715594
839789155
760896737
603721908
12094880
429802156
968645144
587041417
257571245
137991238
354817119
493956211
118344443
884037977
870272355
504597422
711212201
68729619
783962736
474556877
254076364
571738144
205883595
109918196
357707698
520351848
656184676
573683891
681081363
815920005
741768954
582270522
356557036
233766248
145862499
60136554
91515666
872359542
358891853
133057530
84559231
436211411
236566945
243894961
70195447
867711669
255044120
153126041
100504975
901414134
783196059
229607903
701904749
278765256
607803316
439283700
836455150
284685058
584757936
772221693
194867625
919409479
834091981
925259592
181229065
702869910
718491154
823134639
518704703
789624817
560850590
994969775
369190196
424972304
898465023
24994887
507498647
118827301
356516497
917146962
864004906
297950539
445746118
863049180
346213421
157006727
366456361
890309684
573439895
175351697
709865376
958353233
213410194
322308586
406331149
339038678
434849236
298729450
329520793
47683497
694906296
132068402
863637986
551411411
288820050
980988278
878461206
920960604
648024445
237738430
604558027
239873775
107922162
3744862
873785626
553451536
300415329
419180230
379731626
802760727
149095633
329651657
148872460
291432309
929023143
813329150
500801543
205147694
320461252
559402576
231096707
757492017
941234572
81652177
327484847
696207688
887531147
152172822
220816488
322282453
746412072
169427313
843861860
454644997
612518326
280732341
288248244
844054872
322218048
659388578
400917473
224630570
446446829
606763654
958131669
162546552
767653022
259933830
771024639
563906473
430664090
898864817
419684033
590122190
654898226
563772414
928854308
666999605
796497300
258524584
736107160
733059405
135591532
274445270
298235635
225644624
52810352
806484079
380344291
227038649
153586854
875035943
972051250
227892173
615048564
437617825
584934519
873973690
160660351
91858416
793750926
892548752
471198108
995049023
859818760
874571184
900008312
618410967
574149347
672242395
753529794
474067026
969867059
75478189
62129416
492740993
999410408
201061952
523871955
874424033
329466322
822871518
567935086
831917402
503132805
702782571
965786907
579834968
372774887
348228082
869259550
635176250
268642699
184503806
321956821
251406830
406446201
44264977
105520443
130346545
755102928
894778991
747299615
472541380
379208655
713834414
549514457
982745423
233494999
429478528
825235847
406837052
776585603
529622550
242351460
300372273
26655892
402831730
316992453
956280000
586831538
455028660
391656766
25440347
6110883
129671707
437203123
610599263
431280638
610762156
135649212
781711144
33820977
587936562
150792867
770883574
899688110
402266442
773198507
472587249
143625622
807767970
536544428
915979446
452393484
356404684
423497597
728380160
438154954
796625018
862821800
183584999
594778894
743857276
881299467
360945048
142415961
760926098
493188617
410046181
421150536
698122799
19809802
904615909
102034124
467745098
175946554
173917949
828975230
182709855
426274396
290868228
696542440
926078672
312962696
628184043
430808837
661762004
8259437
720362862
301440444
216582150
689361165
923818867
411403629
950608870
654792197
628466268
953994263
852961432
192565506
705480826
609135468
676160533
423889696
798191855
616948052
948704167
588897931
613209669
880387641
716543426
265164444
640556493
58166153
448526742
912510833
34377802
922826668
780637466
289612212
240396631
774543207
183724681
383991605
141221704
680030785
507992719
657104149
893451911
53026738
465909947
450251294
658132716
184227495
769064800
281832210
298097860
404669104
447215821
452541717
451829469
125801961
462702618
885107145
209643789
103173409
48552459
812475362
575881784
11666371
8376082
805061046
230138068
305267582
847917490
276089217
265612590
76460713
479486451
340817238
554865881
381208788
860716316
546168727
772241769
881978783
376762422
274400095
808230538
69188695
612716093
477354298
998406116
431328694
457228294
421660392
505348759
572999790
620800046
635760590
931282866
98159593
432637523
687738700
958183944
231244985
926445220
71823831
814070126
410693701
652247982
662743089
960656501
123206999
979691815
144747513
580170717
50433790
838317822
839878927
922005791
252698
649273211
302142449
652433045
681382280
610862930
831267773
285538650
673768760
291074859
771502811
149461682
505447882
936364208
942926794
188538654
190230425
149327180
280865875
252537852
165349238
211414578
428745835
580351236
81106713
412218679
114400570
720545247
887590628
722249336
53996395
467024045
475078393
837987185
480794105
939583272
5649712
77929506
230506340
80616755
757569915
653875348
995306912
256003440
386535146
944548088
103715851
970846812
138957280
882723074
667510147
814657420
566978897
625146378
586170841
535439952
629709481
853572126
545741654
267743929
785103233
613682608
987163405
276388506
165446834
397473387
271135341
478326909
799426215
536884
492876969
241219526
358570565
66642711
159716590
702922054
101752014
359294159
483103121
530766663
189470868
762556012
757570227
613756064
725937132
461208805
697847633
425579981
761732843
189938034
871860043
828203155
35947891
62827876
560052164
753091609
838928311
744183351
887787983
776518754
533160741
869408991
607665195
334664829
232601931
34608523
972152864
713094778
672059920
34342512
878083745
873851400
11773924
942521235
995767337
626186970
672120683
95777576
506540780
601810794
895269490
934506913
45656116
160256443
671505858
198378797
43033652
359379235
105843559
643337846
916196149
367682529
856448197
360442677
206494527
211943986
900536469
700719601
323277965
847122280
619702661
916667624
697857686
539087211
520096835
195101789
8393144
300227655
672575081
798174260
486468525
402292393
180137265
725701568
394227969
619585801
844870709
306835525
720240662
248160507
115820047
863956056
153487461
938526385
988419355
787526626
460106165
24028116
557041176
743420993
860220101
645370155
91593588
911777002
831509282
485740644
757537991
507515355
650644518
829383688
101047088
752974832
964844841
149937569
601056779
98068225
730015394
330634265
775718366
353221845
487879448
576532457
492388796
390767181
666375339
481543222
290084905
886740114
266095092
200256532
599981954
490893490
134988063
211634844
919469559
35364169
382289330
262004225
611929001
60144990
281340554
699946269
31474687
68444379
627422214
513090569
303295924
170716039
27372540
94290188
357282976
268389456
718737635
598067886
219729546
786268178
496013
141659035
895125628
512979099
399705187
298112173
109110392
430586227
30801110
307796470
442583074
723357472
557512874
867874454
446159272
168983316
454042252
706522077
873791369
723950061
749835377
7674624
711891781
799543424
571859376
518839000
490263439
967939989
727217682
496177576
572190159
915416839
428888499
423037172
780828340
128775303
753869242
747721499
695054715
877206284
666358677
862679865
40087065
902797532
685659577
191104970
990032254
624386127
908947864
718517981
480123581
942606429
938403876
982793016
198767304
772845544
148372999
656746506
370982561
575194608
262678546
961069229
467415730
305199840
410226228
809575299
946561797
854253220
848414531
576065035
157641369
199014492
964570843
108711678
612759943
152830290
768850797
437476192
642641402
628102685
867008400
169457947
364636894
628259038
191538504
627295816
745063529
280351957
491972719
504669010
346726138
941417708
728510331
500466311
190302888
109030375
931317558
17238113
994555149
23219462
796395841
452881311
441349782
489986672
716497951
374188925
900012130
545413804
794785665
363833256
129525677
816776394
549816169
758248338
175305067
583712390
833798471
603200980
923595377
456559500
233566491
400631332
792347310
196092955
854377079
198520460
644391162
158316851
602917441
396603906
993469020
426070881
6459406
434167915
711594194
193594101
91940092
965181751
626343209
696226688
153287159
695296468
318005939
295995223
535852810
799227847
809275827
306521239
543194775
999907333
862157863
854376643
954952812
528969646
562602822
465887767
577988985
484121884
284937366
647909232
517063807
436818644
984495125
882127887
835791589
706684105
130911115
189712678
355320420
629836607
627898262
641743389
23081502
875510600
448358445
562281397
808902746
88026480
694089212
415307092
49338717
274957777
330398709
195612292
356304161
573744737
455535052
609854996
417564652
111238643
483278298
547606855
569373681
450903423
59766935
734282878
791210696
613374941
915280224
994404643
864364729
276679148
805234782
440493278
931926083
975061521
843070305
756803654
42669558
669384189
906816341
641493501
73233051
627177361
773838707
917940688
713608557
158281761
55666933
994028135
708793820
635378969
25063931
191605905
703598765
295463674
727697252
975451591
386399521
830773249
700908985
937664238
235316278
300887388
448713555
445390515
672713383
879564881
588389454
787886392
29545990
609586966
991957707
736870786
347537175
112589930
117904178
855569850
499495728
756081657
964443198
57064830
212458854
710537530
706485063
86443505
152344377
151475541
309201574
12328475
546505668
415641219
295418415
896509698
17107817
814351842
719878704
900608412
660597221
37952596
977106258
327201804
92402335
369176387
118521785
517911704
148752961
623669812
133972690
459222070
831166297
342005505
146136309
879217113
470785705
634731004
392132345
374746590
813918445
667813198
990999976
938327341
590972928
806293223
949468835
488702145
739004318
656884128
718778015
256833942
452653940
949341734
488155439
722957281
458465415
422049131
247882115
214891670
638561566
267766490
827840140
657666249
450076960
499283593
24740368
311343109
508450727
44803380
88916988
601515840
629380216
946352027
375137596
422756022
445492113
891530524
667945080
728199319
890020601
508365191
651084171
738436638
230472871
114516169
265614003
958113918
964145629
336687801
799576069
918056720
556152788
97599195
107361920
913268684
689593647
730324216
744965829
858042391
814375946
257689630
993881188
717762904
257022283
576207151
654396877
689396989
79286317
952311492
795032946
936701457
21811028
814426357
97713425
699471523
252652260
743902512
390838181
767239625
12610861
867505059
64904657
800774913
755894921
233117853
757732036
767568990
478178402
60142654
471763982
170354410
416027756
276055936
229954076
588341709
439452797
113158861
10608445
658686429
458589616
172643778
383275328
483939462
1648891
113605341
424935160
31970264
306164089
969244629
800949701
633966605
223791216
191453636
362259816
468850752
843176648
456243817
583744355
838944039
301654243
675895774
790757917
607563130
856913413
531688273
28526283
420482442
458237657
927222311
254693970
479551402
356679365
192543722
269761885
569938020
926882543
80068798
223307130
82231098
497856152
645303295
314118868
181362852
246350053
131551277
583669886
950599964
847280119
895776688
702645784
929035710
423156161
181149104
56869573
75875157
270637788
669539609
720900572
254011112
424303224
387670144
220122764
952701505
89575771
669600674
889736177
654727470
874338524
160627493
106861234
884323455
421734862
609222572
882660371
191906578
932401045
563068899
390613491
948353588
434370287
320639559
966276657
657218236
29270110
719403757
616023296
416929422
833515373
328844330
582823664
897980514
931924147
298894875
926440302
624346619
646448804
312842061
923258363
423685369
602919900
175046675
12873614
915982929
48152854
280616182
347744345
80656993
464064670
527348458
477002353
798163244
659280614
961235130
36789609
554812462
326703910
396621445
295948752
945476390
40226985
975547591
644217590
3761000
285041167
138124234
742740465
644417618
546634185
895463171
777777777
111262932
520554159
156915000
32367658
142860029
952080440
66384286
628392199
305004414
199361289
81882528
960166848
986651532
233178556
676006450
879889245
902900566
782596856
222486791
181875241
164715778
161568297
664546759
940340152
642472452
934399290
201980780
996020225
289110617
8337135
202212305
9064108
295316205
633523540
998834369
980541195
191641589
894700662
137013600
11867065
372938842
65054700
428452590
86817567
42260227
820078949
636998210
870727932
181809971
584321847
66882017
735342448
89406562
741419246
264649458
697316781
563574026
52751298
429232202
721584334
499243386
142314732
115486364
481515162
638983426
790605926
982800232
208776495
167906159
66437115
559953333
941704098
612555231
282358291
165248822
361907776
937713138
417020325
119947451
870338134
32117411
302882790
370210807
323217332
414203074
315987417
165540931
659743508
287507446
105766615
718959618
213676109
562176361
988189815
83560311
202344987
333557422
768795316
33128340
635882164
959934201
53726299
804529479
828498290
880494022
59676632
817548975
621516087
447877900
126532713
733251005
175117751
805194516
794648361
92818264
296690781
700266121
946260279
875673477
412153842
1788449
769626512
642008304
3980890
960580034
208608464
986865964
681668104
135227612
763813290
704911644
814512404
721906873
506598599
606618233
740929298
367432861
156827796
317953484
79924673
590115006
158729100
933269405
268778316
429859396
511892399
903424133
518652520
961437817
878778349
537601864
873250292
420726483
211804576
473812766
118973838
100020168
591456356
943543397
192393189
924816158
844934023
261538615
927592330
686270795
118212065
247404650
884191677
294961777
386690638
806977113
999739208
921039427
379160544
408884251
489882976
306503268
145521205
670818835
49824364
592640949
877918153
487636464
232119480
763791744
199806711
467091832
688946649
886250719
258419147
923670562
485995077
592680180
377541458
829138348
652358296
478390547
997815232
259148900
305921207
209675439
623274310
118588810
301351949
20487250
406290206
328927194
373199869
551425556
765247351
440584718
245299200
921237067
536121592
638227792
908958374
225299828
16198914
72435043
549426562
444416643
603256233
45564458
492274425
313588982
507508147
150176976
885494426
677953428
668220143
210586560
311625908
385675043
612752322
670969330
81310728
212228671
451624335
915297177
894888388
852403972
94103353
623796361
527791529
664706157
902155541
72133172
151214595
780496783
89840773
200649215
77238703
551187152
628837312
686216160
85697747
480742284
902384082
852851495
175029971
425228361
768262502
51728891
909658441
447862405
463517612
797123569
247190935
894195157
62724223
241185082
769080473
596075200
48790230
88605304
217326254
667757966
629412224
807521702
684343752
12317529
737247698
4173952
46930635
18317063
860178608
927778653
239190393
904367384
25049520
901742713
757457884
844251364
119476181
799167648
643786881
866660317
980101937
454204957
592227102
848348300
26017566
240251114
479010485
259886908
180485775
784961692
837568414
965321068
358700926
598936371
688878978
531149704
151166140
835121088
900469188
970145728
843373964
136260536
564257503
472059253
793370425
969751427
812656558
736449068
282369160
69876579
12922795
422655265
295848772
454680304
574543109
749814742
781872843
816075979
215356332
435791635
338451001
713664786
216406914
744997475
131436635
169654083
679681404
705189408
295142727
474482454
222002823
566589552
914787106
934860071
974064635
473107583
917603576
294633084
542288073
350683623
837109014
988380905
359195171
457904290
865582599
977041910
68049495
520871242
425398553
647296880
81528495
254143921
287276098
876024693
145253158
924045286
487694678
91938427
247845896
712855326
90321018
25649015
791330781
52910407
585134462
998241249
144634090
978444312
987904400
613173316
962205197
646471084
930539795
78921962
394354851
869206594
633913535
572331995
791118398
142551510
745908532
71372535
841254245
305144899
215328705
24626319
576017196
265780998
234051412
740832802
685188926
694457699
753405598
674768479
332250011
555632215
353450456
301488592
507104947
734169694
686670786
22565802
845143094
193147587
437115490
86251079
550669450
94604266
505521974
18819935
6717014
764365454
354252621
175788933
473581152
706711174
204616159
971315120
801072090
37104840
663072211
438798322
442511974
992618428
344990237
379564441
587241166
682048866
790886261
894639708
57701277
451608161
755082284
199871248
535749789
318805022
927200271
7443504
629433527
51735921
439355229
220699312
614776666
976067305
329029570
985962740
263858867
916174986
347314242
973046540
4525037
180406617
45822717
506544191
222141368
529023820
80354454
498510436
716886658
727885391
541369196
702004044
946946878
278941840
856134509
720392271
499147168
659791781
693364525
869558751
811290279
751922396
889942787
811614853
461585614
59341945
818448614
86371255
754385715
920848395
226371134
521097752
643583585
488323200
643837206
647569399
690710368
46204207
454484952
422943843
750452221
202335658
194565094
262177752
187247042
600067768
370352242
176941467
285821519
334691478
726359215
362776020
65496149
476898204
318050352
91524671
850067596
664804480
866760795
148246085
658783459
293548713
914685084
271991302
658201432
598469297
296119112
494782226
100895653
895352150
621602378
203309598
306307398
933700047
831424591
509777462
100350358
111431515
234676601
628827340
913106443
426923914
821293213
435125562
407847256
949830963
826998116
6356707
364337067
480991764
93491885
970622204
493130805
343536216
488904424
763509065
184377116
651144018
314458570
861585097
744561181
190576815
152105954
998944083
826250292
343701617
891828978
358115469
544736102
850478383
410837484
493203113
846126141
56845878
492762847
730887917
603887356
784689639
398626275
79910435
178131088
663615194
369884614
322994073
189281835
744439625
693967159
232616305
78052382
884892815
828075137
608710618
669015169
937461711
844033117
208517048
70145874
43778635
331882860
114867369
448328631
897116171
873232784
661646407
514468164
593152775
792574274
577191681
300291735
237780569
319646776
333163410
689073440
334839336
195393861
380086722
589034254
168600821
884479168
441612118
510422709
660472948
153644281
888513636
771333939
941546121
871855948
341561883
994896943
466155979
474035506
548432115
8155764
384110089
642211872
287605787
736505337
447372520
951735290
773047575
836599951
972822512
280719915
540232448
553134645
20995210
929538530
908972527
957505668
791034317
422618955
776905029
609436569
478029865
667660956
441366818
263035112
341786961
581931147
813673715
86008531
28044288
860550109
708436141
576659034
928039785
345962164
143911823
652072214
677215197
838276739
919250821
284336621
371282721
581171919
805725361
40039032
973372106
770154756
581619280
318078666
824345757
612609410
274892550
330619089
283322001
573455101
924891347
84962804
532842127
760050936
39393676
315603331
42388098
891692949
51701818
555718285
986065668
50251910
818746359
669346880
663064915
254575737
159721495
42038264
572065255
332724519
427469537
207695153
965994971
103728028
990123752
399365537
399635851
5258894
70393154
780583396
422749210
999579901
127251169
900535932
871291127
321660858
264690794
765974787
515930698
741478875
366944089
469388675
281704818
635252085
453388671
414655066
563269378
364563577
916834194
537520512
354952764
419438375
535883347
547203736
472073252
453507994
239302402
176368725
239186030
687822978
367793851
349510323
398976902
387760011
492612348
766045381
720316189
947463542
632772267
895580013
950653937
439332629
601573926
567452669
601853736
124363582
885301321
406704430
418964760
249999901
408594988
951033916
811352245
508027125
710817064
435887982
139511315
165854172
713920101
697886939
788968612
578608426
351890065
391293363
860437566
33700711
631609178
389631738
852135452
50503287
925878528
571761868
677633516
407049130
193353774
797741954
636874267
546595384
615275707
532188227
694839393
868255482
491534365
537486539
318195234
810322003
110575353
505543406
595410084
999257082
898063762
784249515
115808634
284880832
382327496
93768272
217888408
450135605
600094006
857389512
696864965
396134782
28831642
934284170
498695295
222323785
15067049
648396948
956998308
605036355
298800514
254540010
209165283
124845194
929419362
375363745
382896060
440471830
200881262
39571250
453565627
812622939
29671704
809590830
938236688
940608275
807656253
321749280
481676513
772944032
275276633
726735727
748613437
821781303
135465286
464375620
701297745
562694973
562403071
868849213
221407080
495800777
664173634
199839416
22492901
554914448
526330399
976769839
17684581
343986449
311114877
554540289
83706398
582223565
258324012
818504838
821918851
395133028
881167760
9413361
18546196
210465439
634893590
299061009
353487170
803512447
641246050
386033690
837798480
761731123
674390280
624101734
708614980
893004683
204723236
414334625
526069218
990011836
971662263
353615688
312509461
306656463
382841289
160937447
530850819
836390677
743942893
49582107
785531653
214285953
726775633
40479296
609705130
725105904
9716802
637203714
549782579
679622049
890505757
354144459
6195927
346964898
62865981
430491897
972953676
971143727
638122180
48507771
528728249
893645809
511262656
320309941
227408531
629335796
452726805
310865769
414493270
648259735
310571279
155275149
477901463
252042565
869965342
583573246
96254887
565640102
278598235
395803746
457586773
771474004
783964624
516036539
279461694
82570039
517255299
651057750
198998363
267084073
554909937
466535322
608849611
880845679
321290389
608399051
467034249
731845360
64521830
208438629
385446724
670820811
140929539
549946247
13075826
523097726
351269067
151232069
87608271
604153907
753272385
98655003
857848637
366176058
286151964
852448900
827626695
289784361
671993808
511155290
459727597
414658126
517473824
786010710
352363921
897126105
236489733
431158409
176315849
908662351
626622105
261276323
350553057
865820149
83503461
321670283
465166974
992737529
299448173
380157359
688887563
927131718
667368160
630548424
230885025
489816634
855163675
248580864
170161724
678102995
590632568
174208293
213973733
245442092
25279297
357988815
478636646
332246059
151274669
131934255
81368313
511584574
899841678
108943884
922348699
207507680
568352506
449980628
850481344
493476886
154816088
473184976
401850016
88097501
81795715
17900964
828320762
77477721
766961183
967813974
513056322
468897362
168474040
813597977
714443041
152575145
977850262
156914507
515747768
812096982
426791745
719734719
999407336
903403664
783471557
312034572
730968192
691125834
837775209
644403961
932094586
720876531
51203026
640189277
72329184
616641457
129356478
931047702
885094395
485261303
394677707
708341855
818073278
952884756
387536912
637045446
152377125
566288081
253804215
425547537
281644716
884654946
525560904
746345894
805736019
489481803
245503699
592796638
542217882
106685079
109690050
226853181
131267940
495325523
856231544
49371551
583944983
80924277
996455121
567581245
546494279
492520577
16224299
820276886
111470672
138789510
948183347
964261812
230654656
378994855
402593728
986558140
884092550
646860016
737045182
959695955
524175582
966065760
170633174
995426369
155846450
334022972
18883462
40906253
919453476
297314990
775375644
6913385
642087632
822584063
296792540
248167484
442610235
737003699
176060158
694836372
52345983
21843913
962196149
69531216
877259538
895068358
152312132
657907635
813098050
921714366
71668316
377297057
431679065
246369780
863401166
799618575
888819469
781408505
865823449
759376453
262664615
2671900
839904387
476859205
58401986
306383675
231694646
451767963
159547145
679350315
219316922
644908672
233988095
787786714
707452459
308771030
17172421
707393497
897209412
530215975
327883490
4640370
535857309
326036794
635414413
946018858
551154294
467912520
950954101
543085827
268905989
181387228
367889417
639969706
132107993
148543098
328297180
407795068
738635691
396971922
404423999
212715530
826463472
934177969
368586228
754808765
107199922
384853164
884459464
558873056
208014191
659344113
408029685
367710692
851309565
977533499
457672898
946312748
721184136
444243115
303223547
912823203
93892008
442696840
42266531
140662752
525685781
879649208
501644277
145644464
945478969
954996164
159355159
257687277
112463372
984867834
577054545
293518645
123963481
353826828
195852346
603085294
911008174
192406665
583192863
547783975
445219947
399745785
974416918
692814677
512452604
252521651
25390477
668191233
284587288
363473643
832240777
191568737
412194074
312572026
845157871
165804983
599341195
418195273
901009734
195411961
437522739
507048098
297075816
298078552
971452275
6955846
13621556
490581583
928993715
293958559
494529287
740404122
123662338
392912189
771105952
309450445
356978167
351114013
147617551
804835466
525636851
629928948
61548133
305942217
109504605
66668159
438537111
477592110
166872934
104796848
727114736
21062245
697272621
687580525
56629683
633143786
930152246
779029857
132529429
15311976
560192529
578387772
409572999
517789430
236767509
571488106
620532048
93687700
103517158
162447168
969082140
46175193
820668127
908770068
649588407
191936769
96696788
281275644
84433175
419744879
182462876
986015955
326367559
533783277
831863072
270037218
253076946
736217206
526384189
281648786
221007981
779185826
892681218
62842456
478331335
322741972
438309455
194961054
978894641
416442829
442043282
44568095
128596173
570171280
608868151
320130311
370697523
640045438
441656994
493945815
898145486
507813263
167813176
651890756
327356034
722053810
553042541
267317418
514316224
125797875
48569215
36665333
541582080
871646220
389612312
957072708
149424426
286809733
313255810
705137969
287992648
843412642
299850817
783808103
121300890
279453607
50257279
984501650
996714616
395581765
687990837
373424657
72594881
931503246
760520247
406626484
622555435
156771777
987369938
579600916
391642954
928734491
654149099
903788852
688250482
715688786
926988013
338642942
694520162
681065146
311060699
694261724
573928173
6678396
884981493
942049397
877543125
824523507
10637833
180600557
521783631
411367541
250284168
574562468
405442539
790569290
946669090
451721541
643240603
36184677
108668622
271899853
127904841
440268658
652094526
536543151
903372933
767285840
116545958
875461025
871454030
177389358
213949196
399102287
818778962
362442742
787428334
923638496
424894808
880190848
761102337
979495799
474345589
175334787
632173728
374545990
7177201
358073069
388662078
535560908
479859799
380342310
100837392
475745136
352320420
947933828
337694052
904694684
839874117
931466947
125612405
320216415
18068587
159096433
654787865
909898469
224741289
324013105
912157920
700410889
654333608
773927930
530111425
478954277
671939243
746944240
102404880
126146091
677195416
720561644
403653200
603482870
872730054
845679943
405170597
44883549
571060450
264695007
100562806
652432115
507703890
503854731
651066482
395305479
71472599
708499233
482723048
86357072
208123626
776010885
151875314
234219333
626290115
162861103
702426723
217792672
240777677
148138049
608481671
372866726
636708582
785900809
46224498
385667103
18276440
137969515
984798904
288924882
266117516
865669258
563777057
943296248
208850085
538797368
273690864
874714998
968146338
510384594
880668624
900535599
528857894
696718584
287902023
242077910
395452857
602853158
789046641
799035387
499923657
441840754
35704586
144848998
264074024
412366192
176693920
344378313
411331795
387318540
345219129
652302736
354191269
51428024
228815418
832531918
234363286
895552661
805298916
286774233
492370740
303981107
628150719
314525943
179255154
752816236
215245394
704690984
560148789
35222442
554746107
150651950
959458526
937549166
719796041
510580079
342431258
591879940
528395318
184670917
649168978
60191933
920929230
992031094
276787894
816157613
841246333
72485775
187224338
523940246
999509427
672216884
419825250
46983597
77471958
45310541
412869711
148130140
840126192
277881342
348917099
535381291
574866937
333841975
110113916
699861824
224006932
282213023
488064796
671616518
90772554
334459211
908198375
516519365
431972504
170571046
847857543
789476722
30179303
880529340
440348944
541207333
685917646
991455145
79982529
635318449
59818290
555164728
608407412
916161568
206659029
409079581
63468760
29263900
138240551
424825591
810899693
98202075
109071352
81564602
646017205
543714620
17616189
779631685
756631575
28435173
379382207
276239732
342913633
102753373
852542405
43716515
960814257
548892557
124900868
116755896
97286259
457544873
3861818
996272958
213234390
498390569
158198606
645610657
314066229
436581656
57649088
638469275
786810819
958147819
55685906
462749355
939050141
889645605
229226489
617643958
522564737
631382120
526009773
460908174
471158309
408203654
983155173
533434440
310905307
146186164
918247184
487229785
833728328
744860460
2733283
392355729
95370326
188770888
889836792
807877308
575108404
890548352
409752743
108805897
685628146
863275857
230669623
44091604
122455712
814813870
755811597
295989552
407947395
257801675
512481145
790610874
927626470
851814227
640634515
578506732
52112457
87589762
729450617
488732095
928877005
291533639
382769531
543671132
998751004
390000422
80142809
695517203
229432204
629654398
33987492
921168977
117211818
924952097
239718910
398217365
615277235
66838449
352667431
150019515
252043486
484109031
430131850
253092794
230561339
92492514
974203711
945742084
281079116
398733
812996369
811127445
579240712
160805382
574812153
931652200
992098607
135691665
573256446
316599206
443733402
54174884
310329364
88656578
750816244
916214268
575285681
282944142
542423127
228775443
737848121
578759565
768262677
168275348
36729587
179116998
882734860
565107030
561956187
687607195
921379457
848746510
294046476
325340065
757900769
695646609
127150908
269376703
843480558
612396578
594283053
349285249
358538141
615466295
479312802
774292089
60981342
316140943
338509804
88849861
930523532
356347550
352426446
666452630
998688507
253117557
168409397
583506404
898266979
453057855
524335477
550965150
986081271
873852417
869525950
545551685
649100575
633706221
249628557
124965496
201334896
20974960
439312285
836793507
922309071
103450860
529760953
212076167
980106148
63719914
470648552
20640423
428823657
543437734
652880297
677233615
114669268
853328089
531697557
530703772
611845681
90783239
790050269
253932390
845536934
154303087
874714441
550875593
408636324
704672366
744927017
746341728
389077324
73892019
130734001
333968461
700724294
933586805
684932842
68600118
784911721
965574688
598077842
26517790
423670382
171672479
702926823
183061558
176045323
29452813
221503357
520178274
58137090
687818711
593156248
262878370
327645396
683014111
9241259
54935594
94011139
265316042
607671155
792442620
428694821
493499266
215027584
949804982
670735098
637759115
236551095
596494394
929230039
952194461
595965539
844096070
848281809
191239653
908340173
565650725
718839090
304659437
521894622
355420667
638009873
889345434
859424012
369983739
631615718
312763696
883597232
493176837
57809686
20786590
508604979
891780601
817516168
997897513
513990382
395245628
563135648
417359662
910049617
478734380
9120816
191214079
488818988
657272178
386408809
289985477
324308630
590085848
44112734
325801980
545858208
673999249
665399139
819092818
491575366
39330363
724350865
738699225
267782003
763939088
346475219
677763161
646971944
393026830
390003760
222827969
447747760
449760792
401152181
518827629
316169612
620155984
133384453
241760425
799639581
216410104
193147794
958039291
551566782
312832069
962168649
642180943
509705009
475509290
151780542
678061296
655167437
284370999
141918020
872926996
228997776
895200544
629443735
350300984
250865860
730108326
605319647
728874948
899998194
405441756
951251603
182819176
48729512
198352049
856091521
974013725
228119133
611868064
927478630
359341397
429273601
884729669
518344560
829688071
678535060
587239021
181788589
957449363
456784861
61873002
674179052
682893146
269903613
519078764
715639946
173560837
562649781
917842300
499491435
787545034
142744601
791202049
945848296
147974762
208707672
475360133
264523401
918701349
941388532
878853648
225116566
784889527
342054507
81733384
977865969
299183462
122634812
79037837
770554257
191119956
482202818
422764911
364436098
104175727
948515062
51214387
222804388
381174361
460113153
932326020
229933167
946149817
9111092
847940253
734203748
973876535
197825659
365057451
47844445
501165927
706652029
673168843
54154300
516923596
398750280
396618407
210714007
53898432
950432841
448604883
320916770
582694744
982290871
955658689
542807213
419171952
281778039
654015080
690259724
365557964
684585906
440398508
608642226
674727759
809399748
622778580
643142146
984203629
510480182
883483075
904835909
987744808
741693907
547187131
77840775
84517054
495065604
131525989
787895919
213877491
882774811
570462264
20419262
162532305
320537311
828764743
356506654
768157666
849416119
789863532
258526833
284054312
842035241
554191154
337924484
976437997
804583882
678698117
316739488
521758134
44367971
789251327
493121550
711896124
570745414
377603956
440129520
534607074
931558003
980976132
998965071
132016198
223104757
807186691
361608535
808449268
696417420
127440738
896311711
87565031
47295737
398286854
905339262
180958878
845976902
737599233
265615387
678767818
452100223
970787234
147630597
707150654
134749496
574563897
44035159
300302570
660612260
939880567
949032604
504460471
447680836
563880351
385662866
758025660
841676192
897804338
814552817
851330245
342782450
880093534
982020319
715187411
230789759
361756021
276093650
316021631
921731435
648950198
942353187
383722761
184886281
302404737
423134189
754951158
562098651
629465598
528315347
820373907
719105063
440690841
246698173
201469463
845725911
792120997
939870165
491975714
944636943
355776822
907805517
467341026
500383119
331784521
571246779
263873554
194215062
620887732
377349379
704719842
167108987
209210508
515856716
45611350
799163967
906503861
118765471
962773255
776531717
154741652
275138602
486701323
761253534
554782469
161999730
292756940
509527883
300833353
928037461
341153839
756859627
848232793
316962763
750355747
122060130
417625873
184827226
1069961
818378322
953335889
885190834
50235690
420770107
845433236
327203500
335743556
804941261
548275033
663492305
479614856
103187041
912510447
457737169
440764928
322163145
765998190
52923340
42509715
664648578
596440570
819451925
737890482
536004990
862289369
769052403
183607049
848006142
977356805
767340920
682430812
853791179
443296229
716208189
133438395
85248760
668703349
134069059
303027312
580737623
54406088
421099696
300297555
831029722
562165797
275530970
259836792
11522110
295752413
780667814
104601375
617344429
777515813
173827942
65894989
631056685
870589929
779104894
572595301
302747155
796070588
900982676
570521588
375684756
532519928
649840375
661123416
225482218
798712371
671882934
944237522
692564679
551759454
684423758
160255136
346510271
562171878
828405375
23857277
999702330
278410664
707198748
99765413
467859234
442565147
917522802
693606500
440342792
208443391
962730285
188174975
45419547
75534757
787395294
781009929
820091885
761949647
971669317
388205888
596263238
935811858
829798394
620584813
828419637
477000038
429060903
466212007
341486007
192279488
673215013
223145642
908873851
275616340
53490071
870550283
780920322
573151424
483244789
233197967
54608163
795441523
818882567
524593909
495998613
718107344
926997058
774538958
597769107
625006338
37311644
889885073
79885589
519722624
103431000
177295981
463866415
519263387
400504709
393582924
69798209
46706903
955429969
260292876
965839395
673816426
383587169
287377472
396106882
552475898
285329559
438756294
846033240
107645454
235763475
102320463
429336402
833592044
259963074
260032113
268379370
880602471
57673039
811397956
396011981
815137407
818305061
557401379
90369918
904484489
305950776
25879221
417862416
630964031
286244064
136514634
637246649
458466980
751062697
881381088
378781325
2041718
805195255
752221021
132819029
79565647
211465406
64331628
590410603
73957670
552397120
730998972
513097526
657385435
742778247
652786048
213301279
153386116
15683088
3187407
819028490
236099344
253969874
795094542
80612798
581883536
269883415
814690035
173030062
736577829
795758024
191632273
423380054
154676965
277641929
866568786
555534724
436738460
439029854
350523388
420913260
444400464
947995807
868953331
130733353
664247053
442679154
629024312
196181749
746738232
218187783
438729873
206125053
759632663
253091969
955918436
546503443
649323085
7637420
701983383
870611518
419936310
970480850
296986723
934084456
744062403
972642243
199056557
304277876
297742457
41164615
139443910
192194282
919804924
506326458
684277979
842745824
97919436
311668700
581332410
244068504
110455606
39272664
218261442
823957042
181054589
485486700
912139304
920380230
994139157
444762199
928292677
607966429
279826399
351625773
587808174
748908290
304665027
58740661
53378639
572451496
184607950
360540184
74431197
911262339
260602192
727014259
213133175
334498528
219090106
633608836
596194483
257186715
388943650
821671030
115044466
85219688
583639527
860848498
637278992
141186490
447673296
168750131
477240514
752713851
429171538
874843210
752687391
428822341
144926097
772951369
769898481
217866638
115533672
274206290
52436899
952694957
748324626
22255167
974957834
14196844
794145659
553830605
455059310
891701681
777924303
665274325
550372694
428953168
919341980
532315366
757748298
950227932
715373013
961334100
394264804
657607364
49586383
959695795
379440347
278610670
591507868
546882109
255236218
131022815
997769485
377580139
862218371
77245805
714009267
487896507
245510357
554801169
371056010
802989519
451507537
583587812
479084211
15680547
526985733
804564301
147591884
13569188
759048349
887646509
27226863
606720197
479555853
622903448
526668980
731627253
341903910
498799620
716187506
183440813
14329583
936185388
738323520
28907442
200430652
349636050
127995804
129523382
240214037
283918093
875669953
399398699
74400311
649954371
341102712
850433431
89522010
735635344
364469097
425653009
462751684
962529794
479407900
841082450
388281253
442566997
881647835
337521548
454142507
815865817
453566311
673411313
790140762
222050205
32935010
980535406
865513118
359718768
493358959
100935204
958219538
880340881
408922360
50825301
967575831
130151374
678837739
966588076
65865783
115301924
499134981
27247057
510103031
73627201
893143775
812014875
546266053
235581347
656651230
668877627
839069164
824169242
506975887
422589486
478694614
559256288
643347169
824995743
900231299
725374521
947856414
783336100
497849396
693299831
833842736
905938445
707841945
738013672
169659405
304492822
272323956
414636533
823795578
516585985
606646811
426647510
929087394
367553431
277766701
657873698
837868051
336895992
992267598
809923130
598588107
133437748
636230412
498207758
448918046
450147330
772602747
711230802
254340048
125778874
330665920
123173945
831448330
707050235
665640349
42392401
847064578
156579881
249489222
692235680
228954524
431581494
619557323
961941181
581664650
923299539
826061469
94662288
738679795
272364641
777455461
135810394
389361386
622827601
60423033
886758268
426356741
445990309
884513702
624981071
489938764
757565061
446349329
597206196
402221695
449475602
509083124
703803739
54733817
785831184
364753263
783988330
965066902
724478010
534148045
252402409
813713900
980084968
693905324
172872405
196996460
285922047
952509086
151741199
933538443
316974966
160752483
939636343
543903004
491704785
707650737
599566320
529852648
113896336
779452690
667960508
736369174
321172881
529045537
690076407
345113499
311612768
418792816
758484889
999025400
799468684
596198648
349001171
51299713
121868284
208806773
597667744
797638549
900064542
869271307
715918750
344239434
691279514
235135781
641454967
436354468
989736627
30292049
990173310
982909410
679873236
29448508
432414869
412168015
474142732
757925519
99886684
886276063
344860047
111582262
106054940
105695186
691266387
916879864
613166495
358527810
268447170
321743522
245479308
715519822
544490939
839457252
543979186
103313853
201016187
99584507
42324358
93058584
168648952
708217615
267527143
72834120
23832952
474687952
300808277
542365566
127830264
31975108
580141736
530465187
679089262
506041160
510747274
514877282
191433635
529206709
263723227
41192733
84735418
761749170
340521820
709247528
876265957
165976852
198994554
884473750
412487352
253982322
731642266
782439407
687878269
330212786
123004056
144575175
772343038
45710303
447222039
604953786
923180260
747002940
2094328
544028722
685611447
456407666
565538359
227174490
352476097
547106460
41463204
218601771
703008698
473702452
34698787
108114574
611769288
727048163
301462293
665903755
261847124
603036655
951303930
125561202
997038781
441957590
435312188
959902005
243724107
86639641
762226731
971166014
78328555
655555032
240484841
204879700
217150053
735572614
824888656
537792230
468403009
900029032
818522198
813859079
227587114
564568394
215725725
434150993
288146289
531222396
256839399
487470837
615227655
862655015
799613271
393694627
749491097
119201547
53512549
85939442
28730791
668858720
720977564
17959272
499162872
162301468
34694398
964969281
192254729
26710138
796981991
979666775
475842543
562102418
334403874
754875257
244497866
641119994
322035163
86249733
232962077
587966788
829873402
926296030
148970453
209526057
716644854
71956161
147042160
185213152
897129796
598806968
333108118
634466447
426172771
629884056
70213807
64862909
879022921
746076223
32949775
137080897
129010992
741228596
592118072
367762629
193050505
605762190
853909510
427665790
108629077
70027433
324965036
189044787
612026423
320617602
580898106
762176430
868869990
184263532
839589689
600892241
156821419
789211652
215186116
981873551
102216340
564081257
860703785
643502461
812798136
241623371
108675276
828837474
630855592
248785304
325767148
677440301
416738495
594107404
68618330
875443026
431970013
578502782
264631457
740838441
198574320
182648525
872548262
533103239
911730605
258963686
290118632
122852323
253152201
597978390
551284674
792982934
107699116
376383488
869457680
793972083
568591651
601576315
72144243
268698800
511182531
767868895
716102165
515342207
150997738
15283836
922537151
251538346
114973372
410384607
876565863
988105353
800850078
669550818
955242663
984562985
599899501
550679276
146159959
348025337
447713481
508661983
4129753
84408557
78249326
737826043
811895506
688526118
550409242
357746824
64942894
872098376
818029826
96796032
482248306
590416993
950681122
909449365
284018972
84717709
356200596
437160211
935338554
78224256
312577428
368455458
931291843
430722900
152557733
453135372
107380920
490670786
429629535
698323389
25774080
662334160
360596464
60505676
104464681
468857864
221041184
522188232
949115528
532417803
568497294
375197591
718833970
929240865
64403780
401631917
330933868
508148839
368733526
348720401
599631863
786048380
297589058
922051983
400534946
374500468
35024615
839883209
398096111
185564386
606617966
577826631
827798211
750155884
868309310
21389636
627502489
426795520
410381234
515836877
598552787
153845218
722795585
886251133
924177483
78685225
664884056
752611019
891704083
163694877
810728237
392588102
192112260
834066719
213612557
869723468
457614967
850031857
215002930
158445713
313180117
257071815
922823500
812246856
53385088
766078980
347833596
619857604
126033767
717221689
730148995
258762176
298494206
257857556
259611460
538003800
747620348
342602905
463263971
211986957
840689853
782098864
618996632
457962531
623646156
224715430
150819662
444494380
958737423
275666205
594024868
554310381
397223044
718773237
186632480
190783156
42256785
633174463
573537212
858529466
447162267
155471636
904955663
500403294
443893326
698369346
209061698
942671096
373577275
598277257
565510860
952840553
71271898
8937992
986656800
813533952
328820929
976507672
82112970
200895776
672072625
320394247
755602820
705907795
796328919
638311145
388408576
554646280
542074927
606262685
864904811
947545946
93268004
496512837
533035401
233269075
942247916
493867823
578907635
349616703
510477475
849535244
707180186
380098889
982566841
292495565
486756036
421636210
408350336
342334786
339960913
977079376
607972519
309188517
172091649
200266088
65839478
868474610
348949395
397780025
967627980
773982485
269003989
816857066
179182656
120533115
362580939
211915275
102871830
952778517
159263930
682532520
921931544
507065540
93098985
978975229
273533351
427621495
833478213
287434320
347488294
384379165
876839899
410696313
436145632
381299399
770952220
516935593
314030563
390925846
187608785
880801122
388121183
906203916
317115093
303235166
195584984
692032620
437359560
220500032
62960511
695666504
522858775
717869458
773662117
668978057
386236882
500917548
995902227
694372602
275591839
218407819
677334445
171235590
79468897
243360349
726074244
857545730
631380735
837337421
325659542
328908649
523399525
733580417
912323548
598918129
656850852
201251522
283977694
107006755
211048420
757928187
67715626
114512762
950895466
266287978
310472870
877750043
273553570
668221457
705620419
724510183
427346494
181819629
940690095
70806273
261819154
142890773
341589662
584686278
399677219
855412956
740058174
816985760
315606456
359137175
883950262
875883010
499601992
204574389
473913753
633956310
701192325
89559184
754951250
625139831
863914081
608598801
925654619
48837385
382474049
504773725
542024782
329450904
987365700
778488507
703734358
42261697
626761849
114831279
690432490
458475217
267833451
138591157
219789480
284275910
301515262
323517132
669039041
36294682
386229290
384939097
529730449
85533156
787270231
366904885
851247914
322667211
223944624
683539460
596930002
34525104
507753790
227714085
86111772
497479971
323534383
615128187
900299746
955819693
95742145
604284217
421748892
676519636
586342392
68110044
445208429
546047970
777882577
833105382
51286543
478979962
737759936
717136176
958647097
894285269
179065625
665444235
580106694
794471347
629594793
219356328
353012492
519209499
660133365
771354238
746027395
582225433
388645011
454455129
638202680
798203128
590308572
205165539
440840055
890715481
399444872
698689503
1284601
651485373
733060604
1838895
302956948
914567597
149342930
293136103
857679189
966354983
350975779
904082938
251948661
860799844
430809903
363783420
154538982
48666760
772998905
364827426
641478077
718525540
434826291
376997444
193040606
21441175
871689210
406121835
67653989
40417811
652669094
660059869
828754974
661638230
376687699
920151421
40966408
790848338
71778557
370592301
247126867
259920447
243778159
105709026
910059818
197592416
761464394
295047931
966123213
472930787
736600165
886475187
84667068
915484457
977598883
899535635
260916846
235149977
477634644
781640402
442249294
504081247
308929308
191529483
8340274
726267882
3935832
649133370
833453943
149797943
60674463
100800241
854143767
987463384
50601983
372622332
147441146
617054071
811742066
400033885
25236196
140258891
320253618
18483781
756692778
709255331
354167349
963057252
814052839
589090579
225532092
707081507
610773901
465204254
890665937
162644977
181317725
165105172
470890483
255167920
397386860
480222414
516967340
404484822
296273060
708488228
350502311
859971532
838299133
626277430
138085407
622493995
917761737
781456853
974551330
194241118
259143291
532634406
537761063
495265103
514735598
688274969
92062911
849133918
582339465
935266570
903395241
17553612
917358369
717813146
360964870
947228171
18275217
894600981
335840243
664401502
693985993
32280968
905754853
468494758
854353478
502181907
509057331
312697025
972585912
883803910
394290745
357319829
832040335
194362037
852524891
562353229
971516558
33303407
541901717
698280658
499155370
341806731
281065039
939373972
420462311
23559866
493098947
365061831
275025505
964704028
699868384
258424692
77190234
458968273
229066448
676883449
416024720
843040091
370057171
469727122
207421944
286645414
353793349
91017508
746157763
741141427
183171989
594232086
163761113
876015058
676270630
647215749
491847014
77588229
389676858
70930142
571267627
115541097
7512033
120861858
77426695
653123150
828896742
626669764
61256620
581510441
703372397
309504161
616883194
933671838
531535666
274418618
317042199
544644663
433948860
289542558
866070440
613816867
3457922
292488951
479696174
580723485
961248766
473529788
589101031
365920881
401584141
587214665
593210470
720698778
81536197
380433234
912581062
297106796
185115441
123705169
653993155
215937494
520658
642164395
425430984
119910730
203158336
318795528
130467154
354785726
559071563
121454966
477333496
497052880
972358906
544617202
882722293
694253732
923961638
895317491
849486680
248773107
423038594
586398910
315165889
979444068
513136165
19650640
637098786
166932577
863613822
366813821
210506969
881740930
716529499
1161693
253832694
622975872
608735721
991807196
503372630
91471083
853947926
367053720
914019502
867098755
880277235
619861930
805737729
563078249
80268418
81391523
469268200
759450510
544191663
172106034
132216427
359147153
799700586
27529839
561732877
396277298
725149938
869347067
99328153
689257240
857994970
436645468
658880984
648031997
703517616
404733746
41820176
648950779
473486827
689139874
485732524
636040781
290875007
351469046
959828146
773592445
84411724
146436472
113985977
310137983
968579869
33586918
568998269
442956892
73279272
821225097
252192452
866202248
373794679
278964137
99316629
598673903
154557162
499133769
920001927
49099568
886827767
703104234
837849124
155795960
292912287
830061636
421881020
367455009
918429988
639390895
59384798
53363434
772732244
964949815
729997904
39296411
574041902
720318165
818188556
786637898
688919412
247012420
769303320
889770124
999379905
726537302
361947866
148527588
716438067
822169697
322968348
178907987
73180069
331020527
23835629
328926702
14754710
47797531
77056989
603604687
700073385
430678537
156176838
990676647
703108385
448551652
932236794
824598133
482858816
830102254
751335005
500730959
931674725
663529213
358953429
505512932
443503621
947711363
376239325
185951460
198348579
76000524
768539470
523626800
993738032
997443280
33801742
318744382
905219231
173680635
72086086
588038981
315116563
889413952
472822105
733042754
819041563
819099911
511719478
402992579
933406284
259831397
966925326
49380323
464148204
921254973
222359034
233779243
187685874
292439637
133297279
722139070
551734924
367171575
249064420
143763635
614091139
167782572
802708885
285465808
860786392
330365821
532097308
957429695
712430887
439827530
274282285
668429103
799125757
549521968
511464882
138323401
279659739
882971014
235511850
569615345
441926992
456742113
594337048
221476578
336292514
275472406
694022515
235957446
930380131
178240907
874196477
984546731
816267107
314460935
155942792
175664497
630414743
120055530
599997693
990985948
222090524
623489890
649629229
217162986
947605806
841113761
880748690
46893505
677375801
160557658
174351086
334882577
762303884
674822627
390213072
244669925
722482612
854663393
126591843
473853912
543443445
672558023
867245509
416676710
873689970
541155620
291655671
794564286
1395257
909376388
294093584
154696642
322195173
877382671
309832810
664851662
42087677
874137579
880125859
356280737
191056551
93106584
709526680
819516009
555917947
311739864
422536843
6255456
945368339
977516483
615629605
668294825
712851965
459728157
32752242
144162241
651018974
102410021
630866812
727213474
303277405
492980694
90515552
748764464
328196942
405579058
654360940
849455930
272006146
914142197
891520087
635130197
530688442
196043430
612210224
624286011
802873052
276253834
774121520
882296115
717407077
549189893
813912179
724653827
96436398
523156155
831132474
905054204
713604920
589700112
772241885
88445955
904283776
723046966
34479903
174069447
693819473
404213050
986168257
682457531
466969207
88537868
684049847
501425469
283736104
973134300
566017210
501664223
941794801
852550843
346625825
888633135
894147776
890854669
676508492
446921728
929892446
629100087
220799608
572178405
807418845
346464904
640930914
722883336
433591767
41803094
571304120
142735335
113974524
668747091
557724771
487912440
233409990
900919327
540791029
360522519
998725570
805957991
532279278
445893530
767155461
386958846
180935099
72305254
325717657
782006818
630705430
839707418
140268801
455734839
909067580
382983459
161487132
399768562
778962771
783949399
480829079
372253021
643686085
903700705
542060371
654142507
284444689
586498042
191061955
277596032
750619678
848187994
681890786
524829845
138020681
83577634
482830200
77132434
496051444
950183448
846673390
538829673
905425108
226672363
937313166
248752175
234727745
702826653
311915624
401911932
561204683
490422134
245749289
275103146
709367788
763607273
317770534
636538382
352653839
127033690
166988188
231986149
304267755
329450
801316669
665526002
756586572
392632386
747665749
547175950
28618586
245607271
624240308
24462080
859252122
322798024
863372215
80178322
218144260
292711497
155752456
962611144
989704103
412083910
571039929
221796966
316154969
757397879
771217211
62673486
786524717
628359056
716577633
980576049
99899964
439228906
459034326
843785416
506032549
417927192
128431933
531591175
809145972
816955130
260731468
645667384
578904872
770696008
343093042
416662843
346959261
296242120
624849951
965958668
125695021
661446824
122475984
117256879
162972751
691846770
565150651
149249428
496337439
91208962
11501719
639471987
377213556
28848887
605446378
155151759
129523728
7328618
935857186
685750636
552703171
865141523
541103777
452507245
511223560
903640896
283757363
124149992
276005318
668105652
934395836
440543943
960815499
584534078
501496886
303909112
98201162
342159200
782772030
238644015
152227431
298976177
950717197
364937876
408592917
848355268
193976795
498322109
532941899
301493846
511296758
527023312
740000458
600394556
344215470
110011171
528768272
381563080
643764675
911303209
154077090
336872171
691117522
14923924
922825617
904154824
617416704
369317141
434566174
140256337
220981525
254073954
308011453
264523610
144530221
823739775
868033700
177373900
357228721
12255732
475752478
51717217
388797811
150507920
317167963
856891771
163522822
451221968
935967769
117168959
328116874
799500183
550096904
456964336
305792297
762856322
512668390
608024612
246134125
800981482
833296842
61871875
552090188
857335907
170012230
248350431
432435199
846265261
389502368
737353512
546149887
326271511
28718716
157343164
228283827
842714251
196824191
952853022
685966067
121074428
143789123
39220643
847933323
287288165
786424500
989801180
412985437
783803139
952051123
458662492
463665915
574615198
965961747
808585247
959524950
318224871
43572792
690081822
141633047
93790261
334171285
811249678
80397832
59978444
513146941
277771319
282080645
437920995
505230111
552867558
31451666
253343647
701484611
791792271
818311149
435358036
542270817
300640852
560263689
397571792
670921735
919495291
509746206
400887112
953538559
520332325
181554719
253491514
457763743
937114570
540468699
980961979
65529259
263737252
27405436
830403170
33554244
157410358
711099088
439410333
976673267
946488347
864561781
892445339
630025961
389919474
581286730
959125525
370092947
123120723
122101660
94617359
884376586
438298860
332490925
382622211
263209797
526415726
302956859
597822741
617962439
75649396
218217957
119155021
368479289
332794296
491322216
738615489
51430575
774674433
40597410
257869417
91984632
162034558
379078274
822606498
612236871
532937003
756648051
179268558
939646215
285524600
292066891
224559361
904927237
730162771
411101580
257762307
895685683
82008226
165556822
319842774
350372436
799916029
553482451
558116506
633267108
711946559
790983196
737403819
592551255
937063984
396371360
895205186
602719119
791360470
223915033
508663980
404878888
35540828
789456553
530725641
667506047
730453992
597143568
269316834
810792659
747089765
398319561
487830340
366815042
357076522
557733273
526114792
391356112
941231138
166266941
283415945
534741415
5989811
912287960
184704579
560241294
744010356
896451901
946748923
774960672
784172988
171485176
966574070
605981035
891229753
253489704
303836269
469519881
993950198
763858193
728444181
99788085
54400123
863408988
673646216
998743662
179890190
538702468
796649932
354856241
231457751
431558059
877328360
269176714
238686664
317121084
750847249
861517559
649085512
797677101
435569165
951851642
120815971
664365256
946960232
414320319
59859338
142797904
380055983
63115872
658747438
620599651
227627586
541983616
356025014
986223266
882010975
307849825
253429928
865942537
495289626
226361222
27310434
929310679
909786795
971407266
982697438
901055892
924891438
295523182
402375391
748026166
995046493
619167952
402752777
559925738
819351737
888901799
634437253
385194115
504755697
70527879
103396112
780705245
445027679
531466199
373257031
278842853
76084492
342102542
309509183
389671854
118966612
313703521
750576459
226013401
584476926
768477821
520729531
263765634
701603561
619254801
462964121
204137129
106839728
934204645
397454585
581679671
961531389
630520670
902639095
259946199
163459543
758820067
212395210
824586844
537710597
498560521
974939633
585028740
222302609
358932695
155031934
393390123
445440582
309334858
855590889
76963188
940849900
765396005
935680434
839955659
510629479
674499737
175113025
803910997
247192101
825603185
120356891
683868227
22684380
969843978
814594083
364569927
160637666
878638281
215696983
44960755
580157775
202775947
462645934
476112150
279035054
37564072
422103009
965001158
777929421
769249208
311942098
484776449
894118061
100589309
803786603
200376246
100486940
929245987
831492439
693028107
144757889
788472284
627045111
631183854
542922689
567220855
731831454
516225168
263594714
120500662
610247432
842208971
988344147
236267150
112425511
393185344
482826076
371385377
837835873
467634309
306513688
732500253
731616486
533381061
946194780
977401017
627116109
440228307
730230430
311759146
576726432
53203948
500214843
137356760
517072935
590966376
863649101
569620810
370002998
97317741
915509614
191822714
397692346
182122776
799326250
471888253
915811816
191264775
47620753
161129257
447117354
518386139
851134995
426621829
614353751
767457760
151685896
498957350
648813181
945981437
518853150
165494598
575519486
265385687
577666593
959573263
710779159
843809805
94506292
224680210
278859419
330366392
330880223
803598919
664679510
776672431
757026092
325623285
900520154
98890321
483368509
344149829
795369096
968731240
572212127
415541648
648534
681449927
416322857
359248069
8889411
822978160
281669989
372377239
538065887
166605406
260559104
257115427
535645256
105119314
841991807
131638913
398407881
937102723
807529139
784817512
488641425
68170791
362885913
570556197
127358205
312686904
104211024
677554590
127688310
235253867
661549320
829434634
457799212
844840537
668152555
47191971
634816618
714352362
686297996
49892153
236890682
58412434
942743540
295094120
945342073
449538758
810689686
434444231
145729740
912570209
354763365
770891084
734305704
531516458
337831061
781764386
628203756
123003290
111664603
69739572
978611902
392976953
622216523
35538398
747052017
772991559
867231892
266389286
738800173
713435104
27594704
854121512
992625715
80739446
496667792
512397879
281622691
172308797
616082844
863312002
854560926
201216311
788603482
544085981
271399289
424350275
931626571
321432636
433792800
54613062
529074196
346577809
189595941
914453096
644275197
152912955
795282014
376129157
205515704
729183683
704339228
870738395
820904530
993158412
767701267
935901294
580632317
154082870
118915135
330293144
767067410
424532864
154529545
437407152
573812757
601358864
222917398
391916570
513048176
562268854
580794888
787929964
868688805
480190286
296455688
213025116
996114565
464609031
531032659
550494483
564956383
235682778
323410091
543805035
208373091
807206410
732014398
970275717
399756452
324652056
696139244
448672638
445504559
955504273
31056107
214135893
430366794
772979447
912557731
22194022
463300311
137675220
565560221
503279567
762768733
16840314
178656576
809393210
628335574
589402041
591755868
986400098
280278288
952658476
810074719
691867162
77680440
478405262
905106892
451125494
289205747
191054195
871913058
698451730
842074917
593548741
751822411
144783474
522362949
21571868
697544089
551194830
888801435
612279316
349406219
34309592
186144514
882059582
712174270
421117116
757959941
416586393
307012527
493047969
150731623
81059426
654247900
268378520
826168428
628739631
496733936
963503998
746766731
457409669
586057800
934786881
902500783
202927158
854692516
394530291
270033982
601139610
386311244
578591493
848866788
736086008
813038928
35577168
984572980
466585253
931400260
582967093
14676014
716684838
284532314
874471070
537815372
1357143
806968748
177801581
955209858
701262219
712999501
188031462
496177481
869952322
64832537
342949531
439467860
118869563
743810177
413555933
685503791
383552290
228561516
602090500
39505272
893965432
250487115
221496098
261828419
494297181
475460832
750228988
400673047
218295945
600542122
808540196
765919277
131480089
183113762
55015235
672068690
131182662
217751272
771059340
60247065
517178181
122093214
815381866
105338067
505598721
792809700
866398319
280190401
392574486
340367483
10731037
339494013
994260333
566594722
669890599
569695519
9392172
252540460
233429168
410340335
116634999
913474191
227476587
543303668
945037749
533181202
331199161
56775103
376347856
534090344
940770317
486878381
757557041
178239667
194470027
443893088
745208839
161977450
451925701
372454609
491313683
426897044
141510457
834811685
812824662
437793491
559889377
663807983
281028846
516787175
266823423
160447328
502882291
36848613
924423337
615749242
383059791
268670098
49598969
91201251
581617969
781731660
390030510
227083612
226274157
490803982
744387141
673668386
737382917
226526899
631073060
355180652
967937990
791185870
368916482
284349759
140167458
162023231
985899644
337945721
545504719
506284660
154150628
298280466
394742940
902470424
428434180
707553918
971308406
960985477
858849735
285797524
138667173
895302388
957113551
193094268
430702249
835084601
935004566
778313
755788630
126221355
655211013
772642839
836220697
923736609
224474744
63049234
787771717
858862885
231806681
596335510
792552529
963491500
64474164
273046202
720204861
231313731
893391454
832568868
710514796
825286283
36602900
472244358
372145518
120030982
486711675
707111558
987740258
681357509
332195633
68653541
627252202
175529546
971829013
506658667
322742066
42122879
600349600
808750107
235446650
603909782
690029283
599750811
640776862
483065013
995338526
998831095
962455962
631995385
137655718
42583223
46800311
114227857
656290852
803645714
304937649
987051287
146827697
556502526
732736340
380217651
851140478
801422308
566929037
932762015
708907527
833592985
530693574
130917029
963378517
452067188
235780916
310494348
644734570
119866068
314878081
377953467
300516286
232457348
959496037
697813566
271276044
44034086
758919974
696007966
914741104
210774239
421840699
459423944
723727806
735835
76566378
119911428
21757911
959021818
11155375
630278454
927202796
157075654
156193854
787465867
43447055
180705202
941259764
713827104
682457907
505370342
390634165
301229315
775551576
668621033
117009899
1852414
190606586
796383358
955214218
675247115
935729759
885456421
103647650
298131573
57872344
563471373
252709385
513373822
486346344
773697458
670711511
716457947
945398407
679088780
454403165
172625265
723492874
802404124
24186794
823142824
309777771
276584998
503451307
422387077
549893260
933676933
816280041
315439362
178255934
6006727
898819193
954392146
944036698
50718247
391163118
657120936
345666409
83528516
84997749
90158758
35669577
944543416
42498802
298041771
944627640
97751515
571490029
839243233
738062463
527104237
685491292
679139153
695376211
577203264
921075625
343651075
362852530
18063066
152891585
735118965
730049431
355351013
963149381
469919948
134301097
875871172
393006712
765753776
928823853
841728872
995276948
512293820
331690830
615136798
453007757
303919849
779338375
630649851
908321146
672575444
861373762
761354862
567845918
417317701
698265971
745614364
422172222
48802735
21007119
950236329
580058909
450896036
288219939
756682248
148516025
964614032
529219335
791437212
619163648
791609755
314792173
135125952
503000605
294455872
480192783
989180450
891954196
236460965
836414003
143643966
180842680
895630864
905613620
785465621
94255192
69210363
897248240
406883759
107519658
344743941
680743765
398529615
711682037
281929615
850879138
387630026
217093924
160737201
340118448
663850013
403577278
706622643
685429999
786490577
660971978
972316954
690237215
731255821
421519084
516173512
276754172
161428154
807113869
497655741
984791651
73403515
694997707
180662622
949849458
519030386
614518919
383892039
110622007
854667620
977011078
393186321
379180812
373050204
881620467
812557410
468947514
240739
206112370
548771548
348645914
671871791
590282416
577576032
404767709
446441358
357326515
304434030
584100435
25391883
297154082
42046977
461646124
395349712
312918525
395965619
397220153
172789045
645381178
534223506
240113851
874930722
157519365
695102250
38760183
679723719
440951668
301997247
31805174
83230745
66480229
144831056
460109287
396926420
887673824
885933147
57515521
394598250
241518700
569695142
304399025
943178068
899798587
274981377
237747435
872445741
133553308
31724427
829054835
654714038
544888612
387959679
753184033
449264798
777191632
792179750
941136802
564773825
741219380
146628895
395813549
207846283
446843162
89492784
425889695
251686297
853785169
270907536
32386381
165455019
748485245
827366362
680936162
172120524
863895142
334074500
411888248
153607261
395332247
829012783
348907469
324738543
123221189
964494254
267743679
452798041
759983706
935095452
419041012
49402473
848123330
864383755
371910753
318395666
280920010
797627016
825827807
520779904
709087376
887739878
942818896
751932990
959054534
560126671
986825437
651716076
239618924
175435823
776087152
760160237
630743887
107603787
138861316
186058851
61848462
406819642
676907428
51929826
29763969
257618127
916191860
341449502
957211540
119435601
653187430
372180371
553999731
518121777
443390012
265674462
276592011
902743761
919706677
367283346
17109745
985699226
290064418
244883668
844413958
533173085
691183149
263833284
116160701
923639286
302921678
378074026
202069460
340491504
192442665
582863646
273661083
590191650
55134457
415112519
363241190
706881058
720183821
970148155
944519856
803052770
900516472
906724193
891837037
972523009
371084353
405003476
832184832
702168690
631038991
251369029
684499338
406392626
316449515
172803165
323535903
928452721
581725732
567664426
579321280
155227266
73050497
266757060
104080517
232991006
843882271
541293598
90013716
678747074
905681341
683321811
978542728
746574238
460220129
788168513
222413617
733138273
247735452
489712144
74424404
800737681
317979646
151313871
602704374
230350620
951024401
199162215
707087804
649703909
3927703
179990617
472798744
768450253
158789889
759486062
499296612
700482576
22551694
668096715
652063250
215566185
661650780
432821075
187614789
426132483
617193663
973263980
389631689
92534322
253181955
789575154
425306727
313401161
902781403
953750653
14024306
856196782
116269183
708207497
729667701
31694512
642712452
502056907
925707610
322262580
512145662
709484995
344139582
263123412
715095169
618949496
748387961
670740628
630390227
211790615
471602241
255131772
76462221
290332657
245758063
717926434
264661643
843172513
55384892
100219598
353883911
97769589
157375450
126253928
102687583
593120754
893973924
979438921
940539329
494788502
353240311
277320603
181165376
749416348
602723831
858294805
384221870
467544379
490949033
8183631
185447299
526408178
483209763
699765338
35255486
503997167
28630204
690588460
531638175
120311378
803649263
416688127
380180863
113185030
591232823
639636495
440667589
966186269
945417870
271607318
895607361
693614813
601617958
992864929
869043454
174719901
431775919
997384216
994404749
966891988
248919610
961008046
176841883
119693728
126938843
241924328
980522251
11717890
647325512
690476821
290357810
143128940
325672513
708049696
802445911
134965046
1351820
915135359
83510843
865783426
685422357
598370362
885771762
250068753
511900893
467259387
905976752
855352128
391926598
233122357
650054691
949336501
176643247
108427577
872037156
795558215
980696602
663799613
146809548
909303744
850762821
516480122
143541275
13296476
862227823
992657433
195702193
263414608
688738814
130527584
407470972
513495411
901005707
150801570
677100357
109412421
298242554
896932703
37673212
60774824
348777463
461777355
356767215
278723814
700502462
819781312
874730012
446978785
589755235
998773142
682980292
794689092
857148293
611410937
55974327
8997311
110418378
290560885
376399065
400708043
60440415
199814476
992097213
929255703
318538400
516514686
723279684
552369055
132110370
517548155
345935654
97138239
103106763
258543412
943618014
636100188
863424862
619290064
308363140
553798170
549695454
93634315
949847078
70104744
820286702
854591605
569844080
251500695
131204712
869503641
965912360
535677537
17313879
461751669
693271505
801283002
254740035
407234795
816643594
272915545
702177195
541601187
87496383
320244100
452225937
177912469
944553570
984333723
210045072
945354713
552354865
794742855
5209631
107536436
759057167
625575228
193776600
856402445
7041730
129941494
460040288
96560302
289242218
78239138
845159795
134124682
636672521
618456049
392699377
863539196
599858760
815772174
507142832
252954411
398185717
1082507
305350156
796250011
300297048
746304049
132686793
462787935
810198402
154210898
612935750
412316205
522967081
175318357
615077616
808242151
980006603
779222877
866100924
782335350
192033990
339011452
277543753
707236790
912278970
646599438
61820750
936175529
203787265
417117924
883410354
216286572
551563116
796772441
232375038
334785431
314172827
540176300
460338899
923384806
786093241
564573733
68071582
44923186
488832026
911471826
532673140
991049243
11923193
976317465
120715510
933612190
418989123
636474502
235738838
830067629
254073454
184627665
28118409
773584833
841131095
80223713
238098381
759645200
844581603
617889787
870353259
477561577
220218495
539582645
311221361
989113554
678938952
171845910
484698580
436795984
886110793
330304409
376806431
944671740
11866423
916267501
503403781
348613140
405631316
511400425
118779084
710845748
551811144
990866695
646661273
77652295
398330166
130694899
798719950
643540991
969887289
982971261
792559451
405752858
870986227
676748026
368989873
320249213
792044588
515510005
30584453
387823358
272676378
513863467
851741683
981062792
723301604
542746421
722733895
960098701
879924170
598166515
789014500
989962672
221429235
778366423
501553432
764517870
976885330
461140744
663344185
764810281
991390873
281536470
880542886
222573609
670546338
719263912
409250007
13437382
271621858
410951567
410283042
620897425
757436532
585461188
749699303
666704703
487424196
424304494
515642898
727373190
695311186
70760994
569725374
720695545
108994675
981122820
753787441
989355972
701047624
208675951
281773241
718673859
123024723
383614102
327155601
530818770
417549344
494425697
731867124
760108676
678000876
306070307
775087417
45723109
314038551
454150384
293252603
556507436
729990112
219371473
127879412
782602114
321439522
253300972
350465207
993724064
689437148
403733319
193879393
711319935
420886032
767584146
938672665
478483497
910154596
187371535
940732556
545846173
715734737
291126067
435319099
257795614
900933912
207603327
481842080
130811987
125605303
556355568
334833522
6194083
631134220
430859271
641933678
295315686
925093656
62558195
76744942
735754134
510818897
184034668
406634756
440133072
672697390
948392846
418108902
396307112
987772398
640166819
229708299
875195739
936195399
166377095
181760276
891373972
547258584
648576159
458916696
216059517
198728169
761377080
908614172
560948305
234392903
873479663
998070709
520337891
435969745
5759596
118815460
475577699
52570290
5748736
502917121
873445643
553405691
404643369
990242037
915879441
8597613
549990403
439036224
386270580
493491411
202074669
637221447
909008675
389671434
249146063
5659561
465583512
502104708
745215098
408662474
201339692
667990261
599975628
347781490
343898619
979425104
458578228
539181782
736314917
963099186
811608558
847317025
542098476
426601410
974100056
968118818
671210163
320563378
943058902
139678118
12128345
328766019
259304191
465890750
228760299
321401967
794762042
737520568
173986169
411574552
512162756
780852013
563937733
169145020
999959996
362817580
111132007
428913138
276931249
918769072
515462544
630610892
341829688
288293451
823052134
904666715
716833713
517461866
720188923
152328240
309954720
311906780
556479678
5998446
793083556
654369582
613285496
704322049
645030328
356876573
688072279
594625349
73868351
341878053
693076706
107182768
214862394
685577285
938354125
986597945
435030817
370400629
25150373
116062671
486963484
336916350
113607579
36996851
292151260
567401665
22216640
701909944
444839766
721612638
450859004
179878287
751590596
717661519
146991935
600627428
682948459
116836143
853971210
34177060
223351261
312212195
734092772
339893391
929904164
416882116
60679781
370765922
153068559
138225922
232118422
655241293
272701805
231153748
586594368
137338979
471234015
484368683
792791074
54001684
206462289
502410658
917143979
983608305
862617997
139412238
119432337
174391214
994919982
365667147
543403512
427578484
997964724
940016521
809726885
122080695
246015364
179127299
954291744
156500495
876631373
8153412
637301356
571581709
995090107
463538607
688190825
267658420
805869786
543847413
463411735
207714998
30584205
130059045
527246415
370601935
108542131
166433503
801436553
526323703
628566508
796819546
431174232
87733872
140632197
682376307
476703459
22837017
602541845
489931378
884110124
553338769
547965873
260554155
496729797
218931625
296662187
530211485
156734130
292225490
293564363
169608395
286289772
956469619
783928264
187910148
32918830
319586824
17240210
327937401
174431178
245002472
103935910
134682146
716110765
40957954
107594788
380352343
314324704
971668977
889052262
988063265
182294051
486596167
397557411
630145074
949237211
322022281
51234780
476361440
664703951
595130836
456013697
438740056
805793875
353729334
961988042
133625200
288132724
525041879
188290544
883233167
253374692
406799296
776810188
253949714
994732325
874839633
634150778
155218931
866706358
597600838
745810920
812805237
371727307
595097583
218558904
445568481
194346598
784760737
670288726
558319362
553562435
192957850
930703940
959933028
94485486
887862641
731272641
923074599
103217310
262483636
834129514
433032074
700877953
980876624
588429471
420644242
53095051
745801308
557442004
846348771
919751126
909414402
465194440
928845590
371742950
186675264
415642686
42510911
473764528
960718705
206366756
459886692
602234212
758072667
401239146
963472644
621340955
315958569
445396022
419567567
4404954
512267168
319935633
163226967
925630340
883286703
539512414
704314451
98783056
494404344
208200840
107274468
466124339
124696173
307478619
515783855
703421484
390941438
891481183
792528892
158870456
287430405
865611773
582915048
733312820
660030656
268347445
627985695
362259968
499220363
166382194
248987345
732610179
609840857
674574368
42007052
999468485
667579217
731639141
925957514
698707503
251448929
423552400
649347308
317144261
884567165
978184412
728145914
257379840
637539121
541112605
157925212
422579847
287973227
968636681
30476388
237436165
709330916
642005327
489240902
307582438
805945210
402669902
658802011
603475220
266858328
396254353
667819440
625711408
787867692
577980147
106793265
206011423
164363848
899967736
674004111
174539395
202268758
466045544
542874566
228591464
377198348
540576611
698265359
605559621
76592762
489466083
806219445
66885159
989472092
353646409
367032676
915740867
133602409
572052221
68763812
98837835
96455892
104960092
571474294
541706801
158231557
526383247
353970332
574550926
957245079
25935092
278664382
459944139
792308230
988706518
391670018
949035822
164589772
577454810
10229535
268765263
78740012
381464411
914254914
819698212
625847721
967105593
797257680
88060093
539383283
333937400
765429601
956795331
707530894
279178930
698185141
460638417
503379285
137616293
388859769
320847901
749755923
36286550
440894731
673012008
315835505
602757486
615370181
215180411
903445384
847847898
826409115
817649775
481506586
383262564
764890183
191678373
399166598
871454224
773542306
28443888
550344884
925170569
432340112
168890064
253524969
376559335
141655159
456851756
94681467
397993845
909813915
467906723
176551652
914082837
57013340
553274994
771596157
12281512
603461176
630427560
178717072
895331767
914703308
654313372
350933918
837296802
714982868
706940107
169882555
111938783
201684073
175116259
60355818
646607728
339229761
158883084
843402589
862776271
609458339
664396117
231683548
71241346
653830508
958991482
696148156
444736202
883232479
610390018
193080905
966627776
932020453
168967511
391777913
412540876
341266139
568009555
420292520
155717035
961251398
868017906
258525678
408924902
505237751
568929945
918767513
343577577
818063233
889390064
372714770
587070545
431081558
523534554
646092499
549897606
680800688
251149039
156956355
706205007
783479371
271821656
253653424
339570343
18211337
500155932
708776212
988027060
458764887
858647369
83183942
956175224
472589714
35738255
969803236
466813363
276450476
235031
299843703
805784288
677968200
133466921
844881959
804141868
984281857
782105338
41712518
688221362
216551899
343221833
58933066
226478853
801166021
856376447
419925673
342844022
169036801
560004351
509797711
806860633
230071182
404560433
227686266
524091695
679427885
527486510
839628226
19217740
454986505
191688510
858174874
541363726
955606881
284401841
159307089
801471458
676944166
522467859
580249854
264230141
249997072
398079440
134133398
31180127
852204942
268990164
149518596
424485657
125461664
332755774
292053616
892492265
289025677
718275029
22596181
802162849
701604449
590879322
362525262
887264604
78784051
273454583
594092580
568403942
817581327
626705747
828957867
415071258
172733273
10086735
505137362
584213858
812906519
576026628
206634570
473048817
947946050
205187894
589544747
403420394
736725
232443843
244692332
396587016
897980435
546390284
603478741
127228360
836884635
718084386
185782671
34561276
29071072
25991711
660519162
419840248
590516666
52858000
470606448
257584791
379258518
397392395
825518426
14795052
511032326
912929470
377661240
894363549
635337655
496562153
712623086
254025452
132637235
294511942
923364330
445296645
803739666
614856576
571530718
864119046
445432988
872650279
947705254
852749982
28056592
792621064
410614782
468613808
921189928
769495028
302350191
157304393
914213256
853423257
555880566
50763115
949765950
694534849
680538389
316143710
365789823
172640277
512348232
608737611
951830821
890595732
350201213
371743933
215583699
186042554
159658917
646551147
678450824
634321125
669869707
893287341
714044670
258175771
995652183
142066255
954489219
117712939
651984064
191712383
230217469
33793315
451135130
205446307
430528161
280095930
114417726
91711087
118281574
47656144
686988545
691383163
823615764
265061797
170077917
789264088
760760537
896812105
655809753
75994182
744868737
948723809
467223650
715437398
890584709
612217336
944921839
967628528
422083006
325559566
165144803
353265697
77355178
584056564
847372056
487554986
536642227
854442700
275539015
222580982
272111321
122635282
480812797
300955223
787206072
362726699
829807680
473499894
790541629
929754920
9121417
218367672
662586705
848809399
325097161
383181554
260292158
874624133
74876189
703482912
121480756
387679775
529477350
205004423
198794879
700472941
658047606
893314326
511731073
742356054
763552999
534023567
129939177
868761597
641676947
709865530
572126823
589449010
440960326
460440029
107415234
268826383
756104150
571525876
244312785
973286256
351271354
888790171
456575871
996675765
575860883
488075312
725210947
322818551
715070589
578436595
775793117
307436564
806162878
566950246
546616127
543920721
764398718
219089519
271403233
223113077
322830373
404563706
582319984
845054397
673489366
559159149
926110835
673521658
430684627
786947371
527197715
520436252
13704684
634775263
849199891
868537981
695174300
823845971
902008558
386837712
563956641
105429562
745029675
927631086
718707660
743805202
801080207
818512840
461478896
48719582
635554481
693838565
372048378
416270623
557701034
395862776
228502940
517060422
269523449
195773503
846688812
335776165
40540866
135438579
578897191
923105283
18870785
242799636
371446201
359265108
443316052
395629739
11172063
57083626
117582034
251683636
322389534
23460891
651283236
781044624
897208329
221383651
862865221
171793480
24961384
112632037
799532426
812117236
394065060
883553893
638837594
577139280
756378693
24285125
636850531
91766359
313194692
374908822
323051261
229139435
404747058
327276356
252711472
99141731
508117314
783678279
262316697
557749980
182859743
373402042
242005203
762294371
384068072
520152346
475988240
580299047
737679278
493126966
134065987
393280490
228025616
589394318
877705214
9960968
959700064
865825348
886747760
782780867
33338603
283629181
499268847
449242348
544161929
804678008
638678891
182933277
221960210
916299912
992811212
23716459
549862744
534832620
109172662
911107226
365850605
728838408
300233355
557778399
966340488
116016094
910451390
494597331
375343886
31151079
542717698
131892207
757740823
575491387
180799017
368498376
782496828
759974569
593645923
414183528
229631634
425934015
977982456
515112484
284251049
187266149
151652863
629514268
560772542
749832637
827522632
442317809
628205439
754929741
756976913
847095463
380100255
52431400
334276711
948391849
160092965
135370889
792434985
29093877
992318843
359775209
675389946
399217902
515601825
501788228
551042162
66604773
773673355
791293695
259126660
607243933
732936490
637163417
787619788
794719343
168195405
128138387
901376622
508334654
656792581
188430448
768731647
865774583
426583939
855329155
620863809
96348436
507839369
47976325
941509152
599813961
956676088
247503752
106380555
124315847
152136239
852120665
806267148
54017703
731536833
659262481
128769827
974206420
240142459
150236265
524001600
191609388
545327780
105993651
86831050
182946026
982075437
423160966
412185369
142891115
838640341
195978663
657596193
966397989
801432957
170544659
326433396
581850511
510788893
118240110
381287669
193348051
323736075
660095187
291231782
506897220
32591458
873875681
75673234
811628252
495222171
960925095
72066471
488929287
898478635
552045641
324588595
847013146
728292128
390038143
228218149
392618239
3873797
444236627
141901426
539839758
679908633
840758494
530450833
965339297
903994777
691796963
960913749
545239482
843412391
840560018
369776133
608229162
880213730
691915659
486418068
951146009
236729996
323311244
116504480
17620127
525699385
549996198
995996680
302900514
961118327
238275459
684484049
935649606
496260953
834272761
922439531
458991578
241527295
284839510
592238485
326785531
746482777
525026772
307708987
451848563
400892465
828319150
102716587
858557960
684894241
726158884
395111935
330837171
241418606
362568091
290164811
534305304
560972001
806296987
310794695
544969859
99212487
932814494
558578579
901921034
236297185
687609342
973626150
107665388
489111867
308384493
186517017
866964807
216179858
615898950
420453425
151223977
717128931
207312138
442845215
478417113
612330002
929891443
3668229
390840537
857054469
103689413
710724263
266170335
81127496
374174881
768338559
927432361
658883947
583747492
204810283
632601806
58333016
492665045
244772023
446606215
857584638
360137102
686952595
597055995
816486072
373685030
304778198
636591401
534989873
76533619
617703654
451398237
490517947
586043914
805706056
832422151
472014618
423981319
480244048
823734730
47880249
968363874
247971206
771422626
95884421
348651375
100206351
134848093
476142660
433920114
250108678
521612163
993994686
439570000
47715046
861903177
220873110
184958830
45339692
637776395
776514839
25178028
459470126
976204383
355416674
631805840
984151095
292074876
461551460
645238882
9143707
236225405
610060442
877965063
941039722
482997486
791337613
707270485
561860676
190645530
581729886
148305874
538505832
478827026
409013328
864435384
350185984
409947464
266512167
291487780
675743697
178974006
689306936
128145889
380973870
294576133
315196055
904223910
196111043
633687122
255698183
145890907
547382178
970970313
277817712
430770320
941057430
82208552
322891476
627812555
975140196
654287610
989550620
264992273
135330861
196878409
747838319
606049039
355836920
487938869
17293966
356407249
450457910
697036319
323698973
672469801
179335568
917475774
576915026
183953893
381945592
665487296
515313144
217722725
813440108
107902565
510783605
357113184
916522966
680713351
172190584
544942361
980592693
935992818
911354727
222619248
227548736
765076465
936052199
693198274
646430108
606408696
946076306
96340832
21908251
471488218
627072046
583932952
719802130
403439836
318889420
786933699
305847486
819347532
868429662
842911831
908741489
616288186
935238185
444955987
88334425
307864431
376006353
822691634
182737292
495044513
721607004
606821117
534182315
395543349
250706144
699110935
124839209
320779139
112693234
496210953
466114521
160893097
984722236
806024149
116117929
58512982
640407588
786199532
794813132
189722423
421123690
233379369
243326836
548096832
709658540
374855703
746280857
749408202
361122879
875425068
157221431
393565592
931382504
823487449
290480440
695116419
3301175
252661066
224597460
646402432
588061019
569277073
509435994
735467120
430411637
93060568
956625367
248006715
306967855
158730812
546800188
999728663
779676373
459776317
293571478
54906587
189997963
688070235
831229433
919432566
669577677
672362321
714589394
79647527
978298211
516691625
441234125
965149106
77668351
538259442
184607129
246223939
721206847
357440808
452795355
665753612
579438845
371620934
362390860
948770923
512617194
255934695
849755023
489810225
900206426
317154522
501356231
398619124
260121432
916231238
858625571
490348472
689211208
521409790
630083881
953040647
548106031
863931277
829353690
391236110
176635661
314677026
34616158
71107212
58569508
379259931
732880267
56234009
351370108
231283863
66754215
74146990
655107667
189768623
150440984
307620364
304197330
390854617
859609547
344033031
361048480
936140910
834260716
918471761
732358909
967446883
706531539
18496489
242371434
991638444
63578675
257489558
128057141
791483301
194034691
554344491
770436789
498693132
415596817
606307622
150766697
779921315
731890848
726641614
768606540
884830152
226632159
119864851
633710500
508980061
321485745
969313623
95144528
961227790
789729471
163282906
446870998
395309932
454132100
686626498
953597450
270163974
216440161
151008649
1522301
550667590
66637912
527720168
226923974
691438216
1881506
994355744
117081537
79305268
670457391
183881827
723116371
255777143
934585576
360179664
235559905
757103172
573965845
933451896
357533380
5542746
907888678
337317706
431126506
91197575
331562668
448505745
472575142
174815993
121608447
30893645
808637302
103282939
805181405
162563781
398045002
352360532
432681623
763238928
592836034
253215296
460095330
699216795
962491903
116092251
173001606
713372442
735493663
353800611
121454912
677374831
702768613
252476375
626691428
525250450
816401738
599216503
251134180
648377210
997667385
384061022
115376907
251529678
65864198
907992571
76910555
721916073
448578166
720743053
269053325
138257969
553119383
197805452
955187569
553202402
70015560
871979678
868422086
820654890
980099521
404203437
279268345
965133211
822504046
922320
498287866
180873826
255907465
152067737
727086136
416765022
142601613
715576176
961268780
380469274
400904041
807600891
382982049
551231569
916980066
225608799
334353289
461724070
953591755
623893440
908144229
550213108
700876709
390925020
653241644
962842183
293135420
400777552
985605071
562604827
518877159
388759166
89654101
781060167
678488760
293817758
338169428
238775203
703782368
350614726
836803673
431247645
592001121
574562711
335688550
270369608
802136174
18992435
699023080
840031247
296378510
483153080
192216027
656716265
151473929
563905463
671538133
832331787
764553777
367239799
724410265
760363530
229783016
508807312
791980643
71263578
311442372
933236060
237100293
164942856
432109804
916327401
260174898
521468752
333784583
567852185
501364316
90023073
385599839
238510785
890596681
118798268
840382086
457731291
655820596
860537652
449443243
592388769
169811027
11089950
956097674
466299692
358267932
46340222
726557133
858228591
653662730
662707633
693197483
598712594
458849681
664290236
482594034
361930986
402981235
390126760
525821854
525015760
89924789
102893838
566256011
927110362
592102766
579322950
915550364
773789497
5331327
833618180
314561018
284787334
146509972
481507169
740947893
95601737
803473895
792716811
413343945
151332657
991550662
251749883
792421969
918784615
339222280
906256983
710359496
684237148
347341920
989875530
674103139
220651733
652152497
608233361
736571380
497060231
678567599
704583626
537242221
462397439
365792772
440053050
613975164
490823302
65214126
898599509
164956444
469434836
329552969
404970835
350038361
705819183
639180546
916902437
474574320
897104755
541933518
81760679
526220069
95222606
59736044
979930508
779044953
317530829
958179402
98446911
391888737
826663590
974759664
861587097
185905880
218090552
353214229
634493046
388287453
178876185
226491194
208945009
874714968
767786967
473703522
805103916
629245468
470465010
902473543
441684179
385028243
631881255
344791377
887887027
807393341
19198999
13199645
14227940
121353641
13596635
242654137
651223017
309715150
478727162
283625501
783967180
139788760
87699517
521652170
528316623
76706131
843088150
470970023
632102420
831182801
44829436
552398931
60717646
896500701
604143939
893601001
854518875
898994951
993598017
695903967
332840026
818931207
750272432
325007121
774893539
155380561
947883367
475280729
222152105
122504771
710934422
608246651
695432615
633185885
112359727
783846580
83910894
213701065
606044672
694854371
980189433
748548408
503101065
899836667
628148663
968569897
592957639
943759760
631395889
838204161
354945151
51717739
686878964
748232599
34161272
947394624
376197248
382493145
313233562
199804810
453753819
575669907
315063767
173221604
634796614
642512291
370366977
612110572
645563017
617631337
247570796
209865232
733638901
833344127
358935624
30902984
194773723
350786544
168747877
872674447
548709515
263995875
942527247
58506430
247698563
185235619
215187880
75965810
308819712
854402040
664269436
486441731
507628045
263291429
386603950
917953222
632561719
768645250
322677437
269462937
210273371
706880515
838137928
317265050
528687833
21753143
481973812
477118525
473925799
691416536
630303659
542173309
771331083
568907030
387258563
95502110
614345870
555624940
200946968
499216112
358002725
635900317
158187610
563294376
993954571
596104252
492955878
358393254
409960722
683210738
43093233
545710299
739578662
92967522
752312818
101274737
440865360
574956794
136884808
320927948
797693660
2734243
28032236
94831713
172819609
789627645
629671354
181908057
656866840
277873045
665735830
469473920
685392290
350499155
280073065
109025908
239141056
104691027
678028185
394362757
67201003
667982359
998259396
567228310
351049438
247482077
481746229
794834766
452043745
297416900
364031123
198113941
509212938
811809334
576655606
464515386
391651128
498252163
754120996
660636906
836394641
534388584
422192653
165145785
392386911
565006401
387451534
328490382
125724185
217314223
739699524
313711707
470801189
128603746
776169723
371575337
356336564
61127533
882416670
89631148
252965948
182987546
3446672
290936588
811259873
553024350
516074697
201253179
259551696
248885162
425850712
997721817
497868456
722146772
703749933
165706617
243408048
858149765
704422932
536564966
10657341
485271206
94702923
786709976
257848341
449414497
887810828
250077880
348465866
311296636
719270744
422794102
434810192
303037631
860101485
807943425
690157063
59279842
719341911
66412189
455380514
350711335
846789076
133632724
874355343
83262618
734999912
616522584
194071949
509021906
632076153
605060192
941477273
922506059
197469259
206774056
250672949
986512088
271255041
416011009
879534836
839457959
299139560
786160908
447471953
298019051
631497089
964372861
677094599
646598611
853271848
382979868
716827709
646225016
994499282
928617688
57450488
391271096
598530374
297946790
114224729
977167110
14002846
354280589
765403172
850699759
185457870
602034683
325819201
409324635
5327555
441612919
749632721
574547796
772181520
553060381
244144914
179938809
925663552
899738210
594022632
159462971
709577917
452639402
722697818
879283576
200235419
848465434
126341308
240187973
361701701
887416313
83732751
377541022
735945742
859996286
117447800
689016321
600568087
