200 400
1573
560
7904
8137
986
1821
4119
2537
786
2281
5458
3310
3763
5731
2635
9337
376
5824
6090
9581
9115
4728
4626
4574
1196
5438
711
2684
2003
201
4592
3478
3361
1238
8125
6804
9316
5304
5496
2099
2479
4410
8075
5013
9664
7201
1684
4608
5043
1400
9621
1778
8214
6163
9597
3134
7210
181
5529
7320
7116
4010
697
300
6431
549
6294
6699
3746
5448
9938
5606
6160
7223
402
3477
1600
3930
7315
4300
2920
7800
782
1708
2861
6536
9324
6627
8206
3773
3530
7568
9327
3358
5785
3338
1392
6233
887
1708
9890
3662
4097
9557
6331
5589
8120
1413
295
2402
3292
7226
3865
9103
8456
3962
4475
410
8034
6892
1244
1418
8074
7471
6042
4861
7761
3464
5585
3791
7750
9340
4188
2444
1769
3718
6242
1478
1187
5612
7026
9939
6365
5611
2805
1207
1292
3405
3262
9707
217
3124
2562
8749
5020
6074
7949
2260
4258
4592
2454
5699
3860
581
458
8531
5695
6294
5999
9510
8748
4704
6589
673
6666
4718
3714
8586
8706
4330
4442
8708
8098
1955
4418
4309
1145
6115
2587
1203
5243
8376
5328
7596
8774
6852
5348
4127
3683
9089
