1000 2000
9612
9957
4413
2332
7397
8028
6115
2982
9931
7731
7955
4078
857
3345
7314
6223
2521
1916
3920
1778
8920
6375
5455
8003
5652
8802
2710
6043
3644
3461
4528
8652
7111
8055
4355
6514
5920
5130
5048
3901
7446
7872
2486
2897
8372
1883
2117
4358
1474
5300
219
1510
2021
1785
9605
8987
2538
3361
1551
8781
2163
2909
1846
489
8612
5723
1156
9879
3656
3840
1181
7964
4813
3997
7796
3102
3388
1054
359
2257
8304
3370
2772
7347
2928
6904
6981
6570
3717
5440
888
7520
4205
5135
2162
5204
2670
8238
5285
670
5781
3266
3411
7557
2848
7768
909
1107
5500
2882
6053
6378
9565
6575
216
1930
6826
5077
4577
9164
3823
990
4821
5517
4859
3484
7876
9474
4302
2281
2889
6974
1880
3890
2015
8294
7693
6992
5548
9493
5777
9004
6600
896
2489
1287
3943
1959
9452
9926
5642
3435
8908
7526
5138
2728
8009
3278
6743
9951
4472
6644
3265
6811
3602
129
8133
1044
6350
3191
7247
6048
1306
8497
7497
3764
5410
5453
2979
3027
1379
2544
122
5544
6532
2770
6769
5734
8083
9118
230
560
4901
1143
229
2714
8443
1135
4610
3957
8576
2804
3429
8913
9620
5938
5107
1834
1481
7045
4887
2271
1426
4814
8245
7184
3791
4994
4442
3751
2669
6997
6520
916
7696
2745
2002
3525
2410
1895
5408
5394
6918
1929
344
8481
1978
3005
3231
5040
4871
2436
2038
311
4267
4385
9633
6030
7779
8025
5182
282
6703
7039
8649
7461
8212
6442
9178
577
9489
2845
284
3632
4038
8199
3280
805
2323
1724
1882
5747
3654
539
8701
1017
9560
1606
1564
8293
8858
4035
3169
3503
4648
5805
3695
1588
8844
6493
7695
9632
2557
1523
3442
6341
4644
4220
9763
174
9686
9393
6565
3434
3422
5286
8985
3449
8107
8262
5922
5547
4948
7559
4816
5472
2441
4720
3894
9167
9120
1404
2090
9202
714
9159
5600
4785
2919
3634
8162
2888
6408
1814
6515
3782
8971
4137
4176
6220
9230
4772
420
9772
8697
3947
4991
2679
8258
9707
8150
8626
7012
7314
6635
3271
7972
5197
7209
3051
218
6125
3493
2276
5803
1003
7135
9170
9251
5375
8317
480
8586
6964
6917
9693
9994
9392
9101
8222
3967
8879
2031
4551
3885
5062
3003
182
4152
5909
2857
8279
2762
6079
4403
5631
1885
5559
8433
1921
3438
4604
1885
5360
8543
2245
8035
4120
6870
3914
588
6055
3061
5852
6983
5797
3584
7137
4873
3668
560
5171
4275
4716
4085
3321
2081
8263
658
8939
5416
6514
7090
8225
7762
5711
9882
3144
3979
8940
9238
524
9095
4865
6598
2993
8191
564
4942
2035
8654
2293
9760
8929
343
2775
8595
8158
3694
430
5335
3544
3657
5552
5341
1210
8117
3213
271
7769
9199
5910
1042
2719
4203
3276
7601
7026
6608
6158
8404
7760
9997
7427
820
6532
7431
630
8280
9670
6111
3452
1806
2779
1751
4063
9266
3871
1090
4784
1029
1065
4653
9915
6323
8748
4017
843
3177
1464
7326
7862
9499
6795
8124
3517
155
8090
5875
2110
8068
5021
6601
5063
7609
508
9343
9693
6331
6286
4013
7459
8519
8180
4231
6648
6574
9733
3637
8362
429
4771
896
9942
9729
8087
2435
8483
867
766
3147
480
8262
5578
8502
1477
4977
3939
7477
1020
2609
6291
8232
3637
5544
1610
1657
967
3980
5537
7744
2400
292
6243
6121
7753
1660
5336
2113
4828
3306
8981
7103
1588
3984
7556
1288
5012
1531
3169
6911
4123
7665
4112
6160
4641
4300
7072
858
2786
1564
4760
6080
3634
2501
3884
2422
1186
2440
2324
7970
156
5999
1651
5319
4986
2483
2758
8402
709
1216
1615
2723
3514
1795
1147
4717
638
2368
1775
7166
3864
7660
7278
803
8454
4472
377
4865
1602
9065
7640
3663
1911
6313
3186
5422
5067
8469
5482
371
4126
8629
6109
8204
9718
2067
9168
7214
3162
9829
3389
5186
4062
8385
6380
6862
3231
1129
428
7652
4398
6766
7849
7327
113
2565
4975
8724
3783
8845
3888
2348
8154
5537
8353
1334
9673
3147
2198
5474
4881
8804
7088
5069
4066
7317
8951
9490
1253
4163
4970
500
201
9318
7134
3262
5919
9945
2418
7273
4609
8226
6017
4488
2583
2281
3475
5649
333
4357
298
5369
6268
4572
1442
9677
9762
2583
4560
6205
349
6430
2697
5070
3941
2334
9706
8036
241
8275
6133
8315
7271
8802
3509
4033
7756
6338
4429
5609
4211
9435
5294
5747
3308
4933
1415
7252
2725
6579
9522
5124
7098
6128
4330
2414
4440
8965
1438
1420
7440
2937
3491
9793
788
1982
284
6063
3934
2456
7162
5061
3196
7463
8762
5732
7392
3390
6469
5563
7084
3049
5440
5013
8303
3249
3569
514
6957
7227
5765
2619
3195
8707
4950
604
1127
1608
3387
9246
3138
3724
1563
5513
4962
6438
6964
8833
1361
582
2651
9803
3202
2716
7190
7853
7087
7288
3855
4677
8369
6997
5293
5161
2783
4084
8685
4664
7312
8589
2049
6589
1193
8187
5466
3041
8555
1170
8008
4147
8380
6008
832
9325
5731
8921
2277
504
8757
9871
3383
4950
9369
9024
4361
1325
306
762
6671
211
230
5677
4491
1541
401
2183
1281
4621
6210
6103
7045
8455
2143
6850
2324
3573
5361
7849
3994
8001
7946
2243
959
1363
2808
5784
7029
7580
4288
9259
713
9280
9353
9813
1604
7325
2576
6102
8988
8338
4506
1335
7703
1924
2050
7677
5361
497
5129
1900
4692
1793
4311
1765
7107
5839
2594
728
3557
8961
4072
8449
2464
6811
5207
7061
6683
5237
4963
8253
8820
4816
443
1775
204
9186
1961
5392
4757
1560
5361
8839
1677
956
1080
8959
7324
7636
1168
8228
5045
2456
2776
2174
4731
168
9547
7546
2504
764
6742
8948
8293
7101
5313
4431
8363
4849
4274
5935
9995
5508
1703
5395
4746
4117
9082
7817
474
8884
883
885
614
1174
1179
5907
4751
6898
1894
