856 160481
317787 18006
501924 37038
111719 37123
468133 7704
264271 9236
559813 25064
204713 17466
533388 32520
577683 21876
328805 30657
795993 7335
575706 33151
117536 376
229878 32444
17075 23215
24126 32170
121584 32852
757209 49927
219215 38463
385993 8269
49315 3145
795636 29871
549045 833
628543 41930
148874 28115
458023 46001
774829 32087
700636 2757
531100 5916
656727 6522
264279 22518
462202 34186
264027 26067
481636 17028
594003 12817
196888 24073
415284 11667
607407 42888
215215 34690
282397 8170
563387 16085
151146 40338
352108 45237
380523 38399
752705 30728
797850 15004
445948 8755
162322 45728
369784 45631
532187 4282
478376 15887
476726 5284
32545 14053
642101 1533
452539 27855
174751 22201
651990 33365
627722 11775
796576 9474
319245 31932
479952 46349
506014 29020
62069 10293
722479 3269
579146 29933
774642 29886
610893 41750
69230 6353
430272 15913
288609 38646
706579 33704
670496 33326
512031 22953
105951 30625
4215 30604
601471 20602
596249 31288
157792 11112
639049 8679
257629 20970
528885 26496
303911 10697
197510 6592
758944 5818
200238 44688
365220 1392
644691 46806
33111 29520
284111 13915
70743 34401
221383 25777
657024 44553
485499 28291
604969 13787
365791 29403
608389 3429
479223 8263
744920 45556
569985 25204
26955 18702
678629 2035
523073 4885
459025 49926
263814 49089
442201 35204
408991 15015
276189 45472
514270 30984
325158 45923
284179 24544
641619 30529
189274 26131
332814 19887
277198 34447
153930 13303
691968 30118
749154 38615
755897 11476
42569 11518
487225 23305
181650 35121
101048 34663
329436 4474
515641 25347
387415 25342
614467 38570
72590 41628
126046 29335
467558 12060
125201 942
55579 42185
796475 2312
605936 40542
145941 38739
707157 43919
223463 14224
17528 12499
487571 13276
756980 44541
787634 49860
146953 18673
299195 44501
697779 13960
376317 19505
179128 23454
90845 15282
384419 20953
749217 12696
182810 34766
394551 33040
634967 28529
447982 1050
484836 21228
159271 44530
495808 11713
786821 34468
37546 2064
453234 34788
496167 35393
416272 17410
765378 35537
6411 41802
555037 8178
698662 10110
177628 38248
185742 33410
348855 40255
323131 49533
152318 44998
519157 11421
384685 5665
636024 48268
345831 3411
14537 32276
683443 24636
284272 43731
345730 48046
672628 27678
67606 27850
679576 24692
799462 45165
701075 881
536472 9079
399957 28802
203287 3997
177081 2440
86825 3335
162440 19302
736773 37436
252673 35787
349908 27170
466849 465
297031 25184
699399 23581
579030 8475
38183 12929
126526 30162
365058 14812
253532 47377
465331 11018
454524 16856
51217 23925
633972 48797
422932 44433
150470 25654
428785 15233
586256 31217
313560 34995
622778 30924
513931 20108
151469 48034
13183 36169
142299 15344
647975 30238
643414 1240
356550 42175
356270 44988
209315 16982
515103 30422
674047 14839
423636 27387
637749 14583
52341 21686
315337 22941
785437 30746
798766 12661
13778 26198
677572 34999
392492 36649
463539 10909
144160 30324
737083 26977
325233 27375
201961 21884
282887 48866
458537 39374
660472 36343
497183 48532
324929 29893
12445 37608
417696 19032
577888 6289
662724 38595
273622 30911
289683 33834
13061 3753
99934 15135
35740 26545
24608 39057
19641 36095
586416 11484
405711 15236
67494 15603
260593 14208
341270 34309
771659 5383
746991 41772
346159 3314
157769 3681
168874 5081
743953 14161
474817 24591
369573 47219
699800 28250
98248 26921
158244 9312
336879 17991
516621 9144
72135 45220
213502 25008
509834 5804
62863 45858
449509 37313
181852 16787
247702 18589
156540 29591
471477 15300
485676 14945
372683 6445
393335 13936
404627 24783
508439 31914
382766 11947
458189 37559
677630 48284
699640 28397
226914 29080
167658 6141
539189 31072
468404 26578
402700 14465
185046 13307
653850 27614
628394 11508
160243 44657
333334 26627
713493 29803
777718 34655
665563 49287
1098 28415
265687 45780
293180 10411
780640 32919
777439 3351
603929 27850
784715 14661
740579 13089
784174 30131
770922 31382
240530 6111
204846 16364
156865 46503
565644 6002
665942 47806
768359 40051
238508 40330
449813 21917
497923 40019
508929 36642
211193 39489
63736 20542
528804 2106
622917 42090
194317 31548
398636 22586
344586 28538
11388 25464
648282 28001
608836 24754
293274 39250
214426 46062
788662 6383
148079 27757
632821 19338
783483 6479
38254 2341
221054 31461
213995 9749
132619 17064
138602 4212
116141 18544
388138 11037
684334 3955
172749 18178
676554 14874
10250 36392
532313 45602
522059 1092
410856 30250
527087 36176
94344 47746
412394 16981
257124 28343
280698 29203
783368 26523
255394 33542
614572 13211
178418 15809
481977 36368
593763 4494
222640 17769
243712 45299
785079 29311
511682 28495
614333 10198
102848 28984
607045 30935
646534 23013
508888 26031
656961 1845
202731 46195
630587 5827
280751 30527
771775 6474
286901 38467
714307 3022
474415 44475
160809 7893
188426 17884
781802 5977
754983 18300
165332 22967
688424 34168
687270 20104
428426 41017
786692 24973
24270 42050
72686 48171
142759 29556
328244 32072
719459 21014
110308 11647
374419 14161
206712 30367
514337 22663
1368 15976
298501 46948
412626 15697
373705 8157
205118 40661
77524 21525
25063 8399
325230 31146
452140 5472
312535 46294
142611 14248
115209 33245
498288 13530
129083 10919
261466 31871
679409 17882
46646 35278
181629 20140
201478 29628
582666 27943
688205 1696
15384 27481
727588 28284
16469 12931
103439 28069
90233 15274
515806 42704
274598 35888
218057 38670
585088 46196
374813 44214
654543 6351
379144 18551
715784 7445
333955 39466
644509 47601
758377 30935
636157 31434
601676 26546
449332 39227
553016 45629
145191 40486
733824 16362
279013 43165
267674 40917
306483 11158
799362 2159
538417 3464
501509 23196
137520 34154
447255 16190
789604 4328
616307 35649
532383 13836
455070 49544
306588 25817
385844 30778
528900 17783
522716 35308
436311 29350
20856 27654
4110 16405
321226 42350
65295 13206
125816 30186
250017 38262
444143 35046
289175 31782
242513 8639
603263 5242
415979 26326
13374 12061
489966 12780
320987 23210
528318 8827
549984 1504
38225 33341
451879 40810
169155 9073
703611 141
116772 24966
550619 45796
780366 10574
563652 11234
779264 25642
696553 25999
729661 46606
145869 48361
624772 16342
766420 21672
237629 25608
788691 16724
249552 36195
153249 601
424621 43676
193501 11360
217591 40458
608926 8833
280972 5412
668564 1479
184369 37028
778347 31108
515802 27694
589857 39889
518499 21959
460059 11662
520076 22489
630605 9298
17632 47541
440741 38952
674757 27414
185900 49262
214925 15020
26082 44694
335761 29847
502937 5006
374961 21290
517998 41874
181076 39006
221625 39973
723517 28182
210608 41409
666253 30335
118997 7920
690399 19143
710214 45260
162567 23315
540057 39697
164080 25948
341324 29809
285410 24215
175571 23022
315960 42910
90375 23691
173549 20549
576856 25679
436576 44360
745931 6970
44392 24145
213158 2449
380079 38702
296964 3838
523153 11614
764055 19780
364915 8915
507842 21746
640562 27719
366561 47571
159981 25778
712128 35370
619760 21946
539407 19502
765744 31991
736168 36809
47795 31741
131249 27324
631607 4700
46158 18610
632716 23098
149673 32439
516948 17215
19526 31515
304547 27007
42812 45825
665469 28178
343679 10212
170577 42077
455933 43786
26432 38990
756311 17098
679626 16801
746762 35417
201513 33093
113578 18723
397630 14494
288862 39657
191279 30522
690794 18766
246246 24794
326066 34784
101353 44923
130599 27962
550667 36372
418393 5494
431638 44164
587456 11045
161647 21047
484076 46178
417046 210
787001 1852
791983 22069
97100 39559
455225 44360
391306 4995
340871 21042
107183 9715
44391 48479
88945 7134
88760 17552
41616 13401
520484 20936
101179 5812
255678 33012
508732 9982
379462 4210
684257 26770
342169 40338
276696 25484
242004 45999
563131 49346
222647 7058
798113 18565
169388 22422
600892 37709
360791 13679
631455 33774
751043 2644
159231 27794
435720 16788
343353 3108
199347 29817
24412 5677
547068 7131
665879 3738
580293 49973
537992 9967
481134 22611
654567 45396
404273 5444
582481 22866
777278 34619
441323 41081
415064 45077
135246 27572
752266 42018
296408 28316
259540 39878
581756 4137
425162 7510
667460 12997
431859 44278
759400 28589
109163 26558
748502 1124
725471 21934
100226 1410
710803 28143
49830 7899
51248 24342
426222 28683
384944 18403
58760 2934
172020 9808
376637 15013
715086 40035
44728 10347
525099 20769
227973 17766
220781 23494
232941 359
184343 41247
348823 15696
184287 23903
552204 36345
522535 23271
645585 18973
641803 45491
445932 38687
291866 5681
664952 13320
494152 26378
773378 16281
66248 36440
117959 30674
617552 37045
401281 12964
758707 4191
687045 49843
535588 20582
756756 34631
47861 34279
367779 12161
403871 46325
434779 18832
200890 38887
187326 35403
321706 27728
163572 31079
534502 17276
557339 25659
45472 28198
313431 26977
344791 27751
781043 24516
396378 11189
459941 41924
405951 42478
8735 17353
546010 24993
133888 14937
286890 5622
396548 34531
524513 8755
684928 29343
611554 46315
425652 39905
90075 19782
400711 21637
789471 22590
363273 19249
137724 34869
708203 1403
791215 19472
556034 18116
594168 17746
244527 36106
109848 39881
526610 24976
692687 1378
266348 33540
424962 38530
18674 48465
701175 16186
199128 41980
82094 13939
155681 2877
470098 39065
467137 1540
727045 6498
187554 42362
699563 15400
309472 35254
768442 30487
654306 12387
276579 31335
734500 49403
487593 15198
307524 48832
166466 13732
470372 26210
69024 36290
247105 4679
362732 18783
166024 18461
443971 26634
499376 48724
479365 4650
360767 3687
563493 25248
257955 18916
524268 24252
631083 17942
425860 33491
542043 30699
43771 41732
793117 10184
489787 3382
544492 33169
64822 38966
18570 17785
616742 44092
550411 17916
60280 7046
385957 2933
162931 1065
647305 16321
66974 48403
159314 8365
646563 19552
497378 17620
563695 30167
164443 40074
595577 42728
371340 47545
439795 24521
469297 26370
173318 34169
268187 24741
591638 31594
313602 33605
653862 48250
681835 48145
417648 39332
489397 21278
473995 26601
267052 13745
201544 38715
207676 3105
396173 8702
172115 10935
216242 22744
707293 268
156168 41886
608372 29672
515583 13591
518576 7057
18948 13867
160373 4439
607602 5800
788547 47490
630921 36586
454706 36238
28085 32125
482623 6496
109294 20982
1205 39956
456060 29465
247019 30113
223291 7562
608127 127
369498 41854
24742 23848
388781 30904
567760 43815
617428 39368
514796 20604
637209 40488
765651 129
666062 3740
422549 39045
15427 5343
707140 33646
770196 36029
42876 24488
404923 21318
787224 42709
279523 42791
185651 31339
204903 9550
120915 10774
755801 46641
441317 20749
487247 45798
329042 20219
776429 15942
439059 23416
721287 27219
449047 29006
305952 33481
84504 6959
776442 15013
242085 46719
606475 2592
18846 7809
666646 7544
701160 20481
268843 19709
385580 13631
69059 27243
622866 17943
712048 20274
342547 13513
586338 37074
140556 35969
471904 20944
598220 27233
792073 21097
590351 12049
494630 15152
237823 10085
681173 48957
