1000 100000
117830 3068
11570 5336
36744 1644
107980 1327
149461 4210
159756 5853
13510 4588
64862 8066
180178 7487
60093 8774
41669 2554
44443 6387
22997 6426
199247 4568
24103 1842
38508 7859
106592 4685
15086 3605
56719 7573
75861 7856
10386 2546
53172 2597
118230 7161
179126 3029
150800 8176
170200 8001
185579 6246
21870 4824
55589 3768
22802 1580
170091 8376
30689 6909
177313 1727
129267 8651
70084 6360
46253 8906
101814 4075
153791 4219
70685 9916
76247 2462
55788 6774
46415 6661
110264 1766
133974 7817
84944 8441
47570 9690
82558 5557
93304 1492
84835 3249
162245 9640
27080 8461
42946 6059
88779 2325
11603 4614
166118 2426
108654 3741
169642 3043
107941 6737
95676 8543
174622 6057
11232 9690
193860 4725
71145 6622
48367 8598
36330 8706
41136 2956
147213 6177
60792 5797
121866 5603
50670 1770
63682 7511
170214 5887
81336 9186
14677 4680
96851 7269
146123 8745
162369 1623
68529 3623
19405 9547
131364 2614
165256 6173
113281 5077
42845 3984
192998 6774
172914 7861
156826 1151
26917 7251
80844 8348
183717 2661
193045 8403
96881 1595
41385 5529
128530 5287
148783 2737
164034 5647
179631 3450
10814 5197
75771 1194
31855 7696
135651 2668
22352 2723
138444 2745
35474 5453
146313 6252
135948 9759
145638 7303
140822 6802
40213 2805
92741 7213
38046 2340
129272 7922
197869 2176
194964 3022
121513 1965
41795 8696
177712 4338
80745 1668
143541 4025
117805 9231
41683 3898
42999 8365
140615 2259
21305 9241
115863 8647
113967 4047
195221 3043
127525 3404
103581 3334
21002 5709
95589 7209
117929 8370
40706 9730
150880 5487
150490 5527
136831 4319
106391 5713
190284 4732
43413 8427
48767 8795
144335 6186
106157 2136
88088 1747
22856 1487
27008 9759
124386 7929
89417 3922
66584 8529
136416 1466
198409 9086
38976 1184
159643 6364
198006 8968
167866 3064
66094 8773
37089 4195
178151 1717
190367 9956
138784 6901
158803 1478
153035 2624
186507 2617
177369 1272
155170 7079
48161 8032
156204 1463
77336 4942
83466 2685
188076 4020
98044 5751
84553 6695
91558 7410
37495 8464
13572 6194
56207 6563
143658 8339
43548 2250
84308 4720
98182 9033
130773 8600
170118 9586
142160 1206
40810 6024
27518 2810
125640 5506
131688 2529
185507 2903
176337 5709
164646 5559
119790 4741
123210 3778
68252 2584
84985 1812
69472 8258
152462 2185
36660 3362
23793 2402
134354 6982
43889 2005
18953 4009
32869 6710
16413 5187
83293 9700
94624 4856
156285 9401
55562 7340
156043 2459
70767 2277
67367 9120
133340 2363
185377 1135
29011 2668
26389 4806
181559 4793
92879 6633
107331 9893
80295 1282
99223 5317
75077 3925
38218 5801
131351 6845
74284 6290
174589 6891
26567 8961
189682 4419
76474 9821
193372 2364
127800 9107
44600 3920
155623 9952
166535 1646
20194 6415
42272 1187
32028 5876
125731 1914
169669 8596
102882 4719
125511 2689
116558 8621
22094 4572
73710 3600
142040 6001
77759 5714
76262 6764
172795 3626
174510 4961
193879 3699
187702 9438
133809 6651
44768 4909
30839 4895
112377 5130
132722 9567
56965 5166
45889 1146
187683 6964
88725 4750
37006 9603
97856 8916
56129 1062
86202 9793
153987 3107
20182 9296
68537 4865
19230 2469
184046 8495
110553 4944
36767 8708
62375 7005
40013 1255
17915 5683
187132 7327
135182 5531
108473 1940
121984 2796
63639 2100
87389 7158
95688 7151
108432 2934
70411 2655
87468 1003
111366 9298
191095 1457
88667 7739
17605 7830
184086 3226
23811 9149
117401 5135
92362 4227
11929 5002
152894 5581
98038 9587
90030 5604
187225 4350
90032 6525
90958 7120
19210 2933
27189 9622
108079 5577
130919 3428
124930 6904
45618 3930
28078 8259
158708 2080
146530 5173
168316 7923
87433 9702
65407 5790
100310 6480
181146 5499
185496 9548
32779 8585
151488 5438
108026 5498
10841 8663
98714 9912
195076 1624
80139 9476
54121 2568
169513 1747
76596 8028
47563 9422
129876 5830
170431 2339
98580 7116
62181 8772
175198 5367
153493 7158
105038 6513
36776 5130
167687 6787
125277 3962
126127 5618
71118 9496
191966 8244
95685 2171
125077 8825
190682 9558
55643 1779
110480 2690
104769 5075
22653 3587
182441 6365
118876 1960
177076 1548
105820 6554
65015 5234
167370 3794
149335 1007
81957 9972
145996 2640
142266 3580
66415 5940
188172 8024
13764 1023
102160 4429
62190 7487
194633 7408
113793 5184
92405 3075
120544 6336
166554 7630
27409 1951
40530 2269
102549 2650
59497 2591
153247 4465
133463 9954
30370 6145
132917 9297
194171 8517
192168 1708
183000 3086
184100 2008
51040 2402
187849 4593
72655 2052
99585 6782
152580 5873
60994 7101
23008 3782
179308 3230
171964 1613
108627 9957
13910 7931
110480 4131
80052 5323
191087 9765
54252 4783
12144 4831
59104 2609
23875 7557
76393 3562
44582 7538
77385 4153
184563 1944
91910 6565
144425 5270
103250 3678
66218 8046
34021 8995
56067 6798
141180 2148
52116 6742
195791 8163
178390 1322
172274 1998
195451 2040
104184 1438
199868 7984
103692 8065
73945 3288
32046 8736
18805 3018
69768 6073
38489 1814
142941 5715
165785 3911
68051 9996
133665 1064
193433 6756
127279 7873
149222 6028
43804 5608
177994 9397
146899 4821
141322 8055
160522 7073
199941 6651
197639 8462
160216 9533
61885 6207
183303 8859
31195 7962
19513 9207
175439 5497
43175 8732
36417 7812
32594 8148
187213 7851
39101 2481
141965 1699
61865 8930
67142 1526
37984 2707
161660 2996
106295 4836
72066 4720
94340 2107
34465 2952
184654 4293
50628 5672
157057 2994
36021 3853
22953 1536
85331 1355
198758 9325
174900 1563
97558 3548
158871 8787
156272 5661
70009 7378
38271 6159
132696 5846
108391 9848
10413 4993
155625 4332
75722 8468
102924 5726
52075 9717
43602 1508
123315 7890
81461 9124
112001 8614
30044 8317
28575 5601
116559 7091
46068 5102
23865 4233
59456 9809
181651 4234
108518 8588
122513 9294
51803 3838
163721 6035
130074 5710
10134 4447
196983 5689
79142 5113
98810 8081
177928 7742
88731 6144
20382 2732
152621 2927
77032 7300
103167 5990
94197 4504
199311 7364
162001 6525
17337 2412
146066 5977
107507 6876
99068 4587
83460 1114
198925 6926
117693 8926
147901 6362
101786 3084
30126 9100
15794 3673
47237 6024
98245 5400
29960 3404
87494 2184
41896 6521
163551 7638
152452 7764
169382 1326
110347 8469
81079 8019
121969 2452
173865 1438
150085 2277
121046 8545
125993 9034
32560 2227
65859 3620
128539 6586
62089 3840
11993 4885
175349 9574
130134 3690
165414 3452
86555 4346
101560 6588
86061 5625
121368 8565
29689 8994
177725 2519
19144 5751
115913 3555
43459 3017
86853 1863
166895 3501
54628 4606
15952 7100
154586 4806
79164 5160
163368 9617
49868 9661
21894 1170
17395 5121
51646 6379
97982 8860
135057 1236
74102 9541
171405 3609
20927 2421
155084 8501
162627 3945
164611 4572
127811 2380
178996 9931
51995 6431
68714 8009
181784 5094
97151 3549
81497 4234
169727 1157
182742 4112
155362 3844
158036 7764
92328 7791
35202 3124
183497 5251
172823 5978
74441 3325
61960 7545
187423 1737
176071 5446
129095 7080
161486 1952
109653 6828
179293 7698
44962 4269
67608 9998
170839 6730
53769 5132
121471 9784
151194 6735
144794 6290
120922 6211
114690 8585
198131 9735
91505 8890
56465 1093
136242 9057
95097 3603
25290 8453
69523 2644
20567 9035
113308 2709
63042 2117
182571 7868
95272 3405
171480 3356
15123 9385
105021 1233
186839 6083
56292 8763
139413 3857
29312 7673
186109 3456
146732 8698
65835 6696
13888 3800
92789 3512
110068 1359
18641 3580
91048 5891
135612 2877
34617 2746
14508 5856
165524 9877
28979 2749
83028 5327
53648 4469
106797 3573
14283 7796
121713 6385
185083 1959
128615 5096
63313 8572
144528 1250
66609 4866
178870 4507
115827 4740
158689 2415
100471 9507
63155 3075
149391 5156
142944 3036
116604 1959
32925 1515
88320 7954
140999 4729
63191 9748
66796 6568
131576 3802
107571 6409
119158 2547
161229 1211
112666 7514
51265 3207
56581 4432
75044 6054
182774 7405
64599 9749
121681 2105
66571 6227
20113 9948
95485 1615
96375 6344
154302 9365
106162 9470
38159 2733
157321 6973
158093 7693
120125 3357
21508 5058
103930 8614
24714 3102
129654 9370
143269 7253
88454 7975
125806 5306
96460 2101
53674 9710
90292 9165
40041 9218
185676 6150
139809 6351
41145 4081
107866 5873
145873 2179
164658 7517
125434 8991
98478 4775
99913 7974
188131 8178
128906 5611
117760 6767
193060 8548
117366 3716
183354 8690
99094 1713
43414 1844
83344 4641
129098 6362
129594 9231
162058 1724
50676 6845
168550 6630
145157 9184
26782 1020
189210 6261
35870 6646
129670 7913
11328 5417
114438 2715
192926 8262
47456 4148
30277 8023
154041 1410
119155 9025
128966 9410
150821 1295
75537 1267
39684 1458
139665 3658
136091 8597
139129 8845
106591 3097
180118 3043
113410 4723
196936 4566
44374 1425
48963 2425
193145 5189
176653 9968
135306 3058
74595 1297
102631 3761
148108 5261
52310 8903
34989 7705
178696 4635
175436 7474
107374 5285
19077 5243
27797 6718
100365 8683
19682 9113
19253 3185
23268 9508
163985 4346
50117 3477
177586 3099
31267 4708
88758 7173
134088 6256
144747 4735
106708 8243
186226 1033
23699 3941
151965 3458
186810 1704
159037 2861
67026 6072
59753 7545
147955 3685
135755 7372
22521 6453
43998 4091
179973 3697
133191 5137
198777 2205
86415 9556
152605 4512
166865 1332
153733 9176
193011 3754
106257 9932
32125 9336
157413 1321
63340 6119
158753 3921
36976 6221
39982 3730
155411 1261
159440 7937
99617 9647
86212 4063
136502 7498
139738 8760
96455 9728
191457 1129
144276 3744
186537 7481
52109 2535
28391 3913
79535 5447
177667 7880
145400 3910
190432 5942
106851 2636
42024 8732
68969 8241
134034 9633
47061 1557
97035 2575
61920 7835
79741 8541
54647 5554
59931 5590
76317 1605
154737 6860
129842 8391
45558 2716
113567 4770
164574 3367
178845 5816
95851 3355
199737 1597
190221 8185
126015 5693
62235 4474
145687 1160
144088 5434
128598 1459
48141 7028
184124 6739
19792 2374
185982 8362
65851 7196
82806 6185
174428 6247
69956 7684
37882 8878
86243 9026
177258 8296
162146 1096
150966 5259
110355 7301
71148 2209
90347 8456
129560 8531
45539 9438
147560 3362
103539 8088
167138 4364
30709 8513
173566 7374
131772 2396
27764 7611
115046 2022
15008 7174
195427 7263
56763 2659
185436 9526
111534 9772
93804 9093
127594 9129
65538 9961
123114 2316
117496 7641
62158 2911
92702 7733
79301 8321
165814 1339
139495 1445
56874 9252
122213 3310
131247 8468
129647 1248
159371 4565
76165 1980
27320 6401
71216 6149
32129 3931
84460 7897
92713 6081
24392 2056
44818 4979
38008 4948
54681 2947
46691 5989
55767 1083
125935 6552
70140 2032
180325 7931
150728 4861
160699 7404
163028 3027
106471 5744
59847 6622
79008 1522
151502 4469
34662 9543
146653 5791
177142 3263
96686 7468
23616 9843
172300 2691
190757 8094
196570 1067
120705 3926
118389 8759
11978 7485
113381 6015
177735 9939
62153 5218
191470 6960
11724 5298
65097 1961
198711 6655
132978 1867
34271 9420
109309 4979
52611 9295
44549 5642
129940 5694
91817 8749
92825 3025
136809 3446
55552 1274
198258 7935
33568 8863
123369 2671
14110 6667
15009 6633
171607 7860
158962 3920
143839 1499
27824 1540
163536 4938
160057 3676
111614 4032
181381 6651
139664 3093
39153 7555
159081 2477
148087 6632
150309 4409
190757 9706
183852 6507
42662 1351
37106 7253
34074 7729
14267 5124
19067 5852
76476 5168
51924 2809
173513 5353
143277 2689
68570 4729
102920 9480
86183 9818
131983 3575
92062 3033
107068 1086
82711 7601
39280 3693
107692 3490
188690 7797
55283 1901
92526 7594
179177 8781
169890 8274
163142 8784
159215 1099
78950 8987
170448 9281
120491 2919
154637 3235
61141 5673
154110 7555
199213 3474
75552 5523
169197 9992
105933 5909
53922 9462
190655 7737
175987 1448
137946 3082
126429 5033
182029 6339
23267 5454
170009 3118
165720 6910
155801 1236
115535 4658
171550 6739
131253 5256
13339 6105
184675 4799
40403 1321
119164 3328
189168 6748
171019 2501
196215 2969
103261 1699
41310 6841
62183 7716
133841 9220
190498 6747
198930 5313
62922 6898
44673 6023
159994 6643
83792 5829
