500 50000
42889 4246
70695 1020
60115 2419
14953 3866
76821 1637
52992 3537
30250 1424
49470 3346
96521 3516
48377 992
65495 4510
79497 593
78862 1501
96091 4779
7458 2641
81396 3398
46910 2366
78750 4687
73995 4326
82598 2855
18750 4771
45310 1573
29601 1427
77994 1485
83771 4879
19408 2327
73254 1976
37402 1432
13516 4398
92218 521
77638 2169
16757 2333
9336 1394
58889 594
60210 2379
72327 979
66703 1705
90203 625
8262 916
73370 542
50445 721
45926 2251
40811 3265
96297 1453
28089 3418
17061 1127
63677 2691
62053 562
64327 4387
61478 2648
39815 1500
99247 3674
77685 981
10199 3643
18515 4732
88049 1226
78070 4164
5905 2941
6982 1569
78596 852
57311 2990
18446 2246
54623 1878
34505 4081
61240 2430
10401 1851
87155 4183
8590 2636
84272 1916
99913 4283
72984 4522
69021 3231
71608 3013
5601 2651
84262 3938
62660 3595
90063 4851
64599 3920
43566 3341
29890 650
13319 2442
25346 4567
97580 3042
12394 4486
78030 2205
39514 3713
13192 3606
29309 534
75359 4677
90250 1479
8717 1741
62309 2810
49747 2818
80863 1879
88678 998
55691 1518
89305 4327
86089 3110
30316 2604
51269 1491
12457 3341
9669 1745
53214 2988
38361 730
98528 3340
64923 1127
7651 1796
82499 2551
63505 3977
32431 1075
53050 1398
46356 3772
97036 1048
82771 4932
18295 3673
64425 1487
45699 3277
75254 2703
35976 3378
37079 2519
83894 4524
43208 1801
97655 698
87715 2728
52557 1485
94400 2368
61223 2009
15975 2396
40773 4868
94098 899
48984 4745
63558 1358
85281 1131
16216 3417
10905 3941
33026 2741
58438 4353
64223 2991
7020 2199
14154 4859
99455 1672
63994 2686
65133 1748
50040 946
52554 1113
77626 2502
39183 3452
93357 1264
25891 2667
47987 3825
85616 3086
32775 3522
74553 2594
19702 2378
72066 3130
83658 1684
89765 1017
97568 1676
7699 2545
84415 2119
54108 3346
9333 1055
64908 939
98870 2855
17231 639
45181 2765
74097 1764
80100 3760
52796 3823
30025 958
37692 1407
28492 3639
68599 685
41571 677
28733 2923
22774 2324
93260 2204
23493 3085
10217 757
81072 1399
37127 1626
29241 1458
14842 4053
28715 2982
64488 2038
85399 3025
47552 1323
67885 3149
26430 945
62553 2216
55154 2970
91373 1941
61851 1671
98927 1518
58892 4192
75245 2937
70143 670
73948 726
50117 2619
54805 4397
61604 1335
52081 3751
21643 3832
64384 3471
55902 854
41192 1429
91039 1983
14925 1136
28194 4105
46043 3734
47297 1646
98908 2898
11505 3191
11520 3009
65900 4894
51086 3112
53608 2729
5477 4254
91735 3699
48400 1367
37461 538
86870 2059
6406 745
49102 4914
54130 3090
15855 3929
21900 1394
24645 1491
92274 3064
31388 1319
44583 1447
38224 4381
47034 1122
26496 893
47417 2056
81220 3581
80328 4576
45432 535
64611 3890
77909 4152
49510 2819
86240 2109
90929 3326
72222 2086
97251 1992
14982 1405
87659 3277
90743 4631
82313 2416
49436 2168
34310 4216
57263 1517
92383 550
29085 926
99550 751
47996 1665
99858 4082
92655 2957
47131 2943
5872 2007
96467 2468
38938 775
17917 4989
88493 3097
46974 3260
11974 3231
63184 1027
25884 2859
97521 4941
16629 1378
58452 519
17676 3769
88127 2694
13814 3395
11306 3528
13787 4853
86273 3906
43041 4270
77881 2882
9089 2953
55738 4535
17975 2709
95757 1010
28114 3467
58605 3734
53711 1035
12857 4688
67736 1378
64864 1885
71289 4569
82441 1238
80738 1613
88303 3121
62357 3730
25798 3392
70061 783
19038 2704
83057 4781
60826 4898
44743 4952
15869 1283
85363 2207
61311 3344
30936 3550
64422 3295
20405 1911
45082 3817
86053 2895
64738 2701
89506 4952
23745 4034
21095 4255
54479 1917
94303 2892
97294 2687
69599 2579
6025 3352
24261 4399
33009 3690
41884 4762
52367 4409
83074 2514
40342 3948
73789 1216
12677 2576
77656 4900
28150 4870
82856 1239
37935 648
75226 919
38209 3362
44607 784
46568 3060
83147 2151
44919 3265
13340 4312
35286 4599
65695 2110
39717 2236
99848 4757
71135 1900
13784 1655
27672 4199
97889 1057
52622 1456
63519 3047
17560 2548
39901 2441
41185 1409
63190 1096
57984 3423
7765 4224
7885 3686
46892 4218
42456 561
86327 3774
54404 4978
86233 3024
39168 948
86899 4722
68093 4832
49992 1696
19919 4538
14774 933
50623 654
65788 3505
92551 1367
46767 709
34778 3014
38108 3502
8372 1942
83643 1153
12527 4118
13186 2724
46078 2924
67486 4850
57097 1613
67808 974
27730 2864
34637 4106
51702 4449
28650 4705
75774 3859
89984 4209
60084 837
18839 3723
91021 3545
89272 1483
48108 1054
46396 2740
48962 3279
65775 4475
5430 1712
9633 3524
7555 4143
52160 4407
29804 4135
19731 2624
62209 3180
85185 3646
67765 1876
27989 2450
60876 2266
79136 4539
34557 4946
67912 1430
46629 640
90337 3414
28390 3788
41688 1066
72651 3225
98895 3113
77485 673
58824 2531
88471 949
69053 2279
25291 4604
68906 1021
66510 4509
97179 3782
33592 2680
94092 1553
65210 3606
45997 3799
32802 2993
99750 2176
69560 2252
76506 4682
75265 2073
73915 4821
54743 784
51260 2751
96331 4627
54511 535
96118 2702
96142 1773
7477 1869
41921 3381
57393 2599
68130 2925
57758 616
21945 2019
63102 4923
42774 2549
83291 3275
21213 3308
17099 3118
90706 2876
67068 4332
59873 4039
87279 3168
50344 740
28418 532
72911 1616
87765 596
89567 2469
47115 2202
19332 1215
20430 4238
47301 3113
63216 2930
38357 1503
98672 4464
97039 3375
85706 2388
62478 3185
46353 1772
49274 951
35475 3090
33886 3036
91259 2127
41824 3431
40157 4391
88072 1087
50697 2671
87616 2791
86051 793
19232 2036
75807 4082
63827 806
17160 820
79143 2826
53484 3893
66942 3260
46133 1988
86548 2597
70660 4923
88145 3061
30605 4173
57431 557
8153 4218
8910 1300
59417 4671
27898 3503
60774 1360
38785 4131
52310 592
28430 3019
43742 2368
16785 1678
