1000
1 3
2 5
3 7
4 9
5 11
6 13
7 15
8 17
9 19
10 11
11 13
12 15
13 17
14 19
15 21
16 23
17 25
18 27
19 29
20 21
21 23
22 25
23 27
24 29
25 31
26 33
27 35
28 37
29 39
30 31
31 33
32 35
33 37
34 39
35 41
36 43
37 45
38 47
39 49
40 41
41 43
42 45
43 47
44 49
45 51
46 53
47 55
48 57
49 59
50 51
51 53
52 55
53 57
54 59
55 61
56 63
57 65
58 67
59 69
60 61
61 63
62 65
63 67
64 69
65 71
66 73
67 75
68 77
69 79
70 71
71 73
72 75
73 77
74 79
75 81
76 83
77 85
78 87
79 89
80 81
81 83
82 85
83 87
84 89
85 91
86 93
87 95
88 97
89 99
90 91
91 93
92 95
93 97
94 99
95 101
96 103
97 105
98 107
99 109
100 101
101 103
102 105
103 107
104 109
105 111
106 113
107 115
108 117
109 119
110 111
111 113
112 115
113 117
114 119
115 121
116 123
117 125
118 127
119 129
120 121
121 123
122 125
123 127
124 129
125 131
126 133
127 135
128 137
129 139
130 131
131 133
132 135
133 137
134 139
135 141
136 143
137 145
138 147
139 149
140 141
141 143
142 145
143 147
144 149
145 151
146 153
147 155
148 157
149 159
150 151
151 153
152 155
153 157
154 159
155 161
156 163
157 165
158 167
159 169
160 161
161 163
162 165
163 167
164 169
165 171
166 173
167 175
168 177
169 179
170 171
171 173
172 175
173 177
174 179
175 181
176 183
177 185
178 187
179 189
180 181
181 183
182 185
183 187
184 189
185 191
186 193
187 195
188 197
189 199
190 191
191 193
192 195
193 197
194 199
195 201
196 203
197 205
198 207
199 209
200 201
201 203
202 205
203 207
204 209
205 211
206 213
207 215
208 217
209 219
210 211
211 213
212 215
213 217
214 219
215 221
216 223
217 225
218 227
219 229
220 221
221 223
222 225
223 227
224 229
225 231
226 233
227 235
228 237
229 239
230 231
231 233
232 235
233 237
234 239
235 241
236 243
237 245
238 247
239 249
240 241
241 243
242 245
243 247
244 249
245 251
246 253
247 255
248 257
249 259
250 251
251 253
252 255
253 257
254 259
255 261
256 263
257 265
258 267
259 269
260 261
261 263
262 265
263 267
264 269
265 271
266 273
267 275
268 277
269 279
270 271
271 273
272 275
273 277
274 279
275 281
276 283
277 285
278 287
279 289
280 281
281 283
282 285
283 287
284 289
285 291
286 293
287 295
288 297
289 299
290 291
291 293
292 295
293 297
294 299
295 301
296 303
297 305
298 307
299 309
300 301
301 303
302 305
303 307
304 309
305 311
306 313
307 315
308 317
309 319
310 311
311 313
312 315
313 317
314 319
315 321
316 323
317 325
318 327
319 329
320 321
321 323
322 325
323 327
324 329
325 331
326 333
327 335
328 337
329 339
330 331
331 333
332 335
333 337
334 339
335 341
336 343
337 345
338 347
339 349
340 341
341 343
342 345
343 347
344 349
345 351
346 353
347 355
348 357
349 359
350 351
351 353
352 355
353 357
354 359
355 361
356 363
357 365
358 367
359 369
360 361
361 363
362 365
363 367
364 369
365 371
366 373
367 375
368 377
369 379
370 371
371 373
372 375
373 377
374 379
375 381
376 383
377 385
378 387
379 389
380 381
381 383
382 385
383 387
384 389
385 391
386 393
387 395
388 397
389 399
390 391
391 393
392 395
393 397
394 399
395 401
396 403
397 405
398 407
399 409
400 401
401 403
402 405
403 407
404 409
405 411
406 413
407 415
408 417
409 419
410 411
411 413
412 415
413 417
414 419
415 421
416 423
417 425
418 427
419 429
420 421
421 423
422 425
423 427
424 429
425 431
426 433
427 435
428 437
429 439
430 431
431 433
432 435
433 437
434 439
435 441
436 443
437 445
438 447
439 449
440 441
441 443
442 445
443 447
444 449
445 451
446 453
447 455
448 457
449 459
450 451
451 453
452 455
453 457
454 459
455 461
456 463
457 465
458 467
459 469
460 461
461 463
462 465
463 467
464 469
465 471
466 473
467 475
468 477
469 479
470 471
471 473
472 475
473 477
474 479
475 481
476 483
477 485
478 487
479 489
480 481
481 483
482 485
483 487
484 489
485 491
486 493
487 495
488 497
489 499
490 491
491 493
492 495
493 497
494 499
495 501
496 503
497 505
498 507
499 509
500 501
501 503
502 505
503 507
504 509
505 511
506 513
507 515
508 517
509 519
510 511
511 513
512 515
513 517
514 519
515 521
516 523
517 525
518 527
519 529
520 521
521 523
522 525
523 527
524 529
525 531
526 533
527 535
528 537
529 539
530 531
531 533
532 535
533 537
534 539
535 541
536 543
537 545
538 547
539 549
540 541
541 543
542 545
543 547
544 549
545 551
546 553
547 555
548 557
549 559
550 551
551 553
552 555
553 557
554 559
555 561
556 563
557 565
558 567
559 569
560 561
561 563
562 565
563 567
564 569
565 571
566 573
567 575
568 577
569 579
570 571
571 573
572 575
573 577
574 579
575 581
576 583
577 585
578 587
579 589
580 581
581 583
582 585
583 587
584 589
585 591
586 593
587 595
588 597
589 599
590 591
591 593
592 595
593 597
594 599
595 601
596 603
597 605
598 607
599 609
600 601
601 603
602 605
603 607
604 609
605 611
606 613
607 615
608 617
609 619
610 611
611 613
612 615
613 617
614 619
615 621
616 623
617 625
618 627
619 629
620 621
621 623
622 625
623 627
624 629
625 631
626 633
627 635
628 637
629 639
630 631
631 633
632 635
633 637
634 639
635 641
636 643
637 645
638 647
639 649
640 641
641 643
642 645
643 647
644 649
645 651
646 653
647 655
648 657
649 659
650 651
651 653
652 655
653 657
654 659
655 661
656 663
657 665
658 667
659 669
660 661
661 663
662 665
663 667
664 669
665 671
666 673
667 675
668 677
669 679
670 671
671 673
672 675
673 677
674 679
675 681
676 683
677 685
678 687
679 689
680 681
681 683
682 685
683 687
684 689
685 691
686 693
687 695
688 697
689 699
690 691
691 693
692 695
693 697
694 699
695 701
696 703
697 705
698 707
699 709
700 701
701 703
702 705
703 707
704 709
705 711
706 713
707 715
708 717
709 719
710 711
711 713
712 715
713 717
714 719
715 721
716 723
717 725
718 727
719 729
720 721
721 723
722 725
723 727
724 729
725 731
726 733
727 735
728 737
729 739
730 731
731 733
732 735
733 737
734 739
735 741
736 743
737 745
738 747
739 749
740 741
741 743
742 745
743 747
744 749
745 751
746 753
747 755
748 757
749 759
750 751
751 753
752 755
753 757
754 759
755 761
756 763
757 765
758 767
759 769
760 761
761 763
762 765
763 767
764 769
765 771
766 773
767 775
768 777
769 779
770 771
771 773
772 775
773 777
774 779
775 781
776 783
777 785
778 787
779 789
780 781
781 783
782 785
783 787
784 789
785 791
786 793
787 795
788 797
789 799
790 791
791 793
792 795
793 797
794 799
795 801
796 803
797 805
798 807
799 809
800 801
801 803
802 805
803 807
804 809
805 811
806 813
807 815
808 817
809 819
810 811
811 813
812 815
813 817
814 819
815 821
816 823
817 825
818 827
819 829
820 821
821 823
822 825
823 827
824 829
825 831
826 833
827 835
828 837
829 839
830 831
831 833
832 835
833 837
834 839
835 841
836 843
837 845
838 847
839 849
840 841
841 843
842 845
843 847
844 849
845 851
846 853
847 855
848 857
849 859
850 851
851 853
852 855
853 857
854 859
855 861
856 863
857 865
858 867
859 869
860 861
861 863
862 865
863 867
864 869
865 871
866 873
867 875
868 877
869 879
870 871
871 873
872 875
873 877
874 879
875 881
876 883
877 885
878 887
879 889
880 881
881 883
882 885
883 887
884 889
885 891
886 893
887 895
888 897
889 899
890 891
891 893
892 895
893 897
894 899
895 901
896 903
897 905
898 907
899 909
900 901
901 903
902 905
903 907
904 909
905 911
906 913
907 915
908 917
909 919
910 911
911 913
912 915
913 917
914 919
915 921
916 923
917 925
918 927
919 929
920 921
921 923
922 925
923 927
924 929
925 931
926 933
927 935
928 937
929 939
930 931
931 933
932 935
933 937
934 939
935 941
936 943
937 945
938 947
939 949
940 941
941 943
942 945
943 947
944 949
945 951
946 953
947 955
948 957
949 959
950 951
951 953
952 955
953 957
954 959
955 961
956 963
957 965
958 967
959 969
960 961
961 963
962 965
963 967
964 969
965 971
966 973
967 975
968 977
969 979
970 971
971 973
972 975
973 977
974 979
975 981
976 983
977 985
978 987
979 989
980 981
981 983
982 985
983 987
984 989
985 991
986 993
987 995
988 997
989 999
990 991
991 993
992 995
993 997
994 999
995 1001
996 1003
997 1005
998 1007
999 1009
1000 1001
