100
919797595 30
764615565 3
769075891 47
984936857 4
987061176 12
41043229 28
855073229 28
296300661 20
388134168 2
174566624 17
561038414 22
435031656 30
488328361 9
448491239 24
574946890 22
426324799 44
660951368 33
802238918 39
775118173 1
61291539 39
201668773 8
264808027 37
736293894 44
464837493 33
236829374 48
816766397 35
271954557 27
697292371 44
49328108 12
639499104 28
342099421 5
477295481 30
334103530 40
160785139 7
839369689 3
44479209 28
568475488 3
771015759 47
587679865 39
636553805 14
503559318 29
583861869 7
543461023 41
173318364 32
577988997 22
599061516 11
283513912 32
611249996 47
781387452 16
47265470 18
457559214 18
186350321 41
763818311 13
837010421 9
138887628 3
8558157 21
415132579 24
675762055 25
356400362 5
538062599 47
126262350 9
197865257 33
841483037 18
388068435 4
371276641 19
580420158 17
40130843 30
251556860 28
837103472 3
495881647 4
1142869 11
333931266 34
793006953 2
997056919 36
389139260 43
920622456 3
286424113 14
288585402 43
370022053 33
112362452 41
483573245 6
856647810 15
5240281 4
287272877 12
628922546 46
121860936 26
397123294 38
114006415 36
593691357 40
636370898 48
912190384 21
27821510 46
758840836 29
429634673 5
112608583 7
790557469 10
908762007 34
249967665 9
820861054 12
105551349 21
