100
49
110432952 207326876 265455972 730034189 655391720 909171299 436040155 389743672 24854987 296063348 252422925 118593597 395666341 675733601 255342693 647250872 657131064 786832968 454564074 853442133 790816112 258435820 225766527 898333837 297360860 340032307 47385299 127884606 384673653 444573862 944978297 465071995 717592127 483504323 283258416 159503574 319217853 285767932 267318022 900729439 75920705 715521270 885618081 524148823 390388445 889303965 149400402 639041376 426201492
68
343619593 65276772 409418516 9974122 592229618 697101450 317385174 890231618 452981428 247773739 644835412 391984486 341076580 864511708 340321949 382112447 187201969 199360065 92663469 917267710 159204459 786868126 391315800 427742252 110500453 316881600 631124141 892645391 947385418 399085526 333001586 658999638 601110504 288529243 196380319 352086051 691266926 654491076 916769078 650581377 596224825 481281713 61387030 890585773 635588070 802593004 898322614 219972232 268661561 276559410 403819100 483882848 184625834 594164099 567552836 614401523 905286451 526525569 391173073 386099648 267503835 549243542 196117113 364248690 983661974 752604904 430643323 755812330
9
976049564 910041363 171684239 473984244 759716142 215982578 516776829 623359022 263221857
35
707437590 606084709 387563910 313577125 320502927 579278869 944930993 904777635 924864401 514238104 941770676 107919125 958980019 593961712 134234586 796508373 500151998 764440038 538668972 501977157 999535108 778614120 173182581 115411114 508277063 721317604 733190223 530991381 780687346 523932234 826426117 766185062 366507886 945142198 168926257
60
365461095 672140268 849525532 486767919 733756706 198244517 545191727 73960833 349651608 581497339 689216498 240891898 616559862 819454834 785543231 949002265 389664537 338898818 606502679 758293977 991942346 947723022 483033282 19792877 423119103 588658026 710123798 71744672 569294631 617924149 900408157 880895707 637752658 939065762 432342091 948881367 133863321 786416446 918996804 640525341 710456779 890184495 619872932 357565784 25601902 181702076 967233 330848613 513121538 735825206 331294103 627619300 992148489 680422157 102383126 753862002 620847925 104451108 346303597 51741551
36
380194914 760526666 775929569 702144942 342647902 990034513 908409244 36867549 620665045 264754692 190466953 60314980 259179891 957230126 502319561 960690449 884519852 494228821 594739946 667669246 214736616 311384783 996372569 174408079 615689470 161422425 863584135 616391149 670048111 300026040 698772346 5637640 943323787 201824452 893842418 837530060
46
551931713 47990683 208309116 169522107 503458904 468385173 121042619 244397385 99952849 211173586 215238928 662258761 200295441 529401460 65418531 900043953 388233173 111074246 166321836 57177542 46295384 96459732 361207228 229321259 650777519 35514264 477937197 955455186 32959764 193728033 139753358 307748053 534431945 613975334 367035746 569213175 360640258 495649340 386058582 294183331 269469008 550452336 640438458 467063089 796526689 946126442
63
660815907 350505551 557090311 92884510 302810702 615649023 896247484 176659920 823097942 990135807 334206949 175844968 174017160 480982469 519031603 904657840 693246276 553431186 233030435 922990140 158051901 573922502 280604179 79571148 703696991 869635133 925438316 738535904 496583969 292616178 603108838 948521952 236250172 55786616 48843354 755306750 859144305 449867992 597490214 190841992 77511134 925102099 996473089 441514185 968439309 432512390 464115727 258993987 123426982 31499025 683168236 355773464 459293965 993841602 413077272 24761023 955804268 69037105 30340758 485917543 343079697 254343609 900191369
84
918639575 41645200 703946643 938364675 174803245 28307362 53186150 654040924 267677990 70562346 709794771 49633060 968587009 496795489 27196738 962159084 149919925 922800205 901433511 81428671 40289281 377460539 188702679 144759332 351333938 854637660 791948907 683817445 938795923 429898468 144133888 242315360 143663783 503998393 553367521 364509401 166042605 289509362 302225864 578032849 251015681 556601708 296185991 105916452 166152164 370177729 425089659 89750844 302468186 822141821 892678054 111494800 143966551 819002912 937015123 932801567 791338819 930169448 561928135 664652900 337990944 980212787 948029629 31128511 151917800 796339487 56125068 810851957 995608544 311375167 199396539 733527606 440419017 863910694 399745184 859541774 722205174 943488381 599532768 159091754 871094155 166933956 882116777 564498262
56
156200612 207448230 719588038 506292230 181272087 418020894 931652220 356682567 596699024 79475592 113655052 683384226 603442321 718632421 653028648 734765679 687206965 561551450 245814157 577204002 147351570 227267081 360703467 425240146 953670753 280040769 315122919 651290840 426213847 857895760 251879058 589035077 621271689 33035330 158336368 983313523 647615984 834614100 870720512 303964448 321599943 438559185 144836052 489904905 231505964 494297768 973736020 701106923 931053572 326189961 704229875 736814118 618806114 361239044 279537517 175345867
30
344347601 183286896 877525108 911854195 486641370 56855874 39187003 148736875 544613173 392611013 386933173 278998146 869174205 504590940 950198885 948481024 620877220 547305499 83594259 403340428 27665191 476997109 779194344 61160573 989493563 286207883 273712060 995051417 710393332 312930033
96
451793669 997215650 471251603 950563585 386444431 896187981 343743592 872706476 286473230 8850789 38368673 931190171 843678771 127607383 73785665 743253865 407616096 985555536 104881422 571585920 431890589 993241740 856713147 47891669 674257906 983840241 240524065 639692884 539187039 612569117 994919859 686414087 711489441 744812721 141721519 180877455 562262060 915825165 15093294 664243959 548153779 740103340 262124527 670385951 212063514 986039740 172376429 349820711 549908263 229887460 813638334 304670069 300522679 209481938 378109755 715792500 651583507 636911700 455474091 901255885 75755441 299631656 572114322 626040030 956804745 442738498 17274086 233316399 314581547 607720462 554288105 260565934 575392895 853152294 438981665 270254711 827488397 512835763 439123349 190832407 625126263 267021414 991487661 984028467 519085454 820086963 85844858 504479307 490672029 820736373 884613940 85761502 51828349 342421637 121161472 463455363
43
296589829 853766795 271099845 98895438 980478791 440613895 116710040 957723633 943821573 211394281 719523250 392085647 346002268 958546249 719070694 326928909 855365728 603570788 666961674 846796258 856896882 23237641 230432732 562294329 860081531 4161713 196579207 783880334 710590024 66401502 920540058 428851515 244372854 386246164 866824874 30160051 172852417 450384827 800379098 184701262 590986185 58096977 74916896
48
438358573 797910164 470597806 814225338 386798732 313401282 878632806 455245659 828280297 398823099 983677703 744323985 348303574 461115844 308527989 191783226 952525217 175846057 283049077 980647903 598450032 34956644 690041094 574230919 524884125 769583278 578357935 903260244 514042559 359283604 880010002 904915760 140045563 789733615 704481925 369740417 765253333 195130020 391767404 174046507 129347410 208804364 973595052 834599769 419917083 712176147 506454006 662472539
65
926943075 43519225 682310126 687939053 817221408 244087860 237476905 940923735 645874224 646796662 886043482 13874701 887036734 430572450 77501095 636457437 278518727 32161045 412358994 674359363 172754028 772366167 478664390 903882073 868904340 495234297 320953471 943842858 673072112 182103511 740641511 681846237 177394538 794175325 676517367 137024248 570822725 695901187 681893791 381527146 668149429 103335268 66308985 35182326 546541653 546450330 389966041 385808720 712523917 885890837 256158075 440427170 237401255 143562778 434026462 9406436 390649962 585956012 593886993 135918985 630308528 776911075 694042261 229678698 385715015
32
899043840 220020716 230410683 965736481 57681931 667600421 145539385 916455102 290892497 393427973 449869407 806850225 214352230 752523056 99973231 761390973 369692568 520740470 51830948 900241632 184684091 170545568 120310376 735177576 983581082 135825371 775922690 939305615 759238855 494433952 107659042 264550283
70
645498723 582224346 640165658 302124566 159934448 472549547 873057965 904473406 31885293 400517216 672154343 935100889 365565525 578037371 835114857 884035073 834114429 472493276 254972485 420317443 138991485 797104387 727294130 386677890 969768826 405857206 592676971 44835456 953289698 451670331 619754920 842602733 780415786 935610854 39739754 301022842 817013028 215472656 174679514 189654378 767006578 737596475 176925588 936504205 987357502 300683677 90192008 268049290 402230141 49993856 798589080 74003757 700324689 81085838 567628948 608499646 989561286 603800579 771970462 581964384 865843763 575224366 905151924 98062679 627738789 151596902 255368487 365312241 487052285 278976940
10
388816087 683896864 300831712 688143307 532209324 586789091 650783332 574017970 238996029 467148153
54
404189656 26208509 166627000 161717345 900644541 654921631 974317585 681402678 43119966 713679316 467894178 295627565 54908630 956872882 118671139 578624231 17726699 869503789 712221054 843919799 188195944 90721855 223878018 695909618 680489118 957677023 878450675 340590189 589103137 622947489 791675148 820895120 910031645 641911783 530146318 520627428 565255447 373717043 99134421 497813655 74991675 364198813 217385505 17040248 857053302 33167583 835335879 419196435 716143705 641785542 743831671 804723251 788702831 599385179
56
527906530 746712757 285711553 152426737 561955885 575928123 608395317 319825993 174636207 217312473 150828016 908756605 565142069 124406704 478651653 588170946 393696995 656646105 681281050 945325583 994554930 326830395 459146313 353094544 55510559 921273286 169994906 945672281 881686587 917333935 833348504 921417019 971260173 66538923 15917839 63055933 987068303 213681562 701434508 599156736 780708147 457017248 955650547 443037949 100572897 807412071 390703776 851307796 732683104 763523482 261417584 713713315 502130660 482130278 351307121 81798259
30
223629880 858567252 698807312 55035315 767358981 776202684 550374124 617360792 194810605 666887956 935838108 660378201 577378066 186074714 991186638 87095840 984845505 970392877 326346019 382059820 909805670 204400516 149466443 238206278 244331984 870084229 218361999 77134373 660506906 202613056
58
859513691 940245308 750094528 493262972 225685323 692837251 609207227 914169462 16499854 619779445 969634279 41831896 540441927 530012052 651832553 186742909 609930499 395338910 492929353 252522218 129535283 222831736 604189461 408248062 122443371 617514180 428828780 913945922 626505524 597830914 827954161 476241466 909067915 102460709 440706690 779493798 842745866 117840549 578384703 570801896 166884177 92867766 755841649 83859528 551708969 888726798 190740835 172655799 632819784 599407893 139655675 69954455 966654425 632522984 314628092 295548096 217007051 621847731
76
16318403 256614533 882057982 961769479 304430410 176428588 508969606 235762050 642876456 961668038 353130772 196100104 895838749 600694728 395397036 723399279 759971777 604765243 338606561 63029843 573706046 912730687 435509705 960047306 716563643 321074703 693290414 225349888 576320237 248001103 489551658 428619269 701476079 84094449 249379276 665708430 765099090 129021639 56479466 43021639 787503791 86764919 14485099 894176712 420810322 933630530 446155217 709005818 422998619 685589694 298683941 639690005 992257159 60271370 871700263 614359178 861677266 878461860 94976279 946127025 208002258 382645779 32158136 572809193 159566179 737452780 228739362 347727545 831135835 555796763 715809763 389169693 989923757 448917939 133467482 877411746
44
187158754 252937307 348673077 593269917 633670409 630308172 473885876 453379570 26337295 193056722 5021122 809110814 787456476 853046242 610034458 707663674 559400524 530551317 749920028 291897121 639128565 972139599 461615346 689086276 13053160 905053360 233734 232112037 813715061 953875822 306202304 618117223 58139403 365058157 260264733 429767410 215543695 486802565 999605840 965442831 41097819 747841214 513610623 764042084
28
336762755 676711509 663743414 49877212 967991028 498625558 693868514 384570752 278802378 393538003 39044668 369965288 126401057 171956579 890141372 704155885 986663274 834907470 291321468 471876854 351927805 817588826 708190579 175368497 678649566 391296308 828120349 881485815
66
104967630 800399287 938556165 977915185 645465474 62906618 705527478 756533924 624428244 404161249 182967392 403564941 947655481 590596389 917927022 906136410 204720391 301258895 734386449 237191664 268501011 742393659 613788189 752918565 996901444 623488553 388601767 789650923 968490586 256178282 12606519 532730989 853265172 663487712 67743884 898718410 48367543 315323435 364448186 974044841 849086188 515775835 598847655 114785457 755382206 351888601 265850477 913389748 779192873 590538525 17634418 906054950 62807510 763824314 10932488 784903228 519358213 364693277 539039004 438345326 121266552 310746666 338901767 751868808 528318576 101033300
50
79334937 374073802 694957912 156283156 95635871 501998607 972784226 720489616 952641256 647661990 84436202 758455987 573887039 494833414 238208687 61852221 28132143 954602376 455675160 137312947 584105196 903247612 993250998 586401620 644157139 248294747 664768494 556610970 302095427 934046792 476430835 339180097 992647253 672088473 664242401 53990440 702325851 999813641 574123208 230544997 652968773 801655216 244329473 371765135 631918236 339511490 240241528 49805930 732225193 750225141
13
346828506 977772339 512310229 627063756 156104741 145669099 348783080 202243562 266165413 589148028 83581755 332305767 321790671
86
353036967 115288325 270488942 565859037 604395431 297353652 893565483 603380833 765446575 321523184 413287742 489058777 341503742 913980634 789582856 369846965 466343991 284724203 659151659 726225015 480212429 140896752 235054596 157906519 17897372 799288603 365736455 625858221 660601623 235071077 533838391 954809551 416849667 809097690 797701107 667606833 474642974 311724431 442952724 953794660 681056654 976903850 867753772 899072199 452666367 769005976 751872710 420888802 488032874 532922723 837119416 329930611 387546501 641235761 764445552 599027192 916773810 870953000 589535526 50996672 498454571 104637409 898429279 974879032 452838933 646617605 341103079 602715712 331466132 866785966 255856200 406803857 727060216 845281814 949899015 341277526 783443472 587381354 946260420 345027252 856234074 105085794 379886280 785227674 346448205 587608365
73
605914846 313965828 117726972 693992760 383709369 151039049 803707768 633681318 602802874 731054483 364237463 74456599 269214426 919788861 502129054 602934817 919747033 335344190 73029161 697322262 949601063 201353483 150252519 568194672 463570221 352877306 830572598 69224899 349509862 226542407 752576894 149863871 983547390 811375997 186398788 207690679 8213596 943465084 581610248 600209777 25122518 167815047 55805660 919312964 225534189 833980874 860165876 342536329 597365271 147269924 815008453 583650962 829386012 204863185 937619286 590415936 398553187 960449120 431321160 951079573 663322136 989538574 383914650 893963089 529129082 545830715 312241140 540589641 320750450 481991258 949850995 828226535 776897997
21
949705754 333761335 986273190 173404187 686723660 53314057 957468167 473563628 739933218 725712174 85432829 441553681 658486260 144533476 438926166 390411935 812995063 248431831 502137957 187132017 388660790
23
448827397 86797229 655379108 496616276 736269822 584779465 542539447 473840528 962066039 680576833 224200760 95214715 928905436 832711113 442755567 952370248 946784997 849266360 702054002 149145843 922731461 572753544 315406463
48
144980090 6888779 775864153 483133144 870524479 893567255 173166914 231983263 808634199 586644051 243894020 170923796 390027330 853663978 40687781 972543756 843118245 521659894 576396779 582809406 260324590 532048207 961864460 689249299 541652711 201351234 993507627 200203144 190123308 952505984 88680585 720432851 467309601 476674594 309886833 671259463 334172 585320740 904142310 636209841 36363834 823381564 833634831 792000855 322716560 863872894 148301831 501428739
93
732283669 418030883 861639443 230967037 779953137 22405261 351912123 964161386 592694813 545963195 456369799 152868717 716603463 580530210 910483255 466371257 68531484 595771348 204438770 138633027 20118103 661547991 57011813 94396828 229194326 842360684 732755556 738773728 577368622 442137612 177044614 820741990 736950112 247040183 441935322 757219087 360864883 163815185 553310915 658083014 640926283 109825556 243070603 510977130 948829517 3952245 814773740 257870805 512522866 374584314 319151387 745818034 137424388 739736175 984368604 191141465 7295220 129657740 706391296 313512426 986317883 760596111 263208416 935025816 999473004 779323671 577880072 895429024 319412673 541631258 521901858 3082065 943160891 686542244 248827486 540385923 828441836 793532580 719619561 324382112 213700943 529669479 72640496 687474305 82666416 9996159 482511381 153396067 61350767 761783862 876317639 210282346 51207070
79
746725877 56895323 110727489 266494222 761275400 943735513 173571346 320647320 782842072 486227846 728333026 68960126 553885852 148491158 350924912 782423909 581652469 869657561 36862210 420408397 229285949 593737617 851137035 507287910 919222038 312081720 683885251 225515075 55940896 125669497 750062640 782531960 356338529 384306643 978620136 884200887 24954519 1731893 997375796 875316273 128124613 766666547 782794422 129043522 431813544 94410772 578978852 958512247 383680966 697384195 288196829 15965302 345490430 997803685 882580131 443894164 272520697 530635629 383230219 599516196 384592566 811165800 47169801 469193934 857917491 352352757 988135808 99138246 374662628 721142551 983377537 287722665 335965837 871822298 952556476 107838515 44196700 797054511 55043842
97
405391382 579671280 888677824 767320884 518756264 6280847 717914504 899537344 410088301 249196422 770555280 47081056 374704626 710519379 590362393 539188735 144297816 354488739 159599055 725184858 616259125 968185183 872240638 241207068 980663078 39985151 97876412 945273508 47962827 35048451 289079461 359324096 513062196 640766964 202536527 187297351 775041872 535439996 255174790 928422472 345182550 932021043 920275667 756319245 238849337 214128188 633679961 898310576 90389970 327127677 878403871 22963657 32454222 321922781 314400214 209118993 455503701 568550871 11477809 889528383 124711103 2876472 669057039 894734930 637313726 222138275 310153340 341373120 708355965 115706838 377802955 897455435 563384429 112899157 426348224 128707067 13048511 438980432 948209172 809547775 749339043 486660864 511884186 994324608 132226361 571987442 826454231 256482241 624206350 284226309 310273326 128655752 554191579 104571626 416414289 97173122 715604675
69
517172248 81954542 78940724 470507765 152824804 724367382 638129266 946018458 741836480 548428089 38657083 261679 43929392 528628940 627456216 111978901 703647999 113737398 625620095 864189975 945270379 27742529 616877241 596151463 415964629 259949477 774100885 104038948 829644066 63705876 905876309 922825537 582014483 826824121 628250050 667745098 449623567 606548005 892622464 354692341 628100403 279267935 232089158 516604936 185736528 55558653 8310936 854228089 769552482 253289113 255342898 194740904 867864110 270386709 125744693 109096526 581715720 448417535 329579977 855191238 343219578 48905939 714552326 400375650 350755055 21017990 933837500 51175547 592171845
98
976173056 937517550 288195900 791636945 487678891 659643962 670860761 355646046 109797586 318146094 267006274 620671665 392332222 416023328 552423210 698873716 307116934 454120577 96228702 908627855 824223519 748697303 604846350 308080691 341321408 970182240 584675244 874785540 365990882 31524265 417011032 315493573 995467407 867654739 537782913 177759749 928030097 429910004 726848311 407805516 227419843 351598228 436130153 366352101 946132613 969409642 403363221 808733050 27163682 689237676 632296653 810332771 658717912 36697460 841757413 571541024 892585185 694293407 678321573 316764945 43320462 37946883 74906281 967770062 812574893 756603414 928555734 829917236 244224165 479748031 722695446 803843002 85704554 243720110 963701756 823624971 674236087 98554294 436325327 590997963 65146881 13709045 359364887 820239273 576556248 286109448 790335403 656029615 936388398 347634181 30621560 312800904 665994243 508975194 301139054 768202166 456756455 802078224
43
958473528 732471448 507340073 877787693 886199952 880675110 765875406 726799309 151904592 777870394 586847693 398953518 546717547 397939822 797425579 376921330 857535198 716197756 225787595 118485870 871323656 181883981 884950267 582383726 779574962 412605266 161079628 456371335 513240805 494843746 907047515 164343074 505547300 307683447 685770003 966865294 27994064 917980080 552150213 20942444 382404682 120681343 468681822
26
807431296 949714560 58494336 81863260 820559320 874785642 244860544 364157716 371265332 135722880 853604717 770371045 641325742 340246639 642568206 55906588 584602504 737655764 889672138 141912303 237632639 820840435 98731873 841402086 204092629 547740549
2
830547574 248572607
84
781925853 344834470 186857536 970105508 505524405 733475581 580063141 649269629 145225555 417314821 599240271 409057784 652381340 531349983 43106767 273053825 859831737 802548548 218805051 537101999 10818960 597772508 788792568 29226776 763698120 609261418 482734794 227723451 7386655 994203821 428620415 725647057 574273305 508615953 306810261 226789021 164035299 181415763 378495798 887184677 45442634 221798524 67232759 562791365 394234968 713216960 571152757 535641900 12838256 649609230 81629593 575633003 550562880 986170821 538738737 692782358 33430778 549713026 893856395 491152853 927882761 436660532 787963065 425573080 537089232 810768669 80966753 90866016 547228976 634415986 982951933 877761561 55791807 243037754 143406003 360067699 673988257 523802892 447547691 591989935 325234878 675882505 403509895 314710354
96
743217095 40108188 354670121 450156141 213796721 787871180 755898663 162722166 13794776 60894454 660945047 400788712 207850239 193753949 237728220 750528065 213501267 632621361 942669200 240934362 533182632 816939808 433724251 391532691 529333764 456390551 735598092 853588129 479859756 979671714 614871814 994071985 191821410 22291298 876022096 344074290 852359878 69398452 760697937 60803156 357810521 155239294 357404750 728010178 221525816 69784338 591477582 69689001 655919869 825455392 688755204 378944066 635031013 847752720 236424848 422373481 686331385 335767892 274900065 877814650 415631761 679043922 143477448 532342030 778067386 250979636 702363308 258466399 863022222 342594732 109055530 831100772 320454861 626486474 825038153 655028838 583104929 271387421 34637064 279618965 620720168 512916412 250126500 988669905 482652423 663405151 811794462 917093219 933319971 569895663 673550728 698178560 909959701 403837452 807652472 62970316
17
414627187 762910679 542358372 163164019 901491104 500667567 934473995 799954295 373692814 597759750 363400305 528264121 447190811 934739990 785283532 684972311 540562823
6
230798412 462039108 584670377 206749115 1277822 245831720
48
789133854 821392590 621494254 563117161 955126001 250696446 968043601 348240709 279935665 794347138 54233279 918827605 501312874 467639529 419672999 708270791 887754037 840212067 277607757 983371452 188170295 42200719 65182869 913833630 744528754 682167751 919083969 229621243 674271390 14617580 753077062 122330067 988017375 535050907 21026327 639763397 575479697 67368551 448411223 578421333 473593520 76522091 593011244 190456379 912263345 223561665 714917297 619700453
27
442121 995287644 390008678 150574594 241440485 960856808 156831829 759490148 304059914 908401295 618366701 322332912 462707082 508705191 222062056 640539178 609528128 894743292 492591857 336230353 625188014 577891617 839774794 592627527 575060512 631101976 396524790
48
229183395 342284153 304637068 102306738 898515623 994640314 585244022 65639743 972898441 631861386 809938512 153765435 846878693 282468483 400811271 690599893 240500894 343393489 285213601 213018268 745808844 909655419 281596823 96563040 902112225 750589831 472281630 975856084 81768686 159266722 955546103 204851428 786674678 539476800 587681452 684189973 986988216 260973952 925698188 668218792 382928725 345245340 292714606 802889786 74082447 821884809 625250680 932162376
10
412031026 821452792 456078920 526982949 129840278 160112246 971685848 859200349 890722757 74413458
3
375919085 44425595 529445699
12
190297189 216375054 799776040 978864830 110191236 827454069 329470203 900824218 74598336 395497459 240812905 642217817
56
374322291 402635344 52738107 873080211 37101264 889346800 499451697 734103581 53637632 134098331 698133597 600028345 419297192 494954879 776480290 53858726 134072588 980165646 710316768 452321248 291679978 80616351 255260823 74297050 129422706 907368350 567737445 51813203 547652257 48134396 285088876 95174937 564062861 856937751 733447547 453373105 519818016 416411066 99476222 77547474 270861280 848159143 257208438 156932158 835846271 457812333 462355730 578431191 320369829 536361906 867768674 170746169 460785399 325436146 813726731 609257811
44
563150068 605071050 886809887 159191364 553719566 206798317 417258663 383571003 404309995 368315723 412898605 204993787 501130718 340301539 305062262 374855551 412719166 280439494 533806919 148732662 254830504 849920124 922912869 587451725 216685620 318859399 155852740 665855664 690327178 899300232 104987704 914881259 150486897 405055728 521813281 549162466 817772170 710555292 936561838 792666799 115792405 811013316 473813961 224720983
56
649789357 140135872 426463739 120085117 209920826 641436465 876440364 959095710 725877447 395256043 296279458 11073544 688929079 151973929 323598287 968017899 237977755 148273371 910799671 411671964 326771848 918136119 239436083 871394439 719616474 81614494 211018233 670521874 597712353 539860472 934580784 400644242 628727682 446286179 137260496 506250506 511371167 645394071 869219920 110012553 593996840 892128975 841424508 340588329 866983279 963092625 943496947 624413056 260167176 859257984 958097774 970939448 997911472 140526236 226616599 120675797
65
482390072 15096108 776188426 854258940 90262017 716064794 944329991 889500305 549838470 110150838 901964905 980398493 121885011 734296687 626434907 158484393 843613753 162762821 338118317 489786381 964884437 463389656 849355600 688618733 982704292 542174660 725312623 43348228 155981208 728012872 305562460 385852795 156777928 447750394 310580650 882634923 682561505 434438015 524464245 995216492 866718603 250696086 431299886 347286212 916784321 142266630 622717284 66377308 993694804 880375848 74351002 848090646 850789132 783402816 882803850 683796527 369469385 462178819 223905594 655780054 15055608 184732454 491599899 566997475 589108958
17
486917818 15979352 26539909 899351597 679162275 757073286 679938943 256170485 725886767 131164765 58047524 513893620 560795846 645354338 385271892 766943672 577235524
94
590298918 597251845 102425953 995400003 973211588 468719856 791663784 934351842 366170459 258118786 49460268 745029743 635405229 333989735 8944556 821685458 912765338 987258831 348897676 775592838 413562969 693587193 429057040 103668094 969600016 650774231 388633004 797158691 840048338 352818146 126555042 527576815 835045829 808899676 959656160 244265811 494434061 461491821 842834969 172665155 994597941 711781194 635186270 820639633 585401479 498098061 594305427 908754773 703122673 548259054 188148302 419297180 931566127 39686022 178523351 617601580 673524936 215848756 144993519 731143744 700999221 770494384 225863721 908222554 118187133 695692121 493543172 725090935 11074876 480380021 347333901 152077120 437320948 908548595 469844747 648836085 363284732 451524176 501560844 223687576 757472615 240887502 848792979 154230803 268054548 39909109 851392286 472764847 274435843 240727850 642446097 573111118 538128124 64828285
21
894774152 387232934 748616009 431893460 17702456 662281280 781453683 845991894 273464187 458773497 913587758 796101224 938865154 362651362 455815427 170652496 973117781 149153148 162577526 505030306 924075682
33
156079612 854456667 90028867 819573599 885694501 492610437 451411950 173455851 675274646 239433629 685484380 552143381 157837550 601118557 274818624 304241194 261338707 972392753 105004786 709284322 217635127 254661351 904923408 213800759 157332249 726165617 423278976 513002266 436045241 168785659 949892167 131772071 425437581
58
246061730 271183779 36421834 486191381 472708008 325106577 678263392 611134423 362162751 393854244 293504573 332788496 102462473 748104622 577181698 635185978 28799506 790023476 268364547 579271519 456161240 659325700 128701637 82295791 362367711 312571793 926225915 219196213 786572220 420031382 762191290 826529476 277559362 880242656 999337697 893068121 809990924 100121697 46841614 123462909 365130846 536164228 461225033 421231934 107933413 163426796 773894095 957446385 192258073 772569930 244986140 503568777 863856714 192417946 438850952 648558268 259768121 77107016
19
728053029 180472607 137387622 625650550 35075425 165031139 858154494 512517795 209614097 964421242 18341806 426658415 705495301 722453336 462018167 916426319 157253276 735767321 306288260
81
962668919 675597266 964289629 999921621 491029352 538359334 72643750 855510283 297547712 234025584 749158738 934066520 375477627 438813635 213501448 686377596 767219253 79044330 523892599 885898834 895575474 651048488 119545661 750872513 18835751 776664009 514665252 550898004 268415317 849284179 35717746 28040899 757648287 119499163 177067316 642103566 811232301 120648571 741874259 248554360 367076223 423825747 761019839 11058595 271885180 302870841 606934960 779484089 886839684 779256678 759129130 600775762 390973106 433461278 222658442 662570135 119841033 12636634 783526015 147246505 652777351 303779328 906796170 507311297 806693117 57147325 263933194 743538920 934257862 435014848 142917157 348229844 933933179 816989817 881572301 397723100 109296891 435349242 593872726 671502675 613413202
94
940861923 575365083 384062347 838351017 13137601 660297324 100892101 909395144 320512520 327826311 687776081 36079734 635763686 796897133 647904019 565383599 311385343 114406704 776704134 779070738 289209592 110637054 368472440 565437524 101029603 590398034 41578066 22309357 4209909 743485813 586446507 894981935 337610851 269080570 768196134 894357271 497681885 296286972 733089041 227420407 69199543 361581983 68288661 171489244 126108228 390784705 7912132 167167282 800189920 50577961 871198412 245277786 406032355 191105647 485168029 918764561 491128911 739487206 138832559 943093655 633762055 950206988 955196994 360273684 92438436 419484265 566527544 987201737 199967328 975680148 744590283 117793946 47175675 1742854 800167048 303278082 783353102 449126142 792888758 898098477 659505020 242122092 785998613 980562142 943544536 975478718 908576389 272887218 329584652 127541874 476889931 102187797 602137595 111785959
77
516198912 641285369 176636291 554197055 849372245 823223719 254648509 430521104 212966178 646580960 53587801 894676649 977127972 146692392 455650886 280358993 505832977 596248771 428760000 408718903 588181645 954211621 188991469 928230983 244630766 423697196 383584372 71058577 428279880 540784635 220572559 967521514 137450943 263512457 160640095 42111380 772308598 185604781 316164352 191870671 593723263 19395753 147319808 760424631 28573448 431916706 75668354 619840813 487975916 989352124 405569999 114231600 241156510 776283337 342051519 740851693 973126325 390809783 760247224 355461497 925382968 617296869 172025938 517770514 423871815 994675820 284693439 663526741 795768115 92549604 713787524 67749866 387707804 151173021 265723439 715887466 628077534
27
310546114 173582087 750906311 205716477 387375707 194878804 249217770 849273745 183779740 910876655 630482783 829502127 93193026 874997307 364403562 986597105 6478467 183770861 102358713 915103281 565458040 257134924 851994152 547417646 586283719 661164200 888676537
77
784431399 286630354 585891372 251094611 571902764 751601589 298178204 80796301 606003086 602302833 479515903 910976064 247848944 359565049 826973521 356541670 711695518 490595101 880196463 529394711 938499593 120292459 106337171 787957679 292442204 710774014 368882501 877036037 774269876 763041485 780031205 749185204 572594610 213036089 854176836 242732446 506918245 754888828 271864 624934350 319429500 705906051 528945855 938767944 344821838 708908704 18236865 297112131 163737584 881116778 478672747 796131012 402966363 296780922 291887003 217427457 999465312 116746387 33769409 934808543 657392674 738840845 646816919 149886503 19439067 674758197 916747859 227648221 169996291 229795631 166413539 46928508 635962053 778195803 170925310 147268811 595511065
78
144120224 138779512 263390898 974871764 651175865 522872901 490047090 742739219 316952589 773645084 306097699 857336734 367039752 44471653 634883823 845690661 651864390 622327968 629789480 989373552 497173244 954545464 579968412 582634770 745162643 141703210 622163200 852303357 713511815 39488692 892261627 785396073 884004287 908452434 318834387 263992539 421383960 550309297 923639741 982067707 850744817 736401234 608949825 709219055 40552345 707950521 620835358 404620907 635041816 434930411 671615730 729127124 599014143 505088661 919602947 867731799 153592051 742591356 587611280 352919352 652687711 764333946 824604850 589585342 11278040 994249023 80968061 684105421 476092233 80784940 327328010 332007880 908262795 80972028 742617512 946412484 54185555 922096435
58
603089510 354250258 608247092 193403719 12668464 14749165 941171137 643039547 779529595 177056486 327891465 533559267 991250440 764368144 52787140 750316615 914548422 194281777 331519708 718919508 234824112 748955546 182988764 105250360 659756715 302130274 155959209 462138289 920430321 739726420 414840186 211872530 140978076 536382211 714398240 227086727 416421205 333717198 272646214 890597312 610392829 571716627 956195970 526895936 906298217 674014351 216053106 260243830 182355504 430985170 269654751 329018388 853394669 822334753 106263422 659713802 776415965 443589329
92
110904426 496259227 563389566 680362558 283521231 387536138 42852873 350224148 984712979 107087389 54234126 255075096 969804277 129712294 293963326 902962469 621804021 27103847 958371224 151831424 901539241 755340515 841787593 420085016 416645126 326620974 270437473 945092545 335221805 261125237 965988509 829584639 619678261 647579464 275243985 992860405 558766404 361853169 627026387 579293238 185642810 929927044 898518623 157602201 607062117 494892141 533392602 342706454 440836904 797385548 814889984 705477296 441990599 396409784 179653449 870064363 840433225 185678640 664599672 293249967 144283286 777922774 622301018 407021238 78291465 943958094 188919390 244369259 868223971 541988092 360770904 668896407 614937762 189354936 6106564 840278028 845472989 707008926 443349336 927010830 720631799 888238912 865121957 621971604 279954186 542663308 945318364 654276369 830761474 504158112 102364413 727379595
11
456657898 628633753 447865280 412163731 412717382 375704326 787824759 90216909 291032439 870282337 690608559
9
494674565 427936516 391494300 20400903 399633719 631947269 414300588 925308294 267959702
54
533724804 406310001 123688613 283707225 775728616 997170511 488819954 582454120 468587827 270795577 45142941 944190184 102677250 367347089 267129819 614982296 849293774 46383188 316851356 250565590 93410440 493938705 458906695 92028226 784442510 267842092 965408593 794343649 194038733 276027383 556724308 72732138 22652000 166056634 927323064 790417055 796713066 468754408 424061998 840062659 450139176 125844101 182424293 702321509 69725496 704261157 847714969 504117899 814568990 109240456 675521921 740930771 87337676 721266296
72
13777304 576477375 207079519 366627161 877222637 546579068 903459264 459960128 727153961 722113352 488377543 912234794 645063081 963009996 474589417 368535025 361974099 777944575 808970585 213350298 249397510 83893502 39854624 688640078 89149191 255834461 614439718 303732459 372873431 652048679 569342569 696133367 33254938 800451345 696152746 553163567 640842308 927414695 279791358 571424239 472591743 452394938 887098092 455308274 428860396 987632975 656044335 890254922 833465409 42604473 273540299 271677232 771994912 328158666 819227014 946427658 804950061 998815589 117401049 219660886 206453767 881507779 513267175 79697108 480162990 736674076 623186288 19406493 275696754 602560578 653856414 513312589
32
902310443 555227355 955461195 761795545 506228381 900620037 427934407 374883045 101310082 674126423 504274112 666627647 207453626 299817942 51377816 164827200 421144867 271020731 229434635 758329463 364663549 951827500 762315663 773417179 943352752 513144515 294123938 875148644 419033334 828212566 196696531 652538335
53
782167460 365377465 121586727 466852126 680490160 968707759 835315967 930443587 276753864 529046282 101228225 344148465 728177338 628855341 582935422 7683005 282508848 399623213 87930626 93586463 272492384 695324761 92795951 448983533 529836609 680428651 697609701 993811811 198101461 382253491 676567971 607782950 541888057 63845707 644314958 641933191 738836257 430106684 2836106 156192629 558889201 737294241 694841739 647314856 150738486 445811805 347864867 338452731 151494343 435512590 750711712 867072534 834054291
96
504705217 974083969 923650128 619550115 303392179 157528963 120565872 377349931 950376218 550141548 618499429 368388919 360100352 670116483 751029055 717897792 270677562 165259316 784941111 414674289 97757581 112318328 384460301 254093408 276356799 212403597 138743831 279269224 659289291 401246407 682611444 75562723 830905476 120082014 209265768 132965379 672698727 716617129 55989381 569784031 882405768 146892717 994024138 362659309 255552341 118303347 128580648 234911694 866363000 416169996 704619420 399207463 395363783 165372337 996814443 27086106 152430795 912828670 715491294 639418130 257727051 788684483 706296180 654539520 747037301 598204794 658547771 295510980 769296443 94213566 303288594 562077731 629284107 700784711 254902606 310684088 571474809 258146330 951436285 111185647 927709492 101149275 341949781 831390772 119639966 996064080 460005953 175650928 998551531 499932027 949098744 768692822 264383880 740351206 422976867 527853707
32
782728634 530780481 842755660 265436847 102650425 918172218 641651844 206494325 882678699 135197345 552066710 885920299 115955373 337240733 336964235 200105231 655882435 159757383 333405642 589160891 161086062 329778609 642390074 676229467 840559302 712107006 227171496 34241922 759435108 849817860 387391854 254380824
92
245716091 708454334 938968115 876068538 641571188 952429957 148633948 385561694 589865174 68885437 779851313 608509839 849033473 499376486 424491662 812629895 279540134 654549690 287225823 179722618 84206747 404491175 741711623 883961158 14150765 874522631 826215140 75458385 277251927 348676039 552224151 877755040 868887677 601456949 637307359 878861804 60489100 174118828 747962394 612326681 54965894 882275900 329822993 112503492 79149972 733841662 73609750 653880881 418146323 77789891 813373728 755210665 938166405 792025953 583567063 963776283 538343847 122094939 561909628 855066214 533484766 735153208 804905345 316833466 897373979 904100431 645113120 946080917 266463306 258496335 771886664 320961051 547035493 133391407 245138045 292149802 303763738 669093329 64347880 521063165 970999662 627124581 289159977 161880520 434990357 36984769 92395875 180606264 977974179 677084727 266211693 576057791
88
8995506 890815554 642431311 810882524 103086444 513490871 326504175 101919057 218895401 783553038 91790298 77395022 556923799 113393706 48844007 962251352 799028900 837712274 382513598 218099495 909438083 886378105 449917737 74885552 77332892 289746302 575460992 183703709 381776235 833671888 285104592 326077254 168841450 100036527 369749463 483144120 165134495 369706309 113611034 642399725 633525637 39794979 867394186 684537139 703875394 453745721 135846674 564355662 195643325 506768228 90252216 440934632 132466890 80721609 113884095 788850788 980520973 679244548 517997636 199855391 581818058 73461353 923234623 499099316 361778739 81774079 669203146 867798878 80251462 829718106 547675915 141886178 916879433 990814424 614438586 524172288 329473392 189675731 408159011 493515126 473639467 481765589 866916375 560309488 595825231 986457547 976959541 395084433
51
371581786 611599147 91824225 674064608 746270330 469941131 557499637 972382483 182224013 255854636 150390021 893050563 399902394 309490366 892253740 898796290 9615844 298816869 900898519 410781738 403573325 805909120 160458051 818197251 900283810 563571898 678796916 390298947 433483055 149910136 642916637 165095840 999831605 847482996 841758169 271244733 234320187 168183237 58874053 181814149 853207061 45274786 178496979 316914618 933558992 628179494 776513197 83749783 544789313 643805733 639624060
26
498874497 511119678 545796603 708670 514074142 610490731 50671282 749591450 611287164 25526136 308780699 164451541 334188892 852917777 575905915 74494994 483207299 456226576 470887157 288292733 404577657 760350602 971396999 98852706 650519244 682087770
54
103972750 560120307 460959316 944170813 376214612 892197545 935233432 372470062 916356928 94482262 930216468 596786760 44138607 333038127 953103604 504684017 183761968 65955986 170713541 871211138 256176244 612657054 973267467 413770348 77570185 917056780 761251872 78692652 73010087 404479950 413595266 49712145 252871859 568912061 12927578 678757024 188978891 828197392 209231343 376677076 901820686 935740087 410682516 150647469 546814342 477703577 788166382 843451692 377282478 77450837 581955119 465368646 819092269 296777285
47
336487546 766755861 325174862 457322335 740405491 996334151 347902987 64993428 30821456 44329626 131409932 233885970 534886814 679360953 787884517 608333546 655176965 649466886 542039782 185634837 411455521 272948029 326259883 503164464 674005873 489928538 97289729 884622166 595984394 997463382 849741894 990802743 103050801 294591246 634135886 592003613 49570400 572432617 443969760 182716757 502388828 739669779 612958030 989919211 962279208 407380915 505755331
92
912534923 8379957 11401977 172032201 511779807 572287693 155619214 750855782 946686585 203826340 123045230 123577782 794492880 497548227 496177833 267261406 771357432 150641083 991633507 750112075 630049300 114378341 685909127 517827461 730535001 176252517 536530939 971556025 622511736 248235438 600846352 343425187 849126130 65790346 940588122 692534126 233923593 425602068 983146065 999319736 373375375 846192038 874163070 791032700 544933528 793297104 549115872 745840592 936011735 388600922 480262919 955060351 264496031 43617563 222113816 738392500 635011695 263701877 938530664 62282789 13250668 175993424 891262758 644349847 645797682 437223835 166959085 253929347 830308314 761259476 436206958 383181599 418923936 964509938 343555006 907248756 585348517 144655039 7487315 665274063 697516164 697760738 640512276 720841877 863921153 5007788 421695730 206805688 415360803 318219483 314670106 383736059
33
182492265 197455261 426024246 539403119 986616408 962491379 57723442 140120303 638622836 21386326 28728734 452255979 4626611 248986556 769129504 258701513 563031876 139715482 737085742 233204636 461745782 556892512 444415037 346391811 681428873 667041059 38294556 112496936 260698564 223114367 607227621 774974118 391223832
34
667148475 532687447 675885204 388794708 166883101 814672294 307022459 73913161 763748963 177594648 86594616 948996381 63591419 70284610 574329185 930932274 411919881 440617803 300709508 91772277 31849587 686517410 392007504 522328345 925075379 277039269 250785786 392861282 386447325 799804365 465619564 230132075 648482580 841747771
17
728956604 520214703 674138447 428751356 321589577 514073331 128767639 54827552 150612657 358624333 894795900 335556254 984115326 302498492 927527198 864610875 750242153
11
836606208 643018335 110029523 947419907 291285431 820760220 33436282 644738829 888267157 803423272 433541020
100
355892777 279718515 39294169 199550127 909436879 13412206 102239146 835081484 136023468 755889334 497774330 507598666 690194731 537969573 15273624 680243421 538058272 498483000 27431624 295529201 848483841 275070546 756665474 361494537 21015314 502664950 416832682 500670070 59970046 405622345 647683820 187697093 784857265 750061813 363172742 26845192 508901446 324919233 36877807 501541229 75376646 465644462 774093432 972481813 77583434 435582583 159163812 560116818 392485286 148059299 177841752 275741001 305371360 979538653 359628849 728985343 657096506 83751311 324862782 636288288 196217687 299706060 683400378 514053617 210288656 580565379 285491341 785081838 396877207 337076165 533508849 468127301 691304540 269307612 499131389 420671547 768748700 359940868 413660289 37836077 463785952 490387885 95419604 254403253 737252439 489218668 330472898 503027851 848862659 202124167 101179544 331844058 155308948 895630314 167496330 718504244 496556495 180521326 394501392 166157629
69
589872755 417755453 667898194 890195559 879274496 644644547 129662213 322883245 809762855 753014688 871299792 54355706 522323109 504693805 659901769 221512857 668848060 109196152 673903241 785559450 894632242 750181982 312751201 138163402 739050456 499971430 666066340 754159885 642429930 801875369 400373136 67959656 844895541 615235852 340992811 799712231 460659993 271218828 674647809 18000707 635914245 138965502 927201968 213720365 378594193 539079209 42258007 618367151 765381227 519589178 372898208 481795492 79827542 343147943 920041923 313463266 16424306 112706692 635770884 189914685 17774324 992039145 965984591 857319230 284768618 580964718 718222777 240388352 525794555
10
103556454 628847899 939830927 307744148 166256204 889319980 530730290 64570781 607117204 617253007
57
687416157 817754275 794071394 752822766 966488849 517030040 448378722 890844324 600204813 82917753 682672052 691890687 31397929 662627600 350453483 411520105 189841816 908015425 273392871 848473302 429295790 335425828 142103972 524518388 34362401 189515153 174697361 39619656 246661072 508923634 726627132 118373049 510946097 840416024 116341767 284095418 142793514 614152252 983058940 772479559 853328182 775896529 311237901 52462738 943050407 526391485 746105445 783766307 411079758 495747323 657706039 465356131 149883065 608452903 212642396 970761722 237141988
29
812448000 877952232 258208352 80865693 121460725 182304873 539546766 821990496 94535400 199871179 276968572 645642196 25912820 957125851 490647363 725796118 721451634 381614432 878958384 742569545 74507076 667066876 207040341 827693906 654605061 965297456 918972153 419167672 948312257
81
814402146 235676783 755417062 413909905 279199495 1679573 737416585 727417913 164780018 341058876 878895398 801732801 261542096 511231708 549150491 98937342 220243598 462570137 835675518 639712833 557250206 196667081 410006872 480130422 989734399 593698762 731811182 941826837 352320730 795501283 807961683 178547457 802487056 643622758 677107205 921562749 981928489 947577493 760993396 524040956 60660510 872855684 284731179 876270789 398206477 714837420 876173838 136087398 7539722 862620829 536205176 451098851 972010278 695339480 742392312 697322825 83395790 535521454 227023912 835707027 776220680 630980237 62274741 213023673 741077832 843498294 367166748 331284591 90901165 608140443 119520626 253351353 221515050 339177631 872453506 987707063 993126842 538397909 819840971 812863499 869908997
11
438095781 623719693 935549951 21558222 722019318 172179719 111789157 630499544 170712501 622978874 742132360
35
9467470 702103741 279774232 507621619 381260087 327231208 599112353 593557926 886110925 899727915 421824976 31515110 130098266 679772790 777762738 425221150 244254197 679176778 736219423 902162120 560102021 142336461 85616970 403960230 350054102 307328464 719076851 311186595 28125445 826907078 240826554 921453044 617186305 807367895 652177718
54
865056437 783682695 830758481 560099073 445028330 420170361 373304037 991546015 51526495 317979209 710592470 525628493 528178418 383266588 63538803 325698245 84837725 547221549 355207305 447265143 376757043 44871526 386401611 726276497 488934574 149359679 389849265 972114895 111799874 791517159 754675136 918286716 745714148 836599974 328187446 296353185 4706843 232054204 291516321 678172873 847435415 359873580 556360336 584882979 377766223 93393002 107874441 780439673 631440423 2126180 813434950 745423220 823836133 765516548
51
893558161 500727479 281510825 344779125 290615580 582394222 126040701 460537945 534906524 523858432 136500304 566548675 118149560 195008170 670003958 929444486 895324267 133734242 580155909 386023292 716095103 128706996 985299160 773613183 834789919 3361427 755054734 455594410 556245275 243920707 614681399 724912492 142938360 120671131 145734230 475650110 71019039 178666521 915051680 928009956 978776448 298618085 235933742 44880468 297113073 587753097 577157263 330071904 560983138 555924304 378879257
2
265268210 118837100
94
408863041 386864061 274595941 903117110 603477560 610804484 995800053 791698035 528159458 880114091 169087477 7969733 524189908 100689925 666435737 363305410 35440715 484725011 898411793 674850530 872002300 132382699 983670364 605857184 748885541 329085701 645194072 529937374 599958899 332668751 338818694 411617893 44973240 78581919 278655187 24011115 658719867 123436452 271922518 814872847 830999628 3533917 841399503 546864240 476778479 561788341 928950046 237151561 606631964 517003641 508419040 112454438 549556732 788385215 402858376 916088609 659117120 204398464 175498170 43839425 795851375 115478844 92272954 435416602 792906941 292694312 662377348 951392255 94217275 170624022 934043413 844990949 857375783 340193515 75917633 184368501 125013269 908871878 364102950 299646328 207355918 343306074 381680776 933237483 415584927 72416131 410619573 579262961 450527071 869234307 864263317 815491633 963903691 823630521
