10
212
60458 226107 642982 86467 686095 273373 297641 776821 263828 890168 228221 527556 93546 831362 390409 380296 25687 163517 404701 983406 654964 538377 512718 516060 693476 586240 220010 968506 600177 744378 637399 827484 991079 373281 142138 742524 393463 434596 43789 272337 901821 977985 751808 158005 607872 767087 659925 4564 355684 83933 22299 955459 826046 930405 550498 386958 389411 54292 162635 664948 603098 391752 642450 647336 290422 582425 536815 844252 190341 114089 236446 964816 799072 519915 585228 201749 778284 621156 219428 256033 340664 513956 841256 958855 832757 792576 776641 249687 786501 559181 747128 714512 939010 354026 393185 533563 585605 232283 313918 837603 959736 891104 633519 264332 109567 78608 450575 655289 822994 333432 233509 801818 932841 633072 332595 860852 836240 673869 290376 48329 996047 400040 538542 834730 625999 6292 506536 194194 7793 742652 565383 330829 230058 296459 111995 639640 635904 469931 248383 939138 841789 236525 794698 91270 862785 164274 731643 612355 741676 312081 29600 537090 787005 519489 548789 688214 984363 974961 130907 923251 331125 604217 828481 176951 135165 586542 980334 738389 767416 636096 55770 369526 469206 697451 615037 786717 351578 743182 733466 645666 119573 656770 724613 391206 639258 973292 691233 821451 649590 577134 725462 598435 390047 505823 909621 660045 975341 172493 45181 816066 621487 529361 442737 89084 182075 893115 139622 592615 721521 152098 796891 247986
803
17857 566157 325012 908269 880674 831615 962714 316589 223553 902739 751728 465525 172477 773532 484442 572811 106169 735389 622596 909445 50244 582755 15656 397147 506227 800836 735579 466239 833603 833675 932096 258364 731946 632557 78096 233258 834761 428731 600022 343211 424951 968475 307492 248786 777154 595647 346595 684920 251119 46803 81813 338263 4529 723043 627547 956755 651341 357488 737393 325207 385009 314181 117402 847702 886658 543916 161968 838875 774574 535257 708957 328838 851800 717703 334696 860270 512018 758335 21787 336595 577544 689064 764609 110610 286337 703574 47846 266312 142809 543828 451780 872456 620340 470817 593413 329810 197678 439310 248007 944079 539042 403412 701947 92505 851438 287923 680055 688874 133090 470098 974185 32843 282316 623984 351440 446729 690418 362784 929002 631759 155978 367732 281451 220096 49327 863569 121848 201875 152146 566570 817929 772670 708746 501197 51910 605696 727017 683254 167202 876769 950654 773323 276219 389454 15528 750789 538462 664968 385962 479975 309621 420898 659165 994351 827191 799288 721570 261782 642106 83898 610400 5997 868166 105566 926375 15852 284461 799984 415769 35554 118938 467166 882810 507433 801004 899998 44882 541374 867832 506500 571522 887090 486904 841978 396877 51468 640685 479799 401926 16554 789204 267505 392456 668316 5073 752553 57649 924485 42086 533860 232864 632457 199918 445114 254365 20692 659208 214226 343131 341073 921597 489459 923140 869714 344638 545190 199613 874857 369653 167565 238517 909672 218398 609411 485706 547609 950872 326903 89663 363688 598029 184325 154505 331666 746582 154275 978468 591864 531123 987958 455442 219516 896961 562703 548995 211303 35683 37212 645085 595234 258692 153836 255659 415805 47737 295867 542508 207793 237577 465061 519284 510814 959586 303033 529106 340371 41001 966519 943573 785488 854176 131720 180205 341359 405511 316816 818766 576305 878068 215708 36993 126230 21109 958819 300877 95335 164221 146940 960520 524725 344343 10762 643637 336411 564358 638988 293308 815288 558368 95382 14991 895011 928015 782955 902607 300864 675803 454663 508072 485083 333862 74297 741466 811178 435834 925449 997642 755714 646715 78058 522168 757982 718416 582767 241563 721789 889730 524809 649279 387865 668395 50256 811383 805491 793513 674635 654291 350729 385627 85703 13281 712969 938070 462749 839803 172883 120665 104921 288639 873667 354272 488383 544312 113474 885980 105262 673900 647181 579869 266400 344867 578831 752628 366850 364895 633694 416206 638293 514480 385431 78103 720818 160603 306170 919150 816083 190679 850200 269525 625164 63011 959175 176138 181881 161935 75510 67735 535439 830683 119938 75906 824907 738156 152637 743071 275074 103626 143228 882996 481256 694603 19915 947939 548209 655725 27190 820156 632288 719357 560374 35334 649892 45970 807140 699524 341802 603522 556867 76085 7195 443531 214257 621726 84144 952838 743655 851008 876416 746276 486234 711306 795283 87192 244933 233929 547489 453318 495663 126221 631610 449029 724219 94872 764376 345939 963722 792108 542422 562130 881905 734511 999837 626030 743258 169636 58472 360848 806230 651646 462166 19325 977750 833901 599472 126933 237964 746859 904434 574941 391287 233220 708250 632759 621632 343345 700459 245470 662585 238573 65531 160585 982548 116259 997115 208569 982035 848883 818295 218561 885317 668539 714198 289083 948670 504463 437625 554900 502716 817787 260701 566059 4692 952627 866052 145098 509139 814973 487280 572697 236798 119993 506664 633490 377945 195365 871318 832167 353418 314261 792328 722230 695942 4928 416281 145164 809695 121491 104951 739723 435385 362419 979187 631017 794812 101967 1958 479345 697848 486088 253416 145322 525300 53415 317784 833828 747888 62620 441892 148954 590520 508977 120068 657701 894662 670117 534592 554433 813480 349894 835483 745083 497267 883625 346186 17183 601114 631599 582478 86211 137167 117595 124856 984180 642187 870072 657418 506650 446717 644131 348899 957415 889049 720466 553337 392028 17281 882587 149293 12896 980157 536945 749349 10641 40951 262343 321090 436458 945424 480928 734782 724942 501651 313549 457949 594676 439361 450634 715486 471724 355471 916002 925146 355250 341773 723216 310987 944478 551702 198725 324659 106946 605246 350090 972199 955697 129420 734684 658450 17826 175449 603809 622503 721680 988427 402144 594720 597098 797772 925613 512237 453206 953140 762407 639160 567546 118652 250100 564717 366276 357072 316029 719334 43367 123897 359478 129235 412124 193431 618286 200764 637106 850237 66084 84321 120520 75687 710635 473497 63620 632002 404658 409206 446724 146920 330166 688017 986135 159958 564984 384453 119646 869170 604551 76290 275953 219127 373959 530795 411072 371751 87015 768740 280509 212614 581376 266444 543962 905567 264251 689483 775654 169794 620219 77003 938391 276302 582217 793640 302477 760061 933683 876691 303183 60635 960153 634577 836469 353535 74715 973902 611195 468982 25689 261416 854335 77380 530601 580699 21597 652673 719076 48878 239973 696973 956296 8962 816960 485848 794936 569737 17012 588437 517906 149371 45293 740211 340991 889680 985329 254363 324483 198235 877916 534035 619589 718111 991322 667353 323880 454972 588391 900009 790966 595260 265841 590252 859791 698701 89067 577706 351902 533023 549704 740767 423007 24864 844941 742385 29552 45827 645704 434740 812449 1220 911292 995512 153518 109437 765854 415637 241972 754754 960916 290420 168463 504052 373175 575396 58722 670438 434279 993135 868398
962
106871 478852 216588 616554 705462 170190 263913 544755 573108 927627 291622 621230 825383 710667 664337 21496 980652 359237 249328 227242 23516 378358 984149 827734 444997 293915 64229 911418 888283 54403 613427 295592 312471 908218 693674 130569 713843 970250 659321 546526 293804 539806 505407 112211 523859 500515 996288 70877 593345 245941 591076 829307 780590 776159 852467 46905 772184 143393 39181 910491 232284 259173 565903 834957 37404 587358 490260 840458 820143 481343 448551 54797 736747 660962 561825 360118 165580 401981 231879 391381 460369 338336 515185 892071 169168 350661 166021 263669 711417 787734 959906 66948 346093 458531 353398 803570 363904 244656 547194 820749 231691 8182 212830 886464 645688 437142 317434 149324 57771 303620 171514 958908 801941 224998 315805 587547 870056 910177 737522 842113 187610 180623 601157 378108 540693 716543 987326 529450 283399 300281 795783 275518 771257 682940 428041 826572 218855 486662 238100 733289 381122 989873 915532 963426 645978 773287 930229 955640 740740 540089 281697 350202 320428 353592 758551 290005 907466 144343 806614 819459 738465 446432 799422 94801 320552 177708 577555 803667 980766 827465 298697 84082 868334 134493 928579 482341 398639 240245 769024 823619 396265 396321 460259 64928 460750 676387 87377 713419 364166 570333 964452 984862 233086 311498 85877 30458 656846 633405 551054 202878 783724 59393 313014 408051 886526 909687 540871 640520 55148 686370 375934 64463 298660 281650 674551 714002 629089 367336 994712 125042 76723 509153 64099 309524 744088 570994 98486 219163 865662 954034 208215 167218 865713 816629 147086 732103 651124 759335 598326 408610 615837 542808 41530 917775 778281 922636 768779 685839 462395 370339 964385 200344 299262 836016 958639 779952 89266 752744 25903 800503 770064 221664 352491 380918 535769 558661 201669 479403 507720 871781 438769 495564 910589 693266 239023 836457 417644 909814 208091 168489 57693 98748 660103 296070 135714 87493 455299 186395 927012 156266 967663 344686 419068 886459 832196 700103 295228 689714 25705 886920 826539 932907 753636 913425 707584 127602 384201 759262 43926 175672 925305 62509 786288 332970 162843 419887 865874 758758 119499 520283 207238 857649 324488 216536 974835 639288 968194 956044 276510 915788 692932 293624 800590 338008 717705 840150 28272 11738 620785 243678 71388 515051 939018 916528 845010 619493 571203 463084 988831 497242 730239 492779 735675 74545 773748 913399 637514 694772 356623 367061 75545 53715 313177 47959 742475 749799 379661 609755 997674 715195 402224 408943 211915 356324 185667 233477 5008 516271 533126 267395 830398 937728 111492 899834 721213 883150 558856 233559 42656 418291 572537 29536 394510 674237 263 570562 162482 380910 529975 250982 907487 362338 828151 460461 195881 486165 818584 115301 11013 436960 594862 991913 100338 369715 281826 626596 210381 329368 795330 89969 775917 322054 675516 854791 230333 360991 526386 902252 286011 791442 274431 519074 22160 717950 307335 59666 673802 748164 425815 923523 440861 567763 783604 984634 66274 523495 187251 175935 654924 665971 139459 754954 368643 703325 666766 349368 615921 384143 401649 81511 786388 76287 126500 846014 778425 708413 205768 988768 500682 641155 499147 77735 862565 742413 891062 685513 326811 487802 21181 136729 396145 514166 291433 277116 303718 555807 894879 306648 15776 70113 241448 883297 165761 11995 182674 869127 562389 224380 309418 438362 711374 531003 819422 610178 900236 995635 861982 919206 956439 27560 68499 57121 984920 486334 660706 958184 544055 838540 218038 194308 551677 509769 202034 567258 731064 948698 379375 341670 3551 44161 954114 25623 133644 363815 531154 7443 626619 807372 775255 633508 510350 415743 733127 220115 27326 945320 854431 995101 40837 592314 477437 172847 86406 759325 810322 374787 644460 199453 21783 323835 657325 852625 120634 979174 412452 67857 425518 10800 23875 519383 741292 193439 404542 817954 776528 105359 361948 79852 2904 374627 250013 702177 755263 500876 774781 381750 974228 401191 177675 132225 677417 519794 359485 510031 367401 969612 441026 738920 347008 892151 484178 47283 386367 288949 40506 727258 377588 812117 700229 835475 862416 100359 663266 361323 33699 793691 755193 30601 680660 89862 745640 526400 168486 809543 660437 456373 200958 800583 378728 44748 544422 164934 332758 244004 611115 233994 205148 799091 760675 945002 991396 919526 81933 631964 200930 896626 91191 639400 32334 381324 169796 231417 141339 348399 996561 764892 672512 452624 631009 335632 165884 495585 249578 355090 397482 157462 784588 544617 403115 192109 878530 123086 899820 790648 396116 271229 171571 762559 375722 805793 670142 503585 667277 516307 8346 644369 902849 429333 229388 522455 461409 773689 587610 878488 808189 826164 235294 70700 297744 116609 277817 272079 747467 90060 887107 132761 209961 634995 936885 924472 79200 809092 625333 213020 919405 633835 441360 691070 990578 491398 918015 720583 413504 110599 524152 554615 576494 323627 793109 440534 609011 834284 214566 486329 949282 60998 49067 419738 878852 767734 706005 284357 699642 640452 599801 957911 19494 996043 346825 409462 280733 717455 477561 526692 559836 829893 590209 526950 695592 979514 503331 245567 342573 476190 944836 361526 679832 394738 311160 264991 212215 868803 490110 899074 297178 399818 125327 39560 893522 415300 5706 27874 643591 37855 689923 912211 720173 584271 315919 946669 619436 737932 442220 71781 694057 455367 288851 185771 668390 619858 665563 612654 265250 905465 678658 445263 434584 744356 235147 424306 549696 746445 43972 474717 542034 922000 511330 533590 176122 366752 134051 646861 561769 412293 482683 991882 821132 282447 598650 957644 392357 795613 166810 12662 221021 438191 14460 133681 477649 375880 155440 559657 517052 61725 421649 647402 591984 914080 423131 301912 933228 272716 702260 332920 273948 630135 692951 558526 654568 343513 850415 46536 649729 23411 768412 420566 194148 514079 318917 713243 753674 913586 167338 106423 472245 262310 639596 387103 753344 981951 472995 126434 593933 110647 30427 363275 513066 261201 696244 340143 180 841423 756175 776231 716640 688285 609293 490227 628812 83033 586154 946724 370639 282714 2783 304340 538699 401916 270632 539778 727735 455411 603577 310186 406639 543849 372567 850653 65448 52516 172167 347758 271573 770899 256239 503998 433130 417491 457847 175051 82714 360540 826844 635434 612423 532045 755381 552062 476033 35235 735431 174640 923817 940644 257854 161747 338451 777455 584867 408075 459387 345503 609820 903606 775229 682568 991085 836652 338095 365775 197966 322786
674
162421 231284 232625 125066 566064 143890 684223 208742 266942 785564 714027 698562 94907 210875 330647 248729 283671 58092 643644 217750 561528 673731 489211 346233 211710 706867 548109 758240 111294 864428 363563 372411 490518 375701 885865 251877 19722 183028 659215 276707 862943 834073 770049 839823 700769 664722 833191 450857 105330 572149 993636 59891 419699 552437 992032 647885 704218 993186 781543 482024 327584 226202 115135 918914 303560 247188 515997 290561 549231 603216 48842 63960 86858 48057 836818 391109 207083 698914 953713 635100 973438 695117 470362 922459 943206 903823 594168 997623 725275 396096 220681 932156 372710 296394 449272 84580 820341 329582 373677 406468 965924 49917 344475 188559 610039 346535 720943 123412 557040 739974 755092 139384 141977 300769 131078 127516 336984 253857 401410 529052 532186 616705 786461 61852 352593 26874 92977 7487 570224 147900 607994 997945 965477 856337 850663 923170 636155 82854 948121 533679 816077 765959 41165 798962 246111 515428 98405 719338 419521 131336 55374 290621 691506 661950 832018 89448 674031 471729 739961 660661 80637 978933 550404 98982 358140 617019 983680 176172 712653 704641 221378 175324 494296 85307 612227 661704 41104 81425 13555 66286 165182 309210 648139 398664 99552 244873 519916 384594 937095 549956 228420 460805 507985 373144 80063 944125 385560 961309 750223 68778 271774 523707 803027 743892 478023 371605 948136 807236 829151 70588 670609 649404 474610 952339 451360 651447 113201 466261 36950 374609 174747 165258 951106 11486 825245 936116 513841 718515 843805 465928 596755 579788 399007 396024 376374 479767 3248 964615 830669 7508 311131 870292 886968 909664 851531 615965 619312 506313 42794 149214 760687 379203 9785 523362 473079 663549 292847 191499 897033 530479 567415 688380 191326 400490 168421 57145 682528 885767 567557 470841 405053 930227 292956 97338 796249 854978 342141 788247 694287 789253 453781 53761 387232 147423 132825 428541 806426 44282 637679 543394 139658 249163 677416 421735 746206 175426 802610 365677 852329 710915 205157 957604 854772 820688 834625 881075 155369 803525 370179 938185 795954 350657 12530 73977 786896 344029 278913 208886 438064 153766 660080 812246 134814 979687 289282 696761 609960 618291 324053 667310 771124 181330 970942 94568 168139 108445 622390 354641 420696 580216 801093 290385 297513 469184 146707 87452 571008 278809 736511 260628 694571 521904 277606 989009 644043 138171 793765 718686 976433 431578 186523 468666 146282 368520 60782 741542 163525 237676 34448 813539 530931 184000 937900 512478 984819 774119 193442 115571 277073 698330 115280 861767 141805 550094 830537 301700 427894 585986 560054 134872 624708 827625 694777 740671 479146 104423 438558 338964 301885 715640 342430 140746 867386 447149 329213 404106 455354 762326 175503 753659 994529 556634 921075 460194 508051 32156 947650 626604 937696 190610 90484 716492 514010 966263 37388 577080 151427 749679 214768 610638 346184 962086 111218 586417 798869 290338 89534 922563 418681 767183 989119 56397 190650 65637 50168 486407 288232 241452 140857 676958 758176 412604 92951 390362 660927 277888 286762 21095 120048 152109 856640 317288 229962 448417 441191 9535 394578 620275 428240 610302 661596 587841 323888 782373 928546 33256 268673 953151 559021 931494 290188 605578 902498 672606 328523 797599 679891 126761 196335 207071 796233 477952 60048 143100 10987 953748 587989 963358 396401 675560 481057 665936 279006 898758 926173 15747 188137 75617 314279 882318 432494 533485 904510 384736 959492 906855 668959 899589 248399 879422 284068 50542 907195 804299 145032 964337 495553 700965 275943 288630 857662 812541 462831 542194 803527 336787 994107 603061 262075 893454 956230 812654 785344 947492 766554 327679 803619 394124 480242 626318 790663 827883 902350 587343 263269 528244 496086 857138 404028 588624 847266 944896 868098 880839 55716 241746 76482 960153 346018 464944 299003 190212 550512 990361 490386 100848 333240 381269 81962 240430 162371 292282 836793 93479 627531 726030 268735 837106 25135 263431 147703 551056 690559 1949 886531 752848 723954 819306 788472 887254 743283 217860 642857 474768 343679 779838 62700 633553 246225 858868 407249 259182 92694 851060 858067 502010 991539 44211 685934 585705 34484 355060 570522 895919 781465 659071 758918 170785 788033 80937 69891 686205 955203 915266 347947 256870 966220 172226 944704 836619 698113 419323 940961 172989 423770 537111 867661 768011 357274 356364 29309 800083 407029 941686 644270 863068 544794 377013 75394 899205 679930 544898 4562 472806 691635 63855 798925 391832 339200 749254 281868 368475 582042 727830
452
272530 519854 47757 11334 224309 141711 838671 830691 409719 344254 926400 320987 416120 226837 357465 640100 134632 524679 247130 700688 32818 108928 509715 792179 321151 481881 209602 261216 527752 343422 300164 26543 710158 760968 703132 944951 821709 721470 33848 210396 264156 852982 212289 782161 462287 976404 326584 732514 87854 685844 517702 551386 147909 195659 720123 374617 264858 191666 921119 173655 731889 585914 904679 169593 537724 636384 504275 266803 905803 631970 965837 206929 14523 518962 463440 438976 792763 390272 736917 472073 458542 757675 287433 344404 499033 5863 859751 738469 20847 654439 528081 846308 17496 471286 304540 250976 767964 595426 588754 115614 981751 244998 220525 121503 668390 580949 488577 859285 572020 45784 340915 321514 697987 378615 261708 825629 293834 261151 554148 407439 942738 920204 617619 192823 354765 98916 180291 247977 333308 633594 686179 579810 825018 884020 168078 856227 707701 226698 771305 473486 380556 174801 399837 489657 546199 750729 156390 756939 749739 237761 42325 890253 857674 581810 54791 701620 855930 519574 63477 502146 257404 988242 536519 957257 644044 930292 758673 377502 187563 340598 82218 306150 961676 639915 855604 234810 678059 826431 3319 133439 67370 592647 935118 857377 903375 409631 582395 336920 251606 843197 48984 139629 114561 217255 414304 553082 924674 339943 166797 928921 488130 340277 725799 85270 432484 581810 611364 39895 902186 43985 777909 77914 597304 832614 528426 529586 548980 73863 681490 92318 878883 825987 998147 3023 150583 210646 571957 385885 840389 58078 936492 993762 996156 649382 133900 533975 386951 812062 39107 144902 767606 927665 70988 757698 138398 105080 606996 877556 211164 628410 464165 852411 42404 860296 620563 420450 526380 787189 683902 285933 699697 866619 146878 868745 829460 435334 557319 131209 269629 699338 622326 945574 970485 24639 805259 705646 949772 333086 582877 712852 995678 84007 131429 119392 155108 261604 798263 9675 381889 44552 239835 527556 461397 568631 940015 640506 312857 794239 675903 505715 89297 496662 927038 998148 539491 276191 995034 795069 208866 706406 862697 129601 205345 514708 510980 778675 321922 724229 40567 416961 617564 273222 459216 87903 730380 709263 960257 417301 543177 743550 758701 971486 560586 773933 608184 441685 946722 504638 40476 863278 75373 275023 254238 446993 660758 954384 334664 484646 772646 664910 469809 674684 862248 469092 634169 651264 116930 576314 810577 461718 488474 865001 63662 349491 903427 756484 355772 823063 22479 821944 465092 649180 246056 799638 85045 886470 899631 129138 24613 850807 287923 601804 334582 935542 652448 548036 475057 925762 952636 636422 231871 832827 535185 81188 22368 830586 395713 755642 72638 88628 633170 354040 441913 844210 593614 60207 165045 449599 926845 903416 928206 865783 834339 70933 301165 767858 765983 443976 384855 646985 853903 224210 947013 307343 727202 426098 450439 956312 968726 91784 747324 466581 411509 759251 538928 95386 734041 10065 921753 873013 712075 440724 674301 489048 585111 302293 650864 846313 95699 188095 396928 581197
569
262147 951526 526133 645616 839133 931883 673985 273637 73744 703576 683365 923274 968019 575963 22173 873880 380496 962816 630727 10064 120938 466423 861585 82994 810752 615861 2642 120013 749744 775146 57298 765351 542288 846034 209710 156587 432592 816164 20323 909367 57018 322807 869297 82742 771874 678901 187997 25934 739621 542599 388918 183915 155503 486 335394 706725 905902 286307 5100 560551 546421 96187 518406 631310 830007 790894 714767 237321 330077 123318 87374 793348 24618 107659 750959 828245 155215 468558 262904 269571 238282 265251 477608 227332 850014 887913 25625 633683 537370 639874 281873 907264 928551 686398 907024 70541 711479 94976 104577 8740 318308 725749 736966 229594 225497 774555 265762 543709 753438 18334 388067 108332 260416 787479 787445 490495 947318 885966 344360 979665 120235 229023 596633 293328 83770 470701 823805 289011 248580 403831 215156 418942 427943 373192 205704 976682 247780 318383 400282 807430 190635 940599 927428 279946 35493 830319 972058 937186 974506 606966 151459 901913 778732 485569 791467 290481 674029 947441 381844 482206 431525 442268 135561 428362 219119 46632 83283 721321 907073 2362 469575 690065 769583 587342 271712 152313 988999 766872 671811 648462 359003 342099 770845 100788 657073 927216 471321 808731 767719 453001 477735 827889 449856 661576 320992 977254 69199 53491 192356 936550 378856 508897 754319 820968 830666 528357 338623 196751 859100 99805 99945 710254 732071 583024 867389 212321 419935 334803 755974 599888 96928 323414 845662 450957 739617 668405 540293 545979 850728 832854 205573 62498 556239 535249 873389 907421 453212 575821 216551 619490 407972 577596 645541 797958 717936 648619 64408 211088 732171 586636 852129 29114 617100 856443 655068 17504 603900 284306 219851 343423 577352 213073 678526 812038 655863 464193 36998 778467 64917 947722 47829 389883 841674 130925 854046 348183 851427 349878 217669 441434 148981 605976 487506 675700 870969 817432 70550 509534 946515 330935 65318 604243 704160 566767 979120 156287 733531 712271 363862 350990 987192 10657 405054 249510 597082 197107 272790 196829 249242 170547 95821 982991 946632 225886 542083 145731 482244 585303 421510 685008 255136 909476 215457 70827 707437 310313 758337 551301 956909 498486 809476 415826 974910 895125 410136 677045 299124 916929 4956 243173 173740 51096 496428 651377 238521 37853 780445 488219 534852 656900 176693 734881 239735 298970 796975 172931 189140 363344 773732 339473 351026 607557 205389 852597 473287 403620 668010 299493 533791 789139 367723 213051 169217 418417 211995 815871 537387 938254 197031 704005 185488 711147 76680 504724 587849 590728 171993 471449 554827 166343 194904 809526 483896 147059 347011 584423 79885 448907 321866 731021 637722 510604 404225 985528 962132 719322 497275 22032 202186 445854 257728 59363 573928 501895 155388 605858 414062 323579 448104 182864 642940 69341 815388 525282 582520 671735 103303 276398 654321 976734 460685 471248 734635 598106 798943 49191 658293 671452 281594 445775 780755 186465 621446 307360 582700 951573 789546 690579 885211 392239 27925 725979 813961 956105 687700 680547 912934 368037 92357 708556 967745 36414 82153 414472 310748 487363 411513 277671 959764 639597 7080 619595 498998 720506 244645 695225 62275 818674 441092 121951 249825 961620 363944 889004 352531 735252 848869 417648 320440 428671 518072 92538 209076 204124 890385 709959 18058 848963 732477 482784 464761 13444 957081 78563 284224 536622 919731 386253 487591 170739 261113 73034 807484 959774 872791 755667 887586 100421 743523 570338 161500 243747 752887 438180 276844 838865 701169 201821 551843 30446 544451 470100 25045 659692 877427 890083 34612 905307 584802 981466 219500 716944 137514 941175 498355 564076 388259 554031 356354 185382 46986 885714 981634 716991 716906 467998 551024 485713 183062 457928 863696 207951 448581 540501 566669 710866 258220 955772 23736
625
955246 693363 668773 326386 566719 990967 713510 421963 466784 706039 947316 764159 514832 848920 112330 674530 687420 659385 954176 115226 494673 963963 763556 717718 401985 558105 279379 697765 172257 205123 508556 878680 748514 61818 856215 346821 211553 837243 126766 601264 414533 412878 639297 664375 884426 117683 150734 703928 946420 311608 77319 942812 561295 609040 170512 308277 840390 636705 81432 319415 477621 590493 734563 381739 408745 392993 914598 358122 669145 716556 339839 244783 23496 683223 57558 105962 31795 725337 404923 481784 960733 848376 119961 593007 475440 320660 31124 958540 382339 962493 466723 595174 903099 909282 661620 590300 829566 685326 186639 515535 646368 796044 318100 117507 677722 396592 861376 195792 40963 564803 762024 266971 212466 448651 415853 597173 419342 494552 236530 491087 405900 186165 927999 845218 845733 462050 440361 342998 170853 402154 188804 646710 587268 341754 424120 787749 490225 570426 663029 344095 33228 723236 428179 928516 206012 337059 179440 519528 282427 338236 30517 543612 688564 542928 558298 198987 529391 804327 956714 611996 954052 701651 766780 399577 571573 148258 852940 340379 568805 970541 704988 613930 864049 830817 198276 128369 954821 66896 504256 815932 975088 614902 354321 232283 349451 230606 51577 168002 271134 421970 72760 83349 144504 136079 970344 200488 489717 476360 589561 919125 888216 881158 550432 562809 731815 214098 607207 929004 520831 530189 544051 831094 939552 614076 449618 54345 790864 238481 786863 584467 54319 865712 374940 930258 183791 975647 807667 539438 775057 872759 518508 697950 79230 764359 763450 401370 329257 658122 700500 315908 20673 455044 757101 638919 6950 647561 563984 948479 234276 378465 305753 176487 886114 787841 407211 292805 785854 654630 928110 813904 821500 113974 977206 672280 730296 102274 539733 389390 274742 467808 954109 924882 963656 414564 218078 500980 919036 69505 255528 534165 812754 667440 641979 791186 665441 362675 157795 506624 399377 228961 261023 184884 159403 318699 932254 194321 541349 630696 998856 966471 270239 784168 195298 492842 968095 599978 715521 452224 727266 566327 240967 506673 99629 762208 953742 408168 686935 544735 188031 995424 770448 337197 930071 772272 331898 736348 166835 178444 901852 11277 677506 658505 229894 896558 448642 162181 472726 791006 256501 311407 925336 687784 634862 887757 659355 120598 67689 730533 465755 371628 203279 788889 769862 480677 943563 613905 90787 569340 370913 329167 966529 605957 858187 919035 975388 172950 937598 836555 532006 120553 985585 709645 610058 768278 376815 151662 917078 135180 58367 531557 804240 135354 934648 304814 94437 926430 567192 369214 283665 751821 625846 830664 812780 973713 60296 525020 655937 113853 370487 633398 916022 272631 116653 873497 35260 527581 681772 53845 41772 864789 817747 365421 85950 966187 307856 40709 521265 75818 187954 61682 200349 773348 328281 934424 134081 1534 355508 701037 158412 233862 308157 27017 277801 150313 44207 940320 379295 393492 118566 485943 187795 360101 818112 51231 277613 857763 167794 169632 537733 384247 756226 867393 822601 32517 205761 965621 555794 181768 822628 861019 249954 374773 547361 637435 887263 733518 869349 885827 404021 133982 883274 603040 546722 261178 474153 981752 312159 466930 53202 829469 45426 610499 610098 995924 350210 783988 506434 512763 429644 118541 939411 522039 893118 118404 476566 474630 396633 310223 165076 746508 283694 144807 331683 191321 153255 563188 82002 812198 657050 616963 410247 375332 21599 344202 500498 165639 130403 644432 367566 235346 397674 147061 955384 964247 413588 590431 806324 105447 727586 167776 709168 470743 396646 917163 128300 174939 235357 372231 793702 911487 891 610712 473350 225004 653560 288142 88120 219399 867405 483509 393104 914316 544516 24698 760160 767818 153118 891995 69274 855237 124035 669367 422642 588849 339590 493769 482617 219605 169345 880756 726847 675728 112077 408017 180215 683177 2438 718724 556320 719335 922231 156315 284077 747095 487927 384455 147305 188757 613084 679371 405552 578849 383238 143408 549220 935505 618592 558507 170435 324314 915901 927400 803869 585856 508253 357644 570953 912567 795356 559232 575592 794746 133535 604370 815732 256149 817315 79408 412360 240054 900235 400736 247205 546314 243387
122
640774 176639 181111 839895 987181 148270 461247 813796 97386 146701 188356 990611 797146 268435 707725 407986 576414 222732 470211 944756 304841 654539 847346 982087 215597 133553 760774 590571 552438 795514 587201 371153 940695 662507 350416 945773 683878 235697 919561 229351 91545 357514 45191 311039 441107 511521 422576 218875 516070 860441 550911 422820 489498 714935 819987 717055 239288 659630 984074 845713 891683 671437 216266 294842 771415 278297 162465 164980 205234 458148 99623 801290 954636 239283 424130 965155 116968 172134 839198 692051 110512 531008 115051 467939 151397 454832 168094 214285 880373 561013 659434 423202 854527 356799 87409 695644 947284 401523 888177 248024 791603 179513 900637 264931 672953 371600 629662 598413 202101 722706 372887 803110 700441 65817 106379 279194 46016 340727 120504 336186 50015 789312
353
360559 515176 958816 165655 196782 253318 222945 778515 549126 701032 54063 122423 527878 890891 196469 694787 265505 713679 63910 970227 815829 574017 939059 112311 544966 683973 762065 919103 710255 73567 363088 221622 725784 139215 11647 262851 603339 246787 574401 166155 230089 999200 18538 870235 477849 320927 457806 736576 605783 296347 149060 495010 710709 735101 958215 505442 49944 450802 541228 764345 150909 997643 718453 255608 936364 859929 594636 820499 188646 444617 788349 122021 291893 328623 734855 375854 95444 702498 878418 142095 968103 640555 951647 310653 317998 29901 469555 945512 682365 785359 313118 303869 637794 508553 332960 746481 304197 943598 495645 414723 421638 305878 774969 415721 812855 997259 360346 42309 134651 275914 174994 2646 640135 712700 887747 863105 72597 589414 537849 473697 885326 323304 36065 638820 976775 234222 621722 277759 438128 527779 916406 872979 934428 316810 725669 88581 764846 781806 169900 519111 536111 714176 815512 705718 24175 365416 76900 894524 732160 821796 220281 470498 654890 802898 831103 261665 267406 807632 423802 811220 158250 883289 485605 71914 683333 45404 96444 913878 520498 171897 325458 844190 478333 923789 741976 172317 731679 750321 598643 708974 456978 917950 245937 348034 493937 68566 487753 486401 541528 300235 362991 858623 82418 686671 841077 11750 587158 919364 421522 314490 919212 636513 326949 195196 152900 739144 214264 575052 218077 703786 196513 858574 998566 939161 812673 798188 906451 658467 506439 360897 346183 684426 832507 232959 474747 695664 39241 267941 237751 125481 21416 140317 932481 242165 812749 950680 939967 886986 941499 496960 396513 659476 976905 109328 66043 246767 656312 988810 100428 43728 711293 677183 272489 741097 289132 979972 166028 957831 212462 799729 199295 850822 331182 184524 206761 959587 10795 837001 79717 16403 135131 98115 374869 26649 544050 225215 609799 944557 680792 847417 737112 977570 377457 587957 435420 948974 877863 807380 418837 779345 244207 613566 583164 521015 535084 617380 180013 728768 705259 930664 358475 55793 885897 567693 259850 473391 121977 310821 305601 782982 79256 764811 457456 157976 749503 753573 315844 889742 760075 902840 129254 74514 261993 925688 552968 362174 401792 323318 949378 505770 42769 905223 623868 435530 690392 274261 979997 67270 409690 203811 289340 559306 836777 746716 326550 271601 884413 567416 771540 386270 197376 987795 712338
729
126830 864983 907195 263721 132333 345831 975548 414345 533719 805585 171741 501716 158111 725399 876895 685910 679002 700631 995270 995525 722789 469839 559546 524910 743635 707052 545247 973520 568371 497978 906647 480128 58922 604465 108495 35906 147631 988204 959534 900406 295249 866710 548257 328019 30666 153758 272964 233692 206836 929839 908427 724526 932748 548129 267857 666227 868188 750814 427221 745344 57861 951235 214250 80039 352666 364121 759475 349183 21006 414430 318266 470839 74577 61306 790138 566540 842728 96713 744013 546922 62896 42170 432254 627180 243108 682808 204914 334579 638850 292791 378030 80454 480062 864688 690810 423342 124553 297684 980128 624121 2518 242578 716027 845413 552844 305322 393782 757061 315193 492749 785796 610458 754494 357362 282239 401915 827182 536485 70056 504903 748612 543785 135802 540736 258876 778558 555669 624031 728084 40070 190890 189128 387133 74417 768191 571358 933689 782832 214662 324607 47600 586837 378481 33266 547679 648930 115634 824200 22785 458529 56857 962476 519091 986272 511909 260662 69882 723151 972891 5035 654355 416161 46077 41708 969203 944916 202763 77915 289268 878886 431000 900820 290053 585682 757068 423853 508762 80097 390028 981581 753796 775774 333175 625021 245204 774316 597197 755299 489948 56902 642629 382691 884681 95592 965919 531293 175374 870816 941974 247839 183786 130716 399920 96574 171681 768803 366052 852325 140257 751682 391926 175308 811002 120801 17682 759880 608155 461395 325068 219145 516127 201346 896583 985042 435631 923376 560039 36846 539336 299005 760161 537281 720699 859671 36594 652394 657832 37727 113292 337396 28260 187672 920938 961635 45297 871026 937268 584384 832907 171090 497080 934715 531932 290914 447477 417648 668538 640447 865864 244104 741159 746270 980415 17252 510672 741670 826757 746215 742860 265325 706504 340999 334099 701035 643427 71805 724658 851464 269130 669314 599161 351573 536404 371015 945995 178875 595873 998685 321089 824443 33381 900076 119885 927091 437811 741731 514177 959484 93542 30577 34610 953650 783118 936670 987116 300737 308082 351820 544101 241679 857159 986064 880930 846881 524413 467188 188990 648066 352167 334406 549225 820322 391547 998652 617940 981980 944994 168139 968773 720761 48333 885646 537415 103137 148921 312501 404569 927068 380171 65791 170571 984601 463802 459165 923772 767193 250783 222775 783830 605774 975040 329071 738974 500396 25164 322010 382933 917353 93749 972712 963942 222985 905760 377306 346274 821313 629308 428390 556723 152375 442269 890631 868157 416586 480506 218272 905729 554801 622391 225710 702928 258760 690644 256326 451999 247212 264580 143949 844711 35555 285792 517357 499388 777563 773008 866431 457759 917945 62228 851508 73622 221216 927368 681219 125227 853259 210044 591125 546217 854680 17249 371411 804263 997648 100516 255753 879331 923770 909186 387972 502446 82261 633675 525369 724459 955676 93806 694631 812473 681830 522198 261250 690761 172768 174494 736618 944806 50732 709904 70563 548407 681121 649257 545106 738888 925793 754924 261260 205655 229757 16124 41518 410859 133057 141039 850071 977183 938399 903986 833429 109790 386939 131632 519586 209385 246216 70251 599907 675812 703086 676393 213288 345462 671355 8481 182520 207343 222714 455352 452785 724410 761784 437429 977805 366207 661467 74764 797333 988382 248603 312947 502005 749528 847293 316775 837355 575842 797302 378547 782570 239117 416856 125078 208324 434519 693804 380345 695351 381625 111852 812697 665595 572459 241425 26600 846606 836435 533746 102395 50845 29273 920786 931224 151025 735435 51354 688017 680941 919994 495994 185026 690203 439586 938922 538554 855919 979175 845313 162345 347793 986300 475234 163184 802083 96935 398250 734275 202997 353208 218926 589551 207896 432460 841486 930767 557958 859584 344697 272893 13837 732275 298948 300210 979744 20097 827773 611521 608679 282615 823639 349434 966047 751940 487223 677637 96093 860468 987657 215295 749796 892965 312686 835636 495877 941157 650407 281754 727156 810419 695819 794879 63773 602904 645910 895987 232484 307988 644316 714280 118912 643556 115038 306992 904402 813439 75934 382228 281094 689921 458747 285791 276573 830777 228600 410222 919092 621610 456413 912423 537585 581915 77090 276310 149856 174527 855873 646069 218034 131227 218458 854451 286621 108454 49914 922618 530722 930220 501038 619886 413930 716448 952469 441611 486869 8497 334678 305652 156025 808769 372225 209208 747333 844245 377510 511575 514617 502416 901270 265490 970005 269572 451609 478606 826303 384673 882624 226742 349893 459946 635307 511325 942835 742438 539341 817879 377070 446385 296818 208806 369594 28583 636401 60464 220047 709789 428581 799025 627562 289472 244875 218773 354441 610293 458871 357319 506857 830588 117585 593777 263731 234209 771437 424356 709686 177328 122317 417102 515423 192088 942071 403379 999522 735945 801828 37965 491758 484410 345632 70339 286425 117422 615919 658438 602460 34027 375295 116634 90266 383233
