6
42
82603 920862 517552 247854 288201 472364 928496 412857 89555 423564 822496 838216 821880 773815 742179 283195 560430 630922 598739 502656 252437 332692 342331 767657 64322 351528 543942 150354 641313 793563 867219 588390 347948 913602 738772 870794 332654 183878 914241 608721 242543 526749
29
749867 640993 784018 32237 3663 699978 524617 863638 97880 54375 577593 109733 551380 453527 528918 802332 744299 452599 522084 459930 815777 3357 452969 272960 685566 876896 248694 480089 291492
27
349427 510227 576166 643719 674377 249814 752825 932862 951323 929409 605195 446817 64272 252698 325333 260974 50560 987725 49694 803425 255731 604931 151152 843369 341862 352195 244025
8
651303 167766 885900 838913 135878 265063 857536 864172
8
989757 165771 592733 537915 54850 163511 832636 743275
48
284904 873529 544621 939897 647748 812402 14671 587248 385038 311338 910752 545714 113340 881085 619395 70705 318828 320890 102434 677489 81053 799584 669925 255907 275338 516410 402926 141260 819715 965322 630745 167188 63850 402053 460361 526191 314045 931528 305838 916951 52889 402413 435733 112601 365103 425442 30724 965225
