10
802
810 1341 112 310 1077 732 36 1030 1106 946 456 1489 1428 277 559 70 558 1463 445 1039 567 1383 563 1579 1288 1273 1171 546 965 16 1496 243 806 16 492 705 1520 1524 737 1265 1554 1075 530 535 271 94 1075 431 1075 593 813 978 111 929 1458 1362 349 624 1248 482 483 968 1537 179 1375 1528 603 669 534 253 544 187 984 370 1324 1455 609 1510 910 914 746 567 1529 1353 1435 1046 1077 1231 1602 198 338 570 132 59 630 821 1283 903 1551 679 987 124 983 340 598 1335 1338 655 994 1317 1034 1325 122 145 325 1344 1284 467 1543 1085 779 486 1037 989 1438 828 1393 940 596 1566 374 542 771 559 249 227 497 94 224 997 783 1550 516 14 1364 434 1552 1593 1290 1171 1050 1350 930 685 113 1300 595 432 115 1150 1026 60 1447 693 1425 266 608 916 1437 1338 1112 1281 797 1580 609 1361 967 18 886 20 1181 1054 519 850 418 625 946 1131 733 1278 65 1043 606 1072 31 947 1259 766 213 1281 239 905 1555 1580 1486 908 1330 771 677 1200 1463 959 1184 509 1364 1198 111 820 322 253 856 1308 363 1098 1170 305 200 1467 255 300 573 337 18 364 459 1128 1388 1353 527 1435 731 1335 870 1407 554 611 1010 1424 200 634 1599 1227 101 769 689 361 903 1040 259 917 803 1001 1562 1529 710 1149 954 87 843 412 1367 117 1123 218 1146 1492 609 772 1155 206 555 1189 833 311 1184 129 529 1412 100 1050 1047 1372 1106 702 92 49 244 880 1300 554 682 411 187 206 1462 882 403 1165 32 96 1321 434 1138 763 422 1037 695 358 1108 755 189 527 1039 814 746 746 284 1358 255 311 1374 710 962 1353 1100 563 1247 545 834 387 1344 1379 194 600 1540 868 208 170 1265 665 673 1430 1309 318 849 428 189 964 902 647 13 439 40 1345 1051 741 1127 1223 383 1405 551 148 398 1374 450 1299 1484 32 784 400 1137 1182 377 224 1416 17 1455 1027 187 354 614 1189 1187 269 670 1155 429 102 216 1295 1598 936 194 651 1403 1233 1210 1195 417 1169 887 295 1401 1251 88 1145 98 1465 589 202 1279 1422 1561 1055 935 303 1021 1130 533 569 1153 1522 932 1597 1403 1584 1375 1410 531 1326 1373 416 1293 315 1274 1439 307 856 838 1383 304 457 105 175 1589 1144 881 1258 1264 269 621 1340 1057 161 1602 36 967 173 256 165 439 1362 614 213 984 1537 577 362 532 842 1194 616 551 174 410 1133 1249 1075 1496 118 1119 941 973 1162 41 424 67 501 142 487 118 647 1411 1202 907 708 1348 1089 311 930 1184 192 663 323 453 401 520 865 1376 1448 1600 1191 748 375 1427 1525 212 763 516 165 551 1071 149 705 597 517 473 1119 40 110 514 1350 1439 1379 579 564 737 1487 1368 803 853 921 760 91 48 483 1578 314 98 1421 1386 193 1188 1103 85 670 553 691 1153 668 496 1038 373 590 1440 458 1257 443 867 284 243 502 599 1007 1536 1050 1253 1209 973 312 516 548 1227 1392 1245 1576 967 1603 522 1553 543 1047 595 192 859 514 292 702 1254 1357 400 1465 723 1169 127 1391 1066 128 696 1189 1347 1311 293 298 1543 144 448 734 799 491 1530 1587 832 137 835 813 757 1431 1014 1434 1279 80 802 1246 104 697 749 421 112 144 797 1204 699 533 1102 134 1499 1194 156 1525 1267 499 1072 1220 1309 1112 973 367 465 407 1163 372 714 690 1308 46 1317 356 418 849 1427 582 705 271 1352 1435 427 1546 1242 1144 723 1453 633 37 541 95 404 1542 1590 962 385 1250 634 1431 767 1251 1335 551 843 608 306 1066 278 446 299 484 886 1114 658 209 1220 503 756 569 472 1383 279 1 280 1172 55 1592 675 652 176 1475 1546 377 761 1005 790 1386 150 1375 354 1322 647 130 1531 116 231 403 102 1602 472 770 881 74 4 786 1168 1575 157 75 189 509 646 33 793 1057 1542 574 855 146 1321 640 339 1354 54 514 1399 245 1304 291 790 970 350 615 186 794 786 1279 986 523 388 238 441 1137 961 18 365 514
980
1422 1443 65 1401 1028 267 844 1369 1236 282 1314 778 1040 399 1660 1062 213 967 1278 1199 1781 561 1035 617 1112 1080 1748 1602 1205 815 1771 911 1638 1695 829 757 654 77 1781 702 541 1078 1728 823 1765 1114 832 1816 1864 1215 1072 681 1494 867 1478 1512 1006 1020 808 1532 865 7 1360 1258 26 62 1878 589 1588 1928 1676 418 339 21 1606 1696 1102 751 546 1460 205 494 1709 804 1738 52 1526 1848 341 777 910 1753 1910 213 1878 178 1546 1379 946 1712 798 1765 1441 619 106 537 1675 1636 599 481 1121 702 728 481 1379 959 17 1742 1741 793 692 35 159 528 352 692 1208 1724 1912 1335 1893 629 1428 1512 336 1709 552 166 1129 141 1930 650 945 859 901 1224 375 549 358 1532 927 113 126 570 695 1754 368 1514 140 1240 889 803 1092 1275 1659 1833 1769 668 776 437 1275 580 803 1290 19 1943 1344 297 1605 1636 675 1774 1471 1959 840 933 830 937 1075 1309 1147 369 220 292 553 1893 228 1764 51 1450 1482 370 1710 46 1729 1494 1025 1476 1700 1872 141 1136 1876 238 235 1794 874 1569 693 106 1076 1172 1637 352 1785 402 110 1698 764 1048 642 1406 830 1324 1952 1442 1956 540 410 482 1933 1277 346 608 1010 841 979 1141 1790 1553 1482 521 617 1817 985 1205 874 710 1588 262 1035 1958 208 1227 1316 264 98 1108 1687 1939 959 1309 1953 1196 608 1527 954 271 301 156 553 1132 697 998 754 197 1314 1695 1726 512 759 1136 1512 873 991 680 178 1068 780 3 218 1422 313 1356 1076 1933 899 983 381 1492 1851 1645 437 557 872 769 751 1912 486 39 78 1242 1807 278 1826 996 103 1940 1869 947 80 169 455 127 155 1401 1065 1163 1488 1219 310 935 915 1523 1439 1847 1432 130 979 1915 121 1472 245 307 346 240 1218 969 835 917 14 1606 1064 590 1346 1651 1674 1189 449 1065 1798 1410 72 1574 432 401 547 1141 1798 1141 1074 867 222 701 603 1017 509 12 1787 1713 494 572 1692 1160 1341 872 481 249 982 478 176 1147 1272 209 493 486 241 1131 827 289 255 1261 934 1130 602 1343 57 12 1143 915 1862 113 1265 89 1422 878 229 50 418 167 976 942 1944 1240 1345 1283 1150 429 1296 1349 1832 734 941 1602 1707 968 916 689 230 893 539 730 1144 972 1245 81 824 1416 82 923 449 253 1054 293 973 651 1806 1631 1621 859 936 1463 1801 1531 430 894 1320 1330 1370 688 1011 709 1891 203 755 372 112 1540 573 846 482 1618 1172 1500 1956 1462 320 762 483 1747 626 311 451 1000 988 1924 836 334 1051 1275 346 652 1724 923 114 390 1574 1742 1052 781 465 777 620 1714 700 241 1627 1495 1018 92 1803 149 148 1107 983 76 889 155 318 373 693 1258 1727 178 1298 1234 95 825 871 658 1379 1220 1948 1227 567 875 15 1524 1456 440 1947 51 449 146 605 1110 441 211 998 834 1577 1077 1797 829 914 1371 1495 1925 1642 311 631 377 301 1095 1716 1817 425 749 189 177 914 867 944 1067 1399 992 172 618 1127 465 260 1729 1739 1390 933 1764 1254 932 1875 955 1242 1257 1450 355 94 169 1441 275 1412 1225 6 733 156 105 432 1 1269 1780 940 976 430 1913 479 1646 51 1001 1322 1061 900 1501 1941 408 1722 339 1272 1295 1122 1634 824 1095 257 311 442 257 1758 1920 765 801 1869 1952 21 1285 979 393 511 703 1936 1797 1109 1907 1576 113 684 461 491 1863 688 263 1668 394 1078 648 1732 1614 433 73 1395 471 1037 1391 1627 1261 526 1104 1517 1910 1556 660 186 1015 266 358 47 1723 276 1955 1208 956 522 1431 312 15 384 308 491 936 602 1858 1559 247 829 949 1604 614 255 1066 827 535 583 1784 918 538 112 704 256 571 929 1087 527 899 931 723 515 1521 1487 1785 1650 1588 3 1417 1171 1165 1254 1093 1289 1876 177 1437 1524 1415 1143 1777 1833 1757 1494 872 1064 1118 687 715 634 1602 1273 1862 377 1139 1154 890 1252 1807 447 1765 995 78 253 1422 783 817 961 1654 716 471 631 1109 1823 1517 1593 1066 614 1904 575 349 1306 624 1896 818 1415 1903 125 545 1436 1803 203 1250 210 1936 777 1459 1844 513 1899 1190 679 613 1513 315 1932 82 354 1846 407 251 1086 186 133 1226 282 560 135 1318 166 180 1646 1094 514 1043 726 54 1943 153 1760 1461 431 1108 1437 1622 1570 386 1869 382 979 156 65 786 1664 255 1397 1884 1846 1056 281 146 128 384 992 1214 445 326 863 57 1884 932 981 9 1302 1077 1293 992 1386 1278 315 765 1272 48 575 1107 220 946 1777 979 1272 874 634 1538 1299 798 1950 873 1291 744 416 969 816 1921 669 166 831 974 232 324 543 1885 942 466 1891 1562 47 1248 54 524 1591 1102 1194 332 1262 918 881 1622 1513 696 1002 952 1956 1263 355 531 1267 1146 233 1278 301 1029 1738 300 1122 1011 65 1058 888 1292 1854 404 1645 476 1425 463 1079 1437 1933 1557 1045 1253 14 887 592 262 589 1196 798 213
856
1311 674 338 989 1622 1496 421 904 1648 694 1130 324 399 143 1461 958 692 126 830 5 1158 76 1235 788 1004 1116 314 263 1024 1223 821 1560 1146 1652 639 251 1618 34 674 261 312 920 1367 421 1544 951 1698 1689 403 1062 62 706 1165 962 1463 694 79 642 1241 1435 18 917 767 1565 818 380 1177 210 293 1317 598 1035 234 2 1282 1283 253 1610 860 296 1146 1204 1230 1296 1004 1425 1305 87 996 1510 1055 35 246 220 552 549 505 446 1267 866 1137 1388 314 336 775 1269 255 1144 1623 1545 1002 177 1148 878 208 249 595 507 490 58 1001 1543 803 1567 1377 180 1336 1672 715 1578 1551 705 147 1445 565 534 412 1084 403 1146 168 1288 645 610 1101 261 780 423 1627 744 876 762 584 1033 859 226 544 1248 1502 1045 829 490 1334 1096 1151 490 1498 1496 1265 492 913 448 1351 1110 246 769 1173 988 210 1020 1045 1064 1489 1129 713 1047 266 1467 1393 1259 1323 814 889 1367 373 726 164 576 567 658 884 1532 945 320 956 830 161 891 485 1331 739 35 1020 965 62 1689 945 1517 264 719 1186 1216 408 616 158 836 736 1062 261 1634 467 1271 1104 798 296 43 1142 955 718 1045 1461 679 1354 1579 35 308 203 873 1217 799 780 916 616 530 382 735 791 637 1613 1188 1274 1586 1710 145 161 558 1376 1424 1169 1333 981 65 735 315 66 940 941 1109 591 1091 26 1007 1606 620 1251 1372 1090 564 1557 1445 746 1446 1194 1415 1556 279 860 532 1528 1710 1657 1380 37 191 1242 1544 1056 240 1362 1706 160 1221 440 1565 773 1182 760 651 271 1335 1342 1492 956 1480 191 66 292 849 1540 1026 18 782 771 1421 1223 1467 1686 1503 1556 1696 1323 531 872 37 193 177 643 212 1147 1665 816 182 1298 1055 941 570 96 382 687 1451 1161 116 693 48 1068 1046 1012 1018 416 22 1105 223 974 241 416 649 611 1653 78 134 371 1472 514 983 925 330 904 1045 1695 1059 225 945 33 250 436 1349 208 868 952 1529 91 1663 1298 1101 839 372 343 56 1163 446 638 1436 357 1380 832 1567 1298 1680 618 59 1146 105 89 1418 232 1564 1261 326 1104 1252 27 1499 690 230 1587 36 567 1211 768 1421 844 136 100 519 1478 183 772 793 133 274 26 428 1506 1273 526 1092 1395 1453 819 1042 1550 1490 280 174 1314 1195 1210 1188 1069 343 586 1336 1075 1679 1295 949 991 1670 297 417 150 563 884 472 1532 405 746 1486 1681 1651 1183 1282 1440 937 276 1279 193 1503 146 1029 823 441 438 706 1037 649 860 735 1359 1382 1181 1324 564 295 222 260 48 310 1066 605 241 290 381 480 403 1696 1061 610 1672 402 222 1104 723 262 1133 718 886 1229 1467 242 580 1546 75 1503 1603 1264 1208 280 333 848 722 151 879 1194 692 589 317 473 129 1455 1233 847 1655 765 750 443 178 1359 557 826 385 1667 1297 1676 943 664 1130 806 464 1459 483 1106 237 1636 1498 1673 422 1374 536 387 1020 1664 638 1070 244 1525 1316 1641 763 1108 698 1246 290 494 399 1645 1488 1154 706 438 341 1274 41 980 554 1479 517 348 1606 697 877 313 1489 1432 450 1271 3 503 17 1044 613 712 697 1302 334 1533 999 939 1419 1032 1296 688 153 134 175 726 723 670 508 1095 608 319 1538 75 709 1193 1538 861 1256 203 525 996 33 100 1356 764 1647 1453 49 872 1567 593 1701 128 18 175 900 243 317 648 25 243 869 1065 340 1159 238 1661 1474 831 254 207 343 921 151 474 1421 683 516 35 1672 1305 65 1018 1072 1367 240 196 922 179 1113 1243 1028 1095 449 1523 1045 654 1381 953 581 599 873 1034 546 994 920 604 1012 817 318 719 368 837 1051 532 483 1297 1174 710 237 1244 251 724 17 395 345 1527 191 1686 415 772 231 550 768 283 1105 1633 1304 1030 11 1695 223 1542 343 162 28 1259 590 936 105 377 744 1380 141 26 1062 1065 290 1122 1682 427 1418 469 546 1121 740 919 1102 1418 1454 1428 1418 433 233 638 1061 280 821 133 1473 702 971 1652 4 1150 362 474 1452 1118 1133 652 239 182 1574 1471 1417 302 203 997 172 767 1316 1165 640 1249 1652 634 1048 145 1091 1445 601 696 1213 112 915 1533 1624 845 1126 111 1551 1218 1156 242 178 53 1276 79 703 139 149 20 72 1544
923
1740 1333 1381 837 1297 1205 683 1672 554 516 216 260 1114 296 28 870 467 1077 357 1034 17 402 614 1237 575 1809 887 174 228 1427 983 1401 1390 1351 1354 1784 1724 1058 1645 1529 1470 455 250 1144 607 474 420 1453 431 152 439 1764 991 1635 260 228 1506 479 1739 826 1681 1383 326 1057 1026 1785 497 608 1693 566 319 1516 1205 1421 1441 1203 721 1166 1765 1433 290 942 1147 352 1313 241 492 1650 440 764 205 1041 290 1134 146 1491 1492 1485 1172 56 1270 1505 1078 1158 1023 269 381 753 1482 1485 1098 1689 576 1733 929 1198 180 639 105 566 1775 321 255 1660 1186 825 448 526 455 654 1746 1585 365 1557 236 1692 953 1292 874 145 398 366 368 553 3 911 1566 934 858 675 224 965 866 1821 130 734 1624 473 1816 830 1598 136 642 1795 1791 1119 396 786 144 867 1754 1407 1322 1475 160 611 1168 1795 1761 688 843 712 336 1156 284 1588 274 948 1274 100 1721 18 814 1715 527 549 557 438 25 778 447 850 1398 1156 1601 1496 1139 566 254 107 1402 675 1185 272 304 1200 292 372 350 964 130 794 1513 1290 1481 1179 996 1741 606 1154 1826 1023 330 307 1673 1211 1213 1616 1713 424 1201 226 327 1682 81 1579 513 1179 1277 368 371 862 1450 1168 398 1772 1177 1179 1820 273 1215 579 1679 344 773 703 342 145 784 1610 648 1199 1020 716 729 1608 1061 604 1549 1222 983 260 1211 445 616 1300 137 43 1535 1791 1067 1325 1269 374 927 553 278 1789 1334 1606 351 1654 1832 1585 1298 1474 1327 828 102 1443 1292 1030 495 633 495 258 1411 47 444 1567 1621 91 103 565 738 239 244 1080 16 157 1443 1753 1778 1674 1639 1312 901 119 7 326 870 367 727 628 1740 709 1418 1347 1149 283 1799 1250 724 963 582 1402 1268 1353 1026 1521 1511 855 1645 185 1205 555 176 343 1755 1307 1840 1738 571 919 513 212 1408 897 149 1616 1471 1780 901 1382 417 946 275 1316 701 1698 892 1028 272 861 1379 461 1771 1142 942 553 1450 1671 613 1532 864 646 1178 290 1043 909 1571 1573 1588 139 877 274 306 1356 1810 544 53 1151 1365 842 1769 1708 1045 554 412 1305 1516 1053 249 1628 1724 722 758 1672 1015 1026 1468 1469 35 1370 26 491 1132 1677 15 94 527 958 269 1749 1595 1009 707 498 344 481 516 1766 450 843 1819 891 1243 276 947 1742 1160 476 1313 1570 1016 1502 1371 1441 315 1827 238 862 1193 1306 136 1348 225 1821 1657 1449 239 818 993 1142 1365 297 658 310 1506 228 1682 1040 373 524 1429 1561 579 125 1430 905 1749 1823 1036 1630 1045 655 969 134 1725 1588 15 1165 1192 1468 578 1018 286 418 885 1396 264 1818 1618 749 1286 163 244 1225 1596 1651 1571 1302 1507 1761 1025 833 1331 1234 543 115 904 369 1142 1458 557 1552 1748 373 1021 175 826 364 1441 1190 193 559 460 1639 389 592 1573 1078 1679 477 338 1542 1246 925 136 525 1593 1166 762 1163 1422 309 935 1112 558 1763 532 298 898 345 219 752 252 562 774 430 238 94 222 51 195 21 377 874 780 778 156 252 186 1598 1392 523 997 903 1637 865 416 325 1666 899 408 1553 410 754 1262 9 916 460 1516 1157 1576 960 1803 1364 1171 504 1742 1439 1518 1510 973 1038 1038 1404 1199 1558 7 571 566 1297 27 1150 972 240 354 1781 1190 1068 397 1400 282 1556 1762 1692 1748 174 688 692 542 1801 1106 324 808 1187 948 583 1416 829 1647 1406 1629 1323 136 1183 1612 676 47 54 1039 497 1044 81 798 402 1752 528 75 344 518 1283 820 127 619 991 521 49 1233 89 891 935 1622 1793 660 496 1740 1788 1175 493 1241 1109 1639 1215 379 146 1697 399 1003 1410 1224 1585 1754 944 454 1044 1773 534 1281 1705 734 1234 352 747 735 1475 1236 594 672 445 938 54 691 1790 1314 820 70 1572 208 1608 242 818 190 980 88 988 464 854 1585 1330 1839 1315 164 751 1542 470 352 263 1636 1341 501 526 1760 1659 1628 1769 1383 525 1047 568 515 782 259 483 1820 1406 922 873 912 1146 17 1211 401 981 1059 310 1367 1445 28 1118 37 577 1370 1298 1815 1051 588 1302 763 1698 776 1089 1216 1353 105 290 463 789 629 1619 1200 428 1285 119 574 1414 1131 419 932 775 1531 636 148 1772 1703 423 1078 1773 1635 878 1181 1230 1589 755 741 1796 567 924 1062 963 506 657 180 880 755 1272 1078 725 1030 960 670 567 213 327 963 794 1075 391 1491 695 516 1270 1749 1433 1258 34 294 896 1047 62 1072 1431 1022 1725 1659 1759 1839 1790 810 37 1104 1768 173 901 1351 481 1314 1467 1551 809 555 1456 378 224 439 1801 475 296 952 1774 1655
120
236 107 99 199 22 65 184 179 123 147 203 127 217 55 24 186 140 100 232 237 42 107 210 228 231 155 122 206 92 187 11 233 42 148 97 46 166 12 122 5 189 53 56 89 19 56 79 230 59 191 62 140 18 80 71 153 107 118 88 234 198 106 164 36 82 117 2 209 139 72 58 237 206 167 19 132 2 134 122 32 121 141 186 96 148 116 119 64 74 98 144 72 169 94 1 65 154 53 126 135 164 198 117 74 106 222 155 35 85 130 38 213 52 29 166 4 136 217 128 56
299
333 28 287 252 497 518 598 579 306 558 431 477 516 84 386 275 478 19 332 542 264 320 336 64 296 46 527 235 114 514 421 80 247 89 36 106 477 65 36 452 498 385 193 174 498 252 121 299 36 336 569 568 179 291 500 46 46 56 578 181 503 385 369 231 231 324 272 375 595 285 349 134 358 412 67 591 14 223 540 28 586 61 355 525 252 121 69 333 479 238 77 91 50 500 66 93 174 51 475 4 145 382 552 216 97 417 309 52 431 456 498 499 266 192 61 92 425 537 185 413 20 491 417 360 21 221 286 154 72 506 494 493 523 190 567 351 469 124 374 388 137 455 36 418 471 545 309 512 438 482 525 164 283 254 523 193 441 492 461 375 520 531 565 192 187 533 490 217 377 35 263 569 24 250 100 179 315 207 357 406 424 132 521 514 163 212 15 580 492 228 319 188 438 411 197 325 77 157 7 312 303 349 371 40 360 396 382 548 349 412 187 263 477 168 320 221 81 545 202 118 25 566 16 333 164 180 202 341 188 399 509 245 4 38 413 474 162 301 46 250 279 218 328 525 278 537 466 140 77 593 506 269 227 464 286 198 483 222 340 47 185 9 71 503 562 14 19 275 57 302 155 462 567 531 569 356 241 235 396 589 307 59 302 142 238 467 182 514 488 565 452 96 391 498 593 161 103 103 141
706
726 261 1149 898 23 1340 1324 442 312 733 1357 746 56 1284 493 302 799 746 377 750 839 429 910 612 297 1027 902 1400 112 1220 1362 287 1117 1345 654 138 860 674 100 1229 577 49 239 886 482 1354 604 232 1297 890 128 1382 439 325 515 320 1019 211 1354 1083 1192 825 996 218 474 1154 369 69 555 198 748 761 277 1411 262 610 941 907 318 518 512 864 420 1174 293 408 746 561 515 1275 394 840 1116 302 1174 1272 40 1402 137 1185 966 949 738 769 703 1083 992 1335 1357 376 185 246 546 1190 231 168 1045 908 1250 362 193 703 1068 317 1033 355 204 554 1186 1267 1144 232 284 255 317 221 166 975 2 929 164 794 1211 961 1198 480 1076 1274 1336 1216 193 1312 591 575 1387 883 54 1173 589 887 873 42 1129 577 300 969 1110 1014 745 65 1083 1173 649 635 1379 853 994 238 1005 42 220 601 4 1186 126 591 1151 674 532 878 68 1112 1185 1133 391 461 917 1199 1402 1369 530 1127 922 681 1337 843 589 876 59 132 359 65 644 940 901 1106 1130 329 155 550 445 568 468 497 1031 1179 841 1114 176 1278 1207 601 538 1368 1007 1348 1255 1244 55 374 639 458 388 808 1050 926 366 286 737 1336 628 1303 1338 8 703 1180 1091 905 285 183 1388 1129 1114 628 1136 570 1055 327 1241 516 504 395 84 640 35 1382 245 1070 135 295 96 673 548 996 149 194 633 345 88 676 1374 765 1379 584 6 540 93 956 467 1279 970 1078 1128 143 8 31 1345 1159 1221 1374 1104 1126 1374 1407 1211 1358 1173 565 95 41 332 761 201 753 602 289 815 505 313 825 1319 1068 1354 684 803 735 950 1319 1166 306 503 1188 987 1210 211 982 996 502 1335 924 162 46 899 305 31 147 1367 1077 1148 1355 1045 252 102 1201 779 481 778 357 547 1124 31 1015 1398 643 381 954 292 567 679 1081 1194 313 380 236 723 878 429 802 468 168 1384 57 610 613 167 555 82 981 1214 575 378 1159 1310 955 286 1014 187 1050 321 794 491 1165 770 1119 405 574 723 911 286 182 63 307 791 98 1283 1034 801 1355 697 1105 148 1374 915 957 1208 271 289 535 674 1240 375 377 1256 784 513 162 725 1202 1332 1263 476 1316 928 1056 271 575 396 29 68 126 688 464 214 237 1269 253 956 1230 454 1002 1196 1128 290 939 1047 950 770 455 275 912 332 1062 463 1249 812 864 1076 1155 262 205 397 1043 1038 722 262 587 1003 1216 969 974 435 812 847 1371 1408 839 729 874 1175 333 1201 214 1287 546 339 974 383 368 391 160 465 370 872 622 1377 376 235 1376 1179 247 1165 967 332 928 853 1215 953 1084 52 590 18 195 360 979 340 462 818 965 1173 63 44 536 983 1390 951 604 1062 625 42 505 243 621 1237 508 1345 1108 200 1235 25 448 1113 353 297 6 50 116 717 901 927 1314 1108 619 1285 149 910 818 1054 749 1096 1175 441 377 35 510 400 956 849 921 632 680 810 1356 359 259 683 760 863 194 969 1347 926 44 914 978 619 1029 500 1035 620 635 8 948 354 495 912 512 1201 347 129 1020 271 349 758 907 313 791 178 1118 200 170 934 65 366 591 90 1040 123 610 1200 1100 524 1041 146 1199 1233 427 585 346 1136 1064 1321 592 966 869 734 1079 868 93 645 825 507 273 1328 323 737 286 1072 1014 1056 262 1085 1059 89 1402 580 1280 842 786 1353 1104 524 366 1085 506 621 242 613 1194 1391 948 537 461 1173 190 1246 610
679
1299 852 855 168 350 856 1193 294 885 1240 467 755 1077 968 175 1299 359 977 287 864 815 972 976 527 210 825 1024 496 1307 505 165 598 1294 687 601 1356 412 1296 206 493 807 1147 1311 70 11 1077 1347 888 611 1152 1301 327 767 521 52 846 610 94 731 323 862 786 1027 234 343 946 515 805 1037 69 643 621 527 294 96 235 795 485 539 506 281 32 1213 1161 255 456 92 1007 426 115 927 581 1219 526 437 11 157 1297 998 1146 479 385 895 905 91 900 953 428 722 908 1010 561 443 790 1180 726 165 1259 1260 1245 1102 816 963 668 63 758 890 1236 1133 172 1190 242 958 495 163 1256 26 394 1098 88 729 933 442 810 1344 381 137 509 60 1057 1261 673 1101 589 763 1304 1124 50 642 1099 1174 1213 64 1037 1186 943 705 385 200 1013 520 395 501 349 66 1018 421 867 851 2 456 1282 691 1285 16 245 1263 226 577 439 912 220 1190 185 897 1157 1340 1277 483 279 831 1048 446 756 481 483 444 1054 538 816 737 1243 1139 214 1164 1251 426 1310 1052 778 1078 883 901 758 496 861 762 1108 664 186 1006 993 315 847 720 1122 1087 275 694 249 38 826 1249 1304 1069 1145 14 1042 1353 224 247 522 642 359 1118 578 819 956 1111 711 842 323 112 1051 740 1073 1103 413 998 290 1234 174 615 373 536 945 1093 1145 1092 1056 1089 959 570 254 1230 477 1193 1175 989 287 47 350 1245 916 513 1102 765 525 702 1018 762 1188 237 1218 412 877 374 895 757 347 1341 918 1316 254 1039 74 271 906 1264 577 406 47 1352 905 365 48 201 865 229 1203 216 210 675 984 276 1181 64 832 1234 282 163 1153 679 1020 563 859 838 1217 337 834 1034 329 70 1289 574 397 862 165 161 1299 360 146 857 721 110 275 853 771 1052 74 1096 647 682 678 82 144 426 1242 536 816 197 1283 913 68 546 181 1197 505 187 352 718 1101 87 566 715 319 1275 1259 828 965 824 932 1009 597 673 865 903 843 236 1219 127 1007 916 959 792 876 389 227 1349 1164 532 1023 577 705 634 893 597 17 15 674 910 393 1158 1091 586 821 565 702 1241 490 591 1295 567 428 435 482 104 121 239 868 729 443 1310 77 363 979 209 164 744 429 546 861 881 315 911 1293 570 278 1306 39 271 1027 721 335 753 918 38 845 571 1113 144 668 49 1003 62 669 982 585 1336 340 1086 1052 46 808 306 661 700 1176 928 392 744 1027 306 898 992 437 666 910 1222 49 917 686 1072 978 1113 273 552 761 1070 250 1266 916 877 1240 56 508 1103 866 173 715 709 725 448 261 1327 963 1148 1241 202 1312 723 3 778 536 849 661 733 773 1073 593 962 700 90 838 1140 746 1234 951 597 822 274 179 177 270 348 750 931 402 1277 1241 742 49 1288 585 390 1317 870 1170 1080 877 1253 888 720 1082 278 288 210 1084 360 359 80 617 940 1009 46 591 742 977 1353 1179 321 528 1075 775 243 1075 1058 1007 438 672 126 590 194 312 588 1279 351 1319 609 232 1115 648 218 1196 1134 1213 185 1267 1043 1104 641 149 441 282 543 444 760 549 166 889 1281 558 747 22 266 1312 58 171 287 40 1171 487 649 1213 831 1166 1280 634 291 1040 1034 710 1198 609 124 716 553 658 989 721 126 915 545 1174 415 1319 384 440 1173
470
724 304 810 565 388 368 197 49 216 209 639 566 875 934 43 901 881 35 305 457 856 387 260 526 761 447 93 174 344 729 880 564 299 422 777 16 770 189 606 161 229 251 163 405 576 569 921 629 780 391 273 823 256 235 445 565 346 25 662 671 300 596 22 86 308 71 395 643 629 293 463 484 770 580 769 121 75 41 906 631 870 632 925 31 490 605 862 780 166 828 72 821 463 781 852 869 668 150 451 364 610 530 653 291 457 95 336 674 726 655 768 85 44 706 464 119 703 880 853 616 931 516 342 769 384 565 35 677 589 452 829 301 358 771 625 844 133 825 76 739 297 250 877 597 120 294 214 467 356 34 640 118 676 265 762 139 33 381 783 361 681 485 257 884 155 347 533 678 536 740 104 743 789 70 495 903 171 447 467 451 858 882 711 781 248 733 678 78 182 788 869 53 227 368 28 310 855 882 454 119 414 146 129 80 53 339 463 530 921 74 325 79 880 235 859 297 401 563 672 916 542 581 264 515 244 399 676 525 302 500 209 307 541 650 619 262 865 191 488 754 315 639 621 685 500 836 136 518 683 608 293 913 745 851 289 479 326 261 486 761 619 113 611 523 151 421 631 499 696 629 78 663 485 677 387 708 706 214 692 193 305 209 424 855 800 131 374 166 652 720 369 239 325 448 485 810 106 301 508 606 313 302 62 228 137 539 421 518 92 258 107 877 141 632 371 157 814 691 44 165 466 863 720 614 279 269 123 169 210 470 749 331 468 799 656 109 433 232 295 765 643 801 246 601 903 490 466 856 46 292 773 247 638 102 877 359 140 801 184 47 617 552 77 48 419 152 658 750 548 451 481 16 65 586 107 310 157 933 302 737 331 808 69 302 461 718 391 163 121 908 757 695 431 111 185 508 408 341 683 313 904 86 765 563 607 769 73 675 107 376 906 286 597 647 699 47 77 588 275 489 876 568 477 709 761 387 203 163 504 228 74 766 812 442 199 231 349 184 665 863 391 125 469 938 212 632 649 195 64 324 778 611 284 159 860 486 743 46 768 380 53 532 521 614 534 667 324 147 179 769
340
553 558 627 182 355 216 57 574 640 311 528 342 463 355 464 675 303 388 82 497 214 305 159 508 374 245 649 134 631 159 526 13 120 214 488 628 397 68 164 239 624 182 674 526 138 567 669 390 51 214 13 463 678 125 404 585 331 586 336 300 181 126 325 143 89 188 644 624 445 103 100 474 227 267 221 350 615 641 150 169 64 342 2 50 48 566 391 117 22 188 76 158 273 73 128 529 204 145 616 649 1 398 232 38 158 28 28 38 663 95 548 543 272 281 389 505 302 244 609 211 179 106 129 394 155 135 132 456 335 206 51 465 619 199 123 610 389 449 63 526 309 575 658 411 604 15 112 8 464 679 578 300 499 605 628 377 627 118 97 576 173 537 571 344 163 414 189 189 11 59 420 104 394 572 600 90 402 322 123 50 28 314 353 675 199 229 647 637 225 376 50 471 442 292 273 221 367 437 526 366 368 679 130 410 373 161 461 351 448 630 481 269 515 222 276 46 333 262 359 294 215 334 239 304 34 285 447 647 140 377 156 190 208 268 442 314 593 388 474 187 665 4 291 450 562 331 488 12 571 182 175 388 635 271 428 23 648 475 360 342 241 469 289 229 89 546 217 169 174 187 671 259 220 280 406 416 94 490 368 415 409 162 426 540 114 538 274 601 358 448 229 440 542 163 520 388 182 366 677 649 286 110 652 168 526 340 357 523 485 473 594 582 462 592 47 656 613 478 499 442 274 249 437 457 219 635 1 541 168 370 580 502 518 443 387 444 387 679 22 55
