10
200
281 229 44 142 250 187 194 347 271 282 276 110 271 261 159 351 285 190 103 244 97 117 304 352 121 229 6 144 118 6 259 281 230 192 383 280 283 2 139 134 102 372 359 144 4 7 333 38 105 244 152 11 248 333 143 271 164 352 110 278 79 77 363 384 372 129 173 250 64 24 76 386 174 180 191 246 94 180 23 125 372 239 10 71 398 368 202 159 95 349 367 184 386 357 107 58 142 36 313 165 210 305 241 166 132 394 2 258 184 364 88 197 42 1 254 229 226 154 241 74 223 256 28 195 52 230 221 97 125 349 358 144 280 85 146 200 301 1 383 350 93 279 142 125 173 62 312 260 267 55 205 1 371 258 106 241 347 109 39 37 72 327 205 112 336 204 119 128 270 108 48 77 360 301 195 97 271 342 161 288 228 336 213 197 301 141 170 365 315 240 330 122 353 22 369 379 76 212 268 116
246
466 287 278 333 411 341 195 201 185 67 445 186 62 190 422 69 17 36 70 380 171 440 48 23 131 360 267 10 50 300 69 359 85 38 54 419 414 265 427 212 225 484 302 148 273 296 306 246 458 315 247 313 458 286 19 129 155 354 84 371 206 83 464 261 476 76 402 233 171 312 363 275 96 357 432 397 249 144 344 214 477 344 108 124 254 243 39 302 149 72 280 464 232 244 107 315 133 104 391 238 393 317 303 379 66 178 434 318 417 147 88 277 343 88 101 453 381 218 309 45 165 11 319 70 22 451 21 425 240 244 484 398 391 262 13 33 104 429 119 189 160 168 307 87 145 203 53 191 268 34 136 91 130 370 107 66 455 149 28 491 323 442 333 401 278 45 208 123 413 369 226 234 438 311 174 397 191 64 407 44 315 45 244 42 81 298 387 363 271 88 107 144 161 283 164 125 375 378 432 63 22 253 157 366 156 395 286 118 455 126 22 458 91 24 128 399 470 260 104 129 479 184 262 45 86 437 445 437 332 272 298 325 340 349 29 351 330 120 340 130 254 439 248 127 400 23
83
146 91 36 86 22 137 76 83 120 28 56 24 8 136 137 159 105 141 112 163 93 115 72 95 128 85 16 163 65 8 147 44 107 32 139 111 90 13 59 153 107 11 8 78 88 105 20 10 120 46 30 79 132 147 105 36 56 116 117 152 8 75 63 15 121 109 72 99 10 46 146 33 87 35 98 89 133 103 132 70 38 34 63
306
395 402 312 132 560 493 441 219 49 543 128 438 179 503 239 183 203 558 584 156 317 249 497 77 1 433 486 292 309 395 62 379 391 100 103 531 271 496 153 462 85 357 378 56 395 597 243 362 552 161 483 19 109 523 531 471 534 230 285 4 417 232 305 50 103 353 467 225 461 543 4 217 297 263 209 416 498 70 594 334 152 557 605 506 267 133 357 136 534 605 306 301 549 392 242 569 410 350 604 555 539 311 575 94 433 114 66 141 375 291 150 530 525 516 596 13 543 568 125 420 494 122 93 449 103 88 272 237 299 126 303 450 521 610 149 546 219 159 317 46 498 274 27 50 83 572 86 490 593 402 310 65 547 150 169 497 603 176 279 23 182 572 7 325 29 334 352 493 570 294 136 488 100 341 612 18 290 339 600 282 473 475 574 519 541 196 134 218 457 557 337 400 578 157 109 361 37 144 158 166 465 536 594 270 276 356 266 90 569 354 608 415 34 517 190 471 537 420 289 485 224 249 488 208 224 380 340 346 84 462 18 531 3 170 100 58 231 354 301 382 550 420 480 140 301 327 82 446 472 278 581 546 375 102 336 20 514 545 224 34 597 391 57 444 444 247 596 10 217 193 485 257 365 335 406 584 479 86 398 175 170 48 479 394 224 215 570 140 459 341 201 410 390 339 315 63 405 247 67 140 288 448 452 446 611 403
396
46 283 339 56 599 114 275 419 459 482 441 430 490 279 594 355 293 316 325 55 5 316 323 341 492 724 228 214 441 763 240 179 365 203 311 107 652 714 752 258 384 717 379 55 557 733 294 779 655 535 95 29 339 179 548 421 603 744 443 627 788 373 709 590 396 708 85 581 493 548 685 554 333 80 552 33 562 403 61 48 202 197 547 520 331 210 628 653 169 6 139 672 420 632 331 593 262 362 168 129 787 532 87 278 626 184 637 317 347 650 57 511 159 207 660 162 734 520 22 619 2 722 174 520 788 736 21 686 196 251 688 311 339 301 405 778 658 451 432 162 446 13 660 21 686 229 662 763 80 68 82 246 605 380 52 134 559 547 184 166 422 326 645 478 266 266 187 177 736 762 100 8 39 292 611 19 107 207 785 174 389 68 300 245 704 266 385 176 721 461 535 100 238 322 360 488 52 425 677 288 103 712 289 402 572 80 489 12 675 605 368 22 350 601 312 591 32 290 106 727 544 545 604 269 761 411 121 334 582 234 262 29 465 702 637 363 61 564 694 263 668 234 294 622 78 109 604 308 182 329 172 223 645 166 655 469 523 763 721 622 167 63 613 177 136 733 664 497 457 26 120 490 716 352 772 200 68 536 658 559 757 216 769 484 657 195 522 125 719 375 166 138 357 637 475 184 273 266 609 490 257 222 192 651 289 679 108 409 329 613 119 477 256 445 313 783 721 46 729 682 607 565 69 256 48 572 297 230 456 136 587 34 624 64 290 136 630 335 470 176 639 733 337 520 632 274 590 50 280 126 29 178 147 422 351 559 619 442 671 589 319 329 30 666 742 465 791 450 61 772 226 652 414 757 224 615 200 103 287 408 549 43 507 197 422 36 53 573 561 329 226 24 430 680 164 735
218
269 203 305 217 83 48 200 97 436 324 113 241 73 209 359 34 166 338 41 150 231 96 232 44 170 119 344 55 43 92 318 253 436 370 334 156 133 1 332 225 35 258 167 184 245 66 147 230 200 416 125 203 262 49 316 333 280 358 87 390 424 82 359 51 199 42 394 292 98 113 338 119 424 319 365 408 53 122 79 307 50 40 351 362 149 410 320 332 231 418 242 317 251 12 310 206 231 84 393 189 393 69 213 380 250 413 207 299 340 82 215 314 59 365 207 82 211 375 162 417 69 306 388 330 7 56 194 114 219 74 369 435 426 354 160 111 354 81 369 145 402 214 218 291 405 17 392 434 38 117 324 60 60 333 88 372 79 395 223 332 279 420 97 434 422 98 333 257 404 341 192 71 112 230 384 313 152 149 20 264 376 330 57 381 434 332 46 262 312 348 348 79 404 346 202 183 254 249 255 202 170 78 284 275 78 92 311 290 351 192 73 51 266 62 75 322 52 257
130
76 43 94 140 136 238 148 81 92 175 15 243 241 133 83 115 31 246 80 157 242 243 171 192 231 167 199 57 98 156 184 176 139 187 235 75 3 224 25 209 223 185 156 15 129 202 72 171 244 186 9 217 24 125 141 8 259 128 133 158 222 161 62 103 158 153 56 39 194 225 97 225 213 161 12 110 219 251 165 58 238 89 220 26 226 196 67 85 192 171 173 242 158 174 200 148 67 48 45 78 231 179 28 72 56 32 133 243 144 116 74 41 240 206 65 113 232 216 221 172 82 178 220 64 86 259 212 102 7 6
336
379 556 532 79 492 463 499 63 394 402 364 333 242 216 90 353 565 187 79 271 487 203 149 359 18 587 542 267 84 546 301 289 392 408 190 615 123 360 541 575 614 294 53 458 242 638 290 286 375 391 555 489 303 372 608 507 202 188 363 313 660 609 497 383 548 625 117 552 208 18 239 366 253 551 646 143 208 71 519 264 581 10 339 181 413 499 340 53 514 261 462 271 54 356 411 628 343 88 543 299 464 408 560 307 552 546 407 349 598 59 124 59 504 85 565 70 588 644 413 288 237 469 661 569 521 266 487 173 354 378 176 308 422 434 563 302 286 138 234 82 326 604 244 325 1 441 17 126 116 454 360 395 361 498 189 54 247 522 71 520 653 320 339 22 176 499 336 338 381 355 77 668 604 465 402 594 1 429 183 630 565 364 311 588 331 506 160 196 620 165 350 359 668 167 110 489 484 388 669 410 258 407 309 414 219 514 163 229 520 30 389 631 585 487 219 277 10 382 245 83 587 484 649 349 614 222 500 473 469 498 78 468 74 416 482 554 542 331 272 458 371 13 579 525 109 197 75 76 529 114 492 634 94 22 241 104 506 586 551 591 608 421 251 152 248 672 1 73 551 449 599 563 305 478 244 163 140 39 273 472 671 637 251 105 555 265 232 633 353 259 102 174 416 324 14 642 660 608 213 328 490 439 411 150 469 315 410 296 287 458 183 214 53 32 519 373 473 276 204 552 442 328 166 208 41 608 77 243 326 532 60 244 71 490 33 189
191
64 232 225 118 72 60 219 282 304 27 81 87 240 249 378 184 166 259 244 134 137 116 172 300 158 50 354 267 244 69 331 369 121 93 277 336 212 70 31 35 89 235 145 169 340 355 163 309 84 303 45 257 156 230 313 15 34 233 48 129 167 290 32 295 122 320 73 359 61 368 87 286 273 86 41 318 58 15 92 299 209 324 378 381 347 177 38 269 144 17 204 34 135 292 24 155 238 368 217 238 103 152 68 65 113 326 279 232 238 159 73 186 255 185 376 256 151 355 309 332 32 306 144 132 267 190 156 257 311 287 208 348 26 278 123 87 375 236 155 320 96 151 171 57 199 133 324 149 187 377 357 304 346 110 209 110 90 62 220 43 329 108 83 381 92 77 155 341 80 320 60 111 2 168 356 275 121 156 224 95 208 111 180 141 368 38 106 274 338 115 374
71
127 100 118 11 52 68 42 83 99 138 89 125 83 29 85 115 97 35 64 69 5 107 129 27 101 37 55 107 124 118 42 105 78 51 79 71 72 15 74 30 36 115 104 138 111 53 5 36 47 115 103 40 71 101 33 80 120 71 85 34 25 122 140 136 40 134 105 66 101 137 36
