5000
-187980 87405 -457749 270185 -464978 681028 6288 -393543 -68335 926202 -967435 203997 689024 -532055 45792 -338611 -528478 582619 558285 -694108 -899266 478829 -727673 857015 -340583 -226279 -211102 -885540 199753 581977 567170 -834340 -775173 -759702 656582 -737083 697472 30073 201431 -847760 931762 -87393 501839 -925061 -488362 -315866 -187715 680785 814418 -771536 -591393 -905643 -613796 760359 -151025 -752731 -129586 -808902 650967 257443 208746 765312 245045 129010 960866 -571303 868538 -38699 892290 305554 -231151 -666705 701877 -823196 512805 -17510 804370 -643434 237294 721327 697777 -489414 169811 -56985 -919264 88434 -591933 -785476 109815 -396579 505817 -516374 -451451 -219081 34628 722688 -350510 -396125 -702705 -88536 364739 533050 456999 432740 -979621 534931 571096 -892555 -760581 548257 -117597 -761889 726763 168521 -626871 -350839 291162 510183 559693 -963207 -215833 588059 274288 913420 -841589 -134170 -185203 60076 -313230 -844125 6056 947623 624970 -603204 -276169 -660242 -615677 -653031 963940 -631672 -967690 -486142 -998371 -128025 241890 -216028 -680284 900954 -103143 909229 -893387 722624 -585532 -897926 -670203 501834 156616 664493 808285 -702653 -844083 119368 -14869 473205 145397 -90332 409274 440749 -304185 -851308 -729607 -395492 491423 540683 933848 -885851 -625044 -301045 -39425 26192 -394265 199650 873517 -478365 -849705 390331 224265 -990235 -950651 -762968 602719 177022 187871 -459835 775827 454578 933256 268411 -192980 -364454 -400850 567124 -765994 968139 815017 -544668 -406485 986681 -267295 150600 739307 2939 -426475 -7871 209488 -978873 -626092 689390 -590133 -710679 707054 -529958 743180 375019 -450690 -737011 -420113 -191146 -11565 142062 424213 660414 567263 -967746 -394333 -186359 605052 826411 -494813 -21778 -718982 -362490 542331 38258 -510128 654653 -254246 -478996 -594964 -46271 886725 -664224 -114770 980640 573376 -540750 -750424 736309 249852 -673457 -698266 278192 -785073 -466269 534027 754472 804866 144578 601396 199712 -430089 463271 -581831 502944 988329 -494587 14582 403017 -706550 672323 -247032 647452 66721 413233 -547282 -534524 -138045 807579 -893764 376520 -260168 -596220 938634 403276 363755 -650152 22297 219694 -164403 -698455 -731080 743778 710500 -954593 281788 -496250 305513 290017 -48465 -813752 785242 -959008 118276 -122848 -855739 376687 240859 -342155 -542926 -794779 910373 -33619 -805120 -976187 -246386 -253444 197142 183504 391196 -446883 493214 413928 -858566 800590 -948378 771167 153937 648446 -350141 -724887 -26037 -477681 546367 -682880 -511580 266087 317620 546910 -97669 -36008 431472 716081 5088 -865529 -48787 172439 -773258 -477886 179168 130941 -832388 905011 -878654 580311 107866 556628 173499 893091 -203148 -964002 -305043 640579 423406 -940230 164055 109060 218778 -978659 -987475 53884 527703 883026 160322 -378688 -774169 680528 -786151 628546 -766633 -503185 831849 -297898 -756269 468717 -830966 -56564 753793 -882129 -466239 197060 880480 -316423 617514 438281 -870417 -289339 982250 -895499 301237 -752228 975954 -818113 -790548 676574 -179631 721315 -382492 275233 -634119 380794 599674 -786899 202988 -138453 489506 -690531 -921601 932612 -131452 -272668 -45124 -833580 -941 -956447 -901057 -470424 309319 -839079 -292417 -31870 -678977 767237 456961 -103298 868024 527644 -132174 83578 553453 965383 -9700 214837 -304636 -372355 -840686 950982 862699 -25105 -723641 165338 -877233 -356754 -914279 317554 -993041 -184830 12054 -320635 -414237 481338 536079 580544 -293171 840564 139965 -844869 791620 936198 434050 270323 -346190 -565232 962120 -372982 -415769 657458 445145 976250 -95088 -184390 214782 611366 -363928 -375540 -52933 509232 -778503 -318140 443945 648014 376843 52343 550990 -999786 934052 -484555 689804 139363 265783 748458 -953372 -289941 449987 842952 -322557 -259517 190897 150873 -82876 -269708 601461 984870 -962275 845495 -51970 -339588 -676390 735278 788399 -41113 341110 881683 -24025 -186046 216831 421298 500236 -439174 764087 -161735 247732 269591 163092 -357123 34275 -848230 -446561 -142975 -124791 586108 -695635 452072 380288 -251179 470186 323384 778318 -286054 -995115 68079 825709 -815640 796863 -32239 -104829 409164 -91632 281009 -553448 -718267 554932 150730 49455 673627 -561083 876048 101825 -757087 -579071 243888 -497709 -384207 -999380 996010 -301276 -727753 -397853 -483672 438055 660123 -889294 950250 -879982 779981 -269224 -470277 79200 -385871 301832 275407 -257154 164243 -382279 -560990 -313313 612305 -549812 -852393 103383 534127 -954557 110712 960865 19451 -854027 242090 -738813 318572 -961695 -680813 -943568 -677091 -647534 873596 -197154 -406465 854421 286893 -699938 772779 92185 -32744 -732776 -791288 -594159 165326 -105241 -303414 -339452 548606 307133 -186725 108006 342494 309309 -838447 -330936 -758686 480851 -975482 291509 506989 560953 -723921 379883 -81321 928492 -53240 -445510 -28262 76431 226023 -250572 -97762 935086 780305 323488 -462702 462986 943375 -947714 -170163 85618 932635 -779363 -952283 -263245 -326644 677827 -309100 908834 -492117 914520 -571471 811613 860323 -524210 131847 -714221 -228626 496813 -542608 807315 -216393 87691 8984 -265839 494422 -760089 951884 411296 925552 -239025 711364 118446 -653816 -812633 846902 -21182 -680493 -307120 -637430 103648 855625 382874 -674223 371192 32472 -671108 -211978 -690420 710481 -942365 -252861 -413774 89138 174566 -643464 -754636 107577 587310 504799 -218653 -778234 953931 703982 -331573 82252 -203598 982744 694616 -65743 -74324 -168650 896774 174385 284335 -114216 -21337 551767 292324 979047 -330660 934549 356038 -91707 779279 940020 910605 696533 866343 796267 -535037 -54449 -253963 762344 -52251 862728 6336 -52149 245063 505339 757193 -430208 -320116 -456705 -872980 -271346 -747117 -557724 -315971 382848 333322 -620275 -848576 -764606 -595802 480852 65292 904226 -367669 702723 -191628 589417 -985460 26605 494364 670733 -54267 -311858 925560 330966 -350525 309998 -283786 194351 -152766 -290180 510928 753443 605355 130264 -853104 911967 872091 -859738 -373017 411037 -307715 477933 449425 -77009 526842 232574 -684200 -967344 -143582 644950 174901 -26333 -968806 -401016 743783 16550 -537542 532389 516666 -717907 -431346 -904955 -976150 -288862 16719 56484 -98739 -302720 -969156 249277 -405063 -20966 907142 -352706 861423 539708 157218 -334585 -173183 -64319 300294 -171294 36526 -747811 -481062 -648922 277161 873231 679575 -470505 385633 846977 552492 668040 204772 -119651 -828643 294616 890159 -657158 320504 -347115 947546 -568118 -739996 -190626 -383052 -127579 990706 -62999 -598460 862663 957375 -480784 237466 -223305 -145002 -598405 -359061 878429 572481 967514 48079 -243524 270119 121157 -68269 160259 465657 584789 -836728 164262 -222390 -834362 419777 -468928 -213274 977403 156477 -959578 -502608 793975 777926 -142236 -427209 -528085 -891764 669792 -721088 -159214 122253 673780 412851 34806 -20000 -664947 871675 155218 -344210 -265151 234439 -949477 -465229 100583 388994 -962533 309778 -564351 528639 284481 -56201 729439 646342 892107 190512 -690666 -577383 907713 974455 -190894 -157154 317571 -106890 620764 -245081 -264586 -817271 -910336 -582466 841135 -628145 22308 949030 745490 663756 118441 323539 820614 295703 729525 -128192 -578654 669819 163798 477949 325032 -578171 -795220 -336135 -183693 -101274 95702 794586 -200017 -147589 743051 661902 -451336 136413 979207 -129878 589081 69595 134905 259947 -870604 643817 384874 351237 -469181 947209 920514 901150 -813622 880198 -236169 -947030 207040 -804833 -59577 439324 409111 712073 243577 737571 -762710 696597 190270 -451125 -97215 -478902 -414384 396809 -173890 -699920 523458 -984195 -50871 -763354 -602240 286340 206935 -667043 709431 -809345 -58555 -96240 949111 897740 399850 -324005 -596648 535758 921165 778213 210563 -181615 -46220 -95225 -572401 473334 -771198 -527455 -595139 -136996 190456 969196 70655 -878682 901564 345530 -400723 25196 161088 192538 216040 -13427 309658 -22058 582065 254586 210490 509944 -297197 -42754 653593 -575550 85340 792341 663893 -415697 -293686 839606 957670 952432 -290251 964293 351024 -909242 -535312 -910964 625590 976503 -806696 75602 -193713 -189372 695597 620808 391990 -525187 -551973 299967 -443438 120789 -252082 -735973 811885 415212 -595298 -732464 310152 55067 -968502 -426157 223753 -814985 837323 -936196 755558 489176 -475098 601199 -730829 261224 -972962 570179 -922163 -251135 68285 102647 -279834 -823262 558135 -441351 -351227 -859614 319045 698821 -834363 -305451 -761542 689964 -26362 -824966 -960388 -764408 27170 -87573 -547769 143406 124255 -532156 -279565 732056 394 -932657 -312751 301054 924335 -461956 333994 981910 -683178 247369 114398 -301906 152423 -240052 -24723 -461774 -64073 -552821 -888720 762187 -140579 338808 -815114 714778 -442546 80312 659203 -408183 688856 -556244 -692889 -369769 463033 -765740 -948711 20770 -35848 -450895 38981 920802 25067 816922 812404 313484 876935 316366 -887448 550622 -667235 -756836 549400 -331598 -772171 -332823 -891780 520851 661980 666117 -963912 110942 -650180 60607 541948 966305 786741 -123097 -498126 -774448 96658 -361192 460860 423100 899839 727898 797021 -833346 -971036 -981315 -930206 -676286 199063 -479228 -787559 58939 -622650 726372 -349852 -845425 -684105 749410 724241 -262120 316801 -103977 368919 258994 185866 797044 294256 389604 275324 -537341 -475168 -236826 -569939 -433041 514468 453627 -832972 -240190 -980438 -315750 -663806 -748251 695590 -35898 737450 -218342 -863111 -887307 -677961 419147 -10504 -64771 -233912 -35572 65481 -317591 -299969 316228 -148027 918712 -55164 917536 -490813 793041 -652413 -200008 -288509 -162202 388031 -900347 858005 -416274 159028 901689 957764 -963160 -176841 440070 494100 -846023 -739593 -20428 14771 206994 -915668 -271243 460952 -653434 -633451 -612045 698132 -333209 472970 -648648 -574513 -521512 272608 666819 -380163 -870636 421886 430900 -280189 109769 243317 467708 481156 183982 463430 717413 -90839 -732584 -479730 -586367 -448037 -443225 215938 -758506 55483 -311256 -253672 -531647 -883339 998518 302554 -209738 -637815 -647642 190830 -754913 -475358 196859 692833 -172868 -89618 975704 765549 175082 -987812 -256615 297203 930954 834794 -606670 835795 -851793 476387 -144634 -375951 844513 -964583 774718 -127050 751414 669880 871381 507721 -223467 -278442 81996 -374532 49664 -668245 -210996 450374 -445571 -706131 -873819 -670559 80537 901715 695587 -363348 -284934 598283 -444276 674949 133019 721050 -327674 743978 -438020 -921461 -77796 -802475 -984853 367714 190168 -634039 621914 -78968 -571628 -147309 419565 -602860 -543344 -115629 -525466 -959420 -284495 898711 -61191 755293 -526710 510376 182184 -187066 -693797 -30307 -73598 465158 2104 172788 244212 -809498 -28744 740372 -133007 -236299 -540016 508419 -559173 -886975 577026 407536 -869521 -656187 948720 -775191 137004 471814 410037 818416 -85832 -839171 -965315 309592 -591401 955656 -924335 5539 -819683 461070 275855 207601 -281088 226791 -440177 -477587 944817 -173109 177327 564838 50844 732021 50254 334820 -264121 103208 -330163 218912 21237 -473060 800458 313270 504606 220527 -577385 660055 582438 935217 47074 431705 511834 -609079 892500 81204 833807 454245 -605957 501336 -285325 783802 939144 458940 626871 -901821 384569 561604 -696650 -347438 -211402 276765 -198403 -791766 746826 238241 -637708 333991 328732 -158346 516741 312211 -725895 -174122 810375 943806 308044 -971514 -949139 464669 614322 -681802 -695834 -795712 -711053 120190 -377763 918184 111467 403557 -586995 -286014 -80921 -474084 -675306 216742 820178 -648924 944054 341428 -821238 -89001 634160 -357869 951619 -775097 709926 -283848 115058 679595 -675138 -698632 -323801 -465669 609941 245599 -420287 411586 973486 821366 282372 177990 -721113 -843343 451077 -708389 -706857 824483 972077 -258250 931058 -161331 -251992 537846 750038 87014 259837 952216 -449214 162180 696586 319064 817412 -442606 -696266 661456 703395 140942 130006 364955 -834388 -776321 -653622 137392 234761 -542759 -281782 872345 116919 851868 -260777 198263 523249 330183 959757 416302 840772 45404 -364244 404641 -561655 -720546 -536096 463316 45201 909854 -182349 -898640 428771 -673117 -23871 -815920 701062 874777 -5994 91774 -596446 -853616 -420752 505824 427975 564302 225017 -155758 -345569 -664750 -156562 -796383 527750 -875328 -770096 -74394 403564 -904765 -145574 395779 545990 706663 -701587 -926474 729182 -945501 958989 412379 -285665 377940 -381884 412912 251075 80190 -110749 -384421 619171 328172 -992803 -188663 290783 650389 -298831 -107952 -656950 120115 -289906 -908398 186331 92992 669795 -778625 -70025 -428508 739945 513308 -622388 -641046 682315 855889 -597292 393853 -361562 -974683 -242469 866043 786318 -779718 -77930 -596632 599183 -781838 -861726 -256050 368995 -724834 402577 267661 -391270 867458 -658969 272728 -261596 792961 876005 205834 525524 210382 -758215 329782 -678501 -662326 -934934 111905 -448930 -871278 -440546 510522 536295 -485644 -688708 -178926 -295065 186466 -719476 674150 428561 884201 510817 536355 334179 9094 638167 -390878 291045 -723000 -730260 -8413 57827 972245 124235 -94873 -318632 20469 -220326 965130 -730138 -669724 -244046 -32627 373495 858517 -406198 -723425 -684835 191859 -34640 -12766 485033 -549594 -559885 209158 246634 360868 -412330 324133 448662 -759472 -515159 910003 220420 -585869 490227 -842439 624225 424471 -671917 20917 178606 187886 -780394 383133 -905066 578035 554982 -799847 -142610 896097 15378 -685220 -957385 -186587 232719 -971556 -976310 595801 953671 -790374 970428 59156 261489 -605424 -455510 -698290 608815 -313300 244139 -447633 -330214 -344108 186204 -198309 -767741 -374394 293845 -494302 -245261 846030 993505 246798 960121 -912780 578087 -6547 -199232 -972934 123769 234689 -532984 -646882 -405291 -898986 27581 -101364 -579114 -358349 936457 900694 912929 -347498 -440324 619007 -569626 416898 494921 -424239 454925 610171 772408 982580 908019 202604 915504 -922113 -872333 527763 -221761 487721 652808 -50181 740152 -607492 -376075 401950 266421 -881844 752042 137853 284726 478204 -864110 437258 -4438 993211 -306499 545114 219425 851568 -178787 128045 -319121 606542 -934144 -539722 111145 -111488 -536926 -21162 258477 375285 -527469 180929 -264378 -300984 47378 721004 772177 -736413 -735952 -35816 -66880 -257554 -578661 808404 -250382 391206 -910564 -521011 683158 627793 158876 952121 849909 845222 -595895 798586 -304254 -464165 674185 -102109 783633 -383904 325219 -318898 -511714 -484376 -655921 -372218 188522 -565698 -312654 -492559 400001 452289 58651 806981 -647184 -236738 402702 246758 -237313 -942089 -286067 773525 737960 -376826 125858 -922484 -460647 507154 -445548 -120804 548955 530091 -534495 -991945 606277 344722 583436 -545290 -122537 -510432 241162 -668131 -300596 -564248 -679473 -36776 -451019 852405 535144 -987172 -495745 -437678 513335 -217516 489391 -273239 -359466 500937 -843447 -634901 -369255 -550325 -178447 64314 814928 -704749 -854262 -526756 898565 944560 346707 -669071 -554683 883032 -2915 534838 -371319 -2057 -571363 -139508 -446661 -73976 441875 -620989 771196 -53374 -710764 414635 149179 599868 -257560 -712084 -296696 225860 10177 507291 -23161 377078 -277314 -810486 548302 -208694 -792897 -876887 637695 -971495 271322 -108154 -838502 748088 945178 -856237 206220 -162868 -14295 -393222 -235157 -188654 -823081 518999 945257 -449239 -329005 -133442 512896 -297015 284800 844826 -127706 -58318 -542024 -823308 859456 -31398 -66575 -489009 587485 -540849 -347157 726654 -365659 -467959 -385276 -635094 -104341 -612749 -220588 -725592 239372 -384386 -266513 471325 -885961 666503 -594875 501029 -533135 -682416 -875343 841976 316052 359147 67748 837687 547466 -823975 754736 -407284 401393 -998613 309529 729737 885626 -377734 -904843 98237 248656 988179 39347 -244486 -430619 89269 566536 -597018 170142 -655529 570220 197836 560849 -203504 -190309 751184 339471 259298 201648 604306 931743 910362 154592 35113 310820 733150 917009 333068 500882 -915298 845856 8011 133052 -624878 -384260 -344660 232156 -646803 -965529 623170 5050 503351 544641 -572121 -465026 -641684 319700 342323 377766 289330 -200449 568921 -440987 84302 777210 124223 915630 351614 353479 61141 246390 -383979 230176 -825442 -385321 403776 -484079 489777 -416904 -577831 20896 639742 202410 -127010 253761 994621 -12427 -659027 -388530 976216 -472977 -525598 788976 130519 458374 -612104 -229839 -348136 313937 654771 -473176 780234 289679 -366355 526082 467756 -798826 641190 -886220 -1891 -728233 -11321 983323 199344 -733547 -927083 234922 9379 671886 -283107 -794421 -698244 -291325 341884 669831 726161 725063 485794 -501189 894794 306673 453531 -586321 -636110 -204858 494993 762834 -534817 -627063 -218165 -582253 -332352 157913 -957793 654037 -799890 435389 -771044 -80535 -634224 -789920 -623443 -887677 874347 810988 -670674 214878 798881 141636 -649495 470689 -737563 -393665 -68209 332266 -779318 -997621 956543 -257984 -784194 532822 35546 931442 944025 45622 896698 -720290 -673184 637943 -545814 -352413 -775233 -447481 -678201 -365589 104959 835891 -984101 -960614 226863 -861001 -675059 -627685 812316 -496918 -460360 498516 840048 -281659 635387 284736 -47614 805328 -515179 737515 425331 442328 -471974 973274 -759992 684483 -250199 -997123 -963506 -528767 -398201 916622 181923 398424 -792263 635154 -903396 742684 -139081 -110777 441542 -883335 -580746 -194681 31017 -805717 -548403 -244246 -691013 904549 -993303 553954 553253 -157609 -512442 -205097 442479 605067 119640 -129832 -325957 -650175 -444249 961097 73528 -250510 346616 336265 -225238 -198001 385655 -617647 -979802 -144880 286344 -701860 711796 464915 -831200 836432 674930 566565 -498572 -738465 577687 -162280 634869 -249682 -94058 444669 668727 718903 -783445 314891 -927864 91007 -827762 952067 -190224 911574 -963750 331701 263612 -358014 -831581 -928359 -903894 -449771 -620129 363726 87395 293511 -177565 853110 -760290 93531 96102 -996755 -843970 414877 346308 -255934 549628 443465 391676 -468555 -896306 704430 -891662 463747 -587791 552880 625533 65841 977974 625241 145287 -215789 168705 794558 130133 -598809 -838467 227200 -566021 815049 329077 720776 -223787 492735 474007 442091 447552 -308680 512659 -71711 832080 -614495 -406714 269278 -689614 -235787 -681827 -836223 75361 826380 -893557 -673754 843323 994218 733129 657478 181626 968811 -805368 -313244 -127207 582259 -416209 701723 642507 -580522 436118 -444573 -940470 -306142 556736 513886 703679 851164 -28046 -568841 477575 -784453 384160 252647 -831011 -667068 510840 -928468 684960 886914 517782 158045 448817 -753621 73062 -264560 -235947 732989 632962 226024 -713855 -884900 696063 836322 -104781 -949594 -952406 -600596 707063 841678 -477530 -543702 -193572 918853 729499 110364 237603 -363493 -490211 3305 -630563 -3915 939952 827020 -234642 55395 893163 -568740 -608452 -274809 914745 785226 -987643 439829 -562452 -442418 -171605 -938973 167820 586942 -885738 473454 -732675 529444 -451782 784653 -856191 637779 808504 -225128 872989 426103 209181 -440093 -597224 926799 -312938 -715981 199517 -804978 697159 808013 400093 -558690 -788005 -331620 931970 -658580 -635357 -883041 -847168 981891 -604837 734274 153567 -606114 134438 -72486 171687 -352791 539555 -633474 -958078 -860804 12784 -320381 845998 506674 301634 981572 753680 992371 949898 229549 980198 493160 -182168 800471 -107295 81700 869066 748324 462368 810993 461199 800079 -248491 -918319 332740 -206878 374788 566518 581674 33213 892266 846267 514877 -934901 307278 -248784 -260943 -579658 951771 -980300 641019 -156287 829304 -959669 757117 -333874 -271701 925505 -354067 595453 501078 851003 758637 933554 -135227 -875450 -887649 753517 -684182 83307 368029 574102 706752 -694133 598319 701197 560788 -301961 987782 6471 473787 924410 -542561 -850942 176139 173603 714077 -922045 363023 -535338 497873 906910 -903824 577382 945617 -772525 162207 -725682 -64087 -814736 308359 194895 63361 -822949 -749004 -166096 75704 -430505 469146 58190 -929218 -538630 -31701 -224626 -63480 956010 -995226 931125 -160351 226835 -197225 -183356 166746 328359 -114001 -64442 -539950 -658290 869505 254618 804333 146327 -547433 611275 -770350 894287 650325 -640952 601345 586669 631699 -451835 -784328 402409 -620716 618918 9366 607962 -270522 -889357 953425 -338345 -589987 -674645 808772 -570967 343443 -661633 242338 2822 600981 208172 -407481 885376 296229 458754 569261 206495 -862488 105804 -628886 -415604 591035 -578542 665323 896014 -679605 526421 662687 -505093 716247 -333212 532791 -421953 307064 350237 -622087 -483608 -546870 -59061 628948 49311 -264415 -489177 105892 3548 -791981 962981 -17989 793226 399201 590348 -494655 -85428 78082 952426 -782385 440728 588037 -750121 937154 718439 295578 -297927 -18471 993029 -61703 -985297 -585962 -295291 -76520 -650957 997729 -660101 599844 -686449 -600903 -106475 897442 -439971 -493774 85993 -698923 730818 265284 808318 -688100 -182880 665725 -782517 942168 -133407 -808648 -51586 767056 372629 -878441 -652158 248602 836147 342828 -473962 314530 -686209 -576573 -17788 -979427 -749847 222345 -94331 728759 -386221 -553100 -432217 644304 -283972 414145 -560872 861640 61232 177681 -624965 369735 999729 162998 157091 859518 -634938 -832072 -760724 -118688 77209 743248 701887 -868612 484861 140070 -575512 312606 -958829 -399329 944603 305227 256076 -687584 750463 -371252 283958 -910006 719542 781448 853803 886821 852674 671625 406079 637222 419922 -524387 812728 920674 -645576 66712 108652 -160233 -841282 -496511 710680 -890390 642926 -591347 439782 -825377 841353 417626 940000 852113 -514360 234560 -989191 427957 -306770 -371848 801053 -476253 -806226 -179208 -482451 149787 567879 458103 613810 -457924 275211 -11176 -161591 54072 -664122 -957235 -853987 -816487 -381279 -209637 541112 -732031 -599454 163554 511144 680709 -148514 -596558 947930 41769 482420 -826754 -200149 193937 -828805 -698488 827558 -494460 -253351 870126 -698635 839759 237007 295061 507904 -141993 961718 170008 949040 291380 -846833 959486 474768 619994 121045 -968617 -390934 -662966 172814 -157247 -720772 225952 -205874 666800 868538 250293 -115218 411959 -987547 89605 -859781 -507517 82905 -309004 374273 -893117 400877 72533 800610 770405 -481950 -114060 -358441 -701611 689448 20645 541785 -448471 532219 559296 -395493 939307 50975 -578377 825179 291044 650841 -349808 -996814 -996634 652099 234884 -5339 69247 85287 886855 -363963 -525470 908621 938945 -728927 -94419 588415 -911378 282300 805584 -64609 187990 -27299 -656741 -752740 -640935 233627 991809 413917 -672762 -749732 -902885 142684 133217 41543 -76803 501883 -313324 12473 801938 202892 390941 995975 143239 688409 -590190 227020 625200 -326693 -429169 110084 731733 450599 581410 -749524 730125 -177260 -684604 -386541 -38453 656202 -61221 -29145 835019 -423565 348347 203063 -263931 -232484 13489 636506 -36595 380607 -421998 -362782 495478 -841114 -382858 152127 13537 -969412 -639010 -312418 215152 -751769 16327 -474649 -925303 210849 61245 794527 897701 -604927 956751 -249704 40947 78608 -591290 839201 -685494 -679198 -866661 953768 -958419 -256243 -731054 754727 -430486 501713 -888547 353075 533569 -422345 925793 -120946 -456867 734 645594 156343 537596 617923 606464 645950 -779333 -969513 749379 -565534 870060 502673 -248678 -143084 -836347 -618351 620633 -158193 421185 182184 -767916 96515 -75371 283568 426243 243429 260492 -433304 -776869 -22661 752820 503320 883595 -798112 -1820 -649856 270988 83824 206310 -525959 192208 -934318 582536 632269 54908 708998 441135 -469677 -513562 806890 -281934 107693 112372 908296 140956 -234069 -881351 -926167 156615 210617 -962209 -201068 406700 -685381 -400230 141063 512201 -499571 -247027 -805438 -781935 756971 -478774 692409 -605966 441369 -977023 662826 541135 363248 -121436 -834683 -457420 -989738 310870 456755 -725805 -195279 292857 -405079 812772 570883 833781 -120630 -197111 406040 -769649 670430 -567991 365175 -28110 -700719 -504924 401030 487808 -894206 -250009 -311440 808193 556494 863835 759619 940729 -226023 329964 815200 -842787 153317 19955 -58765 -516702 -72318 -772937 -907331 -351120 182905 -610240 -501254 335485 -81487 762620 -562381 386980 -160276 483885 -938407 -898139 400833 47040 186483 23991 -888102 -109822 -972181 -213174 -123373 -76742 -687759 -290191 883193 570408 -96291 -312413 -818022 -984157 795875 447445 -469412 100789 825295 345294 489601 -354955 -726566 -695993 115633 944495 772364 -618802 -376902 -154262 -502125 -935092 -818496 -812043 -885620 -910258 -517011 495053 -697762 -342498 -442943 -431761 377453 -411828 248978 65250 -406861 774916 997643 163282 796346 795908 -38972 -69452 540033 -506500 -13087 903763 850723 418050 364263 683217 -464608 592070 568026 -285089 651726 598298 -967910 -919243 315166 586201 370545 -203460 279012 -63554 -483147 -654051 413464 -496258 858039 -616122 -64649 -818269 105741 511926 -110916 -981039 -702439 -66744 -165845 -874225 425588 504779 -340683 -126893 -226327 -70116 729795 -665370 592456 162380 99557 732828 -100664 -878358 383087 821412 230311 -44806 -83473 -402579 -490484 -739299 108860 432597 539154 929141 71386 420327 -767797 545605 -750825 688412 912246 409413 961358 -705969 -571560 -862942 -863564 832547 -117447 593160 246523 359518 -629355 -888634 -823383 -950035 48173 -185204 -447260 -367732 -608726 -109759 -319219 -124006 427732 -266730 -27633 376746 -501008 -509100 412387 338214 809432 -53648 -362262 -267079 -600667 -69393 -549381 617384 -326428 107634 -445218 -564719 100627 62395 -323440 833740 -114070 442606 -267194 931791 -796677 628661 -981196 -743142 407091 -342538 -552911 -530965 -515715 -831480 645410 -546816 399094 -873483 283043 -769403 -710490 -617311 -404551 -62433 -244333 -698142 432779 643644 387867 186428 -477896 481028 -123152 970032 -983205 -296326 464265 961387 458711 625514 -390320 850752 -488200 -662421 -331910 -483718 -513774 21864 -798945 -814749 217737 -40171 -503825 630128 -607682 606186 -793276 -689677 997165 928508 896763 841392 558260 758054 44610 548620 -465409 -959969 526078 743160 -872624 -691756 -37185 123922 -688272 -842990 586097 115700 989725 977686 -850303 -326943 -511066 696340 875648 519339 233831 -517402 -305402 -541717 -738685 -399615 -430730 412557 183219 -123975 -214444 -294349 -87080 -386524 844127 525669 -279535 747662 -191224 -64877 -672930 268173 300718 -666425 -644416 924828 354082 97662 -489895 30407 622684 450923 -42855 589896 -545821 -982913 -280120 180297 -290865 698808 598871 545216 55902 -989408 -200213 -143010 81905 659884 931924 -240720 788927 302355 386908 -798410 878929 505939 -904827 -142655 -966498 -398210 -637086 -948924 218075 -468905 949560 586524 -903877 -607774 93830 -682202 249330 -152495 352806 362460 -597618 595114 -237361 390228 -405048 -971084 250799 521178 696070 234151 -227893 -384826 160955 -262664 756305 558886 -617464 655551 225215 149264 387681 169769 24604 637022 -777463 67890 856854 89999 204642 -921308 763357 -815309 -433537 472606 234093 649707 373072 -423699 342205 428729 -638030 -234095 400338 452027 200591 -114225 305938 761535 -91726 742857 863069 -976695 -738283 512026 676603 648710 253673 -34718 591026 195763 -388689 -310649 916101 514595 360750 -523094 -935022 200180 611489 -967721 863587 232547 -783529 -279126 -311072 -678153 761506 -391867 636154 33551 199791 -389168 -551049 936061 19637 347501 -14222 120195 393521 48506 -815414 -973771 -106833 -512244 117111 48009 150948 863073 845922 -207771 -109094 391056 -563054 119234 -44356 3801 789527 387959 239968 -103311 -14374 -472872 627735 -849588 -256046 -224295 608926 635210 430731 -228723 -965132 -521320 -348753 9457 -48862 -338682 412345 -590603 813461 -497865 914056 344638 798587 612907 720727 -410280 -661924 53047 -549457 -899944 643292 -533804 -421746 338091 -240640 784391 703297 578390 -891815 -706957 804900 -546004 -726148 -934976 -52284 -979470 591949 -166664 468663 327444 375361 -365495 406837 515491 625719 -589619 35049 298530 215719 -356188 -645491 -628996 -267440 938773 -752215 -229973 666340 330131 313881 200147 469322 626309 414760 250819 -74733 -602307 -190245 -308444 -515496 -109460 -214585 -831956 983191 331924 -565986 -149982 320812 419119 515602 19743 -569281 -193080 -630623 -191365 -527300 945707 -340800 -196615 424543 -37827 -736294 -252655 -610154 663462 55572 952188 -75560 886895 -625112 -51969 377295 -521540 361323 -950677 -674840 -852069 4900 -751869 -717660 -30904 796235 -777685 350180 224126 -516813 -920562 -420599 -705696 -403138 -165225 336460 291911 -702257 -942370 -614698 -856868 -893210 -885363 -105103 891426 -913381 343613 145267 -79550 321578 982341 -264494 54960 -578257 491896 161280 -104573 -410548 -989693 -282470 107334 618009 23680 537777 471065 281611 -801928 414338 899961 -806108 -455226 -150524 -944949 -954445 21557 872659 914259 129492 -697579 -677323 215878 502279 -872284 -32186 -281282 -215714 -387321 -252453 -414457 -6528 -525164 452413 -638686 -390262 -822776 936733 -524487 923141 158939 245886 -837754 -558317 72506 -940887 -380216 -81336 -123203 -440183 -152317 -330191 263549 522045 291062 -314265 477953 -488566 84651 777859 -246088 -82083 654104 -339322 532074 620333 820196 -644291 231697 210771 888542 -123415 -979931 -507570 465884 -205442 907060 -233129 -470906 -462694 219660 -305442 -231483 599400 390632 -532951 874683 129486 -648761 -607060 -560431 -227841 -605281 -143621 -39980 659452 -27577 -761766 792934 -408500 -825363 -89369 887240 -733216 651924 968043 -178277 848415 -119504 796494 -236633 -787080 -977886 -703272 655303 954438 156541 -45842 531763 678465 -795502 580160 64489 -221043 -178920 501693 468664 234319 10745 528476 -744814 -682314 -556317 -780279 864102 52863 -148764 -239439 -692029 556668 -282365 616858 505766 -312146 -975394 -155353 -975057 257071 -82298 -142338 404302 -663218 -311888 286543 585072 -158920 -153725 -541765 -984709 61333 -121267 286366 486466 -277009 680429 -133733 179809 449323 -745907 897590 442930 -544858 -804332 -302884 101725 147414 -354623 71456 112824 -294970 -75197 269595 -133592 -166289 -101239 495481 452418 175025 95609 765815 101662 -876124 -974416 -236920 903959 780884 -699941 -401936 -730675 -670074 -654714 216900 135502 747466 -403264 710257 290589 89929 -138641 -585765 864538 -486690 682249 834810 76367 309932 792512 422004 725543 442836 -581743 770889 -636500 -838612 -391563 758552 -969272 -705889 221887 -753780 846602 361491 -866970 -239987 -977867 -177772 747521 411683 146577 -508997 -856708 -539904 862354 942934 954637 -444233 27385 373800 -681088 -639740 -557637 772618 353636 710305 902155 -85970 940167 -36341 -115229 -434510 861537 96638 626233 501063 -86903 547151 -473810 -303447 -48674 216851 -553448 -70087 600165 -810007 997310 -242508 154891 627822 419036 -445158 -99287 -989710 -531391 -886520 -830493 913312 -80406 -341600 220309 -671015 -729995 -387361 -749016 -378381 981761 -145122 835886 -902122 579643 -668903 696154 -960969 689562 842414 -619455 606707 -560599 413410 -311764 -27269 -653663 -351856 -534469 -798825 1628 -421887 -978115 361088 349712 -223172 -959615 74095 210842 521180 -47236 -713538 -753305 520862 -231916 -914973 118813 -623028 -16125 -992840 360781 457616 244027 -283499 -142278 482360 -108078 -790581 693839 -849855 -770359 -596347 301675 -99573 133494 219772 -953525 -837421 -4075 265034 -66923 -561499 293351 -28355 -694035 -822678 833217 -33633 253433 202950 -366487 685838 475398 681011 -718965 -396100 778124 -886937 -472214 -829969 81557 -588712 -272226 722630 406718 555837 -735725 513608 -474441 637075 -603387 812812 381354 451899 298114 655095 329666 876665 -141510 -390275 -330980 890499 859908 202741 -81908 -978451 -267506 845462 -378146 494001 -360131 85782 363560 539384 150873 -634498 960995 970800 735095 170504 -763172 85440 753270 552980 -921686 543489 -573346 -641517 910418 441791 648088 -693750 197515 -630454 -370258 -257592 -66755 -157366 -244288 215790 -765152 -618339 -517902 -598976 -293101 530237 -408058 931687 -446075 496677 -269676 625767 -230834 -31421 864500 935176 -688246 569841 556689 877715 -326978 -999431 422876 -636004 -718254 -592723 487027 -674256 827038 849928 -11874 427516 -362722 272206 966606 -292522 205495 -372897 -74115 530568 -163079 -923498 1965 226151 -348594 -461341 148813 -49342 561047 238546 948357 58797 -835209 -356797 -1915 -576371 305134 365256 -197896 943016 361583 -949868 599894 -556602 509526 -184851 -352176 -228322 -448946 -937801 643811 534868 -210672 455079 178538 -297240 -36208 958799 -918072 848268 -52368 -451860 497939 187093 -894748 -922110 -418858 -260086 -146204 139648 -206542 947306 635137 367986 -484157 283863 770964 -26718 869453 808015 312847 -594080 -846865 376659 -665419 -215419 -651257 651523 -726783 144763 403557 -167891 846650 -89476 -404101 174132 64967 751575 -193329 991691 -305122 -842961 28441 846600 19110 247599 -640566 -682984 -872925 383299 684466 -966911 -608733 635131 -967129 -944044 -616956 -10856 573772 822781 406732 330396 725044 -779209 447769 -316207 -858490 506805 930044 -672217 -878377 -8359 -463417 608611 -647199 787228 493509 -869600 -480394 38851 -646028 312983 -177673 -921910 -885443 -620233 210273 635547 75483 -38794 -288341 200077 996076 452377 -540475 16202 327449 -273377 -392551 -595152 196798 825232 499198 -499414 -544378 -607713 882734 718686 723055 -569106 127904 -922885 -273991 -643313 -899806 750561 -139678 486210 -203701 869164 880604 -417243 625914 -149445 -553476 452097 648686 -533573 -978627 207556 661736 -133477 386603 461541 814076 216295 -334636 -103861 347885 -623123 -922574 -59890 -2586 87013 -837973 -468469 26428 195951 -904511 -836657 -948864 682855 445807 550068 381284 -621959 786474 -716466 -45619 534534 -104091 -72379 -800616 -568636 -360211 481555 -667603 -689760 620351 -555332 -4903 -215309 -464937 893998 -776982 149697 -714758 444445 -5035 687345 38294 -528008 957366 600040 859797 335379 -256879 935727 -795590 -374039 -34414 359725 904640 264969 -968116 641423 -144555 365784 -203401 -731138 263841 -626041 64988 370729 541326 210067 -679226 905497 768691 589725 -467793 -741837 714382 609153 -588980 280986 451582 309665 587653 -804297 223203 223947 -373350 -997023 -585500 759236 -668812 -299657 -919115 -65918 905381 -754204 -654918 298663 239173 693881 997327 -835639 -494083 338100 -145793 112053 531663 80791 -353915 311474 493314 566146 782196 706507 -741462 -603460 -700738 404986 531422 -841852 -643277 577413 -878273 -858388 878991 340421 400944 492132 702276 -678691 -127259 429249 644587 739108 -383199 157448 -99297 -861835 -232020 915238 328034 500486 565593 -891676 10976 -80017 268260 -516087 11992 611678 -116362 46626 -133102 351700 -723628 -379477 -686343 90667 447231 706808 -683964 659445 79267 -796128 831492 -637474 413292 144484 828943 -653952 773284 642794 -158859 502713 -967226 -995665 -164457 -621673 846902 -350436 240667 -279932 803972 837055 11804 96671 -546807 -7806 455744 219540 837829 943028 783894 483646 124964 -307387 -6599 -158319 108879 -132626 -501464 -314311 -98566 730924 135640 -482062 -182613 644989 -724418 120727 733698 -934925 -589958 -761832 -604018 -55942 85816 -495343 626205 -420553 766389 -621004 642188 902862 -174217 -983955 931188 700389 -462346 424433 835846 -452841 572519 -216175 -964179 -598217 989052 301483 -733015 -154531 -917117 293361 -784611 -340014 399254 637632 -457207 907116 657895 -908072 -13293 -326630 941972 458383 -987663 795721 236626 920332 772108 -609162 -977367 -419008 -565428 -44302 -436244 953782 158607 907106 -239862 -504054 418548 -568088 -218972 361587 275380 -539015 -10859 -501172 756671 -669441 12758 -897893 -132617 -219230 -513526 61986 -652877 -710502 288906 983118 398113 627931 708740 -22173 427336 351790 -747322 491450 -144724 -616231 -678701 -881629 -659957 -218699 668406 -629553 -565767 -345331 -177179 81466 -690814 -170276 -640328 14717 14209 -679999 587457 585261 179861 -474950 -771571 172741 980338 190475 -777254 -262563 -823685 610636 727685 509169 629500 313862 581361 385128 691784 -535948 -704647 390191 165986 291799 -888549 495444 726190 -693821 5989 -943274 -420304 636754 -600987 657435 584818 -442161 -951631 256824 -853078 -436745 -151078 922679 -965351 559166 -750209 -461698 741548 421543 -733029 -922163 -969460 733122 901097 -807800 -346756 35156 470955 -226374 69722 662911 639961 -815065 -669099 -479945 683995 99157 811695 -286016 -382952 -730989 500739 -587650 639781 128395 431529 -14677 318037 -214008 337124 370721 -483954 63217 -66109 925048 -871588 330436 -850351 -231879 -724419 -409198 -12859 -720165 460565 693752 -759713 -842442 -137036 830248 -455433 969503 188874 -117505 -79186 817962 95737 -700247 -699570 627335 -453782 275190 -136010 443273 234009 210577 229853 603102 35173 713469 -579546 750264 186675 -124296 963181 12532 -439541 342904 668982 673922 234668 -767492 -158420 -225795 -808886 -126782 -40733 54126 -986993 275247 -333277 214589 -362490 833275 -57730 -520029 516373 -294829 32560 644055 -478488 540617 -736931 -322402 529239 379089 717829 600942 -815686 -566303 403049 829947 -985295
1000
4112 4399
464 1484
4208 4552
79 4782
4049 4717
3711 4974
245 4796
1416 1974
1563 4736
3242 3271
1622 4427
2888 3017
508 1899
4201 4525
3221 3980
2903 4323
431 4558
787 3807
2906 3766
4502 4652
3376 4560
287 4197
3801 4448
2849 3644
1547 2958
1157 2618
3108 3323
4334 4749
2829 3451
4501 4841
1108 2441
1682 1851
270 4849
2743 3906
2513 3877
2878 4547
4945 4965
184 2443
2290 4102
2097 4418
1167 3205
551 797
4951 4993
1395 1878
3405 3598
4267 4751
2512 3883
3644 3721
1148 4008
2606 3366
1464 3762
4049 4328
1815 4213
2111 4933
4228 5000
439 3240
736 3175
3857 4141
644 2215
2763 3058
2192 3681
2769 2998
2218 4765
1698 3811
985 4382
1583 3825
3152 3419
1810 4741
3909 4798
222 4979
3908 4079
4910 4974
352 846
3927 4789
4126 4277
1069 4308
98 2085
506 3935
2372 4286
2596 2775
387 1164
2534 3582
1071 3029
564 766
2171 3038
1189 1907
2464 3775
3240 4398
946 2816
623 4613
2121 4975
4841 4984
543 3502
1919 2460
1700 3009
2924 3243
682 2875
3350 4010
1134 1246
769 4568
3391 3913
3510 3571
269 1119
4499 4913
4732 4999
2220 4646
3687 4587
176 1644
3809 4543
2818 4085
528 4250
375 1312
414 2976
210 1658
2272 4348
1117 2877
1350 2594
2457 3575
447 4291
1376 2980
3034 4314
4701 4941
4831 4926
4075 4728
2389 4712
4683 4811
4967 4993
2567 4099
2511 3439
4749 4955
542 1958
2193 4248
3517 3997
4838 4985
2528 3573
2747 3107
4517 4790
865 3633
3274 3501
3573 4654
2895 4185
1075 3423
4076 4319
133 4034
746 3475
3406 4894
248 1488
225 3693
1374 1659
448 2777
1861 3718
4153 4192
4981 4997
951 2266
1207 4277
304 2373
1636 2672
378 2209
4139 4232
1974 3913
3756 4233
1794 2126
1720 4725
3868 4595
1399 3584
3453 4608
1849 4586
791 828
4796 4893
180 1481
907 2269
347 1227
1625 2223
2458 4711
3303 4516
13 1281
2526 3723
4425 4436
3792 4736
4887 4934
64 1023
1712 3890
3174 4904
4828 4857
1133 1786
1785 4803
350 1291
66 1443
1648 2402
1407 3845
2143 3597
2749 3587
1964 3324
1254 4910
2519 2683
1018 2449
1192 3518
1798 3538
1079 3708
259 3723
758 2604
4507 4827
4865 4989
1063 4197
2086 2468
1592 3763
3659 4035
3923 4638
3897 4262
392 4802
4754 4974
929 2597
709 1422
3304 4040
2690 2704
519 4029
2195 2661
1561 3645
2264 2970
1298 1874
4941 4950
411 3435
3524 3650
2724 3245
1535 2022
273 806
3556 4844
761 4514
4183 4261
3320 4641
1805 4194
4948 5000
1970 4861
304 2388
271 774
3388 4305
3344 3802
3487 4752
4401 4550
3975 4641
1673 4299
4218 4815
1200 4032
437 4053
4233 4238
4592 4662
4040 4388
3179 3243
2549 4518
3178 3320
22 5000
635 2854
4933 4985
2549 3224
317 2520
2546 3045
749 3536
3345 4343
2153 3362
4379 4551
1127 4219
4251 4750
3327 4283
4678 4991
4087 4373
4739 4972
2317 4475
3433 4993
4564 4950
2911 4254
3488 4400
1038 2530
4715 4911
1120 1566
3489 4206
2550 3742
1754 2142
3204 3905
2149 2661
4991 4991
2568 4900
1464 2120
4127 4616
944 2210
3545 4737
3534 4494
2621 4305
3033 4706
2262 3088
1482 3079
1253 4041
671 3491
828 2582
4758 4773
1095 3993
1532 3935
2931 4972
4194 4651
1554 3237
3840 4731
1025 4313
2791 4508
937 4316
4046 4978
2797 2949
543 3678
1480 4177
2547 4661
2770 2956
521 3115
3044 3327
2491 4524
2023 3310
1953 4813
2645 4496
1567 1803
2868 3229
4153 4200
2889 2911
1226 1447
3484 4333
915 4098
2702 4294
166 1028
2416 4869
3911 4052
2738 4917
3444 3755
2648 4601
4110 4535
2090 2953
258 4296
4977 4986
4079 4594
3788 4987
4103 4869
2233 2756
1934 4569
956 3380
2726 3071
525 4509
1303 3272
2692 3791
4150 4629
1408 4753
4283 4736
1729 3642
1703 2518
3239 3566
267 3830
2525 4280
3170 3409
2330 4019
2573 3584
1763 2916
3631 4487
1695 4923
3051 3271
3461 3756
3636 3898
4502 4950
4202 4218
3645 4020
2681 4768
4728 4750
3774 4448
4030 4785
650 887
3090 3337
1082 3198
3960 4639
1465 3982
4513 4670
1534 4285
4851 4972
2616 3812
3069 4308
4663 4818
2131 4290
4585 4753
4523 4965
1212 4128
3597 3731
2093 2760
2087 2403
60 1082
3266 4362
958 3129
1820 4167
3111 3280
1361 4117
2473 2942
4258 4728
3378 4468
3858 4598
3436 4712
1405 4077
1917 4679
1090 2811
4816 4851
3171 3971
3008 4799
2041 2753
631 3238
1851 3137
310 3978
2365 4484
4600 4785
1672 3317
4161 4753
2355 3314
4872 4903
3210 4632
2747 3506
2214 3134
1738 3777
2534 4958
222 4361
3395 4065
4698 4900
850 1186
2411 2920
1905 4723
682 2100
2652 3309
2035 3286
684 4368
3259 4664
1482 3563
333 3024
182 2530
913 4642
3486 3648
2433 3024
580 4142
3103 4535
4185 4738
4873 4986
4839 4982
1448 4095
5 3040
2839 4761
213 3409
2166 4393
3175 3810
4934 4952
1606 2904
484 2718
3162 4247
3903 4915
1738 1786
4775 4894
1837 3041
3970 4273
401 3617
2222 2745
4866 4915
3916 3999
4837 4865
2325 2758
3939 4703
3400 3725
4228 4669
4171 4594
1789 4476
4478 4527
3954 4920
3221 4004
4667 4979
1500 3444
462 3824
1717 3918
3338 4867
2761 2934
1508 2281
4065 4970
3143 4689
1464 2544
1349 4279
4700 4871
2588 2963
626 1079
4185 4330
3975 4914
2715 3740
3971 3976
1232 2260
2054 2387
2851 2880
4067 4599
1034 3351
1195 4120
880 3346
404 4096
585 999
4336 4916
4782 4900
2033 2118
3105 4092
3593 4670
2980 4424
1960 3976
4081 4647
1634 2183
2149 4755
1855 3020
106 1425
4998 4999
3110 4337
737 4320
420 4311
2098 2907
76 2369
35 3029
335 2879
3493 3763
3032 3064
1704 3853
1211 4982
4381 4521
3068 3796
3221 3741
1885 2235
3336 4903
3776 4735
2629 4681
3362 4905
2389 4310
4250 4299
852 2342
1862 4806
3656 4414
2484 2593
2714 4720
3974 4212
3493 4893
2781 2838
82 3927
3127 4368
966 3305
896 4545
4966 4981
4636 4949
2413 3694
270 4403
4585 4742
4203 4548
3957 4084
3516 3674
1139 2300
1458 2851
4493 4775
482 1382
746 4898
3460 4752
3290 3759
331 1204
4507 4857
2962 4055
4956 4996
4591 4650
2427 3652
2516 3098
3744 4940
173 1786
4055 4216
1876 3239
1379 1699
3349 4165
3040 3361
573 2552
2401 2876
3760 4721
4627 4765
4633 4806
1054 4060
937 4571
4423 4692
1664 2841
1983 2443
1382 1643
3656 4006
3967 4879
3149 4440
2165 3993
955 3750
1202 1910
2706 3780
3664 4261
4054 4527
3148 4315
3095 4440
2329 3754
3875 4708
1721 3732
1183 4815
3628 4340
3992 4608
4237 4577
3123 4187
1696 4280
4648 4931
1587 2339
1937 2081
1854 3128
4792 4908
1359 4860
4776 4825
3520 4585
744 2151
3675 4289
3486 3934
445 4119
2149 4312
2649 3908
4458 4998
4515 4768
155 2091
4356 4373
3138 3572
326 2664
3487 3534
916 3238
1632 3430
4144 4569
1096 1687
4403 4624
196 452
2137 3188
1709 2513
1555 2258
534 4869
4342 4454
611 1133
820 1774
3746 4865
2862 3498
806 2644
4632 4843
3572 4025
2590 2749
4915 4962
3246 4627
225 1438
2031 4690
3762 4119
190 4339
4955 4974
554 4755
3647 4461
3496 4943
3333 4060
2791 4254
33 3680
3854 4245
167 1446
739 3492
2759 3454
134 188
1219 4096
2867 3032
732 3033
1184 4346
3703 3873
2570 4463
2707 3355
2940 4150
1650 4207
1522 2752
459 1216
3477 3803
2762 3117
3314 4022
2427 4365
12 275
4635 4903
307 1423
2022 2827
77 2081
2299 4096
3865 4369
4415 4776
4183 4384
2742 3035
4621 4684
2295 2985
765 3890
4011 4329
965 4558
3536 4027
1768 4190
3200 3840
2277 4196
2209 4418
3215 3272
1249 1790
1540 1874
2475 4481
4388 4955
3888 4027
1801 3336
4911 4939
4399 4417
2474 3198
3030 4830
666 3069
1567 4635
2285 2393
4526 4732
3307 3565
2892 2960
1908 2938
2640 3296
3294 4066
1536 3991
1319 3321
4956 4996
4096 4298
446 3946
2397 3261
4840 4866
2521 3505
2032 2033
1531 3052
431 4056
3926 4900
2721 4821
4604 4664
3408 4963
1096 4644
4362 4886
227 1697
661 1223
1983 2466
738 1055
4156 4178
2156 2513
2674 4727
2491 2724
2360 2839
195 1742
3256 4609
1060 3558
956 2598
2031 4288
3970 4154
765 1571
2092 3999
279 1093
342 2850
1710 4089
4067 4132
4811 4975
4056 4980
537 2029
4495 4978
2958 4343
2728 4039
4664 4975
1176 3656
2902 3245
164 1046
4467 4919
4738 4939
438 1285
2240 2965
3813 4932
1589 1820
5000 5000
2157 4838
4324 4666
2385 3711
86 1522
45 4654
4569 4988
744 4206
2509 4594
3497 4744
1991 2480
3086 3279
3696 4944
2971 4478
3374 4053
4467 4551
4405 4739
1769 3417
2330 4130
2764 2817
2362 2377
4421 4678
2097 3427
398 1951
3280 4055
4617 4779
2279 3632
2248 3559
1084 3355
2701 2787
187 2761
718 2347
4582 4606
610 1127
3084 4667
254 2639
61 1423
2021 4592
103 2223
3359 4086
2655 4686
3848 4508
744 3635
906 2621
247 1272
2161 2834
1852 2703
3317 4124
1731 3857
740 1449
3843 4161
4479 4755
1734 2674
673 1585
2722 4642
462 3462
1658 3435
1666 4311
2179 3709
242 1376
4556 4980
4068 4433
4193 4608
1391 3072
1661 4804
2580 2830
4536 4539
1114 3610
2759 3907
3805 4008
3904 4766
4184 4386
2686 3990
1302 4855
1224 2742
2365 3192
2009 2348
1406 2968
1284 3809
4885 4993
2831 4298
4932 4957
1983 2204
4419 4806
918 4963
4598 4871
3164 4474
17 63
855 1803
1913 3171
934 2017
3554 4640
239 3221
1776 4353
493 4127
310 3423
928 1733
3149 3966
980 1325
1253 2381
4162 4266
3565 4643
4609 4899
4474 4704
76 4168
1914 4670
1435 3603
4596 4608
3689 4102
2061 2131
4006 4483
1242 2692
4669 4785
3223 4919
4080 4291
424 3159
4416 4783
3122 4914
4127 4340
2173 4753
1775 3052
4010 4073
594 2317
1586 3303
4053 4496
3381 3597
4953 5000
4198 4549
2665 4686
3547 4492
673 4237
1369 4323
2281 2886
4507 4601
4671 4844
211 3683
2512 3340
837 2680
3188 3434
732 4669
1536 1632
600 1627
417 562
1462 2955
907 2037
2822 4575
2315 3027
2843 4616
3592 4486
4535 4890
212 4187
2692 4264
3240 4189
3946 4613
1529 2349
94 3999
197 2197
98 1938
2311 2406
519 1267
2126 2812
778 3367
63 4152
1668 3825
3168 4484
1928 3632
3519 3989
1054 1389
436 1046
2250 3616
249 868
3118 4174
3671 4609
2970 3769
270 4827
3653 4978
1358 2238
891 2711
4531 4976
181 3382
3709 3917
4822 4947
2345 3443
2941 4138
1369 2816
520 2461
1807 3414
2645 3958
3053 3133
3645 4459
3394 4258
4472 4966
4844 4901
1501 3501
177 2052
1603 4531
125 4453
2101 4709
2066 3916
2010 3059
4738 4874
4453 4682
471 3102
2646 4486
2278 2528
1860 4753
2155 3872
3183 3528
1292 2026
4956 4992
4026 4656
3845 4536
4533 4673
655 3660
2821 4820
1628 4619
3342 3659
1887 3217
2901 3475
743 1390
2712 4541
1188 1888
3223 3366
4950 4950
2714 4925
4642 4998
4540 4977
4859 4963
1039 1893
3725 4403
3503 4491
2123 3294
