50
-129199 -757360 -111099 523329 -102511 -281873 959544 789784 41898 -180988 525551 -324955 794490 490203 -540726 -343108 558748 208007 708187 611697 -221019 554989 -508492 -751689 -314718 -896287 -677603 -133919 -334049 -450508 -5258 375675 -141945 26653 579651 931604 966437 745031 -132375 323126 134288 -698131 -88946 -230190 -433488 503141 -938512 659114 724976 174362
50
24 33
5 6
6 25
48 50
48 49
49 50
37 38
29 41
46 50
44 46
18 30
25 34
22 29
41 45
37 40
13 36
18 32
42 50
28 41
44 45
1 36
10 10
15 20
36 37
29 37
44 45
27 40
19 27
41 47
7 7
3 11
14 43
14 15
12 13
18 50
24 28
36 36
35 40
18 32
45 48
2 38
31 39
38 40
34 43
1 19
24 38
23 25
17 17
8 8
35 36
