60
6 3
5 3
7 2
4 7
1 3
1 1
5 7
5 7
7 3
10 4
297 465
761 509
539 688
187 566
902 508
571 975
562 905
465 819
631 567
19 171
81 579
302 393
359 707
249 296
231 502
129 724
500 913
400 794
870 873
285 819
9233 4000
9627 9878
7209 4416
6165 6630
1193 3505
8484 2742
8781 7903
1461 4874
9573 4786
8797 5017
9486 8234
9804 5316
8795 8110
2791 4542
9559 5738
9420 5455
5228 3343
1711 9349
1844 2259
7002 2441
9242 1794
7044 9840
6456 2631
3823 3642
4069 4765
5156 9410
2795 1638
7044 2048
3589 6239
5919 9563
