10
78
35 26 5 24 34 29 27 3 38 34 6 11 28 1 9 28 4 1 6 7 26 37 33 23 37 18 36 22 15 12 22 37 35 19 4 8 1 23 8 24 20 21 3 14 36 8 19 9 34 33 6 18 20 4 28 8 38 5 14 3 13 18 23 9 34 21 28 35 22 4 26 7 37 8 22 37 29 6
25
6 3 4 11 8 12 5 8 3 3 10 3 7 10 4 2 7 7 8 6 7 11 12 5 9
36
18 6 3 14 17 10 18 6 11 6 17 11 13 17 14 2 8 13 6 15 1 18 16 5 8 1 10 17 1 3 17 1 8 16 18 17
74
33 1 16 12 27 4 23 22 10 22 20 5 31 12 5 32 34 12 35 2 34 2 14 36 18 8 34 4 4 21 33 34 25 33 18 28 4 1 35 9 23 19 30 21 4 14 34 25 18 28 10 20 27 5 37 20 10 3 8 19 27 29 1 12 22 4 36 3 37 37 35 12 15 8
47
21 5 1 8 4 11 4 4 18 1 18 10 12 6 23 16 7 21 22 16 5 5 16 5 19 10 8 8 17 8 4 13 12 7 1 12 21 16 17 9 14 2 18 7 16 11 10
20
6 7 10 6 10 1 5 1 6 1 4 7 4 5 6 8 8 9 8 9
67
12 16 25 33 25 12 22 30 2 21 5 26 5 23 20 11 24 1 28 9 28 30 12 19 11 3 16 1 5 24 14 15 5 10 19 24 28 2 27 28 24 14 8 21 18 27 6 14 16 4 21 5 10 28 5 22 18 22 15 3 5 16 30 12 21 17 25
70
8 20 25 4 5 7 29 13 3 3 21 5 22 15 3 30 20 27 34 30 16 8 1 32 13 19 4 28 5 2 2 28 6 4 23 19 21 21 26 28 35 20 6 34 18 34 29 23 27 15 14 35 14 2 10 20 15 22 28 6 2 21 15 35 21 5 15 9 17 15
67
16 16 31 24 21 18 17 32 18 32 23 18 4 12 20 6 24 32 6 21 13 16 7 9 10 1 20 26 12 26 32 3 1 10 26 25 5 30 8 19 5 6 33 11 11 6 27 4 18 14 15 18 15 24 21 20 8 10 9 27 20 9 13 22 22 8 17
13
6 4 3 4 5 3 5 6 4 3 6 4 1
