1000
516043113 516309543
611465025 612017096
64009396 64615721
660700529 660819626
509286494 510205769
176667210 177348458
306019095 306974900
778198498 779161968
934559596 935291366
768928217 769404941
559811140 560682657
346855760 346933862
129676130 130647351
670777094 671372337
360874755 360911953
237148700 237746783
12346767 12716711
448551252 448817723
72887715 73345730
415023739 415805760
384423714 385295068
448027240 448153465
612267440 613033709
459946128 460305610
797015498 797885732
701984666 702494151
344920073 345283711
638773894 639466909
417918658 418657412
892909856 893626260
891478054 891917543
571547623 571548748
885469433 886309027
320580354 321540456
859959029 860665499
718755803 719112052
843161923 843987766
385445267 386002863
230721145 231597134
550402105 550540771
101114831 101702073
512708382 512951435
928188726 929021538
10053624 10663414
177521598 178503833
69921325 70106507
537371916 537627510
768737518 768820192
751279053 751758641
175965414 176283758
325252757 325666672
244375628 245360950
201221018 201400849
303621356 303666046
241365145 241702099
883127541 883940729
568738418 569638467
280644939 281427557
522757676 523456738
969429741 970135869
946304079 946657570
411304108 411743901
744103645 744494416
233769449 233816624
894905844 895634554
330918359 331273035
678854695 679770475
821510569 822479730
237898186 238709373
986205725 987010249
520040822 520774096
946733431 947038203
279726666 280453416
256088199 256789773
766398181 766451258
990450364 991020708
931957172 932584184
618159574 618265821
841528967 841995497
26945166 27608728
298394516 298942297
845784749 846298170
172560401 173151278
139943127 140521304
212041924 212135443
762510363 763256701
115877019 116417478
49032984 49593460
886322076 887229613
958061974 958108371
86702579 87024029
308762020 309504414
589592573 589772171
692862551 693399702
45323679 46177881
398718748 399305879
513400687 514218994
795267148 796161136
584898939 585038206
825468124 825841084
300922184 301050751
553161988 553712152
125231300 125818587
946496069 947036216
999694406 999784229
765555516 766093237
679625548 680192136
972035890 972481520
113468018 113482386
19130478 19402964
826570687 827178758
337949357 338245818
647475147 648316675
258248646 258929405
373912726 374553541
996305963 997091777
528875127 528997622
21327907 21846104
473434371 473719204
583592960 583839511
427190751 427519869
423114181 423138906
921540186 921794051
289628141 289780325
5767850 5875254
986235275 986790377
463342960 464123370
182997975 183509431
851144422 851423433
655783199 655902633
504239704 504460325
172013750 172989192
321160067 321829929
494279001 494472642
118574713 119139282
339359610 339831904
805292324 805873506
401517853 401914882
742442094 743441907
479272102 480250883
419220822 419418654
636394600 637221361
628919846 629286604
661657370 662655136
926007281 926439135
406997604 407662387
932942945 933753262
681625212 681813241
674415754 675089178
92529555 92668865
583995076 584006302
978105907 978834174
67289781 67520492
463946792 464292187
900420967 901175223
786841698 787272416
110721610 110728961
467300125 467808278
533101321 533115333
675816881 676446627
642148870 642485140
549816351 550609340
439175292 440023367
461469318 462129076
307855686 308842879
680227164 680843070
534759553 535375882
640542871 641471955
918963177 919582488
612807989 613622198
787605417 788534933
810182318 810665043
317778330 318286087
533365497 534323792
686343245 686940063
988278657 988996949
648007782 648363854
242922122 243271075
341389211 342200664
596828239 597145725
324184259 324839325
519227893 519916517
195544032 195967880
384737730 384874447
600307083 600632376
935962157 936607497
202779788 203524090
884097569 884874029
201008223 201544869
187172657 187885617
584234246 584573661
859673577 860370701
629150636 630041175
32266657 32482201
768768910 768975610
679876039 680329148
659463913 660160579
457673518 458164423
872546834 873215438
646860993 647155636
650380659 650708351
377096343 377999012
371883822 371968757
327705309 328432884
982569957 983081069
942554216 943124935
156926820 157201075
121373241 122342025
379782278 380055425
47498123 47970948
415659567 415995950
200303612 201201080
461736731 462351632
220355175 220871754
128195842 128322476
432879067 433830811
554858967 555117166
323480353 324045584
767923497 768018435
120213895 120912489
869443805 869703410
631486719 632342242
93399029 94175929
519773887 520316145
60117855 60512968
197655028 197882579
908247476 908284652
987429834 988069406
530949488 531479180
932278864 932577493
166242442 166941644
908789837 909712236
255172948 255361247
812288449 812586924
4929073 5617186
61188863 61195709
4235794 4463950
674247564 674340839
420425454 421394371
299419426 299931895
248770119 249056417
296098529 296406539
273388573 274123743
488092459 488897275
122513183 123088225
254693644 255272459
539276502 540162277
737346429 737657199
629839541 630141392
584135895 584219751
695102059 695877767
712244313 713174486
995331431 995636288
219947243 220498704
257754775 257937021
499526382 499995382
641367366 642306007
579678394 580517961
529481526 529764634
959694094 960679180
212134967 212808773
436644925 437034206
926630720 926898366
476955538 477462541
431007077 431622123
676899242 677248328
936218003 936783532
663919387 664848695
418130855 419082769
615916572 616519412
622871028 623065598
695210275 696034536
238865960 239611825
629163621 629271950
904967482 905212301
965915128 966831211
216818099 217576353
556293760 556343694
536788615 537010035
657171518 657322052
848113151 848623881
659365640 659514957
982070911 982374062
422059675 422595291
664424303 665292497
744514241 745476968
535570939 535995875
884510388 884645303
201752759 201795212
395746076 396487556
216560997 216727626
675987836 676960715
877020524 877126135
721871440 722239224
7315588 8143155
264804011 265438789
670894953 671425556
34487147 35223881
220457978 221150197
624520808 624658787
342122523 342821645
843957291 844143387
27178497 27192538
289932955 290558987
699089161 699212355
183876709 184000276
501369518 501628749
276298764 276996296
551301666 551449220
174501251 175158160
939351172 940033664
300338522 300572163
497866520 497907278
127528100 127620613
888686867 889431786
590562169 591189035
49019882 49043526
161314099 161551181
498165883 498636683
637608161 637913451
573702190 574543666
68287683 68351069
553679620 554254757
812693446 813066250
596662088 597357358
579143216 579965125
446930515 447111478
344772672 345751433
162681780 162919016
487281619 487447298
130003726 130673506
417153743 417265903
56037013 56498124
752463207 753396848
585440920 585804166
826309568 827281180
276131893 276268539
343991856 344346495
36100768 36938141
867699309 868681687
930759627 931427652
222559227 223340106
360785472 361696437
340978091 341429923
584762002 585547505
660312823 660939794
991228571 992143515
609724181 610482972
851176879 852108081
795129553 795247998
585906050 586140004
621286254 621472148
217577103 217735600
512148466 512979178
129466681 130193659
886341493 887005167
636648488 636747795
493028217 493757373
492352621 493203490
792726320 793510605
273825223 274548745
958889095 959228013
595181753 595260911
797267868 797862852
913746726 914728003
936937589 937270224
638761385 639002387
296051355 296442510
415466838 415638037
343442570 344386646
923408571 924228930
69920007 70580318
987953433 988708161
847976912 848490497
616377368 616834855
425158841 425601393
646011677 646123172
780746018 781696637
992259314 993118345
271052982 271547957
640591288 641238000
410899837 411660511
331940159 332138973
630206938 630631240
716504435 716990713
312706048 312780119
630656276 630757428
125766400 126717407
732587947 732744757
537782027 538570038
616498135 617002265
896432987 896618154
444589412 445118735
292671875 293426025
112432999 112991602
15157819 15746737
473098918 473927148
251502402 251982174
821028167 821682697
661862642 662606464
210396566 210450695
321699484 322669773
790750281 791412395
825449415 825681669
847118570 847550226
477175996 477345096
975218456 975327845
70476453 71187580
955267845 955882235
918106581 918125299
125414572 126388365
512706509 512978565
231417845 231489623
611999466 612107010
81566004 82411403
979956817 980455155
265646168 266263502
208728402 208992204
884225262 884428787
168395629 168444065
930041658 930715634
131189038 132131150
470001329 470364209
264409890 264620116
980621377 981223556
177429211 177899694
945502467 946012472
584770363 585308939
558263111 559024473
975513208 975903559
868996963 869976362
494935789 495145287
113008501 113654067
242731262 243452948
115434816 115888030
700329907 701014307
786234092 786867522
543524641 544222296
792155425 792211749
814320042 814418678
412572695 412910810
872550428 873472971
358031980 359018868
346752332 347751832
427840053 428596353
225633586 226267071
458506923 458627265
545082673 545537267
49992492 50584908
884024810 884118401
27840226 28151017
14221091 14760691
576201343 576449061
302570560 303043811
311181533 311243316
155019435 155465721
725133179 726118922
583333038 583712241
430748549 431609918
252930250 253461030
159577308 160436551
332291629 332319838
803795717 804039947
355810249 355843812
749748598 750285624
23448362 24249787
679041989 679337065
611506216 611716375
283410445 284151201
560758928 561184497
131695167 132093698
702111648 703069827
537107185 537990073
935956124 936336387
218683346 219144816
86535459 87132604
608894402 609890588
730395071 731366911
745874533 746675059
599086977 599704264
17981431 18607650
706496059 706873135
358600477 359021323
889746820 890467001
252993679 253286433
726012612 726795392
857787970 857867683
608764037 608959514
574604742 575465130
769770962 770219020
237169444 237622657
624459470 624777506
649507849 650105173
843330568 843592969
645542904 645740206
8353017 8805296
832318890 833231123
814338644 814807676
945181781 945374260
513041074 513713275
359852986 360602854
345517368 346299735
357039278 357137439
581313275 581599148
503961563 504273238
743273704 743751507
490818755 490967395
739549709 739977071
511107341 511748591
64490945 65332330
585342164 585861199
30539391 31209472
462726676 462742210
479302349 479469475
784055552 784565285
244132694 244449615
874471872 875310125
571219462 571752686
153848163 154009591
267357029 267923403
466664392 467472222
929333234 930240986
624964678 625301382
960984157 961338462
907409215 908291452
22518938 23003507
566096418 566826484
232840296 233015412
962065776 962829182
907961808 908398108
685337531 685429575
185965673 186155385
609777310 610352485
469302024 470213142
544157877 545072837
624517338 625282378
397796917 397908620
265331826 265516234
151555771 152166999
860364348 861244140
493451287 493647395
365882629 366234076
115013265 115944386
798327243 799064795
81485765 81807377
973308959 973316718
544913113 545462586
41867354 42784821
778751090 778998344
745879246 746727386
523165597 523293876
450995557 451544652
367963539 368418232
861986593 862136289
391455090 391637124
743892946 744820156
692291080 692427252
473637969 474061880
998634261 998759377
546625584 547320756
207430255 208234251
835304552 836218112
861616753 861904827
545219546 545750447
723981521 724663041
187893046 188818050
135748109 136572666
865948491 866173554
641997929 642115472
705127111 705976530
590737483 591321684
754059510 755021325
432452472 433073505
284229653 285063912
749736982 749793966
989883086 990534478
119013140 119126464
180291817 180452623
737802872 738250042
754216530 754644386
480473155 481237446
204502873 205172340
987204512 987513622
762836313 763528120
431347684 431520070
910268958 910838569
355716512 356500969
609195631 609653229
196335466 196866788
713623264 714124305
928856664 929821293
320592077 320977505
817676131 818200912
286425682 286809700
735421001 736193653
243047831 243298867
853813670 854359839
893600924 893791002
354700886 355684584
550059523 550417432
831316144 832217043
732057530 732609305
623665317 623844513
119357223 120299119
713854186 714704952
58834896 59031853
964977366 965630030
551657678 552556099
409133172 409540006
17978139 18393806
925181955 925708121
248042288 248625013
339096731 339278640
982831407 983793546
484710233 485064132
695351017 695453991
542553968 543434796
359197459 359550700
194654771 194792101
555151285 555633920
444877145 445439503
61017847 61393091
934894055 935362753
432209230 433045206
351677578 352018781
776249361 777172489
165965221 166366954
847387604 847769815
828198762 828993276
261105338 261398849
815870271 816671034
799173753 799392000
728754644 728935349
624327243 625236252
843477197 843940178
485669927 486524852
213016322 213509303
458676660 458759047
162738806 163378424
782981569 783825256
595408291 595956759
94729275 95508047
382821361 383762577
497842656 498098898
359620324 360318246
622183850 622421132
241320992 241417648
696155911 697096101
476129622 477086033
234715425 235388519
927035182 927936976
354260401 355113015
972479423 972859427
836280229 836881233
489431575 489485850
831739131 832600378
969225169 969667018
255958761 256299918
930657333 930895660
262581952 263071744
700981612 701436605
662448134 663130808
891783835 892541344
565433810 566350890
628140509 628219500
240912019 241346039
329046014 329439986
287107254 287802969
789202465 789311655
269924265 270311036
893800616 894120712
293667577 293832038
399926045 399930261
487751993 488490768
534389564 534519907
339801817 340648201
945922075 946540969
914014637 914293510
266190931 266199249
974614326 975453840
104877173 105081628
507258152 508178378
824955846 825221976
826751825 827404320
687474585 688131928
468744570 469258552
678586313 678722695
850532363 850805777
301022084 301743196
791272133 791343899
948851715 949247038
80991293 81094757
560920386 561787091
915498003 916380700
242022195 242587590
543418518 543599371
207422006 208148823
981146073 982047019
180126929 181004178
795696916 795767362
490004005 490988353
51951764 52384569
366216173 366358376
942537551 942880796
952028278 952952091
333886937 334591268
580458053 580476863
56006055 56234358
98646490 98693223
532788964 533312376
864492684 864644020
313663573 314076479
921837987 922491899
874691423 875042493
324812364 325250534
749057506 750013019
779047243 779454368
187844020 188115889
177937473 178448587
860470564 861269485
644617455 644629661
385698901 386029002
94003055 94183367
385835082 386491951
392367571 392442973
877300965 877648571
697095523 697474549
84926723 85737980
102450387 103328039
757755818 758740350
419863590 419924189
565461267 566187082
491308305 492064010
464448243 465206714
97734847 97886610
586536667 587407724
529033830 529697434
716273386 716461290
951270821 951424640
716297358 716606918
178311928 178474859
662105681 662971042
446982476 447295628
197270464 197817727
432527957 432685298
695165570 695891539
71698989 72221856
289808990 290565926
516907491 517774045
982747957 983547016
384728304 385065262
851199264 851250210
572349909 573204129
924909499 925362379
429355615 429464290
499331948 499376714
169333736 170322005
213232262 214092048
594812280 595114898
225417301 226320603
550471380 551421368
766933061 767269553
988478634 988704225
152499685 153124836
179068815 179744309
967184413 968100341
544282354 544753644
167687422 168024095
102365685 102519039
358350283 359105847
946644962 947117648
917360587 917691106
727378843 728332423
293002261 293191258
527884323 528379501
559290984 559927720
41233706 41698949
222335906 222366382
562848417 563703590
571703246 571829289
78298465 78650091
370229815 370975138
413617832 414228710
371357177 371996950
560083317 561070227
184352701 185101656
896641990 897606093
934826793 935726406
349853330 350807413
489896886 490415659
883480915 884233855
279642196 280003387
565577194 566562074
614426211 614541651
210917143 211766338
222907541 223805565
514940940 515904393
64800630 65060646
827563789 827912296
874718733 874817365
32742048 32788735
184705957 185058503
72627779 72676170
341838763 342526560
794227056 794717427
411781727 411841410
821559707 822208478
454210040 454322801
293488314 293515319
288826260 289626661
388774200 389064023
670718526 671569742
139207232 139519214
133018701 133788623
912831279 913526473
705347010 705777890
243502075 243561433
639332906 640008904
669973488 670167479
228928122 229022607
400528311 400667876
471972796 472955788
560850119 560923253
659437735 659961739
599163156 599797022
29343520 30155590
889804049 890224445
812560877 812836222
125877961 126768644
497626902 497743728
15455994 15596889
118763034 119521780
591498758 591598753
33164727 33344885
939867278 940284888
19783868 19788667
301940077 302818014
429365990 429541879
174286377 174309904
176092240 176437666
963008146 963784046
116470947 117455950
211564832 212397571
740132885 740670855
319897400 320891356
43837803 44436493
574680364 575272276
801223586 801705026
307128145 307699412
537650911 537972568
771179476 771322702
166764182 167167154
165845103 166341116
93906510 94800339
283470562 283991852
371798575 372421012
136128987 136185496
671818170 672057621
560802536 561800433
418046580 418932892
595454772 596287956
874756243 875419812
818699982 819388423
692231725 692465842
719327295 719381305
338667106 339108975
76280839 76882489
869073241 869753399
525085168 525702386
452221946 452672877
95955397 96263396
273963424 274039440
619749935 620159844
411603047 412346695
920491353 921356429
681159708 681828849
831543683 831920745
757596974 758370809
433119490 434036557
99472908 99828837
179711657 180079784
20604016 21313764
114973885 115841132
179956187 180761662
85080149 85243482
620361393 621147367
686586208 686854073
350045321 350998686
621774083 622362148
916415418 917092131
113364600 114345869
778339940 778563611
631105129 631274929
583001058 583905645
176901033 177075330
518285 1418207
62134759 62829666
547471910 547672602
767350064 767757588
119124558 119637349
659718037 659888765
873167885 873634598
404936961 405495918
710861715 710965029
932456271 932696991
871377529 871625120
959877749 960260500
570072872 570882299
793501124 793913271
724441079 724879497
865754910 866706777
215276361 215727804
583516227 584380439
806535186 807456445
278696012 279115297
643767361 643860877
857196404 857353649
282200276 282209759
494461748 494780492
874748343 875123426
751440617 752109937
214517574 214562688
642064123 642404856
996132445 996654130
337594826 337945861
68277945 68876434
127795095 128762188
645698127 646122316
220544090 220563107
472311817 472318866
558488247 559093453
907540480 907743533
661416996 662205635
883637256 884235391
273889303 274450131
435738320 435927381
746277407 747003424
510446678 511203072
959206410 959580645
727009829 727257594
50564903 51259709
543769621 544578275
449360790 449788149
851444556 852191264
111082699 111527190
494983723 495835868
860815242 861350400
802956082 803608888
729574147 730205013
861980525 862195021
732608051 732881755
965189575 965953553
799713558 799953882
902466431 903437426
604875750 605645093
207461613 207891361
699519513 700290237
546461714 546639805
201020427 201982881
444341932 444681708
382505139 382845499
183931460 184268093
627350397 628174306
547063875 547580448
717471711 718016660
12704382 12733317
336640936 336862230
201424508 202122289
334607176 335493583
910274638 910696121
703894953 704609669
955867890 956566311
560178594 560498786
167815512 168797780
362522360 363045347
123217644 123502678
954536983 955520111
177872505 178136359
389212103 390009079
486600196 486937724
350494692 351193957
723285333 724215600
717458464 717696548
886756312 886809157
275870049 276052303
86138958 86167534
883399778 884265875
608878674 609791688
899118137 899139071
620499075 621171685
93634632 94362078
706009863 706215292
302122389 302589899
606291329 607131226
516881479 517120947
529965468 530183316
878307451 879060894
47065996 47854591
155321858 155388402
417495035 417591506
