100
243373929 243717075
451613061 451686580
149656004 150418737
967068233 968045107
86160663 86957201
291942259 292409638
982116293 982829891
486854655 487408261
217915140 218283082
339442918 339740911
172895699 173421952
764160230 765041810
102676240 102999661
230192525 230894480
207167773 207827697
124104698 124772459
802649341 803546889
240259673 241185943
145735926 146642208
950838771 951670813
208850387 209283016
261775407 262131236
889437852 890380654
669587441 669944262
927747110 928287250
33725600 34319948
460431022 461299153
225300780 226212567
268318555 268621559
591406492 592341798
331214007 332061631
991255153 991568688
243155007 243237390
53349140 54105178
817772108 817810128
556573310 557384059
505989722 506139589
519395698 519577450
146036829 146303647
471637936 472290087
121442703 122070182
565996613 566473519
150102406 150201128
342767145 343635018
627705677 628687234
648706383 648873690
245285988 246205709
479379229 480164767
113422842 113799640
240500485 241085273
637407042 637838792
203988732 204656737
152081146 152438920
441585315 442564930
509695587 510636491
547932868 548811550
809612704 810286830
4215716 5188893
464256690 464764418
309777922 309836220
921592901 922368651
77868868 78688424
307827757 308800328
239956072 240217448
795466582 795924479
364713305 365422359
668680593 669148843
958029666 958214646
157050684 157126281
412101411 412262945
803649781 804400906
559512859 559574352
151096706 151570299
995733486 996089344
152323604 152592943
930167046 930759751
458568672 459291176
111793914 112304290
491833779 491845664
174737759 175038712
172124140 172470056
31314766 31687439
361412802 361811029
474174638 474472606
839723972 840336482
349615716 349661679
619255213 619495762
165414423 165628686
165302818 165605580
215439433 215764427
761671780 762405050
940231238 941039580
386656897 387045592
501335722 502134535
251129308 251140886
169930573 170023094
479746919 480018539
637885524 638377686
736403743 736800258
143560467 143610154
