500
355729486 356401854
604606549 605273805
386501308 386729056
80147603 80374439
766868464 766875449
898506851 898633473
557483774 558179713
426925124 426987858
944832944 945793377
515351636 516021542
945394378 945474152
852621742 852824064
829988977 830594153
881341135 881904934
182953825 183631298
393956442 394045680
437816595 438145501
398358722 398398330
449589253 450516179
32907097 33044358
316611946 317453023
430204102 430462704
482707160 483496392
253892546 254836730
792625855 793438294
217813894 218306014
803757940 804132463
406330969 407232717
919887051 920884894
479307321 479324355
15311799 15488057
819218395 819552762
26338554 27213891
198305980 199161861
774906187 775622631
931638229 931767037
753762271 754552983
389423356 389918289
557926343 558905070
547388061 548031814
418105786 418665870
965746930 966296832
851820049 852385234
204023085 204042941
611478560 612014214
386286555 386695767
581463253 581842086
73801951 73833069
533779392 534259815
981334909 981670867
9064340 9749525
981944067 982117496
78069468 78460016
518002817 518303143
348036121 348796880
736157281 737040101
322377778 322960278
549752566 550402520
760336790 760599943
578658177 578893749
189480609 189967552
857795651 858315573
166302071 167242000
689648465 690085074
486708719 486905373
238675660 239663313
915706321 915722816
402315359 402478830
379345344 380184162
853855205 854564742
525707692 526082158
818900143 819178829
386704133 387419751
789210154 790161278
335249849 335858880
891119545 891211449
695011006 695146280
550502786 550808779
588080879 588968637
702248013 702352846
677865276 678077540
189344224 189520212
216775001 217047006
503905348 504337758
448654784 449478965
141218739 142028714
377593600 377974798
192232801 192716972
297153989 297586210
983989369 984426893
478362257 478750942
237992400 238646782
98086398 98218943
203775186 204550558
524219753 525194904
480548633 480647962
615271984 616259805
506168513 506517227
644547860 644810734
420796034 421520719
510977133 511736512
483292515 483740849
565359807 566228124
107584797 108564958
488535050 488692314
341852011 342462873
350585726 351518694
80312199 80925107
123879351 124506654
942735401 943182142
109693442 109791340
212071645 212735866
83738156 84655047
52688371 53406419
900854514 901773979
767384600 768112578
332975685 333835192
263426433 263925197
418342177 419183355
934674310 934919174
594529852 594596402
620991602 621385767
931032384 931604255
316048773 316338506
702939203 703742383
333522480 334514052
477262041 477778062
735967378 736039068
43201281 43847768
571478932 571491868
311374720 312344856
192509055 192828367
398218555 398844468
77686488 77961096
620188202 620592852
90277171 91049271
988027149 988864685
823729887 824562434
917728081 918501572
227173686 227576494
868571047 868647996
739539359 740143309
573496260 574230835
17550918 18086969
284241836 284969304
508388953 508400970
82393900 83325893
727149690 727266951
754042247 754234371
600354194 601224218
266458520 266985236
188564413 188928741
23419232 23625599
770538985 771454338
386065697 386472134
535512994 535549504
996669847 997268988
784039696 784543790
953540230 954137967
916213542 916263286
762687165 763138368
756172294 756227170
663888162 664430185
43780368 43999949
377679907 378250840
708413150 709228697
886234757 886740870
542347294 542735538
76346050 77201036
785353601 785375383
645632762 646042615
18547333 18876870
580475198 580597076
914713076 914906097
384776855 385168526
345406434 345550626
693395468 694170829
763481453 763932451
223312658 223693216
403936348 404131397
335180910 335560724
545179878 545478590
3939852 4093151
501652394 501999344
429588655 430108051
254648808 255346728
50579170 50807509
385870924 386329156
682190396 682684512
136420462 137312789
813347079 813468689
411098390 411678560
269855170 270116023
309151961 310124442
765618933 766018948
168773843 169518405
823124045 823175825
363135757 363779345
674014624 674288137
671144658 671770274
652517487 652629006
95202989 95932811
282088597 282712885
327075673 327895428
734364166 735235173
918809452 919386831
992552518 992969396
593261395 594012149
733307118 733738165
922510211 922734264
68829400 69586772
985656817 986357932
622397141 623147611
256122386 256849853
779699987 780637332
55349139 56305488
569188458 570093883
490390528 490610598
842332895 842412829
586479318 587224768
644221537 644610583
70069864 70635061
17726756 18394494
651142461 651376075
405379625 405775344
392865672 393132259
934170378 934351701
405922901 406366388
502707305 502863106
837436410 837905701
688401776 689388849
291186832 292163901
576337972 576932925
768569545 769241372
549035781 550010815
845785950 846466244
799200445 799388993
41155190 41223537
573123386 573985278
943077495 943732345
648493015 648794039
18094716 18810674
288354338 289250102
362771980 363171571
473404747 473437360
193634959 194045293
934368065 934862362
117307055 117585753
667925371 668828106
999368950 999395937
147973740 148298078
101045851 101289791
317056966 318039628
255830234 256074755
140410945 140614265
68113587 68240857
575076869 575300744
165323142 165678408
238749143 239304605
520702313 521646217
22126822 23070746
316389482 317187811
923354972 923789999
491531352 492364040
743353483 743782869
367355517 367422078
195766023 196383246
731506472 731571116
648822503 648912220
574861449 575349718
563067525 563165804
259542384 260386065
804536959 805511165
431110747 431176477
737035724 737418079
893184434 893331243
275509457 276447715
82474922 82962096
861408478 861601645
591140202 591238250
953309498 953942529
414577490 414594863
165514413 166089988
14110931 14642920
385392850 386027412
266220764 266499418
724509231 725437979
80765404 81577796
425369607 426337117
794960051 794983409
961116567 961488304
12885302 13604381
521646433 522576114
528501909 528874278
283400176 284192995
393582183 393654127
143420341 144350470
240144989 240462065
25903082 26420864
51419010 51575103
616106604 617043143
741845967 742832357
467039648 467630191
530653234 531053965
772272848 772586333
361472542 361583530
496299551 496368662
241695797 242264297
605379004 605589870
372239360 372628490
333293116 334188028
52428358 53134644
452982694 453036317
97187673 98105671
57099626 57873740
423462636 424300628
266834348 267165790
907723058 908437302
318026734 318034323
508785931 509522997
592502558 593037355
125269894 125824012
662020694 662549252
64776717 64787512
620980296 621223539
70526749 70925604
766556015 767479949
576858936 577397698
800464886 801061269
863864633 864698070
724713030 725281010
908068147 908860392
421998519 422596257
924116086 925044980
707902337 708766121
573369978 573626559
875062048 875529982
239730907 240054462
986311742 986965812
976132451 976581348
586712488 587575909
180298492 180632021
112669573 112706281
967908824 968159939
507553083 508285297
883719907 884404408
309743221 309905369
350311743 350407259
429077286 429938407
669516155 670122748
399358054 400193672
757593153 758585923
714038819 714619945
519202900 519567235
227316046 227899446
997314150 998027096
304473853 305150284
107750015 108686612
840859712 841069004
471907339 471981432
752822845 753479342
791300572 791987504
965589689 966163188
189094627 189478357
757866133 757997897
882772674 882957833
889825828 890215187
42139948 42844863
57069608 57812767
952652597 953202435
18860842 19554139
466178279 466308572
57514565 57904621
910926910 911890648
546898859 547385291
381121696 381475306
257972880 258475247
172648486 173568699
186696763 187425099
169539931 169856080
89972595 90910588
244526446 244626912
538789973 539433445
411765108 412506733
647602802 648044012
237559587 237656217
547771715 548160580
818210460 818517684
515079705 515829063
7372407 7799573
162811060 163131153
595197164 595214031
567824752 568421393
837170398 837899577
841432620 842273627
705679160 705984566
279358129 279381565
820525480 821453007
903307059 903444493
689378888 689688759
469916747 470584768
332715547 333683092
713244268 714207858
390637406 390722505
543671469 544065138
475748106 476114211
604210467 604961418
449276803 449394944
459816088 460678028
768762553 769016914
608642514 609592765
481456012 481813458
347953973 348069318
175066347 175084730
810008395 810211736
193747944 193987298
186112232 186959880
511657445 511890799
62526775 62863351
681929858 682335949
60260363 61230909
312328778 312766765
839525304 840435962
770412276 770488736
116207893 116445031
899687604 900525087
152752529 153456149
904269236 904877078
421850687 421931963
349349614 349426445
379831951 380650040
893294562 893894973
365122735 365137233
966129960 966420360
743995946 744144494
505015625 505751707
937833473 938667567
213257934 213797503
740020057 740591574
488191944 488828781
867735094 867771926
480261886 481105934
243390524 243957724
779061441 779818057
457732399 457807930
741502320 741869161
29135992 29617092
522049066 523028170
68099563 69007536
987870473 988584977
182505521 182840803
328808926 328935654
410343409 411178672
431473146 432150605
376622378 376952087
83629255 84362019
87561624 88045349
632206809 632432504
832734256 833467299
149311334 150202004
804504928 805110092
435567544 436266479
849284248 849897064
941697215 942467830
900950321 901129452
220868617 221634980
930163422 930302427
347693430 348038565
127478828 127555974
886840953 887573601
980776860 981241132
666714113 667135389
488550564 488657464
571402315 571732181
197928785 198648031
998656402 999193796
395156491 395381584
778912840 779907180
758266 1019770
287037734 287140401
803781054 804776607
342617263 343045423
79307277 79662636
702953756 703546356
424268629 424625910
880470396 881353036
685873565 686235784
770241814 770891332
71125680 71477371
809059073 809489217
745595678 745943044
921414286 922370695
601618511 602001035
166446556 166489796
949835896 950429489
416074667 417048629
224909763 225678051
337898495 338697734
713017597 713261769
365299685 365522942
