1
100 1000
800 100
54 28
118 92
166 252
182 336
191 41
56 78
271 351
488 26
496 370
210 249
266 34
430 41
497 293
372 326
136 180
65 69
111 313
449 302
101 9
430 245
330 217
255 109
74 15
111 281
223 272
100 178
353 183
267 88
74 176
469 168
375 397
89 179
448 203
138 81
470 217
313 306
425 141
364 211
353 139
320 269
247 87
376 59
363 159
123 360
492 175
397 297
256 386
127 64
152 260
83 187
90 207
420 2
365 89
288 355
274 224
435 164
316 187
341 142
407 345
409 341
499 15
217 382
100 366
329 309
68 321
377 170
339 15
203 168
291 21
347 248
495 53
171 142
448 113
145 34
86 188
223 368
481 312
189 180
395 353
341 224
236 212
272 324
428 357
346 146
458 341
136 286
290 233
364 363
165 111
337 226
197 166
395 85
194 28
96 207
494 315
277 199
337 297
355 313
134 262
