10
14
-156046 570770 -804864 -476272 -323217 872 -49470 -374514 729416 -962667 -153602 -581857 642376 -226391
30
-162572 -543567 760752 -576719 115141 -449080 763351 -763011 604022 774923 932921 636379 -828889 -761685 789900 -24103 563683 -317725 -156418 194182 177800 -772865 609807 -23896 -540857 -738720 401556 -880300 -999108 -126170
98
502946 930364 -769314 -247487 -96598 716091 135743 982106 -898998 -723659 -923580 1302 -818535 -662341 -7332 -850123 -393922 19927 -540322 -739604 -177591 748062 -790399 743440 -950473 -918404 137564 -213044 -507495 379878 953907 -854489 696262 -919972 -266330 -616864 523739 797961 36774 222747 -202443 669323 -16666 -24639 398937 -26147 175093 -365434 653473 -160487 -684519 -993414 484610 -705211 -527126 -98165 -837981 329878 -500615 487236 146015 421901 698521 -209099 -612927 -424757 -460476 943444 -812146 -141705 765374 338337 -17726 432558 447241 -203325 -365958 479051 292983 907637 -821878 943487 -341213 602666 -489798 -849274 -866685 -540493 -592355 -224079 -446525 993720 642368 9640 246977 -514499 -122143 -151773
87
-845112 -151851 514668 -145189 139107 -656939 -568371 -888396 -694660 913128 216231 221123 -524806 -529386 -845780 171306 70788 557182 -639666 -821743 -95085 -807993 -856360 931856 -968714 257178 164312 -27646 -852112 459621 54504 -250481 125523 129430 417928 -726306 -770531 200870 438569 649290 932198 756378 926777 -959678 -828221 410676 806883 791032 380746 -701904 -64596 -624112 597639 -574908 750002 -17906 -886813 -634257 616051 -83823 -692755 -929739 266108 -372906 -977439 961577 382680 704750 783521 -867674 -716808 899387 738494 -264636 -695214 -439905 -254768 828954 -847690 -45009 -421877 -114729 777116 335827 -50783 -339715 -121557
85
-551453 858290 -724271 757229 -955091 855441 -310199 357141 -786225 -413115 446396 -888244 519666 -966413 568426 -759425 470965 -49553 852433 232968 139951 -359817 345145 563768 311601 932548 -831212 -910426 -588454 532367 -698219 627160 540331 522602 -791339 -606900 -119898 402071 602597 -881062 -575510 -48824 -953204 654550 361436 283633 745766 -322145 -688579 -892045 892711 759319 -958440 -410257 -924934 411152 -358555 -762157 470214 -501112 -819094 127551 485543 302964 524626 -422691 -785767 -307157 -59956 514057 -125407 -40755 -742960 650727 644421 -825763 -399118 -835799 -232001 874374 -788355 153069 566575 -331851 936719
70
202295 719357 213387 -854231 375825 -693138 114876 -471321 151986 -199101 951821 819355 -772927 -400221 55311 -161570 679521 523148 187120 397263 255084 191913 -967528 482195 -626387 -925452 -58826 850786 -220603 472602 506531 -734151 411587 -542459 -521438 -552966 -553616 -211419 875507 -193194 -409115 24846 -996270 -376414 -222104 714609 -199822 690896 938886 266502 61313 786853 -414618 -19097 -684517 -692557 921492 429959 288531 656366 -115431 -930825 429966 225861 145475 935324 -909986 307552 752672 152695
73
467266 484967 -755387 -976005 -724127 953045 467105 618359 548073 940186 453434 -485534 240558 -294130 -935914 -900258 793137 -859504 925851 -926451 -746322 873511 -385424 426333 277761 -43710 594308 -402772 -920406 599964 987752 -986646 650429 692463 701075 -893106 55283 -234820 -631992 9662 -2861 792139 -452417 -383791 -506269 -72349 833481 -151869 332222 677371 616842 462365 -306303 -579980 980911 -112535 -487903 354 -721825 994960 -683494 272305 216668 -406866 204485 -348400 -585911 -213458 238380 307951 -823154 -154403 353042
70
-866712 -111963 963717 757493 749843 484386 -197118 -991011 -264314 -669730 422264 672497 373663 -112559 150203 -106402 578913 841644 725291 16300 554698 -788064 916821 162529 -548848 154499 977941 115569 -458103 -643092 -519579 -114946 -87936 -57838 -674077 -546935 -181437 584913 -585710 -931872 123754 -874744 768276 391685 -863319 482825 42630 -964186 534093 822066 73513 432739 520796 64117 719027 -221324 -217733 -210968 -968837 -267370 722864 597333 -873142 266049 358506 -552129 246424 17133 616562 404214
57
-153719 246038 -297356 -766101 197885 364525 -627229 132510 -348699 514070 895240 160282 -972533 -103478 266592 256989 744723 -485240 603342 718831 845845 -381444 -215136 -62333 -616974 243154 -522903 528661 682319 184366 509988 400360 683431 312164 -593951 312196 -733640 16409 -172824 568810 240062 -59319 -464690 -368144 450544 133240 802805 -192840 278472 991584 274227 778606 514885 829544 798341 -762496 441448
45
-822620 -791649 874382 -257873 -659461 -611724 -519010 -567377 -869017 428518 22589 579017 -976911 -736624 847450 757758 -392817 660819 -533703 -515433 -239520 -38037 -869453 -658051 -968051 495807 -750061 797356 885897 431882 -182713 563516 -80055 -548713 -971917 -421111 -604910 406191 93178 -702914 -445007 -521854 89266 -575763 -361325
