5
335
548 1418 318 1833 643 718 2308 128 104 651 1945 2325 2205 206 239 2242 346 2023 223 429 213 1142 652 352 751 614 731 250 1009 1009 850 2013 1648 1140 2113 551 1248 1925 511 2334 2242 1502 140 743 37 431 2136 1420 818 528 2335 900 2249 1807 1845 1907 118 2131 756 410 1714 757 212 2312 3 208 2040 1224 1656 2036 658 1534 1408 1032 725 2134 2310 1655 1226 924 619 1546 19 1903 1958 715 2107 44 1246 1329 1817 1020 353 2051 1338 2359 322 330 616 1350 1319 304 2316 805 1443 1454 1255 906 1626 639 2008 2225 1602 1940 1341 358 1015 309 1446 1713 1900 2316 1747 1051 1504 700 1509 450 1541 1122 900 2110 1132 1834 401 454 1152 1651 919 713 2339 1643 1326 858 2339 45 1215 822 757 2119 2139 2249 2134 1245 20 2045 704 907 2127 226 2317 1125 1532 2204 950 1523 249 252 948 2001 1131 2155 625 1721 1700 2215 725 1350 658 2153 951 835 734 712 1810 1905 1758 1635 525 746 721 847 158 351 1715 944 1925 2250 403 605 2237 604 248 2117 738 723 2208 2301 1443 2043 2244 1921 2038 247 2146 2341 1937 529 1534 901 1320 1111 1533 1904 2256 307 103 1934 249 2009 951 2051 1847 2023 937 2346 1859 1024 2324 1233 424 1907 658 337 608 148 1008 908 1030 1059 1815 2028 935 2110 1942 1149 1923 855 1714 908 1253 932 618 31 2005 1545 325 2021 1927 836 1800 2245 642 916 111 1040 40 2353 506 1426 2155 142 1054 248 1216 2342 1144 1451 2209 1922 216 117 2346 1142 1458 1734 2216 1449 2005 819 1743 507 109 1901 1843 1836 1201 1205 1930 1517 2336 820 2131 2158 1449 430 1131 1912 1046 1524 1216 718 1042 516 1532 609 1905 22 801 723 2058 2341 1032 2100 2113
2200 1426 917 2056 1323 738 2332 129 934 2246 1945 2356 2326 233 2214 2251 1851 2324 2037 457 356 1449 2347 607 955 1740 1104 908 1404 1353 1033 2016 1657 2325 2312 551 1903 2121 1607 2344 2351 2236 145 1350 919 2003 2316 1657 2015 1631 2358 1419 2257 2311 2150 2101 852 2148 2359 1920 1739 1739 629 2334 1922 318 2319 1836 2217 2142 1522 1633 1925 1525 1646 2259 2354 2045 2327 1015 1740 1809 43 1949 2126 1140 2243 2329 2015 1414 2340 1720 2101 2059 1727 2359 1511 337 1758 2025 1822 1606 2317 1717 2248 2110 2319 1943 2123 1539 2220 2235 1919 2052 1814 404 2236 1210 1520 2240 2011 2322 2226 2330 1505 2107 2248 456 2027 2120 1910 2356 1137 2057 1050 1322 1815 2123 1503 1333 2345 2151 1742 2219 2356 749 1537 1723 1501 2239 2139 2313 2358 1555 2200 2045 2136 1317 2138 2244 2347 1758 1907 2303 1855 2027 650 2318 2305 2051 1600 2243 1318 1843 2047 2221 1345 1351 1455 2330 1327 1137 1537 803 2139 2303 2139 1934 1632 2239 2352 1141 2036 1102 1754 1843 1942 2254 1255 1656 2249 1738 2006 2121 2223 1242 2338 2310 1550 2049 2342 2357 2146 1531 2242 2357 2121 2016 2351 2302 2030 1748 2109 2101 2257 1114 838 2313 1511 2323 2011 2357 2131 2243 1838 2346 2008 1336 2330 1628 1653 2357 2254 2037 938 342 1511 1614 1605 1705 1935 2343 1234 2230 1952 1746 2239 2210 2051 2056 1755 945 1943 1156 2301 1808 408 2221 1943 845 2159 2311 1954 918 147 2310 1537 2354 1817 1742 2159 1953 1610 453 2157 2359 1801 1459 2215 2150 614 1019 2355 1347 2226 1902 2231 2325 2055 1505 2154 1201 1916 2230 2210 2303 1250 1532 2029 1859 2348 2028 2349 2303 2233 1550 1656 2343 2242 1904 1651 946 1056 1727 2300 1241 2003 2339 2026 1023 2059 2354 1330 2352 2133
413
1331 1747 321 7 1513 1240 1933 141 649 1455 1815 2251 2155 545 353 1712 1401 111 2055 1039 509 159 1129 606 2202 1334 1810 122 1422 2314 1142 1410 1902 39 43 1410 1724 1100 814 313 1514 858 2356 1620 454 527 1209 1917 959 415 1313 1033 451 2116 1251 2 659 1347 1009 136 1141 2216 339 1342 558 2343 1942 2032 545 1650 2155 448 1136 1855 1129 2222 1232 1853 37 443 1814 2044 1703 354 2222 1210 2242 51 202 1856 201 754 2047 1435 1829 2003 1645 925 1958 1932 1020 2353 2014 1445 1356 1322 1816 1916 1215 2253 1528 543 2007 653 750 1134 1343 2358 1134 449 2231 521 1515 254 1523 107 244 13 541 241 1500 157 1335 1328 2341 1716 2117 2237 204 1615 2205 2128 254 1501 426 342 1806 2025 1340 31 1242 908 912 2254 2340 26 1931 1614 19 345 403 655 1517 606 2300 1428 234 1652 1106 1914 1714 1254 456 100 2054 824 809 1342 730 2158 426 445 1539 409 1339 643 1012 825 1129 2309 1004 15 608 635 29 1056 2222 540 2312 2116 1822 2033 2228 2057 252 717 605 347 2340 444 1459 1904 417 653 1019 100 1159 2259 1914 746 1236 2155 2024 319 157 536 1227 701 1252 2335 1503 59 158 821 531 2317 234 29 745 623 643 1606 1243 1844 912 2039 1615 1420 1217 1755 1602 342 220 1327 114 1413 1151 842 2121 2151 1405 1902 2324 2238 843 300 751 1445 1459 1440 1127 543 1744 311 1453 1353 1941 335 416 217 946 2132 310 110 1106 1001 1510 1606 804 811 1011 937 1205 1656 2143 855 258 1429 44 1506 310 1121 2059 325 50 656 1617 1313 1447 1930 357 710 1150 517 1852 1522 853 1730 1714 334 400 1121 2258 0 1603 937 2004 1101 1802 1831 1851 604 2342 435 2128 445 651 1707 958 2140 1448 419 1322 115 2319 1135 715 1515 450 1355 213 1713 711 1617 1712 1746 1203 812 1821 1813 457 1814 1047 248 649 528 1810 1608 2343 631 749 722 2149 714 1254 1503 608 2137 1205 2202 2237 137 801 3 2009 1731 1002 1946 926 1224 1223 904 2137 245 1757 1949 1330 1934 1112 129 705 1526 439 1400 1935 1149 901 721 231 2112 1440 1429 1229
1422 1807 1400 2346 1534 2127 2116 1311 1208 2145 2146 2333 2239 2347 1554 1907 2046 2019 2125 1653 1836 1921 1805 2123 2310 2313 2347 510 1918 2323 1718 1839 2241 125 334 2229 2210 1650 1438 435 2011 859 2357 1703 2129 2124 1405 2352 1712 1827 1850 1844 2001 2258 1353 843 1040 1351 1549 158 2155 2226 756 2154 1510 2358 2046 2054 1259 1913 2211 1745 1932 2040 1220 2351 1427 2317 1819 2110 2215 2207 2125 807 2309 2011 2251 1135 450 1859 2334 1852 2049 1940 1909 2220 1755 2336 2311 2215 1135 2355 2342 2043 1538 2000 2022 2254 2036 2346 1530 1925 2042 846 1535 1139 2134 2359 1346 1238 2347 954 2325 639 2211 1255 1035 626 1158 1443 1818 1421 2226 2011 2352 1804 2124 2326 912 1844 2236 2128 2132 1812 2059 850 2332 2327 1748 1842 1642 2150 1853 2330 2357 832 2146 2137 29 2013 2219 2355 1933 2056 2326 1926 2339 1722 1333 2203 2222 1757 724 1954 2057 1808 1549 2133 1802 2253 2204 2332 2211 1029 2320 2320 1749 2141 1741 2328 1142 1631 2221 1421 1531 2342 2302 1245 2359 2122 1944 2351 2232 2111 455 2018 1350 901 2353 1340 1756 2355 1614 2245 1444 2006 2135 2259 2142 747 2332 2213 2146 1606 739 536 1908 1209 1330 2355 2306 219 1322 2125 1042 2349 1223 311 758 2357 1120 1803 1251 2100 1134 2356 2324 2356 1659 1917 2257 932 1458 2108 1146 1534 2020 1410 2153 2233 1540 2105 2330 2241 1624 811 1049 1823 2335 2017 1148 602 1843 1714 1603 1435 2046 1735 1727 1450 1648 2354 1304 1712 1411 1819 2220 2032 1047 1813 2109 959 2126 2256 2202 1905 902 1456 1828 2327 2031 1129 2203 704 1119 1626 1710 1329 2126 1941 1639 1832 1654 541 2345 1700 1531 1749 2136 1103 1351 1713 2259 2015 1913 1118 2052 1843 2130 2246 1910 844 2359 1223 2354 2042 805 2334 1729 2341 1450 522 1910 1654 2323 2138 1907 1906 551 1915 1125 2208 1008 1649 2229 2358 2314 1702 1829 1943 1053 2154 2054 1757 2213 853 1851 1636 2353 851 1542 1838 2248 1851 1745 2016 2321 2159 2046 2345 2302 1957 1450 51 2352 2322 1357 2327 1154 1554 2120 1729 2243 426 2330 1959 1937 2006 2318 546 1026 2346 1539 2018 2054 1307 2044 1124 624 2226 1945 1452 1250
237
1505 1858 1533 514 1850 823 19 44 1656 203 1447 1521 1246 831 1408 1618 1613 1051 921 2215 1235 1347 652 1324 26 520 1505 1604 939 354 338 716 449 1743 1955 1641 2324 2016 543 1052 225 1828 1736 2006 1128 1704 24 1106 8 1815 130 2118 1643 502 716 1430 913 1036 1815 818 142 720 1339 1315 1517 2038 1406 334 1757 921 2059 47 16 832 1540 706 154 1604 140 644 710 2231 2200 2045 1228 1426 2228 1113 742 818 1935 1715 327 2326 2003 1423 1011 2231 2317 1232 238 210 722 244 557 416 1019 1244 736 343 1717 1206 707 601 847 522 1344 1142 2125 635 704 42 1746 1300 1437 2123 1031 833 933 1724 1110 315 1013 1300 735 1116 1347 949 1249 612 921 1222 1510 2139 12 930 1706 1635 2059 929 1112 1229 1242 1756 504 1152 8 1623 2141 857 714 2359 1218 10 531 1623 2319 220 1756 1443 2221 1503 2129 757 1921 526 1444 1124 1633 1411 829 1414 750 459 2149 1735 125 1756 2358 801 1021 1207 2330 2352 1430 646 2344 1807 248 1158 2124 332 2124 1840 341 250 2135 1120 1708 1059 2223 1038 2158 439 2226 2133 1226 1414 1555 814 1004 731 1434 613 1237 542 2147 734 132 658 816 1017 1751 2204 137 1704 1117
1814 1903 2032 615 2151 1101 620 1459 2247 530 1924 2307 2015 2013 2138 2242 2133 1900 951 2222 2109 1353 831 1812 2109 1634 2207 1807 1704 903 1126 2255 1540 2304 2127 1905 2333 2115 1124 1334 608 1857 2238 2329 1713 1956 1058 1747 857 2208 1228 2155 2321 1329 1732 1802 2258 2014 1929 1209 959 2241 2040 1359 1619 2243 2041 810 1758 2244 2340 430 1123 900 1554 2037 604 2337 1421 1820 1426 2252 2232 2053 2333 2011 2244 1553 1828 1232 2022 2201 447 2343 2117 2212 1644 2253 2348 1259 258 857 1100 1053 558 1113 1709 2257 858 2259 2057 2031 2120 1649 1359 540 1403 2017 2321 742 2213 1318 2231 2153 2100 2213 1759 2050 1537 1725 1556 2228 1459 1305 1911 1322 1605 2133 1330 2027 1214 1317 2336 2209 735 2022 2042 2347 2205 2331 2154 2026 1948 1757 1824 1403 954 1904 2158 1123 2150 2359 2345 2342 653 2058 2359 1857 2219 2207 2306 2124 2141 2326 2006 2129 1651 1545 2047 1938 2250 2240 857 1435 2326 1801 304 1818 2358 1423 1404 2250 2357 2354 2350 1933 2355 2334 256 1203 2355 1713 2143 1908 2009 1119 2243 2345 1754 1116 2238 2345 2159 513 2309 2158 1952 1843 2351 1342 1250 1224 1922 732 2014 2150 2307 1125 1347 751 1609 2217 1919 2234 517 2155 1446
251
2004 1945 2315 1147 1946 2336 338 1606 920 2115 853 1425 1639 1651 105 18 147 1917 727 350 2021 2017 651 2010 1437 422 1457 1034 429 1236 2301 1636 1542 213 1239 506 1317 18 1033 2321 1947 606 420 1630 2255 220 1017 551 2315 1218 441 1954 1156 1245 1420 2353 2230 1344 730 1321 856 1919 1915 1649 1656 523 1054 1339 2141 2209 1018 1927 157 2205 54 524 10 2028 638 529 1814 2345 1049 1953 1059 2259 1954 456 357 52 733 1506 2256 49 2307 309 2227 1614 1505 1252 346 856 1712 1433 1911 1128 2207 1930 2052 2319 550 2007 2110 1622 1955 328 945 1028 1019 1235 1236 1750 350 445 45 1526 919 1426 1814 2131 731 2108 1749 1006 717 1216 2034 38 1917 1848 441 155 1345 351 15 849 46 2042 2121 541 2322 854 1628 1242 926 641 251 945 2206 947 945 727 836 52 529 112 453 340 1047 1645 739 305 2213 2135 615 1614 655 1100 741 1156 715 2252 417 2148 2228 401 631 1357 1913 1726 331 941 159 1419 1207 15 2224 1913 1454 956 1650 412 715 235 1501 645 906 2039 1123 1202 628 625 1945 1043 428 1547 11 105 221 1423 11 1406 1227 1114 1827 1021 1444 624 1904 547 601 1759 2239 1028 813 738 153 911 557 1908 1045 1101 1455 432 451 2107 802 2037 154 2102 1650
2054 2304 2335 1233 2309 2340 1856 1704 2041 2336 1643 1711 2356 1752 1316 2337 2200 2203 1002 1438 2312 2229 655 2130 1705 1431 1724 2140 1703 1646 2343 1845 2210 317 1503 1603 1522 1608 1930 2328 1948 2020 1429 2045 2348 657 1847 1219 2316 2247 1406 2151 2203 2230 1434 2355 2315 2119 1030 1521 2308 2250 2009 2158 1859 1120 1230 1703 2219 2329 1251 2146 744 2308 1734 752 504 2249 2153 1427 2058 2355 1916 2118 1556 2259 2147 1119 1341 311 1839 1522 2304 1518 2314 1536 2248 1854 2001 2300 953 923 2023 1551 2120 1451 2343 1932 2320 2342 649 2350 2228 1651 2242 1927 1117 1924 1821 2143 2036 2154 355 2345 819 2243 1113 1643 2328 2331 2146 2156 2346 1350 846 1658 2254 1210 2304 1901 442 723 1828 1007 1643 1341 132 2257 2131 1617 2334 1129 2328 1756 1401 1455 1456 1409 2318 1107 1034 1939 1424 638 1021 1947 1902 1925 1058 1751 2323 510 2254 2306 823 1646 2012 1602 1513 1415 2244 2332 915 2301 2304 1509 2200 2250 2148 1753 1912 2352 2124 2343 2330 2131 2247 1925 2225 1836 1727 1726 1946 1738 2336 852 1408 2332 1702 2328 2245 838 2129 2048 1016 1659 2253 2203 2140 1851 1949 1829 2346 1555 2018 1546 2252 933 2234 830 1350 1938 2313 1504 825 2131 501 1256 2102 1926 2002 2327 1635 2204 725 2305 2227 2046 1432 2119 1725
215
1944 630 558 509 550 1608 1927 1202 1139 135 2141 1819 2116 528 443 1546 1941 715 654 736 1430 853 1503 1554 1350 2003 751 42 1214 1424 153 1203 845 1323 323 946 336 818 123 539 936 1701 1303 1440 1145 1002 1748 1044 2301 1734 708 2040 539 401 550 102 1547 2121 1953 1140 1422 917 2207 301 2108 1325 2252 1910 1803 2113 1000 1845 1943 949 1401 1327 1101 1307 1137 610 1320 943 0 2210 1841 119 106 806 1358 656 1513 1934 238 2318 953 140 2147 2215 1117 256 2037 509 1644 2102 2053 2049 1445 9 2112 2228 925 1652 2230 1906 1009 1919 1523 607 1709 1839 2052 122 2125 1203 30 1111 1226 112 825 530 805 2109 1732 1512 450 1055 2317 302 2120 725 1059 1025 1729 1547 1008 929 844 120 1334 2312 441 1902 640 1133 403 1140 1855 435 1504 425 2357 342 1156 954 153 2136 2100 1429 2116 936 2055 202 1224 1617 154 926 1026 1033 623 438 2242 1113 537 550 2356 847 2208 329 113 1053 1333 1159 1422 2005 148 1219 1557 1001 1823 436 625 2223 2356 1604 2005 344 1456 533 838 1924 1818 1817 600 1332 801
2113 1545 2014 1740 1538 2205 2343 2038 2127 706 2322 1929 2136 2335 628 2208 2117 1653 1521 1449 1644 1132 2212 1700 2225 2240 1231 1600 1623 2313 703 1354 1128 2029 933 1718 357 1339 2335 2320 1602 1959 2327 1940 1448 2249 2304 1233 2328 1824 2118 2348 1144 532 2102 304 2240 2212 1958 2158 1436 2015 2223 1444 2157 2338 2307 2323 1916 2309 1528 1854 2209 1853 2322 1358 2230 1936 2039 741 1835 2343 813 2215 2009 627 116 1202 1440 1949 1741 1936 1640 2336 1243 411 2149 2342 1242 533 2123 944 1815 2353 2200 2049 2131 2004 2134 2233 1409 1932 2255 2123 1645 2355 1709 623 1807 1842 2129 1320 2134 1931 1033 2231 2235 2342 1637 1944 1158 2331 2345 1950 1422 1502 2325 1458 2318 1255 1426 2022 2004 1554 1031 1452 1555 1935 1817 2312 708 2343 1435 1809 448 1144 2336 1046 2125 2031 2358 1705 1239 2037 1518 2144 2100 2115 2247 1505 2334 1222 2302 2014 1453 1738 2206 1823 853 843 2243 2014 1331 2327 2358 1817 2309 1430 124 1147 2123 2124 1503 2345 1444 2135 1834 2156 2140 504 2021 2237 2359 1814 2331 938 2124 1341 848 2036 2008 2025 626 2322 1536
