100
10
21066 21602 17330 34926 36959 18442 91925 55183 92329 75858
2
10
34293 95430 30832 49102 17757 97417 97655 94000 38506 38320
9
10
87304 58951 50578 60106 48118 36022 96474 9032 47552 54170
7
10
81458 78514 99974 68218 90699 25806 71185 28295 43718 96667
8
10
53299 91095 87116 5848 76021 3113 8134 57239 69570 70819
1
10
37152 56926 58526 53652 53360 75665 21798 96080 94774 46161
1
10
34076 55414 94609 72104 4117 95958 82489 61503 75640 38015
8
10
23651 82916 76049 18654 17367 1964 32776 70094 37606 17250
3
10
98053 28600 10829 12651 48172 5878 41539 8168 69464 12981
1
10
26395 83067 90899 61184 7619 10879 70628 92928 37683 10679
5
10
66724 7891 54001 95000 55876 49908 49078 70411 33631 43738
9
10
67199 37720 40999 7596 19828 26705 43203 59053 14835 75956
7
10
26580 25014 75831 70823 4508 6746 42796 2101 6380 56534
10
10
60451 91315 83987 38910 12134 70406 32891 46272 83252 91427
6
10
31299 57379 39668 21960 47827 60431 31294 65129 89289 75951
5
10
6831 26709 95730 65394 77401 51934 69490 97982 83807 71639
6
10
47261 27024 27501 98653 8565 9537 69541 1315 36451 15272
4
10
36503 41609 5912 91507 12905 72315 47411 21099 92192 35407
4
10
90988 62294 93537 63111 19426 81485 66979 24909 58645 78785
1
10
58600 86025 53231 34482 49584 86590 26267 40465 31632 45366
3
10
89568 70351 46955 12346 88602 88006 50515 99885 83850 73673
3
10
87362 16400 46850 32740 19576 57857 95770 51133 68130 5226
3
10
86258 35010 65846 92726 70868 97580 75616 76712 84746 26451
9
10
98763 12471 31994 97736 71219 27282 27271 36912 48303 91807
3
10
67315 15628 48312 44269 68294 81247 12934 13869 90612 17460
4
10
90058 38537 59057 19828 64309 81486 86893 44486 77659 88005
2
10
46712 90647 72043 13123 31435 76732 30481 37918 19333 13811
3
10
51462 16503 56959 35357 15537 66082 79893 65445 75618 32366
1
10
70131 53395 88146 55518 58978 10593 39442 90635 96046 57118
6
10
36800 61430 16723 77385 67197 16271 74626 52530 8534 20193
1
10
24481 86983 70269 70783 93424 27205 76244 39952 8777 95137
8
10
52885 69873 84402 82116 74377 8105 36119 3615 59504 58439
6
10
52105 35178 64758 43704 22086 57778 45966 54389 34375 17282
4
10
10010 54224 34386 9488 96876 56369 92964 76580 84964 9830
5
10
54262 62051 5370 18239 49647 92255 92113 18401 4013 77453
8
10
22406 90767 80217 86525 37003 72875 11376 66295 18617 84533
6
10
64824 58549 51767 61245 70181 92164 20238 35639 52343 56602
9
10
78179 60922 95682 41522 42727 86477 3879 85165 40052 45542
3
10
17128 79485 99215 35887 68558 79631 78476 33951 88703 71669
8
10
93010 45689 43501 16100 74206 61337 97899 33668 6874 14209
3
10
17550 50526 92436 69235 33951 63492 88370 75058 3777 30749
3
10
34311 176 46564 56353 22729 35891 53688 93552 29657 88594
1
10
35348 72624 13050 99512 46944 17036 47130 50233 17054 57478
5
10
90271 23141 69417 79540 38529 5680 82975 59609 59846 86468
10
10
18756 62680 51328 58318 51125 1174 59669 27443 50280 42344
4
10
29779 67731 23246 50172 9561 87957 28453 841 29582 14513
5
10
86835 17116 45629 428 29247 33183 25141 1172 38301 98534
6
10
1691 58747 5753 17653 11063 50471 65786 87117 22006 13479
1
10
35279 32998 10427 22607 75103 56590 44877 85954 4495 3071
8
10
82821 72728 91089 73648 50432 96663 65437 17010 57911 60819
6
10
5068 24191 83686 89694 21319 29326 79671 92632 96857 26736
1
10
97601 65898 41668 96018 79480 37137 23737 29243 3831 4041
2
10
87960 87126 47049 37136 91274 44654 60647 55312 24501 5085
10
10
62531 25646 71343 37427 72859 51932 83302 27893 33405 31999
3
10
99435 49009 24437 45463 10722 32247 90937 99642 20686 39151
4
10
62294 3831 34093 12234 5583 9688 11950 58134 24478 55243
5
10
82338 46850 27761 25258 55141 26528 43117 19804 81900 14659
5
10
79784 78582 2527 48944 79838 11549 66479 52012 20310 99875
8
10
58458 71411 10120 55656 6019 10566 84066 28090 59008 16516
9
10
44220 32613 8103 15002 66404 30292 3195 45034 45285 38930
3
10
23050 59025 8536 75953 13415 19900 10730 75698 78733 5891
9
10
26041 12242 99628 69208 98249 38426 94322 1096 7954 53060
2
10
42925 94455 26307 41492 14182 46285 1795 33227 27081 44533
8
10
80469 17717 76867 69727 60693 97629 24490 72490 60710 13834
10
10
66924 82041 90623 87993 4539 26114 42191 65204 89433 95263
6
10
72332 80125 9183 85246 10082 18303 11147 35099 64422 16769
2
10
25673 616 76624 76651 37293 21371 97253 74111 34083 38027
7
10
90741 82636 26367 43455 55180 17700 79622 3043 94523 32243
3
10
99240 21208 28299 48272 81404 20146 50527 47655 94137 45008
10
10
89464 18707 34847 95241 85158 96219 88828 65134 76813 65743
5
10
11122 48459 60182 70203 48090 18663 9799 27593 67113 40909
4
10
93093 61554 74066 31 3596 8515 88970 5513 10585 53476
2
10
91950 17235 86141 46378 20394 96397 84821 98345 87249 94775
7
10
72772 69297 25872 22506 17424 58974 9638 3729 6266 54348
10
10
40803 91901 31032 61455 69219 27249 8233 77707 91149 71187
8
10
97133 80914 57733 15124 7760 1424 4113 80824 49610 42661
10
10
69910 82072 66637 17891 71322 18514 40183 85082 37483 55404
9
10
98564 68816 89129 85963 31982 21419 92847 64146 8427 6869
8
10
18465 10617 2854 91604 9655 66346 95875 8706 79543 79080
8
10
22338 46794 49670 85893 71950 48831 50169 91140 47134 23363
7
10
79459 31962 65234 54916 41154 93424 92709 97232 27048 92292
2
10
28608 53687 76722 76767 21482 41252 8981 78757 10684 30513
6
10
46347 67961 42612 81353 53589 77906 96399 33451 7066 34570
5
10
4467 7897 47152 52797 52720 55532 47719 43807 84383 82658
1
10
55441 12883 478 88324 31305 30889 96017 64649 170 16324
8
10
99716 64050 83771 13091 94294 68762 52948 43121 39523 47657
5
10
26185 77073 34369 40607 58950 59846 17661 21073 14227 40027
4
10
28315 59115 48712 46155 85914 58517 11214 91127 47654 59245
1
10
51982 44463 36370 38400 42857 29192 48490 35310 77936 58361
3
10
87528 79714 51524 40189 35681 91123 93864 30904 2926 51538
8
10
596 18236 31370 67199 28150 773 60889 76794 10096 32125
10
10
81503 51756 33819 48803 20446 92800 884 19033 55613 53208
9
10
54696 81943 12253 26799 15860 74518 10074 58500 44927 50340
10
10
73048 73035 81584 44339 51512 93902 25324 3107 78546 77760
3
10
8649 33497 85838 59341 5794 86541 20292 18358 43927 77428
1
10
77854 91549 73772 57890 55846 63754 62979 25334 35796 97726
6
10
69577 94205 46222 22817 44745 50130 86872 75770 95708 91382
7
10
31218 60617 40600 99983 56082 92816 28615 98459 45561 38191
1
10
21770 34610 51335 79851 81912 98472 10752 53057 66318 53708
8
10
46247 15515 1917 21813 79512 36152 64877 58604 54694 6169
4
