10
520
115 257 10 116 244 79 108 6 223 186 238 121 70 238 133 52 59 255 177 174 228 18 67 232 195 166 50 211 186 242 233 96 21 98 165 63 193 133 79 162 180 177 209 138 47 227 70 69 32 128 35 222 28 210 41 176 120 37 162 113 219 15 258 128 153 244 46 248 166 190 249 44 27 26 202 230 239 176 141 152 134 103 72 79 182 58 74 248 186 75 151 236 144 206 35 156 54 37 63 199 84 102 5 243 116 257 204 105 46 180 81 239 10 150 75 152 156 77 253 187 248 119 82 188 248 172 135 131 210 86 22 56 169 153 142 149 117 243 104 45 149 61 45 95 125 175 28 23 43 66 104 140 246 240 55 125 209 103 234 170 179 41 182 239 128 251 249 48 96 32 157 179 59 42 236 16 231 199 53 135 186 170 152 253 203 98 152 209 17 45 63 64 193 246 70 245 227 232 7 33 254 108 55 168 185 157 175 105 32 58 75 108 162 200 149 147 132 72 247 27 182 9 59 5 150 69 42 9 19 92 173 248 199 62 42 52 208 127 111 247 219 181 132 78 216 189 249 209 84 123 187 209 167 61 63 147 129 170 256 129 41 62 58 250 153 151 118 58 105 244 126 168 241 251 131 214 180 143 169 109 23 222 19 91 75 12 231 238 33 250 178 115 203 190 36 57 27 175 138 54 257 99 22 82 145 73 111 180 259 125 91 14 216 43 220 224 34 39 79 147 154 177 116 33 161 168 62 191 227 98 76 11 67 143 5 243 142 72 62 179 96 7 259 236 158 60 144 105 159 155 213 37 5 160 107 147 136 69 184 212 11 121 166 184 117 46 42 198 166 163 243 22 53 240 177 11 42 16 116 164 223 61 78 41 162 201 172 89 34 178 249 120 61 236 91 109 167 152 167 163 237 188 9 174 113 17 20 243 194 184 154 253 56 111 102 34 199 119 6 96 197 172 141 20 5 61 125 192 103 156 60 55 209 198 246 246 153 47 88 131 235 164 139 26 92 105 248 72 208 167 106 77 23 100 211 56 230 23 37 17 241 157 161 170 38 152 172 255 260 164 207 230 9 57 94 103 182 12 67 239 66 23 17 136 99 146 199 193 172 117 75 15 245 220 200 39 240 240 44 142 253 42 230 53 192 33 197 218 12 39 22 48 258 192 84 191 171 222 121 128
610
102 170 96 136 267 190 293 84 143 301 264 57 183 158 7 135 136 227 106 294 248 28 124 136 62 201 148 14 177 37 185 50 282 213 42 224 28 18 198 18 32 143 14 114 149 261 301 149 112 31 51 195 85 285 120 181 254 157 118 29 280 259 35 155 294 254 129 15 46 140 19 150 85 257 231 202 81 72 43 145 163 100 54 274 296 33 181 251 222 168 104 21 153 247 157 164 110 32 127 123 263 128 216 292 112 47 244 12 146 48 236 305 87 160 72 253 114 120 280 157 101 138 78 286 216 161 8 57 183 257 254 181 250 281 134 164 273 144 244 284 183 61 190 237 147 87 186 70 302 249 110 234 12 177 182 255 36 123 97 280 69 159 290 9 116 270 197 107 296 9 167 32 85 76 160 31 22 13 185 163 265 223 57 254 283 72 13 201 56 165 164 115 113 41 24 33 118 175 193 111 51 28 174 135 54 98 181 47 78 206 94 79 160 18 277 123 194 102 259 130 63 261 151 92 136 190 133 71 231 170 65 10 255 194 85 252 154 16 215 20 162 42 201 94 84 15 242 227 84 138 71 227 248 253 77 146 25 213 151 277 243 24 228 283 238 283 270 136 44 164 87 300 296 117 290 174 89 112 190 4 109 108 221 228 91 115 155 118 108 189 78 257 216 224 159 305 194 95 52 103 88 286 262 15 262 104 39 89 238 201 55 286 281 252 85 130 136 31 19 16 69 186 147 26 58 49 223 29 63 210 202 105 253 191 161 253 246 206 57 104 185 247 218 32 262 169 207 33 259 247 231 289 192 276 140 88 10 19 231 95 214 236 131 140 204 150 295 118 58 231 4 208 5 20 141 183 134 50 249 277 294 285 297 305 17 252 54 45 29 57 102 223 140 93 93 188 289 137 97 165 139 44 294 21 273 76 79 91 266 95 28 274 6 192 220 69 188 301 150 23 285 254 60 263 93 10 205 59 20 33 137 70 47 37 207 298 71 187 221 213 58 53 70 50 129 44 102 145 286 182 107 129 94 99 32 216 305 258 15 47 28 227 69 111 63 68 163 258 291 108 304 34 83 8 292 204 271 240 147 261 218 228 25 284 246 193 207 273 249 223 63 45 234 31 299 36 32 2 260 130 134 14 6 92 304 98 190 168 190 47 150 58 141 193 264 65 280 272 117 203 196 2 301 93 275 18 247 243 257 289 118 226 223 271 189 295 210 225 299 175 176 282 228 300 280 23 212 40 146 166 91 83 246 187 275 226 161 218 115 247 13 222 134 194 1 254 50 155 145 238 132 84 51 88 284 195 93 75 236 20 266 291 34 274 108 272 290 248 149 210 287 208 137 247 227 241 26 65 265 282 93 292 297 85 123 68 278 21 106 27
765
275 5 258 280 256 37 256 332 193 192 379 237 231 234 341 195 271 249 19 317 344 49 122 201 23 16 98 310 160 275 177 148 346 33 261 240 235 315 317 9 301 343 79 359 184 307 353 101 358 112 336 163 72 230 19 120 341 73 156 200 243 29 213 125 380 47 63 206 118 113 212 281 99 298 127 10 16 80 11 289 15 271 28 259 169 316 343 223 310 256 333 23 63 74 71 136 18 231 31 168 238 71 190 28 178 126 34 164 47 243 359 331 333 13 103 147 75 223 378 103 54 36 174 294 201 284 179 2 91 21 319 32 312 177 236 197 113 166 349 378 242 309 20 73 239 23 375 353 153 144 274 120 243 74 320 201 200 334 367 330 255 30 159 234 42 11 53 138 290 354 91 227 55 235 293 50 40 226 180 236 28 299 225 324 251 298 216 116 259 329 236 147 14 38 228 108 280 287 84 210 119 62 205 336 186 207 340 202 265 346 153 373 142 199 364 271 99 203 294 64 206 216 340 317 181 363 17 341 7 11 237 6 264 51 163 151 30 85 105 271 226 7 274 146 368 232 138 382 121 134 81 204 51 216 211 263 151 316 116 330 331 58 165 159 59 252 329 121 382 181 23 174 185 47 116 50 357 53 362 370 8 32 278 29 144 293 194 379 350 202 96 3 122 193 252 61 225 223 251 56 96 25 338 352 152 268 262 190 257 21 177 58 89 142 268 347 368 57 33 51 345 92 350 208 140 110 245 282 162 350 333 166 240 7 51 295 279 139 340 159 56 35 310 75 304 198 126 21 233 21 122 6 248 103 256 373 56 223 84 328 290 300 124 312 215 157 205 204 210 63 72 173 42 114 346 141 217 67 77 123 256 53 328 304 142 318 369 16 16 207 357 215 220 299 128 31 294 67 232 355 110 201 30 32 17 198 101 322 192 34 265 226 90 137 135 355 27 157 16 349 101 197 341 244 54 134 35 1 279 141 215 27 170 284 35 4 28 6 59 270 64 156 79 358 39 277 180 320 289 25 247 258 127 140 288 148 126 227 211 300 91 333 258 337 134 275 112 360 286 18 55 323 251 295 365 49 265 45 233 151 170 1 329 19 243 55 139 189 16 113 211 300 328 70 257 9 352 123 60 370 132 6 107 192 160 269 202 283 133 315 356 166 358 335 158 41 50 37 375 24 326 93 57 280 220 91 172 147 48 254 182 236 337 319 58 141 70 268 303 376 88 146 352 361 16 246 249 132 27 292 377 329 75 117 234 43 304 202 217 212 74 264 80 248 262 332 239 221 316 3 249 265 186 24 151 358 120 196 19 171 4 222 286 373 118 9 15 253 167 262 365 166 346 229 217 290 369 34 65 292 154 10 275 199 227 351 176 188 340 284 231 95 65 248 353 338 62 12 53 16 41 315 260 356 338 139 77 304 180 261 97 234 312 272 356 282 196 210 49 290 259 197 262 173 84 344 129 262 6 115 281 89 254 6 113 271 210 382 341 169 174 68 241 183 302 371 172 3 121 46 80 294 255 377 349 149 362 358 244 252 231 136 345 80 263 332 183 27 348 228 263 88 178 210 337 197 367 92 134 152 323 332 26 211 353 356 189 253 170 53 293 362 68 6 345 349 139 24 41 334 321 133 32 33 38 91 110 212 44 45 142 327 65 343 335 308 254 260 46 42 123 172 185 271 340 6 222 217 306 102 315 73 28 142 28 370 29 273 120 19 50 314 30 347 174
603
192 15 176 214 254 282 105 236 219 248 18 7 162 301 298 60 102 145 248 233 275 228 11 161 77 161 55 265 143 244 260 239 207 292 232 92 117 175 203 8 255 39 239 269 6 231 178 103 193 244 158 59 4 269 276 135 226 207 259 191 11 169 223 22 256 247 207 87 204 239 299 190 60 255 94 72 79 253 5 266 17 235 265 197 105 267 254 28 274 296 119 1 273 129 1 208 110 297 277 136 132 93 52 133 269 132 79 277 46 283 71 34 132 57 88 218 222 184 83 102 68 243 76 152 11 276 203 97 8 159 37 249 123 218 39 222 169 275 97 97 164 281 88 64 252 161 119 103 68 102 35 40 108 282 162 234 160 73 223 184 8 160 140 93 111 228 298 115 263 163 12 191 25 199 262 36 217 201 265 214 22 292 133 159 110 125 83 128 188 80 144 18 81 190 248 153 113 214 273 99 164 51 46 269 8 224 172 249 201 78 274 298 173 159 68 9 1 234 294 301 77 86 247 133 13 298 35 211 299 261 72 98 202 208 133 174 246 135 296 7 212 199 204 241 255 287 178 217 130 277 210 97 119 124 80 297 241 253 164 176 159 180 117 39 29 66 284 3 174 233 297 1 145 241 98 123 67 255 93 230 160 239 221 273 238 110 140 194 76 262 238 266 1 138 145 82 57 22 74 14 173 149 277 241 9 226 129 241 248 274 277 73 40 233 275 118 197 130 91 35 54 108 279 85 38 173 293 89 122 173 199 192 206 125 64 130 84 95 81 219 252 73 69 221 114 214 296 62 132 177 65 126 21 49 80 251 61 90 266 68 154 285 129 31 214 207 281 31 162 155 193 22 186 122 275 93 2 142 187 253 206 75 158 286 278 154 221 105 34 300 57 205 283 270 28 65 149 270 137 270 234 271 138 201 27 298 236 115 224 135 128 179 211 17 186 299 265 298 168 75 9 237 178 63 300 33 97 25 203 224 153 57 17 135 71 296 149 200 299 268 6 65 273 94 198 30 286 87 178 192 145 88 201 110 55 213 263 93 84 163 128 266 294 127 63 126 142 127 256 32 7 209 112 81 281 232 82 67 101 75 167 123 171 74 40 10 63 278 188 276 224 255 151 204 110 231 120 151 204 82 222 260 133 280 180 32 24 2 69 74 199 238 172 181 204 243 97 7 211 113 70 27 211 55 33 166 180 183 17 90 110 50 145 128 103 71 75 41 68 298 110 202 65 8 146 289 232 273 255 269 51 165 183 233 291 153 18 230 222 42 247 148 293 274 22 154 142 255 156 76 291 178 126 292 115 58 181 106 11 104 111 49 200 141 52 7 93 245 225 61 294 296 297 122 190 262 73 248 105 189 250 209 203
246
106 104 18 74 121 46 115 67 5 6 99 13 111 11 92 39 57 95 60 42 19 45 64 61 9 106 89 72 45 38 17 82 75 56 121 5 88 76 11 15 79 60 91 91 51 45 101 14 46 106 56 72 96 3 74 3 41 20 20 25 34 77 88 40 72 35 104 114 54 84 22 109 32 4 61 52 113 32 102 5 38 20 45 95 112 25 13 36 112 75 79 18 84 91 21 4 68 18 119 101 51 45 42 24 51 64 99 44 72 112 49 54 51 85 114 54 88 9 95 110 77 11 7 40 36 91 94 12 18 48 39 47 116 81 46 115 22 114 77 66 89 52 66 116 112 123 97 28 18 64 2 21 9 28 60 95 75 62 110 66 30 62 9 83 43 107 41 116 104 68 119 40 53 67 64 105 100 37 88 60 119 2 29 43 65 74 71 105 19 81 119 50 38 31 79 13 96 108 67 119 19 99 93 110 123 6 81 35 8 110 123 93 78 114 99 93 71 95 46 57 118 54 114 114 81 45 27 89 21 62 55 112 52 119 41 81 98 110 60 4 95 4 53 87 66 72
391
30 141 180 52 56 158 192 29 33 120 24 193 19 29 50 119 93 194 47 174 176 185 94 63 11 49 131 174 24 40 144 12 86 190 14 90 69 27 75 165 62 188 105 85 37 93 145 191 52 134 86 13 141 84 179 15 56 28 186 40 111 75 138 58 124 83 124 49 96 52 73 10 23 193 141 131 55 59 62 106 1 33 118 10 102 120 72 132 182 44 44 101 143 176 4 107 144 48 142 138 44 185 38 179 46 57 186 114 127 24 125 154 81 113 191 72 1 49 105 178 120 179 141 139 128 107 131 173 173 80 26 100 164 157 78 41 138 147 191 37 86 179 142 171 118 188 141 3 11 10 60 144 111 51 113 151 72 61 158 10 188 87 189 98 99 103 102 126 56 193 69 137 37 97 180 181 154 44 29 72 12 114 73 133 35 81 24 189 139 145 38 68 14 122 69 84 193 88 96 194 18 44 155 119 25 26 83 191 34 186 194 185 109 23 150 144 78 119 88 142 122 120 175 72 20 116 192 189 186 189 12 117 104 195 194 166 80 172 181 70 37 184 121 22 126 64 85 1 120 189 96 182 2 185 82 94 144 127 156 124 130 131 191 135 42 18 78 187 130 51 56 156 139 162 33 111 10 156 73 20 82 52 101 104 134 71 194 158 123 83 155 184 111 152 40 169 186 136 160 5 96 190 76 83 39 169 108 104 82 151 96 124 8 191 22 84 1 138 157 10 57 165 128 54 51 36 103 38 104 17 56 169 88 79 17 50 152 116 23 61 176 156 61 107 138 165 29 86 183 31 153 96 15 52 32 118 101 42 12 84 55 53 187 174 152 99 18 30 126 88 37 5 65 56 37 118 175 176 160 162 142 76 120 113 79 29 179 59 86 91 83
272
119 75 3 5 34 48 108 105 124 62 59 19 119 22 24 55 85 39 75 25 126 97 37 35 33 132 126 130 127 12 17 107 37 129 108 72 8 104 19 69 130 5 127 33 110 53 50 20 45 33 21 126 64 2 41 60 58 56 43 128 3 64 85 55 63 64 87 52 35 81 56 104 7 106 1 20 92 14 13 124 9 25 96 20 4 65 20 77 105 38 20 106 14 33 65 91 74 126 55 23 70 37 135 57 29 129 93 15 53 115 100 27 14 83 63 87 133 37 12 10 8 101 84 10 121 112 98 4 3 88 4 59 5 80 51 125 80 116 68 60 86 60 126 98 12 99 48 128 87 11 93 57 34 117 29 88 115 115 23 82 104 101 97 37 33 92 54 65 13 30 72 3 25 1 71 58 65 45 114 55 121 27 80 19 51 111 92 31 86 117 121 127 20 41 35 128 34 38 17 18 82 104 5 62 77 101 72 59 134 135 11 92 14 118 38 31 60 71 114 105 2 103 78 45 119 27 55 47 119 77 123 121 92 87 120 107 13 41 134 126 35 132 101 69 51 111 105 29 82 36 114 52 22 76 22 38 73 113 58 86 90 119 94 46 119 70 44 12 64 16 124 26
162
16 8 60 65 55 40 22 34 39 52 4 81 43 22 12 28 50 58 29 17 72 45 47 80 38 70 37 80 9 80 24 42 80 2 7 59 80 79 71 68 66 69 17 17 56 67 20 15 61 11 36 13 43 2 8 8 23 8 37 19 7 16 5 30 45 77 30 61 71 3 78 56 20 5 17 44 78 64 56 39 65 69 26 9 53 39 36 77 81 17 22 16 35 6 53 33 3 53 38 2 26 45 51 47 51 46 16 10 15 18 2 80 59 25 81 57 68 26 61 26 67 61 16 31 14 77 52 30 78 64 65 22 13 2 13 29 15 27 81 67 33 79 79 40 30 68 1 38 55 46 27 31 54 70 17 28 32 58 32 7 55 67
399
106 178 113 27 34 83 11 41 21 57 199 66 62 156 54 140 175 190 169 149 160 188 45 26 63 173 124 140 75 114 13 122 183 176 194 149 94 12 118 77 78 52 29 51 4 11 32 147 185 142 14 196 198 132 153 29 64 108 21 191 171 78 26 70 130 49 123 189 176 34 157 173 194 164 110 122 75 105 47 93 88 15 151 58 152 154 195 110 8 75 158 173 107 159 26 108 195 123 108 46 163 86 107 161 143 151 90 49 76 103 162 109 40 78 65 177 194 133 32 78 25 63 100 142 85 183 145 91 45 10 53 14 104 168 94 162 44 56 48 2 121 131 34 83 67 101 27 49 45 169 35 168 142 134 25 173 14 179 17 35 175 88 17 50 19 4 112 92 83 3 51 44 126 156 21 174 131 146 93 171 155 33 145 46 58 181 40 115 89 96 81 131 72 66 146 54 153 180 62 17 83 153 139 142 161 141 185 68 196 67 16 76 10 40 66 16 77 181 148 164 156 112 190 150 79 72 157 136 140 95 77 43 87 61 191 163 156 55 125 116 45 21 38 27 36 10 188 79 130 116 103 21 54 152 40 58 156 105 60 13 127 139 28 100 123 106 21 191 84 180 111 12 62 137 133 178 190 90 102 134 127 132 167 170 182 120 136 48 128 51 62 185 134 186 179 181 10 47 144 133 155 21 18 81 2 127 31 161 36 27 125 4 147 56 181 32 18 139 75 18 84 192 15 102 130 179 172 76 79 180 147 198 158 164 193 199 117 127 131 103 82 79 197 63 196 156 70 162 86 80 51 104 123 104 145 104 109 159 173 25 100 105 165 135 47 168 178 132 175 122 22 197 18 117 179 4 152 75 77 163 26 125 16 1 42 92 60 3 2 174 68 123 145 161 135 34 120 73 105
240
17 6 96 65 118 28 103 120 23 84 57 116 48 96 68 32 90 69 8 43 68 14 110 73 107 51 118 48 101 75 33 35 100 52 77 25 62 116 57 28 109 51 23 106 30 48 63 31 11 2 98 3 37 53 52 49 57 59 31 77 25 119 94 36 63 23 81 61 12 85 53 65 118 65 81 48 16 71 89 38 73 12 84 94 96 62 13 97 40 42 45 106 91 96 19 12 62 119 95 12 36 47 39 33 7 3 120 29 30 113 42 76 18 66 92 91 94 118 84 93 7 107 114 107 5 26 68 109 56 80 28 78 112 20 113 110 15 72 71 92 117 79 19 109 47 15 29 119 97 59 99 112 18 21 24 35 2 70 9 51 112 10 79 21 73 51 113 102 75 52 14 90 54 120 97 8 60 29 10 101 1 61 7 114 98 56 92 37 33 9 28 14 81 48 48 55 73 26 14 74 47 99 81 25 95 69 11 32 7 26 31 116 119 115 61 83 47 19 23 9 103 28 55 27 106 115 63 31 55 70 68 30 115 81 10 34 60 14 84 24
