10
309
104 151 140 55 138 115 153 42 107 31 60 87 83 28 91 7 84 69 17 95 47 40 133 69 79 51 44 103 17 126 34 94 71 51 21 151 34 117 149 74 40 115 127 108 96 121 62 32 71 38 53 44 86 60 128 8 76 77 44 32 98 13 26 49 54 42 4 84 35 121 108 151 10 30 100 71 120 122 8 114 44 75 149 113 19 34 144 124 67 71 74 60 50 4 105 122 124 82 113 61 106 104 30 100 53 65 42 80 60 128 143 28 99 38 67 39 90 48 124 67 137 80 3 29 98 42 87 133 74 58 49 85 72 87 108 147 9 128 46 64 64 41 11 91 7 102 125 20 49 149 5 129 111 38 25 65 35 97 28 55 96 30 112 140 27 73 146 75 142 112 153 89 101 83 24 114 64 153 98 92 59 81 14 70 119 101 125 23 31 16 7 85 82 129 22 108 132 40 132 65 95 130 114 131 98 44 86 120 57 50 144 85 6 101 100 147 67 136 96 57 43 148 5 47 136 16 27 96 52 131 2 146 123 144 104 124 57 140 95 7 19 41 79 102 49 78 75 22 52 130 12 5 28 136 130 60 10 45 78 36 9 11 81 106 66 12 46 26 75 26 127 24 93 111 141 153 137 99 47 18 99 25 143 72 152 41 49 140 117 106 79 53 123 148 67 154 8 62 20 83 7 19 15 19 29 41 39 70 101
385
16 172 120 192 108 29 8 39 58 104 48 153 121 167 143 145 91 108 39 83 110 189 140 159 59 20 78 25 49 167 116 82 101 187 29 43 128 125 160 160 52 186 42 70 110 140 171 178 137 28 107 131 104 34 162 62 84 31 22 136 6 24 97 157 89 144 31 159 140 28 21 145 6 18 60 3 35 106 168 104 138 167 134 141 65 100 178 153 162 117 52 123 76 95 154 130 160 57 21 141 76 118 149 155 89 43 55 67 53 21 29 115 162 61 140 72 8 28 29 134 160 181 124 156 128 95 156 184 21 158 1 40 30 73 186 49 127 52 77 128 185 184 6 136 175 38 62 177 124 102 165 110 136 2 34 35 27 53 129 152 179 55 47 170 59 42 96 111 179 105 110 43 54 31 80 180 140 131 14 98 166 171 127 132 137 174 74 79 168 110 159 12 64 10 95 67 183 30 142 90 140 147 74 95 156 191 49 93 130 25 53 21 104 94 153 192 56 182 51 54 18 73 115 82 119 56 28 9 169 88 131 12 131 165 37 182 138 10 177 112 163 138 186 17 42 161 96 104 29 86 92 13 95 53 25 44 157 184 100 76 119 136 137 97 62 140 47 70 28 120 192 91 162 64 180 145 100 43 192 106 80 163 68 21 103 84 162 14 104 20 158 164 110 136 20 124 92 162 37 155 109 120 65 21 69 35 127 9 140 71 40 65 59 116 98 59 129 78 15 3 189 168 2 144 130 80 125 80 8 51 23 26 113 74 171 14 186 105 27 20 122 103 104 35 106 17 163 154 165 73 175 55 53 119 81 52 160 153 47 103 72 155 183 91 23 105 76 66 162 38 43 99 84 158 79 156 112 11 28 89 136 78 7 6 46
192
64 60 25 44 57 78 76 39 76 44 62 96 89 17 4 77 30 17 39 40 67 26 62 54 31 30 22 8 40 57 91 21 20 88 41 71 96 36 31 51 55 4 38 70 26 53 8 8 37 30 2 19 25 8 34 50 52 75 29 10 88 71 96 42 87 77 37 49 11 15 39 88 79 42 68 17 29 96 24 57 57 29 68 58 6 66 60 34 72 62 31 46 18 28 8 65 35 93 85 69 91 64 31 2 23 53 82 20 42 36 57 72 35 63 35 94 8 32 85 64 70 34 48 21 90 62 78 52 14 5 47 2 73 81 68 20 28 30 87 12 85 74 16 50 54 59 87 88 25 76 31 75 57 53 72 81 42 73 84 48 69 19 4 12 90 62 6 91 26 51 3 53 84 8 67 60 60 56 73 81 76 6 24 17 45 92 5 25 64 86 79 1
253
15 108 70 122 49 100 112 57 107 110 115 68 26 47 86 120 36 97 29 79 66 99 27 9 66 43 89 52 117 15 32 91 40 68 26 52 74 28 74 84 32 21 120 83 119 102 66 71 81 48 65 47 96 89 85 114 79 107 40 28 43 33 60 7 108 48 81 40 109 97 7 79 119 97 31 30 80 125 30 43 112 121 116 12 82 90 87 72 3 79 26 8 26 108 82 106 119 9 49 126 106 102 40 55 108 108 73 80 120 120 124 62 97 80 110 58 10 48 63 35 14 104 80 66 80 18 85 87 42 28 17 4 35 57 11 82 92 92 65 17 86 64 15 12 125 53 88 15 9 66 27 34 103 75 12 24 74 76 56 19 126 35 9 53 89 63 103 67 91 51 83 59 38 34 97 60 95 95 1 66 122 53 103 94 31 2 16 72 52 75 58 82 72 111 10 21 89 40 9 107 115 44 25 98 34 68 23 106 39 121 97 13 61 74 50 109 30 53 94 35 58 26 77 11 82 47 51 32 34 121 110 75 42 81 71 56 121 70 54 81 96 44 17 77 52 13 31 50 67 29 69 51 45
109
23 48 37 48 6 12 24 8 54 27 19 50 15 6 54 46 2 51 1 30 7 16 22 28 36 44 5 48 2 4 26 18 26 13 28 39 23 41 41 27 12 18 40 17 7 4 8 19 8 13 11 42 25 1 28 41 35 43 51 5 26 16 51 48 30 25 8 24 45 47 17 11 13 6 47 40 33 45 44 46 8 30 31 46 10 31 1 45 28 45 24 46 10 39 26 4 33 25 43 21 16 10 37 51 32 25 8 23 2
413
202 166 148 108 119 11 176 56 80 186 71 142 18 152 145 140 29 15 39 22 65 56 81 111 130 39 37 53 64 202 88 97 34 51 28 147 135 203 126 5 91 161 28 121 84 204 169 138 90 8 8 81 136 98 56 121 117 175 103 57 168 42 78 78 77 98 178 52 19 106 24 8 51 169 189 193 178 183 73 48 180 50 146 48 147 186 52 39 14 206 129 69 203 116 174 86 31 195 100 105 13 109 89 187 103 58 169 90 19 54 1 40 116 32 27 150 1 34 78 106 7 154 152 89 89 197 96 99 41 154 107 145 146 102 197 61 37 153 86 41 36 99 131 53 155 204 23 190 17 16 63 200 62 139 178 35 136 179 93 146 60 106 28 101 187 150 95 114 131 25 200 69 130 153 7 83 203 158 54 28 79 103 22 125 34 181 157 196 36 12 82 49 138 131 156 184 29 193 173 9 8 8 206 110 1 27 37 2 6 125 135 202 138 44 172 171 171 47 146 115 130 124 70 114 31 15 70 9 81 55 137 128 63 19 148 85 42 11 52 83 103 25 137 143 198 125 137 175 138 49 205 148 41 2 159 39 187 124 189 117 73 19 76 57 148 67 140 109 120 164 104 74 16 137 2 63 121 205 56 111 70 109 119 97 147 38 186 142 48 196 76 45 202 122 196 29 76 104 88 156 15 162 179 204 118 17 106 1 125 9 46 89 128 113 84 1 155 138 86 84 170 127 44 16 196 139 169 190 112 44 87 154 97 13 74 141 135 144 198 184 163 2 143 116 186 143 11 141 23 29 162 132 56 69 153 46 85 44 44 132 89 121 22 173 13 178 73 115 111 172 176 25 18 21 116 129 105 186 179 165 3 5 107 14 51 106 37 145 31 23 193 118 61 22 196 155 187 126 57 41 134 126 165 134 161 164 6 107 141 83 60 114 96
284
109 37 85 77 52 8 92 110 39 131 98 17 101 115 114 71 123 123 18 91 64 68 44 80 57 109 94 53 104 87 56 111 110 105 100 118 115 57 10 14 73 6 113 64 139 43 78 70 31 34 118 46 42 58 84 2 39 53 108 35 55 54 36 48 136 1 17 60 47 46 1 8 3 106 56 69 37 29 41 33 104 31 17 7 10 68 79 90 117 119 97 84 45 65 126 41 132 107 44 73 19 5 135 13 117 123 58 52 64 4 29 66 142 135 52 15 44 86 93 60 74 56 99 37 105 131 25 60 13 32 119 61 31 79 6 79 66 59 54 40 106 95 50 68 111 126 63 70 85 131 140 92 2 128 98 4 9 40 117 95 55 80 135 40 4 56 10 109 115 112 50 16 48 78 121 54 83 8 55 4 110 11 91 118 55 16 32 73 19 126 80 123 48 57 59 33 10 83 11 17 18 30 3 126 66 133 46 28 107 114 18 78 76 70 99 100 45 32 6 105 17 99 104 31 76 91 127 102 20 84 28 141 139 73 80 15 69 109 56 76 142 17 86 137 61 67 11 75 136 117 107 130 80 114 45 37 121 29 76 37 18 2 93 45 139 120 83 117 135 72 67 136 66 60 106 102 35 127 101 12 8 137 106 51
227
56 7 2 101 12 74 85 46 76 37 35 10 59 27 67 77 98 52 98 66 27 17 90 21 45 84 38 23 86 50 51 72 33 58 63 99 93 2 36 40 100 106 22 62 94 95 21 104 39 16 49 67 53 70 7 41 80 56 80 36 60 80 72 103 82 24 33 71 51 74 24 31 16 69 109 63 17 24 48 45 54 45 20 38 57 74 8 47 8 54 16 106 54 62 106 6 67 92 101 60 81 78 66 19 59 41 76 78 39 3 56 55 35 15 48 12 38 48 16 54 74 32 58 68 54 79 33 76 107 45 81 29 10 93 100 56 100 94 44 19 59 34 30 19 90 49 109 24 2 11 14 43 99 106 31 21 6 64 42 53 36 79 105 95 38 63 13 68 93 108 24 44 82 77 76 36 81 4 72 74 78 45 19 7 4 72 18 81 57 13 14 103 50 105 95 22 103 111 49 8 21 58 22 43 66 63 83 56 22 13 27 86 112 112 32 111 68 75 8 100 16 99 7 39 58 56 103
313
47 54 144 16 117 93 25 147 147 42 44 135 68 78 19 67 139 54 93 96 115 140 72 101 22 20 17 91 42 76 91 127 20 101 81 108 76 111 12 40 79 81 117 26 68 142 98 148 123 21 74 4 3 91 30 80 22 80 110 156 130 66 109 14 18 6 146 88 58 125 137 31 64 131 46 36 22 81 107 7 18 89 156 36 74 56 48 81 118 91 125 7 24 97 75 78 12 71 13 111 37 64 35 61 156 51 59 57 88 118 10 48 133 99 57 122 147 121 146 112 4 60 134 113 18 79 105 94 152 91 74 29 37 7 100 25 141 79 138 85 63 128 113 102 47 88 135 62 84 146 74 149 34 142 111 38 94 48 79 124 70 68 139 131 101 57 76 103 65 135 64 125 93 86 19 156 24 49 66 27 128 77 68 142 147 85 150 110 154 101 111 124 147 101 75 146 61 30 76 130 101 35 71 47 76 18 138 143 149 140 136 77 52 139 87 136 50 85 67 134 15 5 21 88 115 110 84 104 143 60 150 58 85 153 2 37 144 22 110 87 102 16 21 149 36 24 75 7 146 129 127 127 22 56 20 31 36 51 7 136 150 118 39 131 9 86 83 106 90 51 27 77 54 88 2 150 37 94 32 17 152 126 18 87 94 49 56 68 104 43 61 95 115 118 18 113 91 47 94 123 79 128 104 14 56 5 60 15 69 117 60 17 1
280
3 87 32 132 81 112 15 137 108 30 52 110 91 66 89 64 49 140 42 18 21 107 101 74 138 111 122 136 24 101 82 103 126 112 1 6 99 13 101 65 44 51 131 139 89 72 59 44 52 119 15 75 73 82 16 38 116 6 3 16 132 40 61 34 13 90 56 52 125 101 108 83 4 58 55 16 92 71 36 139 16 95 67 66 140 29 29 27 83 38 71 91 135 104 102 137 66 31 93 130 113 13 45 7 13 10 87 13 51 81 114 47 50 126 95 107 52 125 67 21 94 85 109 132 10 25 59 92 81 46 93 33 19 135 55 105 29 2 3 98 103 5 69 52 54 47 28 10 58 19 23 41 22 76 28 47 64 21 79 69 104 29 82 87 18 68 1 41 96 65 21 24 139 15 90 84 32 16 137 71 18 5 119 19 31 76 16 110 54 51 88 84 117 4 44 83 129 84 23 16 126 59 109 89 120 134 77 121 48 46 9 11 111 139 89 6 63 78 117 123 106 130 2 103 24 41 37 91 106 34 139 51 45 131 3 131 123 15 108 27 70 23 54 81 4 41 131 3 92 101 101 135 132 122 123 86 41 52 87 19 94 86 40 115 37 58 87 60 91 70 68 92 78 119 130 9 8 10 107 63
