20
49
558 558 162 162 558 558 35 332 332 332 558 558 558 332 162 332 35 35 558 162 162 332 345 558 162 162 345 558 162 345 162 162 345 162 162 162 443 332 162 162 345 162 558 345 332 407 578 35 162
19
371 223 505 878 520 505 418 191 217 858 306 127 152 505 840 452 113 962 484
77
424 818 793 313 404 347 453 607 30 487 838 978 514 978 158 105 746 978 495 978 382 978 499 280 978 331 676 766 915 390 210 627 769 97 839 810 837 205 574 933 487 91 504 220 318 161 414 270 798 72 978 244 207 267 778 38 854 425 254 708 786 860 352 446 978 29 316 314 852 390 3 180 705 689 978 841 506
70
480 64 638 234 841 709 234 174 480 234 496 480 234 174 174 701 174 480 234 480 174 86 480 234 234 480 234 234 480 480 480 234 480 11 234 480 480 480 699 638 174 234 174 234 107 541 973 234 93 234 234 234 157 234 480 734 174 480 174 234 480 480 234 480 638 929 638 617 648 480
101
705 132 801 801 31 340 907 940 900 801 764 164 293 181 108 58 801 616 801 705 442 801 994 578 881 801 314 705 322 705 296 27 516 545 801 618 3 801 716 904 171 764 470 705 615 705 82 497 785 373 578 764 801 858 301 194 65 138 801 882 725 189 725 907 897 495 44 470 705 578 472 932 373 104 690 578 997 145 412 66 685 801 705 724 657 312 158 30 153 10 331 668 705 801 963 438 60 801 252 306 209
82
804 129 880 615 129 513 777 902 378 396 257 93 129 615 295 501 512 610 922 425 558 76 134 419 917 219 143 385 129 603 23 129 79 182 908 506 167 642 580 923 374 184 545 507 15 854 478 265 347 655 640 445 651 443 725 245 744 444 353 779 129 187 294 90 181 374 10 511 797 473 129 630 276 972 299 330 206 945 658 671 129 129
168
127 673 923 496 632 809 168 923 684 284 597 632 632 399 692 989 256 759 412 871 632 895 609 774 396 824 506 536 640 199 303 997 292 923 328 556 59 193 769 804 108 399 424 923 607 134 251 399 923 67 399 417 859 923 728 423 724 412 447 976 319 6 399 866 744 182 962 399 972 923 997 728 411 42 838 632 505 807 728 510 923 830 438 728 608 632 327 91 632 909 859 464 666 981 404 286 101 399 7 87 944 123 168 937 160 921 526 399 399 393 728 185 652 139 400 149 399 623 303 727 379 399 706 432 632 656 463 923 609 728 973 923 82 60 923 194 923 665 373 141 399 797 150 399 908 657 867 779 210 66 948 667 646 923 211 265 529 639 668 572 513 933 632 913 551 388 308 923
234
493 622 442 845 362 591 383 284 906 837 906 845 935 211 351 211 678 92 211 861 650 208 493 906 817 285 23 906 563 174 230 94 192 383 910 681 782 20 2 906 723 677 167 262 211 232 971 734 135 211 581 130 984 452 737 130 153 698 15 898 618 654 844 12 523 760 403 695 266 881 504 591 196 10 983 775 632 125 906 267 836 343 958 172 431 211 187 627 290 597 273 766 417 490 328 297 6 178 121 966 496 906 949 120 639 321 748 728 447 581 211 627 740 755 760 36 211 302 840 104 816 473 829 981 525 718 730 563 349 601 109 585 782 537 483 698 860 559 582 976 565 756 918 110 809 191 449 800 495 281 906 178 949 281 139 643 771 275 480 255 308 519 956 409 299 971 562 906 664 444 673 215 193 948 416 973 335 211 763 685 824 906 272 199 150 215 842 895 28 353 906 209 850 515 637 440 885 766 386 395 189 810 164 432 364 588 211 159 397 471 208 945 495 906 410 44 211 949 211 702 781 573 195 211 209 773 609 16 476 211 262 926 579 396
78
287 356 287 759 82 43 864 864 125 851 759 82 38 53 512 759 287 576 841 800 395 287 287 759 492 864 287 369 595 859 759 180 978 170 82 287 442 864 429 551 323 287 479 759 287 864 756 864 775 647 189 287 888 901 894 759 287 287 57 473 82 287 526 864 256 759 82 864 370 867 26 864 948 759 759 287 463 759
130
468 288 867 271 468 710 867 313 468 288 867 596 468 125 271 233 521 288 636 591 13 933 768 504 288 13 867 867 13 271 288 468 288 271 271 103 283 271 468 674 867 288 13 288 271 388 271 13 468 631 767 288 867 957 288 468 867 63 13 64 271 170 750 603 867 271 288 867 271 413 271 558 49 585 585 908 933 933 781 468 468 213 768 288 215 116 288 271 892 468 13 589 468 13 271 13 933 558 213 288 288 468 809 13 468 271 13 208 980 555 933 756 940 288 13 867 878 288 867 271 585 933 814 933 288 271 288 84 271 468
131
199 260 777 119 876 478 618 366 260 89 147 199 924 47 199 531 609 739 658 651 330 682 260 883 579 807 514 199 199 7 160 2 228 595 945 276 199 823 614 199 962 560 777 395 89 104 47 345 456 582 599 870 677 199 138 260 601 152 246 134 706 199 841 911 432 575 333 260 91 665 199 425 260 260 703 619 535 856 948 841 565 581 494 742 199 260 905 193 199 128 407 260 316 822 774 827 440 89 199 340 177 654 770 651 105 10 99 875 260 199 260 458 205 234 737 204 260 639 280 817 199 754 445 795 475 200 688 543 313 426 808
46
44 420 118 972 467 785 598 505 338 118 299 646 712 118 118 407 489 985 240 646 31 601 205 370 646 754 646 458 272 373 646 802 688 382 281 651 380 125 476 562 433 767 646 429 527 646
226
800 119 902 341 683 800 896 631 800 729 868 197 345 868 596 800 216 608 686 607 66 882 202 202 416 65 41 852 910 360 65 117 295 200 200 202 272 205 48 218 739 211 988 586 761 800 644 507 202 800 800 760 756 65 449 800 89 202 600 588 371 162 933 65 362 442 144 575 874 680 65 534 868 299 78 729 38 193 939 65 822 150 995 672 872 775 382 549 617 257 978 330 806 875 174 62 366 868 202 108 122 65 202 957 65 65 733 29 800 561 678 202 202 123 332 40 650 800 65 65 800 173 384 800 546 578 502 876 800 574 468 202 202 942 511 982 202 868 850 63 711 757 790 848 548 948 436 301 931 760 800 89 800 729 65 229 774 572 245 383 65 913 193 781 193 395 868 702 800 868 344 44 202 224 65 607 226 787 852 879 607 129 907 90 17 868 202 33 673 329 428 304 937 868 912 599 202 266 372 800 718 65 946 932 502 532 245 685 710 777 886 625 868 599 57 435 68 985 602 65 65 544 607 852 193 500
177
465 2 2 247 462 2 865 583 103 577 103 410 500 103 865 46 157 937 2 465 769 149 500 157 801 2 130 176 2 72 500 149 896 103 771 289 88 848 619 437 989 465 1000 465 157 301 2 784 751 157 408 228 157 2 157 500 902 865 595 103 103 106 103 500 234 863 157 220 833 224 664 103 925 103 2 500 598 103 157 916 149 590 500 2 552 149 157 828 865 757 736 456 247 350 129 632 733 157 971 2 2 865 768 103 865 2 554 37 865 375 103 157 658 865 500 757 103 863 500 157 865 374 500 62 898 157 58 500 513 422 865 149 146 468 103 2 865 649 149 149 103 465 692 2 157 706 393 500 157 865 157 826 776 2 189 578 465 865 966 2 721 149 465 2 907 47 2 39 46 500 242 500 764 74 2 843 149
118
896 273 169 148 853 635 768 148 568 788 89 568 631 151 8 597 89 148 89 148 89 89 788 788 568 89 89 568 500 788 826 568 148 500 788 568 864 2 80 608 568 619 690 148 366 222 148 500 826 788 216 500 500 233 466 818 743 89 449 329 568 216 654 568 500 521 572 191 148 500 788 89 148 766 710 148 500 56 367 148 568 139 148 419 89 893 826 1 994 89 89 683 568 89 424 459 619 148 500 89 500 568 70 788 788 500 437 500 568 771 89 89 148 89 116 446 89 568
121
31 619 38 378 579 260 660 939 507 72 827 7 893 955 735 585 227 332 498 235 89 704 264 731 390 876 92 887 233 827 527 762 704 117 224 171 248 447 107 135 687 142 393 672 490 858 77 467 25 642 813 827 126 839 452 704 153 827 705 829 704 320 148 521 82 322 704 704 929 401 329 827 849 894 981 819 682 311 704 942 251 587 263 827 679 798 549 500 614 827 211 906 648 534 959 488 682 677 651 190 572 93 991 827 473 542 956 245 257 148 543 651 866 2 148 667 8 62 904 231 422
210
924 534 943 654 702 654 33 800 878 500 948 675 654 126 789 367 969 356 952 716 216 280 630 751 761 611 163 492 183 702 702 246 877 108 702 433 909 20 654 984 446 353 292 52 659 530 374 919 869 647 794 890 402 668 180 278 662 696 743 93 601 903 293 726 800 881 180 654 654 590 702 180 871 438 702 674 525 533 140 869 257 459 443 810 153 702 736 654 86 638 372 58 565 839 502 803 654 665 702 180 863 799 82 755 117 148 22 123 925 141 819 180 333 954 667 702 654 68 654 601 137 311 88 97 106 194 91 702 875 126 372 755 294 389 353 418 592 161 180 993 610 339 954 701 264 789 776 868 654 468 103 728 818 976 926 120 308 660 962 375 153 501 751 214 502 806 180 305 400 668 854 706 373 246 897 585 702 652 697 401 568 234 925 596 800 284 632 778 702 155 702 488 378 129 734 575 654 719 969 777 661 337 842 844 275 547 540 492 702 249
6
681 681 681 681 681 607
108
970 97 925 925 779 685 779 685 583 852 85 779 970 779 917 685 97 97 852 85 852 153 685 85 925 153 85 852 852 868 970 779 970 925 153 685 153 685 852 85 970 85 685 153 685 779 85 85 970 925 85 852 153 970 85 85 97 779 970 779 97 852 970 85 85 685 970 970 970 85 852 970 970 85 970 685 685 852 779 97 97 852 852 779 970 97 153 970 779 97 97 97 423 685 685 685 685 85 97 852 153 852 25 85 779 97 685 779
57
878 878 878 258 624 624 624 741 444 624 258 624 258 878 624 444 624 624 624 878 741 49 624 741 878 878 624 929 258 624 49 900 878 49 84 878 741 624 258 878 878 624 273 624 624 878 878 878 878 878 444 444 878 878 741 444 49
