32
175
954 904 327 984 59 352 623 252 647 606 642 568 984 456 623 327 160 984 221 604 954 954 954 520 623 252 623 252 164 252 984 984 525 623 739 954 286 902 160 984 623 954 194 160 603 384 427 902 984 424 963 547 984 623 954 623 160 326 902 282 110 252 922 126 365 704 252 242 252 603 240 236 47 90 109 327 896 603 603 925 954 603 623 252 160 956 559 112 460 160 984 902 782 160 697 298 965 404 902 252 252 448 984 439 603 565 984 984 252 954 327 623 682 603 252 623 126 940 984 628 21 331 252 252 954 351 988 902 495 931 603 803 177 984 954 623 623 998 862 954 746 252 954 252 252 954 717 623 623 327 954 650 902 629 623 863 252 711 603 608 163 473 902 339 202 954 984 902 938 168 984 902 252 535 623
176
888 970 895 537 509 148 16 597 920 330 459 31 757 888 499 543 419 492 210 445 816 888 103 888 530 594 618 529 897 666 161 16 545 680 888 199 433 184 203 492 379 30 828 290 798 274 956 508 209 851 196 523 492 209 888 16 201 74 68 492 492 898 696 551 814 320 427 888 497 15 953 822 888 492 116 492 867 118 492 16 888 16 64 681 769 492 186 835 810 108 380 189 599 46 211 472 973 492 391 888 16 899 581 720 407 121 16 859 888 541 433 100 52 16 16 587 704 805 553 888 74 78 395 538 527 291 899 363 741 308 619 725 814 492 573 16 471 976 16 16 888 615 571 159 888 510 492 294 492 731 774 751 350 827 627 719 492 248 150 703 541 355 492 6 52 888 911 764 286 842 492 223 529 889 21 433
194
411 867 130 585 886 873 665 535 75 629 43 566 583 875 803 363 919 557 35 350 393 171 275 873 173 441 792 215 510 302 863 804 873 953 978 957 52 997 873 284 873 131 990 677 103 269 36 444 441 873 999 78 441 922 36 121 680 628 654 113 233 927 751 75 30 323 441 106 873 51 318 102 441 441 746 807 873 441 545 117 763 60 290 998 206 555 649 317 823 76 302 441 498 136 258 441 994 592 873 667 599 136 611 441 365 986 845 441 441 637 21 747 529 341 788 222 109 246 892 449 861 486 441 213 802 196 187 733 729 293 419 258 916 728 682 327 949 519 38 431 87 368 21 873 214 704 765 792 135 426 823 995 943 736 308 913 350 199 922 150 910 302 734 782 441 447 884 259 938 959 605 753 873 479 958 301 680 697 104 441 85 873 195 873 976 67 130 206 151 626 717 675 671 676
145
429 682 626 194 225 429 233 618 764 558 301 399 429 714 453 429 82 429 655 619 640 345 5 233 267 167 557 823 233 233 233 429 961 901 429 44 762 639 233 180 298 233 215 972 476 215 30 356 215 660 660 601 28 466 573 460 233 215 213 353 313 637 14 612 708 601 399 429 233 937 320 419 230 836 616 371 601 208 215 181 624 429 823 601 680 829 233 215 88 429 502 418 128 619 310 163 117 233 700 429 79 640 674 335 931 520 662 874 429 602 233 861 233 550 532 124 19 185 215 49 148 110 429 461 142 565 653 233 293 792 78 611 233 215 363 226 221 902 234 611 522 429 233 552 277
154
655 529 392 141 392 373 392 65 946 944 728 844 738 392 937 577 217 695 562 373 131 20 269 730 357 373 357 560 789 388 697 765 654 196 582 373 524 23 53 784 780 392 590 106 650 373 985 969 772 785 150 451 746 288 392 865 726 562 196 602 442 194 373 521 540 125 219 366 790 437 392 512 382 752 746 546 177 392 373 569 556 472 675 686 392 373 606 452 808 848 418 373 518 788 514 495 574 195 214 868 21 357 360 373 373 845 743 392 337 156 85 838 651 253 133 13 357 392 769 622 743 922 562 257 864 789 236 373 562 592 562 373 392 115 953 362 562 142 577 204 445 75 438 562 88 516 814 480 229 947 910 373 373 392
170
342 668 27 307 451 421 488 389 421 301 207 913 421 421 425 53 421 215 421 421 421 813 688 838 821 320 922 926 421 385 5 400 847 371 552 75 69 135 400 400 400 620 157 993 27 451 421 107 3 185 773 46 742 451 714 109 742 479 992 812 252 174 980 78 421 451 421 972 518 659 307 609 421 382 451 269 367 688 3 948 826 400 521 451 451 231 570 451 451 599 111 685 897 919 763 400 451 421 400 813 969 936 400 224 654 288 339 421 496 451 519 522 27 44 860 604 400 451 451 400 899 35 364 409 521 400 456 907 553 421 27 651 175 212 852 23 355 27 334 27 379 424 178 27 910 421 400 582 421 27 329 421 81 437 157 769 554 535 451 393 724 404 421 670 451 27 292 6 410 18
147
119 205 593 303 593 997 870 733 111 867 383 964 733 894 261 627 593 65 545 65 205 119 495 65 967 165 964 205 964 205 205 528 964 65 65 659 54 964 65 271 377 590 294 205 205 65 127 119 205 294 205 65 65 294 205 404 294 205 964 1000 161 856 119 964 964 964 47 964 65 294 420 593 593 65 713 110 593 628 945 811 964 733 347 584 733 65 205 294 272 711 65 261 65 524 607 261 545 437 668 205 291 261 796 16 205 119 470 65 233 185 119 119 964 593 205 964 593 964 593 593 593 593 593 430 65 65 205 119 964 593 65 65 964 192 593 205 205 196 767 593 122 125 261 973 733 65 56
210
665 31 579 665 31 479 730 249 161 832 234 912 472 230 294 714 76 791 934 363 116 221 49 472 825 572 285 631 169 472 345 93 206 296 894 622 700 79 159 427 487 665 770 795 602 286 679 990 843 777 665 616 193 781 200 510 665 178 960 665 295 241 473 759 665 810 863 872 860 523 278 727 85 635 475 279 229 665 481 454 792 602 673 118 311 904 190 478 999 468 236 285 665 774 436 472 244 448 966 164 472 848 575 154 748 531 368 811 302 769 710 472 379 212 354 327 682 789 577 576 139 472 555 742 549 966 959 665 295 64 322 951 621 472 188 90 847 549 435 213 576 472 929 665 978 771 290 105 204 472 860 855 83 59 730 939 851 347 665 405 794 875 815 44 665 506 712 117 790 965 643 506 736 513 472 883 184 665 276 940 371 472 748 565 402 665 267 472 489 665 928 188 665 263 665 7 665 472 26 391 676 339 973 29 944 975 804 740 240 734
85
656 629 720 738 950 17 710 144 940 663 933 710 246 933 388 656 933 974 738 187 933 404 656 13 327 696 656 27 60 656 663 794 875 656 656 224 940 647 933 591 187 933 102 656 507 241 656 85 656 286 837 200 933 614 656 710 630 733 107 656 347 187 931 933 745 656 804 47 887 403 255 445 742 187 656 345 663 979 228 933 656 928 228 13 583
58
749 877 545 546 749 630 721 877 653 877 877 749 653 407 749 534 933 749 556 653 933 877 105 637 933 545 545 877 933 933 978 657 454 653 545 653 809 545 877 749 214 430 749 435 545 545 674 653 653 922 491 653 749 487 982 466 347 545
123
398 196 961 141 988 772 685 961 935 500 980 961 961 935 227 229 935 950 772 244 902 326 699 961 196 587 696 902 530 126 961 655 196 902 825 178 935 961 196 772 772 500 196 279 196 994 229 473 772 816 935 500 772 961 767 902 961 805 196 257 1 116 935 935 624 961 196 961 935 518 196 961 980 902 961 935 127 902 772 977 926 961 618 961 229 902 131 367 973 902 229 765 632 902 854 196 568 772 935 196 67 117 504 961 256 382 329 902 229 229 196 439 961 432 935 902 196 772 196 935 902 196 258
6
848 848 848 794 848 848
53
429 429 373 153 194 609 429 153 373 373 429 373 429 429 609 373 153 429 373 373 429 373 373 747 429 153 373 373 373 373 429 373 153 429 429 373 429 429 373 153 429 153 373 429 609 609 429 429 429 153 429 373 153
14
353 576 789 678 444 668 397 616 115 245 763 960 880 98
55
578 578 497 578 48 578 497 622 48 578 578 497 578 622 177 702 578 497 622 203 48 578 497 578 234 622 578 497 578 497 578 48 48 119 48 578 578 497 48 48 105 578 48 622 497 578 410 497 497 622 578 622 622 867 578
50
23 548 1000 47 921 921 921 271 789 866 416 180 23 538 432 848 834 701 973 921 23 253 539 167 23 840 193 921 23 1000 23 23 246 23 921 380 23 23 921 23 23 665 23 921 23 921 590 23 23 1000
209
506 230 921 377 339 744 372 435 466 394 312 767 382 479 789 468 51 685 33 339 511 802 82 181 210 988 661 789 506 940 181 640 339 339 5 270 458 372 611 372 789 269 48 515 372 122 974 697 506 506 995 789 372 533 372 372 529 158 181 181 438 8 824 94 339 339 803 921 506 339 372 468 524 478 104 653 929 372 789 506 506 325 509 293 261 506 488 506 789 253 445 339 156 418 264 722 789 181 938 594 789 160 7 372 789 344 498 322 853 789 112 918 375 355 181 181 651 371 424 32 572 866 506 532 823 789 181 549 339 611 47 506 372 506 673 929 189 137 506 161 466 107 612 339 466 32 789 450 506 740 372 506 506 17 64 216 506 575 453 850 339 227 339 954 626 60 876 789 523 288 372 789 383 840 133 339 789 339 466 372 339 298 225 274 372 968 594 735 955 372 799 372 611 545 48 585 988 996 789 298 181 297 719 252 181 37 620 339 335
4
991 991 991 991
158
952 904 791 866 128 345 864 982 225 58 264 297 815 913 981 488 822 717 746 897 542 41 131 192 387 70 268 235 552 63 572 445 41 445 974 861 34 845 371 444 41 41 888 41 743 445 184 41 787 522 481 184 56 270 397 850 814 445 828 565 41 142 236 184 445 470 41 491 688 135 633 41 392 149 160 36 610 851 307 556 445 6 383 445 108 420 912 73 607 718 714 247 718 688 152 338 405 8 174 41 457 69 81 963 62 87 615 3 74 978 589 183 445 784 986 70 184 988 184 184 184 194 9 184 119 715 41 276 433 982 445 576 445 548 702 184 21 982 803 41 226 445 151 21 886 275 41 643 351 495 445 41 796 154 982 41 888 649
23
294 294 294 294 294 294 294 294 294 294 294 294 294 294 294 294 294 316 294 294 316 294 828
61
906 574 574 911 574 735 906 906 805 574 574 574 13 911 574 574 369 743 854 706 363 202 574 906 906 911 519 553 906 569 805 574 906 58 574 741 906 911 911 574 906 72 906 574 127 574 559 906 881 266 574 317 969 906 906 906 805 574 911 612 574
42
739 799 429 739 429 429 739 429 873 429 873 739 429 873 429 873 739 739 739 449 429 429 739 739 873 873 873 739 429 873 873 429 429 799 429 429 739 702 873 702 429 429
40
511 511 511 504 961 609 445 511 504 975 511 511 504 511 473 504 511 860 511 191 378 762 511 295 894 511 801 289 921 17 326 511 175 504 293 504 356 428 511 511
100
502 637 72 502 664 208 267 72 679 664 910 502 72 76 72 359 243 384 979 924 306 664 922 502 664 318 269 620 887 502 353 502 297 719 359 502 664 502 72 752 72 619 664 707 757 502 359 72 688 471 893 235 925 87 163 760 669 72 702 359 664 502 502 538 722 502 72 664 72 502 949 302 797 633 275 320 748 561 502 502 393 664 420 746 805 227 833 72 751 664 359 583 502 664 741 905 502 664 590 502
130
150 395 702 647 799 473 870 29 582 150 329 787 641 254 764 625 625 150 641 385 737 923 329 305 110 329 329 625 329 625 61 490 718 826 951 641 702 150 254 329 625 150 329 532 234 254 881 988 329 702 57 705 329 734 702 329 947 647 641 641 254 702 988 641 625 73 309 641 841 163 625 213 95 150 647 435 805 988 87 647 781 702 504 801 625 254 74 866 625 255 150 12 80 430 329 732 625 825 150 467 150 702 380 150 790 795 625 329 94 303 702 150 625 328 278 641 329 283 105 254 150 702 702 254 821 769 199 647 801 702
119
305 532 500 684 777 777 945 305 777 674 665 329 372 777 305 390 326 636 78 777 777 563 737 985 78 196 674 300 305 395 683 578 305 636 78 864 360 306 985 222 326 390 305 636 360 777 305 636 777 777 390 360 636 390 980 78 360 636 360 360 777 777 636 951 363 305 74 129 438 44 78 335 404 600 305 347 777 985 305 571 305 305 777 777 376 574 828 305 305 825 305 360 636 285 110 777 148 360 979 777 360 777 193 139 981 78 340 43 777 946 78 527 657 305 360 636 777 305 305
173
508 47 277 990 952 403 751 916 862 503 88 579 423 579 579 382 579 749 464 462 98 968 211 684 33 406 640 714 98 425 836 688 804 399 386 509 267 231 561 164 783 540 579 921 286 233 545 23 106 172 579 255 425 582 28 28 579 655 71 95 9 337 159 738 747 906 507 630 143 464 617 546 516 579 348 579 894 861 757 312 406 965 315 125 723 488 296 296 205 843 246 948 704 535 363 700 409 944 855 75 318 568 486 438 990 891 357 4 718 579 896 794 621 35 641 141 482 100 106 134 128 878 1000 976 361 32 547 182 977 579 579 562 335 718 763 579 625 726 579 793 741 72 587 16 608 689 192 960 542 550 289 521 838 928 770 371 789 112 488 609 579 878 579 620 272 764 95 892 68 579 673 614 219
250
703 449 764 688 135 79 558 813 558 152 971 768 626 98 865 764 916 425 768 396 716 805 155 764 730 913 764 768 974 548 318 484 627 655 213 764 159 975 107 456 309 765 612 498 896 764 589 850 190 607 449 4 5 425 538 242 833 93 105 436 807 583 140 982 930 689 423 661 382 396 640 58 963 504 764 72 68 697 449 819 449 414 156 420 436 10 374 558 192 558 425 767 14 365 558 764 204 768 235 425 742 608 449 558 543 941 255 764 878 764 230 92 949 519 69 768 238 986 425 425 111 576 671 340 254 425 845 596 17 700 764 772 48 17 449 863 525 768 764 449 120 768 595 154 194 499 764 764 674 571 558 674 688 241 764 679 449 260 651 768 650 768 15 705 85 425 558 535 381 706 768 325 984 648 944 768 391 752 125 926 449 920 790 768 481 703 425 36 672 328 216 449 460 186 669 70 930 938 737 114 360 291 749 476 714 291 768 536 389 726 449 768 734 425 425 6 449 99 768 641 558 558 230 745 449 573 860 887 750 764 562 24 893 969 946 160 107 764 122 768 768 374 746 952 941 906 781 491 433 587
151
795 146 269 644 731 899 186 570 899 773 598 451 899 710 117 450 173 647 603 791 76 90 768 899 36 292 13 899 763 865 451 658 915 579 451 699 757 216 179 455 104 182 278 173 631 468 451 506 451 136 451 974 584 246 851 133 20 214 336 439 899 71 6 622 436 451 826 677 19 899 127 811 536 483 338 899 306 36 899 806 164 395 614 206 825 513 114 808 318 899 750 230 817 152 795 451 555 418 416 236 773 894 347 886 808 451 451 122 899 899 642 525 953 731 41 394 201 899 708 150 392 451 585 31 561 451 996 996 287 834 451 451 153 266 63 960 457 656 491 153 854 60 858 283 775 675 966 286 260 168 321
195
854 14 232 930 14 705 520 630 788 167 459 535 14 520 232 14 595 801 14 331 232 745 413 472 232 413 782 882 941 782 713 232 520 232 252 520 432 447 782 413 783 438 252 838 520 432 138 14 413 751 28 413 520 447 413 520 232 28 560 468 447 550 41 482 69 413 28 28 232 980 522 635 109 409 28 262 756 14 252 28 232 28 529 413 14 28 116 805 232 28 28 377 413 115 413 28 879 253 252 886 520 782 754 232 413 520 528 527 447 447 34 447 232 14 320 194 704 14 28 413 175 14 447 28 569 263 653 654 92 239 28 435 232 232 318 431 447 520 28 350 363 914 232 232 520 413 232 520 232 447 332 252 549 520 413 314 587 413 211 333 798 309 232 413 207 797 616 413 413 109 630 306 850 28 632 447 28 194 911 817 763 859 782 447 447 252 812 520 520 28 457 226 42 824 261
62
975 975 6 636 457 975 840 840 867 636 840 307 840 840 975 636 76 975 121 6 975 762 975 636 6 6 198 840 840 975 975 6 488 6 636 975 840 975 636 975 12 570 975 6 6 186 840 840 840 146 975 636 163 6 894 6 975 840 975 840 975 975
29
393 514 370 370 514 370 370 370 370 393 370 514 370 370 774 370 370 370 226 297 370 370 370 370 774 370 514 370 370
