35
201
817 34 142 387 740 526 209 740 829 401 962 829 258 63 760 613 623 307 116 623 415 209 347 307 337 673 998 209 829 166 415 34 995 740 307 829 829 34 142 885 623 34 347 517 740 209 347 485 34 887 829 223 34 885 885 998 217 307 623 623 325 180 775 307 34 347 829 895 209 307 959 623 678 8 143 209 519 393 360 307 990 873 71 209 829 885 463 551 885 374 918 829 225 623 307 209 623 885 307 885 740 885 756 142 189 82 219 88 666 211 829 34 27 885 209 682 829 885 829 623 307 885 741 607 444 307 740 739 34 829 268 34 623 347 209 209 829 669 829 997 829 277 209 885 142 259 775 209 795 229 829 968 544 307 580 34 623 829 74 646 829 829 623 740 142 34 485 896 864 840 34 745 623 386 307 623 142 900 307 623 209 623 40 919 84 860 274 885 341 844 542 623 174 209 142 493 623 142 229 288 209
17
971 602 402 796 823 823 221 334 128 647 463 70 978 144 823 440 823
29
238 238 238 576 238 510 238 238 238 238 169 651 238 166 238 238 238 238 238 238 238 169 238 238 876 203 169 238 169
192
102 416 200 942 728 361 728 815 728 620 865 402 184 689 276 502 258 251 468 358 101 522 33 921 578 591 822 842 893 545 199 57 344 979 228 753 728 500 621 822 546 813 301 996 878 7 906 986 303 16 690 728 532 722 728 728 821 851 213 782 486 1000 26 241 509 982 124 604 573 800 410 950 889 348 728 704 177 770 530 836 728 699 978 856 921 122 494 617 401 165 70 311 868 126 728 220 346 596 655 436 905 545 484 301 134 826 855 460 229 383 781 236 963 611 62 590 728 8 472 728 297 796 157 759 686 445 19 170 189 507 241 755 956 728 436 728 109 813 85 387 973 318 179 255 330 469 332 23 589 505 643 38 167 65 263 569 728 72 212 426 136 728 61 653 543 196 454 375 62 110 787 80 520 691 559 201 984 113 543 203 728 832 728 710 411 561 947 771 552 728 319 994
55
53 470 142 41 343 550 863 951 399 297 947 793 190 635 597 553 391 667 509 553 553 553 654 722 399 470 193 382 954 659 470 602 951 470 826 998 420 754 470 244 637 470 470 887 308 420 553 553 949 818 735 694 636 723 739
18
319 531 81 706 64 706 811 495 706 706 706 635 957 706 608 706 631 572
192
632 711 108 392 466 685 626 126 991 950 956 402 448 437 956 879 219 60 581 475 975 163 854 958 789 265 956 671 255 862 294 783 624 66 707 962 762 883 991 426 991 991 893 356 561 854 319 294 531 70 671 606 434 626 74 335 499 617 851 513 797 563 45 105 639 575 112 776 7 181 438 435 659 576 33 811 61 926 626 991 50 425 125 956 721 735 137 956 101 700 582 991 668 259 662 956 956 626 436 910 636 294 284 414 514 865 271 294 626 956 219 60 972 626 841 591 902 911 350 368 219 880 945 344 486 980 886 964 782 367 763 784 711 907 647 330 346 294 499 241 251 454 336 179 851 735 219 666 485 839 179 991 733 626 225 995 82 991 709 519 182 294 692 543 207 294 952 596 316 612 956 294 57 518 294 38 664 956 96 626 365 576 59 581 629 675 661 581 698 294 626 94
132
61 140 174 174 406 984 140 247 282 637 345 406 502 174 121 777 420 173 114 67 174 174 963 184 745 121 406 406 121 1000 510 140 121 121 121 361 406 252 315 121 351 174 287 406 121 430 905 219 140 121 546 140 628 406 173 646 502 980 174 173 173 665 174 439 174 974 121 140 811 174 974 174 114 616 174 121 500 121 447 121 222 231 598 663 429 406 121 253 174 119 121 74 476 140 963 121 243 459 406 173 140 276 100 416 616 121 406 627 406 173 121 174 413 174 121 320 405 749 406 479 406 173 406 949 406 173 421 312 140 963 140 319
90
500 280 375 50 596 902 412 902 99 902 470 757 774 262 494 23 305 949 199 129 992 124 46 902 864 412 262 779 774 68 330 902 774 902 412 217 902 942 774 9 821 461 620 322 902 902 412 412 245 683 87 412 902 466 102 957 858 946 765 920 114 902 426 902 902 308 774 964 902 922 211 412 476 707 774 134 993 412 412 774 902 771 72 527 902 438 493 774 412 770
10
549 668 668 668 61 668 668 668 668 668
70
2 686 464 464 686 686 781 2 686 686 686 686 464 686 686 464 2 2 464 464 2 464 2 686 2 686 686 686 686 2 464 781 464 464 2 781 464 2 902 2 294 781 686 464 464 781 464 781 464 686 118 686 781 686 2 464 781 2 2 2 2 781 2 2 781 781 902 781 2 464
241
647 522 647 117 779 779 181 934 952 857 590 703 629 271 156 816 17 82 31 517 816 190 512 442 439 875 912 337 962 52 797 714 89 314 513 647 999 779 404 776 542 666 664 647 817 647 415 648 270 518 439 230 840 111 204 760 304 395 250 816 195 779 412 688 465 647 450 647 402 741 439 203 756 647 264 301 779 292 348 779 293 366 274 323 423 441 647 439 188 655 931 597 559 985 779 328 451 779 256 779 18 781 947 88 344 700 320 747 606 779 51 647 913 275 567 77 763 779 933 640 998 779 610 617 520 389 543 829 928 844 953 647 450 949 382 961 840 746 668 123 987 84 483 637 844 647 779 647 497 382 779 124 797 344 700 963 894 935 931 14 779 953 359 756 252 647 647 239 948 647 658 746 647 238 23 203 774 779 541 708 401 468 829 915 823 841 17 723 463 884 647 281 749 989 920 779 798 213 479 728 968 505 159 639 179 25 862 439 31 529 439 870 778 352 790 724 789 646 75 43 647 560 148 210 56 972 431 81 198 38 423 890 653 401 439 779 157 186 93 569 693
97
186 721 880 186 186 880 593 593 186 186 380 186 593 186 593 186 186 186 18 1 593 880 186 101 880 880 721 721 721 593 593 18 721 880 751 880 312 880 186 642 593 186 721 642 186 593 14 505 189 556 721 186 880 880 721 186 137 18 186 880 186 880 186 186 721 186 642 18 633 18 642 898 233 721 186 18 332 186 285 186 880 642 880 18 186 186 18 593 721 880 642 903 186 18 186 880 82
146
59 978 226 525 464 256 508 978 162 162 978 978 533 185 124 59 508 634 185 194 162 508 226 59 588 905 59 194 59 59 432 162 508 628 124 977 59 449 919 162 763 978 59 978 185 124 399 59 637 508 162 124 124 194 508 216 978 422 941 439 162 990 254 95 162 358 59 978 59 185 185 59 488 162 978 978 194 711 124 162 821 508 162 913 610 656 628 301 185 978 711 300 59 828 717 185 162 226 259 194 634 59 185 513 162 162 19 580 162 672 124 162 194 59 124 162 61 124 194 585 194 185 185 226 292 59 978 226 194 220 59 185 59 912 59 59 978 399 124 162 13 185 185 185 978 978
242
814 47 514 850 597 533 834 258 502 279 855 631 509 7 502 509 883 112 855 372 122 750 537 378 8 502 120 237 121 258 445 850 983 993 835 134 726 537 508 881 786 537 215 710 190 258 438 706 981 18 855 516 764 410 537 533 258 209 244 501 861 170 363 949 238 90 603 537 239 968 376 423 398 24 537 274 322 170 995 258 537 352 453 694 28 537 438 502 400 107 697 537 393 403 444 537 47 455 499 537 867 152 406 277 104 809 258 697 502 197 855 701 716 770 947 122 537 662 910 602 537 651 537 509 699 855 551 257 565 747 642 336 258 181 812 315 43 472 659 258 107 296 855 571 502 29 537 502 855 855 99 114 686 277 241 537 114 193 234 406 354 931 258 66 502 502 502 509 288 926 602 339 182 878 537 715 703 36 510 920 116 138 805 393 855 602 210 110 855 320 197 502 163 102 814 974 537 534 443 983 598 658 855 502 515 936 647 31 502 157 715 154 673 602 718 6 556 602 159 739 55 613 827 511 871 822 78 502 855 541 502 744 82 537 164 166 979 502 727 230 69 537
84
902 13 13 706 97 13 13 597 849 142 13 51 786 312 366 13 786 269 786 13 685 19 942 843 668 247 907 72 852 448 13 204 786 391 903 189 245 999 734 786 521 13 18 13 13 171 146 604 970 786 326 313 496 786 259 965 786 785 46 49 13 191 786 786 323 743 901 588 470 280 493 891 959 461 786 708 879 6 786 679 13 786 130 659
37
570 706 570 570 366 186 706 186 570 570 706 570 570 901 706 186 570 706 570 570 570 570 186 706 186 570 186 570 570 570 706 706 816 93 570 570 570
112
597 786 265 265 265 133 178 520 59 930 279 599 543 676 508 544 529 265 215 47 374 596 676 291 10 59 168 742 596 151 596 978 812 21 73 596 713 676 728 665 518 895 986 675 874 645 676 403 608 676 258 336 546 13 354 435 675 227 676 59 940 890 522 676 30 816 649 265 265 114 731 272 155 851 64 284 397 596 212 494 695 190 568 207 335 639 243 244 781 265 841 846 59 486 100 69 499 400 676 644 457 513 265 676 59 676 281 526 495 184 817 655
249
822 997 756 703 741 669 620 170 606 866 923 751 387 741 415 553 141 741 545 387 572 387 948 564 909 845 555 743 132 559 725 272 114 516 741 580 669 961 470 313 613 485 954 514 63 763 741 741 835 528 709 889 727 387 128 185 387 358 789 741 904 758 77 675 741 66 684 387 705 544 165 606 741 485 387 203 891 947 387 893 723 236 613 841 63 947 261 80 997 947 344 997 776 63 218 356 387 662 393 914 997 896 128 502 387 120 84 947 192 854 446 341 773 115 741 669 695 741 997 387 997 993 371 387 669 291 997 997 913 910 997 63 63 369 10 741 947 469 387 63 947 997 66 741 644 564 844 63 316 320 775 959 754 997 235 947 263 741 211 548 428 566 741 799 457 751 904 658 209 11 744 781 729 954 419 387 741 371 741 265 156 39 965 481 526 387 77 760 629 716 473 145 679 669 63 443 792 684 947 716 947 851 247 643 807 994 286 669 356 387 936 741 273 828 330 987 669 353 514 745 452 947 522 186 947 351 741 856 225 573 168 947 63 745 137 81 741 352 372 176 565 220 183 530 403 669 877 997 178
159
171 625 454 273 275 862 397 995 971 270 458 471 783 208 273 14 454 171 874 715 529 273 597 273 55 171 429 270 342 270 494 266 695 895 407 454 967 454 281 764 625 651 456 412 472 248 273 171 488 273 198 171 772 94 171 273 625 171 394 219 164 625 454 273 455 26 642 353 987 492 409 848 123 818 729 273 273 171 811 273 970 250 816 981 30 205 404 680 715 134 525 590 109 171 171 454 171 600 100 301 83 273 953 959 566 6 781 947 441 569 273 37 242 808 332 582 625 270 736 273 194 311 682 693 625 171 171 19 851 994 720 454 72 273 454 106 503 120 270 625 407 171 705 171 105 625 646 292 454 406 567 906 171 625 575 771 223 270 232
122
180 125 890 261 270 931 282 832 2 752 770 305 676 261 663 433 770 701 441 282 124 941 168 261 125 91 261 282 27 245 282 261 261 435 282 28 168 261 270 770 227 282 805 261 282 282 770 301 869 282 419 981 553 168 489 125 306 282 932 770 969 769 283 904 125 272 553 38 125 901 880 282 578 282 515 483 125 270 168 395 116 125 589 788 279 758 770 125 125 282 261 770 492 781 282 736 420 770 770 168 282 924 406 125 125 734 282 595 788 770 770 282 112 261 168 282 703 125 151 317 261 194
248
933 445 35 15 988 445 281 539 636 372 356 778 920 380 445 138 138 445 565 988 988 426 275 681 663 186 996 445 445 316 445 988 35 324 988 352 925 381 372 445 580 138 372 372 316 790 445 659 731 988 847 138 904 154 138 138 56 35 838 138 838 217 35 138 372 966 91 150 138 179 988 965 783 988 838 154 988 445 981 496 838 430 11 632 35 738 220 988 52 958 975 138 702 818 420 286 619 30 539 555 883 372 445 456 677 480 673 467 445 496 35 679 354 84 532 529 937 568 101 138 724 975 372 445 138 262 574 476 76 496 154 372 428 83 902 783 662 988 651 445 178 988 138 336 496 578 440 585 775 838 267 504 445 138 793 35 357 445 35 502 445 372 372 298 198 539 948 65 988 372 277 627 988 372 460 372 625 988 111 372 372 988 838 630 507 459 286 392 649 372 988 885 418 35 441 138 816 988 539 138 428 382 763 359 988 208 156 557 372 910 138 895 67 328 573 444 410 537 449 47 372 157 332 197 599 838 372 833 200 372 943 28 138 988 35 372 343 35 766 52 318 138 876 894 681 94 275 456
19
103 103 103 103 103 103 103 103 103 103 103 103 103 103 103 103 103 103 103
36
123 418 213 213 418 401 213 401 401 123 418 20 418 213 123 401 401 213 418 285 418 123 20 418 213 123 213 418 20 418 213 418 418 123 20 285
58
826 483 1 819 483 483 483 483 302 483 302 302 863 819 483 819 832 302 483 307 826 819 137 483 308 483 137 483 241 819 483 819 819 826 483 748 392 826 819 819 483 819 819 819 819 826 695 832 483 334 826 819 819 483 137 826 819 826
66
786 641 534 786 786 363 534 14 534 534 363 866 786 534 71 786 534 786 534 786 14 941 14 71 641 534 941 786 786 786 14 71 534 14 71 534 534 534 534 534 941 905 534 71 534 786 534 14 641 534 941 641 534 786 786 941 786 786 941 866 363 641 941 786 786 71
216
627 525 831 706 24 187 706 481 282 687 530 451 866 874 480 613 761 24 451 940 200 845 581 106 990 495 398 942 273 110 110 275 55 630 694 110 706 886 550 24 536 576 890 778 832 24 963 24 998 127 840 511 683 24 678 909 814 645 390 431 661 741 24 648 706 706 808 245 370 998 998 935 738 614 349 168 754 998 860 454 914 110 24 451 627 24 50 858 706 998 518 244 521 243 998 77 768 989 224 990 998 110 28 24 576 998 518 998 192 84 501 706 740 555 1000 706 998 451 514 891 129 766 227 321 998 568 998 164 998 998 724 132 659 533 19 887 246 9 971 500 599 451 451 952 458 24 110 959 110 70 24 956 791 998 451 451 491 402 327 998 23 451 148 706 725 24 483 336 851 998 451 306 706 537 998 222 820 874 792 998 772 110 769 727 722 931 763 110 21 608 450 206 468 36 213 640 481 614 977 661 425 574 890 864 715 27 867 269 44 512 455 998 110 598 341 343
164
443 394 379 38 136 534 515 962 916 579 785 452 432 281 896 172 437 390 860 575 226 989 390 783 880 774 922 824 1000 403 749 67 914 387 115 872 629 396 264 227 778 582 234 212 462 498 444 274 568 799 67 676 930 815 305 758 782 105 815 96 297 781 588 526 828 491 289 73 744 870 729 501 66 706 852 248 930 167 813 608 951 833 64 922 735 325 99 248 824 692 845 469 879 468 928 733 308 255 961 152 664 86 538 139 341 239 930 657 833 969 242 182 169 808 755 517 966 512 528 749 116 736 113 425 982 802 49 957 398 243 359 742 930 661 970 212 322 777 85 899 887 928 190 430 548 497 928 183 969 131 686 941 480 243 480 838 843 950 640 533 467 822 520 962
20
67 552 552 552 552 552 552 203 552 552 552 67 552 552 552 552 552 552 67 552
133
910 406 879 189 403 686 910 968 225 538 62 253 963 78 660 360 942 910 976 619 632 909 350 596 910 70 441 963 931 532 321 347 530 299 135 197 313 910 249 193 609 975 244 54 432 910 963 271 380 541 488 725 323 963 278 377 908 243 697 212 139 963 934 440 238 26 411 254 963 970 872 481 541 844 350 384 583 904 824 934 295 876 733 963 910 470 919 926 963 984 243 623 537 738 274 523 324 184 333 910 986 73 458 479 963 310 520 910 622 511 725 963 489 465 676 462 877 963 712 227 963 910 910 163 590 23 910 951 26 58 51 83 430
225
867 72 879 388 296 475 568 603 173 133 999 759 855 178 869 218 390 950 887 823 255 923 879 442 270 643 867 867 374 178 270 867 27 871 879 622 702 488 138 605 178 939 108 341 867 424 161 643 867 966 879 541 270 793 893 620 539 161 330 594 518 192 178 270 574 318 495 669 879 567 270 518 407 797 925 64 86 711 867 270 488 490 820 936 481 867 473 879 877 528 438 541 574 656 557 98 759 640 105 105 514 425 728 109 867 759 385 473 685 423 27 687 867 879 352 114 883 579 948 210 216 867 651 481 366 826 119 303 867 879 138 802 623 611 435 514 996 54 27 332 470 254 253 88 741 178 220 178 270 882 146 867 920 240 7 892 828 173 530 789 812 270 131 175 596 178 101 81 270 252 270 892 270 856 486 131 982 74 867 270 402 893 879 801 858 154 888 571 270 821 867 76 366 469 846 946 927 51 413 736 401 270 815 17 375 583 270 929 879 867 348 704 865 178 864 867 839 482 650 930 905 684 911 13 230
105
5 376 741 994 555 555 555 5 376 376 795 753 795 741 753 376 741 5 994 376 741 795 795 994 555 5 741 741 555 753 994 741 994 795 555 994 5 5 5 795 753 376 795 555 555 5 795 376 5 741 753 795 795 376 753 376 448 5 5 795 376 777 376 376 448 376 555 994 994 376 5 795 555 753 753 376 376 5 994 376 741 994 5 994 753 5 555 5 347 555 795 994 555 376 5 5 555 376 741 5 448 994 795 741 5
227
549 900 426 338 109 52 394 86 402 577 577 402 334 86 404 840 196 955 338 86 955 955 461 844 423 850 843 86 925 631 955 361 921 292 889 338 338 199 550 203 338 389 823 225 86 444 461 991 338 338 903 346 86 144 295 449 426 965 86 389 253 955 402 739 389 41 389 28 86 382 757 542 389 628 338 86 378 389 815 338 458 426 121 577 402 86 464 500 279 936 955 618 389 603 325 389 376 546 310 663 86 982 993 133 255 914 577 171 99 338 819 765 461 86 426 86 838 115 338 214 148 680 358 297 979 577 86 152 189 402 389 980 479 426 666 389 363 389 156 104 309 263 228 472 487 338 86 41 389 393 885 389 86 955 983 374 841 460 955 862 992 874 264 892 915 451 152 338 338 414 263 86 161 996 199 402 338 402 577 219 86 338 260 34 119 389 880 788 47 393 338 242 461 761 338 137 342 550 118 955 92 249 621 338 490 121 190 577 999 36 955 389 895 389 57 68 555 692 86 86 955 367 982 834 338 955 18
24
832 888 186 665 831 831 317 577 563 467 136 440 831 456 896 154 23 850 831 845 831 184 479 831
58
1 86 498 617 498 984 617 617 149 984 498 617 86 498 498 617 1 86 149 149 149 864 149 617 1 149 1 997 997 498 149 617 1 702 864 617 498 149 86 498 984 482 1 1 1 498 617 149 498 1 864 498 149 498 149 149 498 702
