10
349
619366 856474 31756 615130 815487 466443 387506 538065 -276411 -460476 566960 71727 -516986 17379 -577166 967920 -193282 -923065 164906 176909 124838 925820 868243 -23390 -581051 -747001 631508 -290951 -285926 611944 899793 735012 83946 -680913 -616827 -321096 -37812 -984739 -381182 687757 -207202 369365 -97333 -421837 642705 -387664 -360494 -902417 636531 407699 640957 -320883 -665196 -109413 -147241 719229 903480 145491 -48717 -181620 465966 882684 4716 611566 -230507 -261280 906675 -109413 -820322 207137 -70021 -750443 -578863 -158156 -128874 446441 -698982 360846 759564 -933316 -122489 -516181 688921 -565259 996687 384845 -496210 745408 -545469 -908821 -571367 789145 947804 -216231 696517 -690468 -348309 672002 142021 266067 981399 -439232 -28528 780011 598806 72110 -635039 790276 390570 -94280 -442068 647350 91288 154442 101961 385479 -60558 -75216 678463 71213 -939311 -535396 -805005 -982742 -4177 902109 902940 -654195 143495 -150045 -530672 -285506 -568999 -195067 -953067 -622145 312140 -317258 -390153 654330 925477 -695330 -407084 -878226 -470814 -633162 -74784 970847 468231 -629933 -27354 908229 981686 330856 941179 -956812 -779297 -755636 71397 -767748 888853 -229871 624649 955537 -89744 749045 471384 -297819 549116 -555737 721316 -581054 304364 437950 528383 904176 447742 -710183 -839969 -482989 -767280 -425468 290246 -351298 -212125 366784 -256424 -206076 817739 692379 903763 -689343 742042 -460430 151576 54429 -325147 -935538 927386 789825 504522 582761 -684023 227476 -691258 725680 933652 -111509 -855239 430000 569384 994160 611649 965714 486580 -125868 -763202 -61304 -905591 503594 -94914 -126338 -874004 597514 991000 438708 -452286 -697190 746049 754078 273020 -91821 400106 728167 117139 -39261 -863767 865910 737936 -669075 387028 -694140 -392935 774788 808132 -691704 286009 -914202 -762146 -193308 -276253 -35678 -161933 -21317 -517899 206761 -522370 -291934 -597959 209808 -967687 950143 366381 -546032 -403760 -209096 -956842 758013 579969 -428637 839684 409865 796677 -983096 212237 671868 -63640 31697 -147606 -52371 830991 -814193 -996675 837131 -628970 -757311 721023 828670 -800648 435822 -738277 471193 613165 -152309 -696515 157634 -370336 561642 648402 -795326 570351 -827535 -676373 -164296 835969 -281043 280012 -353179 821795 -806759 432716 -231217 951763 -279615 475941 923084 -714654 492631 -611454 431798 -955424 840387 -34729 -551999 -45425 -511963 696829 -83276 65653 934806 -267699 -172405 -749795 -600904 956848 385571 -652160 248659 -991912 -242250 -339347 -860674 -281100 830455 416312 66257 964919 -971144 -827504
369
-294803 -167961 -852802 -98128 107173 -475640 -303931 -291197 -322524 458600 146522 -894642 -518747 525231 -144729 -369099 853078 77162 -385548 -616929 385076 38307 444057 -539629 -183202 159316 350324 918340 227796 -697933 369497 602038 -184111 24460 -805501 -178841 -440886 -296312 -831962 375182 -493889 -288081 -79362 294882 -908877 319752 550170 -378274 -844931 -715578 -263868 -608005 238266 444542 239352 66880 370462 184455 -104993 -442624 -610557 622034 -927691 379869 31891 150302 -485106 -597238 -478956 -67785 656274 -799999 -669772 -36051 -268669 660666 -387237 90314 -927477 -250390 -638880 321839 37752 694344 -84660 -484189 -634145 363960 574721 -957925 895880 -975697 563645 -449019 773801 -549245 848380 -777800 -195454 -16132 -65852 573932 -48255 433540 808849 489419 941848 745447 -840067 10445 -183832 -41556 715357 -427095 -558008 683122 89545 -762371 -918052 -38844 -31512 -36987 301966 772947 732798 391901 -216831 76434 -993146 368444 143402 988767 -708069 -645484 -753223 -792132 -722796 -968796 839310 55098 120570 -524819 50254 -607812 33617 289896 4667 665263 444256 -305014 911172 962719 -510073 795307 -286126 -193553 -845117 784317 -393687 243081 378755 -786467 -241085 427336 -934967 -820406 -154306 27582 -633323 -827345 -184841 294986 868075 358664 120144 -19242 -199351 425724 480940 426541 -115423 -864805 119016 771198 -511209 357696 -260864 15294 -550036 702325 -640915 415147 665422 91978 -952982 98298 464891 214051 -148198 248800 -367802 163651 23446 276648 281035 732217 751605 -84737 558657 -55681 259268 176157 513811 -564916 631650 -547815 -661836 -136478 1013 584080 399799 776845 -39569 224480 -811560 682286 -759169 738522 788842 694369 1367 -871075 362897 -148496 859000 370683 -43590 866434 -129224 -896701 576121 340492 409395 -124096 -794406 -547796 -24569 748668 -532951 429591 873746 -36902 26669 -73142 -40266 -740633 652787 -917102 -749135 -748584 165225 776697 -145385 -562660 -493182 -928796 31277 -498611 183285 -49868 432488 -695884 -235598 502986 311710 520984 -244068 896204 584625 -805707 -362436 -104984 -745085 724974 450004 649590 -741020 -765202 761988 -246133 647314 -46987 465770 242721 -661356 -554446 425609 686933 999703 -812896 -271771 -611350 -177212 -115546 -514175 595681 -78416 709202 891535 -106880 980957 -760030 940847 -43670 3302 -528540 -758302 837532 522090 -450615 459926 308094 -760654 229259 727645 -719319 919633 -134174 -630768 59374 -76978 -467676 -470232 -639513 830185 197414 -965052 530179 43022 261300 -818300 726395 493292 -539541 -392077 506825 558254 460762 591466 -576706 -666353 45965 -428594 22020 710379 991092 -538212 323315 -868856 -498296 -766000 339827 539520 -774658 668558 765586 532510 -236584 -713746
292
905330 386392 779574 52137 -552171 -168478 330327 -38571 785405 -820802 -975484 392093 436545 -99590 -446896 58381 326498 -184929 -932170 692555 -265146 79314 472854 669398 683116 492437 -752060 887500 482380 -816205 -235785 -521270 -543504 -317090 -583398 375234 811889 -538655 787177 -360774 288308 -960815 751383 -344166 -402801 -887958 862925 911456 -301850 -116665 -106247 -356272 -156878 -328048 -619000 -752263 967108 760607 834457 931302 -580051 73063 -133880 -138535 -433500 496745 -140516 662564 -634188 668123 363656 639909 482873 933289 286172 -148993 169720 -196791 -852986 758507 -557943 244494 706567 -538906 -16212 479959 96676 985824 370579 -763522 -529677 -485570 -163316 -45027 -626359 546014 442715 -732356 358389 183722 159061 -440743 412674 153733 -161730 975925 923465 139350 607919 818856 976663 -354729 144732 112117 264651 -640527 937162 635125 -307030 -979657 -803064 671981 -363018 -115181 999999 913858 -832353 580539 755909 145716 126870 962260 -26804 -102756 453518 712293 944645 116561 880064 -929939 735084 -823874 -451935 -477029 693433 467365 -824641 950274 -115108 -427290 -818075 -995299 651080 107227 -968809 240372 -937155 802925 -131178 138452 949509 482772 446134 797178 195445 -98117 -185067 -694640 667084 730361 -373421 754804 -510506 -37678 -730972 549678 162851 766373 365370 -465520 -897255 -226118 -88765 862477 183852 -757045 -382525 421013 293789 -551952 -610257 -103014 526812 -199294 150758 -45567 -913400 519374 269772 -594113 484497 -950883 869803 -218198 802204 83634 808637 -902763 -376389 676095 322703 -799563 -323788 695130 -549318 282115 -461222 650235 -304088 58685 616806 -719362 -837227 22841 602387 -401744 -847259 -722326 209037 -521523 41857 295822 -819755 -563660 629349 -734061 -308139 373264 -945121 -987625 847163 -512913 -103456 239224 -742679 -45747 -434897 -834304 912555 753384 -510084 641824 -459415 932383 273051 -334903 -518670 537844 -4478 -112682 -716318 930479 88644 -163883 615295 264189 -349414 -496018 -628904 -749664 622954 114865 932588 359818 425106 -903374 -528290 -345511 -43271 160739 -457010 -47370 -496858 353403 643558 361710 300457 -46643 153628 -843337 860008 -299718
450
299872 517370 796638 838367 -828280 755401 -307943 297315 -301057 353147 -298077 856960 -193005 245193 196702 601645 -433308 -523951 662000 754053 104557 279575 -469720 860669 218207 337098 507770 773981 -597401 665465 -424228 -81456 108125 624911 700721 916259 -542152 644293 390241 -513915 -775787 250444 -344092 585948 -517273 764392 468172 -7940 823727 -91588 687028 747934 415768 852816 -947155 -569916 176228 -76421 -891031 476631 -390509 695324 -268464 471452 -496811 -755994 -727875 -423610 -793391 703737 -549752 70690 48614 -433143 -324314 -316818 141819 -640174 966946 83751 -113583 -898529 -559338 -879238 -41266 776278 165637 360346 -441153 -136986 595510 529240 -198847 68357 614669 -710036 -585109 -575817 -179795 144009 -121356 -733814 -435227 -314857 590523 -99459 525959 -353445 328341 301813 -957408 930612 793236 -847586 904232 371190 -633472 542161 -289065 -94162 239467 -927732 282376 952350 -121422 377118 -440962 -589712 237728 -171780 371752 765790 -564275 878518 -895319 -614928 36751 -366512 317785 -126320 -926702 237075 -73846 -928833 -753176 -739476 -282186 659365 -711778 556478 -812583 -59824 -450095 -149965 -96938 625772 -358653 -571781 410067 -329519 120919 578510 -802233 974563 -624841 995568 -351189 -767040 796166 290593 -780325 454705 238864 124639 -970502 -658568 -525846 -880019 243964 -976210 443630 553006 -82699 -640572 575976 -382193 770703 -856191 -786928 707909 -696348 -875427 270059 30779 996925 70731 -689676 251048 69449 -905284 895669 -326225 -51849 864678 -937449 422470 772570 -106055 930725 282435 -16427 -469480 -36498 -801070 108631 -530847 -988691 53348 -761937 895720 -715238 74672 516954 320132 -986507 -263806 -396267 536374 -4690 870252 95337 934450 162414 26530 271203 -788983 -47530 -230936 97496 731234 631606 -98654 228383 -902752 -948180 -322835 -790567 697757 -324890 117716 -61419 839898 949611 979817 -418491 218383 545712 -883267 550877 -764843 -971023 723671 544637 -91988 -643884 -420370 298998 162149 -455011 -221300 665509 743385 -916399 454781 -750899 128183 -55647 536773 -238359 810197 -166337 537761 -249620 -247751 460250 508825 592996 844042 -737623 368845 448761 69880 362683 -222283 -150127 727739 -445187 -709099 996363 -309513 -721416 374063 362047 895140 -830132 -700328 550032 -166709 919416 39350 402688 -657569 406501 809044 534748 -419460 -691597 854909 -896900 -341057 878405 946806 534360 -130003 714935 683354 490951 237826 863084 174475 803850 -686491 365501 -170557 -873569 -297598 -589870 -656755 107068 -975353 -89120 -117609 -183609 343272 -73045 736454 908903 -632272 653204 609982 793265 734973 -454116 -672356 855494 -201368 185687 -495969 -153636 572466 -313490 606645 586398 224244 519878 -880089 -920662 -489652 487732 510107 265846 234206 502678 -430692 -230866 277422 131649 793294 -892071 568933 627316 -983552 112271 219753 692511 -352376 711732 -637208 -581727 732300 72270 -826982 285754 7397 -998550 -435029 -347286 -634353 -910486 296809 -309172 -613322 -691298 -26697 801017 248748 819651 -190681 616266 953459 -5310 -113547 166374 -719681 -446098 -533057 284300 -366351 609082 -50743 -440835 -767163 -776120 -203850 -401830 434031 -148615 -563575 -881668 -992812 -467383 542148 178829 694897 823198 366283 603044 -115342 -985711 -838753 190103 -208660 -116070 -639898 801596 -475613 -581066 -210433 974386 185129
489
713671 -35349 200039 762540 -375557 -44611 -321492 -290208 887006 859538 445011 -156300 -392462 -984005 277594 -790596 932972 982685 -90620 373548 315857 824422 -522630 816165 384052 859505 565791 -9825 -617151 -772369 -548810 -261848 791530 350404 -909708 724130 -397461 -806381 -618145 404143 758349 -95927 -827828 -638916 -9138 967242 -523687 -934892 -713981 904161 793297 -61676 862599 531033 -880673 247018 -294755 -758143 -573049 -972535 780717 -10835 -21264 -573329 578067 153346 -196846 550245 392331 16255 360511 137617 -413939 -134728 257809 -139428 390421 -722494 -700351 -38388 436023 -444706 333514 -469550 852966 662982 392336 -3519 362297 83603 -922799 -975387 -259932 -53738 -326266 -869165 -527705 -13251 -436179 479195 -617685 -587340 -764019 -310785 694230 -164106 -508691 -498836 73774 672328 258207 192308 -811680 -328712 144739 -902990 -150955 60476 689069 -805380 422607 969033 762191 -755007 797563 -978066 879768 815673 420878 390806 -187150 983617 998615 -585820 -985968 185703 924146 -890084 221020 362781 493275 -781702 -739228 -846757 -772834 -888257 -59100 -231300 88345 -209427 956309 891841 364734 632497 -978997 -17560 800660 926315 -475340 796838 719071 -203006 -58975 480059 367196 -650554 -845912 518347 25298 665986 -147640 450148 -347649 470744 200100 -186146 726488 -405758 388089 665115 429141 -301377 605824 814360 -779794 362727 108648 -88343 -13128 -814023 -778671 -645392 768871 -7571 850274 856097 -907357 673192 -711226 217849 754759 628885 -295691 829836 234837 75099 -607343 349830 821720 -190234 225135 377957 398774 -773509 -876269 -190477 770890 -233016 322483 791623 407029 -414792 369878 -125716 -892769 42116 -932747 -49446 511517 891142 -286601 885921 433506 -722514 -769883 933301 -19262 276748 -104680 124036 -96487 879533 -398287 -444112 -447251 199645 -490682 499379 -227441 933598 -636397 417086 -58071 -458191 933439 368282 -905573 -133568 937988 -466242 -261138 -581831 -441106 625578 -845318 -379135 -280626 -187876 -989932 471360 -102531 -137822 36865 -752743 -831242 172397 744148 228376 652249 -182051 923897 582409 709134 972082 64742 -342799 589507 -495015 617345 -731158 -138997 -20714 637545 -976771 -337278 -229587 -225941 960436 219363 544912 -617470 -670049 167658 889675 189976 144682 -186612 270743 73990 575117 -73467 -223314 948633 804365 -94191 -81057 -85740 563147 586838 753086 -752290 -363081 -603408 -577054 -127836 -363228 438774 -713410 581065 356155 939499 -548864 389809 -239877 650146 -387808 -935011 582045 -808355 -238022 -931352 888518 973620 -570014 -891418 -748683 691288 823562 558654 27111 938964 -880949 -923857 153741 -655405 407339 -958831 -182031 846902 -847313 -652295 329030 -895322 -713674 345534 -100253 983200 -997159 240607 404455 46888 -479886 83110 -348317 161237 983225 -883992 -50458 879439 -622656 -748141 -330720 967547 160865 -451554 -291402 -174731 -217113 -284746 -518018 814235 -71310 611855 640947 -121357 801636 -384558 -911011 691900 -66085 836424 -762733 -499090 927150 460642 -569628 353757 -856258 688997 -542835 -539078 -758112 296900 835433 -471524 -811575 602870 64026 312331 81067 -394616 -427895 147420 -727372 480448 -987031 -81889 -801656 -327179 -310746 -987978 324701 341577 -318209 -643711 -372892 482196 -585011 -562832 -676086 -488602 -785091 -764892 639131 599113 -392236 -676885 706203 -595350 -290135 -503707 -577248 -602438 1384 331141 879887 -78235 -74455 680604 -871498 -304807 -121367 418325 266622 132734 948545 -941770 -593391 808630 -580119 -464849 -919504 -698232 745925 -430795 -655769 119786 -9496 -914778 221109 -802042 340007 -216359 -69170 532677 -685886 -398959 67677 -365237
206
453578 897825 568230 -178676 -828691 954562 -918990 793497 756209 571455 617344 -120444 -647708 -800740 -988158 -387482 757182 -727237 -567843 -414054 -271263 -654665 752976 -351683 -550591 15839 -706890 -206327 629942 392296 -841229 253782 -573913 313116 120160 937057 763581 -535722 785911 -983148 691600 -89418 789222 -629070 -714903 972673 967305 912537 -954637 -668127 96618 836781 755886 -831233 -91507 292540 -117856 865853 99010 157848 475466 654641 312442 218437 849948 957530 597813 -887292 -96509 224413 926082 540828 576738 -149463 852438 -729933 457817 -461781 -954532 554626 296608 -4313 -244068 326725 -528169 526611 -798825 -865444 416694 -790117 517554 792634 -753213 -706153 -76713 -962956 789074 334827 860810 920799 -909279 -729967 -518065 -205376 -856609 -924949 -224957 158150 -357140 919463 616284 386443 -922079 -77250 -182411 -445547 -991510 -612400 -807292 -103938 419823 949558 -393426 65356 779781 302426 -368635 790061 7356 -681317 212204 -995976 24596 575069 822891 259837 39494 -698933 -876827 -852610 386413 635868 -549625 563858 -855818 -181580 613991 -789901 252825 -866265 190291 412966 -187299 374767 -88256 757315 -228937 870969 613545 -714758 607776 -66030 738035 -643512 120078 151952 -899452 -799943 -626584 13714 -387994 866601 107696 22409 -364533 -839856 767873 -533564 274512 906576 5934 -401120 346341 -529286 -338849 181553 -138487 -28085 -439592 699581 77940 -794176 810185 699025 -413304 -425461 12921 -225979 -906160 89870 -830871 -73222 -857529 309037 4472 322920
334
710444 -336918 -853890 505736 -855266 690697 -691805 674064 -786788 753322 -327948 -646554 835721 -15081 -303010 -984487 82891 606945 1229 470902 -755670 -356143 555206 -211935 251781 94298 -879484 237532 -674399 411736 -299424 946706 -808329 -722348 938932 678799 -935270 390811 306419 -953090 182435 -963485 -803431 -363283 303263 300926 398505 810196 889668 -507040 347374 591419 776161 422036 143574 -936756 439816 570281 -430578 38435 -26485 -405483 525458 53043 756007 424434 -956054 -954537 97552 -287010 736908 770654 -283886 -18646 -65063 -929736 772850 649776 -742862 700424 207140 59654 -144903 -795744 -358923 986800 -421169 849662 -145295 -169378 663791 771838 -200614 261475 -717289 537289 -534409 324728 -353723 -141521 861325 734498 646952 828233 399903 -458533 859720 -217963 -267793 -973506 169437 -752919 996258 40806 381528 310 -568917 368451 480432 540660 334424 755870 352418 696069 -120522 185188 278617 -1161 890772 -133825 598325 918366 443278 -994420 311124 -333473 633899 209748 451774 164506 -573629 940880 -535149 -792714 364541 247791 696507 -198432 -386034 127625 366779 -901148 990377 982393 643620 -529430 468176 628161 -169471 961460 868866 955517 405335 438060 -262296 -231125 -785987 3817 202872 -235549 -424405 -346575 -432103 224430 826611 -629065 123630 -91262 654630 121496 -164725 -682905 -695684 -247385 203165 432727 68011 -874606 68043 841263 465330 -949306 -338919 709600 735922 762766 811143 334032 -398074 -157765 641451 871591 253075 620965 -261779 -715357 -331028 -710584 -55789 501338 572229 -231813 -778003 -972304 225035 421673 190094 207041 -700113 -958188 500572 -88107 -360560 -590195 -871973 -478153 -262147 -664833 -477933 -755179 -578997 -378557 194900 114164 -549172 229249 758804 -36060 -601180 759654 -451405 -681282 326204 -814296 -775671 -607336 44406 288862 911213 -74504 -743260 278487 -987845 -173965 228145 -521179 836788 495143 901356 -828105 -300031 340800 -23870 904220 56856 -577021 368457 -142189 952256 -142586 -608441 239540 -902508 440939 863671 -74527 519992 -885091 3799 395008 -438802 -20139 86348 925042 -592861 996727 -42206 217032 937769 216005 755168 -243788 537948 894018 -661204 738361 -800059 435593 264163 567239 331211 405454 166250 920996 -720400 -50803 -766027 -473722 393068 699897 -909606 519242 654469 -496843 154334 -268751 -819576 938106 95610 -56005 50481 445763 42122 416327 421733 -186335 -760860 -152595 -284425 937615 -872910 -309159 -427406 -893442
311
-462700 -426214 367989 -457814 136983 -59211 -211757 -220699 -608784 -193926 79309 -991212 -533880 -757517 -111504 770972 -234754 -721170 -617725 -650479 859462 697814 -97981 -922696 428561 -652077 -446787 345449 716674 571749 872440 603831 -49835 -128174 539558 -83087 -967796 -370256 -6000 -231281 -181710 958792 -409295 -627873 210535 -785617 -360168 -587513 -6910 233018 856274 -551263 -373538 -451934 -26158 366188 5416 -671146 -416277 219139 535712 -853746 -900224 227607 834234 -237254 -55061 221590 31263 224440 941891 89302 -755050 284820 674582 -231861 105993 928498 660319 -907076 -764232 -758936 720436 290334 661685 -386822 224175 -733692 -475111 471487 -199234 170506 899075 -672062 -812541 -430440 -605308 586782 733743 -216176 -67128 633842 -22579 -91146 -600523 -782374 -495500 -851010 532835 -227871 71784 27981 92616 365120 -504236 114904 844608 -647426 283767 545908 -119951 984455 -668665 -892575 -789295 655813 51469 393376 -409538 746710 -750078 959577 837520 -995250 379952 -753513 -793583 128608 566295 -423020 56265 -786050 675166 -20182 779446 -709778 850121 896656 -466732 -404250 806718 133207 618488 -131147 68817 -903131 418741 -131578 846127 691092 276332 -848745 731041 -989624 -388125 -316891 -656784 -936122 -784264 -256462 743926 963376 -807971 -686482 -125766 -823611 509416 419839 -72465 425028 30847 -585750 -982577 660048 726385 858402 666076 158568 637917 -930078 -937654 -802040 127959 -287881 -539181 -177752 -971406 -666181 397290 -237907 97733 -882184 -513418 814273 -629109 -134272 628087 -613038 -77282 462294 -426720 814247 -624426 821340 -483404 -332977 -253536 712304 467804 905481 -509294 823724 50990 -389203 50035 -484322 -768993 881560 -500344 177591 438513 -536045 -248775 -477767 892700 -899681 -794150 505633 151575 -106452 -948890 -806699 968726 -604515 -719748 -746797 288194 -315629 -177768 -291038 -556542 492039 19743 607303 -78224 -793391 -144318 -314377 -311811 567376 -242026 204482 -612215 361001 -478285 467128 -697141 200853 761846 -99077 992340 -33745 11825 -253188 -571316 -739656 142544 229246 -78824 -26040 545239 433787 309032 479967 -193604 576562 -468388 738727 219095 -602121 799059 -224219 146443 -357933 -682604 -640880 -124115 -407989 552843 -576273 -366038 490982 194805 -909989 -351455 219667 -581118 378854 -178329 -85105 -522103
458
270184 -595246 306699 681852 244285 169556 618523 -665675 551082 -47575 -148221 39993 -277913 -395039 433396 146373 -932662 527673 213165 -570423 278579 664464 112936 611222 125742 -535635 -16910 216237 851179 -182175 -204654 -817188 -7550 537644 -876786 303033 61517 -587608 -397930 152271 878641 -534000 -516975 -111439 806276 -478407 655866 665071 98 209522 -858218 224813 629004 -517387 -359544 -544757 -976420 -418888 -96762 118027 -512265 -121058 -711359 -573801 987410 423371 -237077 -757425 -522089 188305 -629832 244179 821073 989570 -185463 605015 -51695 -953090 -344330 434228 -594946 6362 910270 -581542 375196 -966298 237186 282886 478955 245590 -635551 620546 -605901 362774 535956 861559 -517970 -531665 376870 833176 584563 852026 471892 -675592 84518 438533 -476789 -871124 -229450 668848 553497 900717 -223392 -987721 182153 831772 12609 -992040 -805293 39789 -254200 -27342 -817481 10250 759899 466255 777912 -382236 97236 -201592 -842067 -60590 70096 -482627 106720 -924228 613943 -854268 708491 478677 -204273 878507 -350618 -256291 -798730 -997112 638273 -966902 -46135 -249221 -153439 183931 -944006 -226132 -43710 -93824 -902869 242699 737019 672247 -654302 -37894 -650594 -92517 745057 95620 -291869 -907637 -327387 255363 744421 352908 427228 -824819 -865690 375725 -350817 461719 -459803 915089 -231911 100434 400244 182905 -234396 -624030 116714 -134733 -57178 746002 857625 785400 -370556 930320 258054 -969935 403553 598247 54502 -209954 919577 196690 -377020 -12304 -619860 538823 -838677 913462 888837 30700 846185 381335 -776508 -163429 765255 84285 370255 -22907 -121846 -374529 -703290 -325838 919277 964772 828668 172066 -549812 -460297 704369 -652184 965990 777886 -979817 -553837 587384 -313304 -898320 345012 -845049 956907 742504 843505 -345768 383024 415799 248030 -580737 -28522 -847329 754336 325040 -863130 -153899 -268084 -701647 -892746 968126 -684399 -46216 377660 -468750 512680 -23017 -685474 -742536 -852794 -361235 -941013 -863748 446860 588894 -676719 -904722 8279 371378 481214 166607 320043 -887238 -150708 146930 -476793 923101 4587 -738172 -137944 903958 465772 153000 423096 743143 318991 -371449 -493690 782439 180031 598686 731632 -678875 830139 979228 -25845 314594 -300169 425425 -757644 955290 472056 -751924 -835737 -987546 761775 -875078 568691 -530054 -992367 234293 -580407 115264 -489939 948875 -448276 94486 611081 291191 -294813 222246 375993 86470 -71118 572551 370077 -147564 -653414 245606 372026 765426 -645935 131236 -981027 634804 48686 34750 -15812 945195 441194 -747686 693712 -311129 -973898 -348080 -600774 111968 -455417 307656 217083 -793319 -912835 58187 -494566 843016 713914 -273199 -162697 122901 -659157 550884 -243666 699871 406542 309216 -598573 -68284 -858635 -762182 234387 908262 -894153 -57354 -446359 12715 -489191 -574684 762592 -305734 -308685 -419018 -187153 -395792 -934261 -922676 -717184 800234 -606718 438068 -502513 136413 -754181 -578710 199150 -70233 836465 -720721 -571661 -631369 151994 -60673 873015 455351 860217 278601 785305 357341 577878 -234155 -643663 48628 -48419 -277995 38718 268659 -275883 350625 -77508 212533 -60901 -480086 -737773 624625 216109 894007 248813 -770384 998659 -839277 341762 709320 -364983 460106 -972464 945692 -236779 678829 125711 530274 939582 961481 -546232 181892 477198 613525 -905178 -319823 -385994 436972 756023 -409052 112671
317
573912 838278 -161494 -656006 295687 -264930 64112 963907 368510 -579434 217130 158258 -483766 475801 616026 337775 -30456 118097 -616652 655627 -46951 -532207 -840656 -610993 753407 -297703 554674 863963 827763 -233963 -346325 231246 957348 -837973 742361 -296717 174524 335292 642330 210810 458908 709228 -854800 -718137 -617122 411844 458710 786940 -625956 -685709 -325116 -50691 -372452 2949 -616557 604615 -377956 -385674 -17196 -477197 523559 -87254 354295 260491 932262 -677309 526455 565132 -571294 -654140 -873346 -564186 408698 -581410 69325 941349 750434 -13307 981075 -641112 -814996 474821 305810 170904 -798348 847241 744940 -261520 -510337 -703804 809675 -348625 -261415 695498 686291 -320721 585002 679586 -645170 -188100 411096 768907 709288 -128244 -870275 839191 894487 -752459 707219 -912195 -334887 860325 886571 64478 45492 17223 -150288 860182 -982319 -700393 -870101 556058 -689506 520409 993948 785409 898329 -705743 -524688 529135 804666 881371 59430 566709 489911 -146942 -523548 -547165 377536 -392178 -635012 -542042 948381 -446343 -485206 -989011 546494 -380362 979692 -899054 -989740 183711 -391970 729134 976926 -212790 -650842 -493636 -459222 -307578 -432745 -516733 897974 -928969 858230 365788 -825376 -567716 24742 -478043 -947608 -960511 -721467 -142564 -637814 -772973 -678883 672488 604079 -83370 684395 -574948 231947 -683357 167781 -706869 -719171 353716 323383 308244 37710 876366 98618 728614 -907147 565520 -415742 -249900 -381641 920546 89689 -679618 131895 -614667 -541421 519447 -583071 -268220 -446375 291976 -88386 -76646 806921 602724 291265 -583022 743708 666194 377801 -596903 527593 879193 439847 860772 584649 -329688 886878 13754 -68256 -467949 -367657 470706 -280140 491596 600853 -921703 231665 -408588 -605062 -351813 19704 252429 -650688 -298064 -499369 151290 -940935 345248 844770 221671 -166904 -253612 541552 -982860 -312387 362896 -959983 841476 278943 -607898 559335 -892482 249152 -926226 -432260 -438356 -169225 -932420 -645552 219430 396820 -615892 -395598 891715 731799 270124 -317586 -621412 -971479 -213036 -629973 406059 -610848 -70179 -460889 -60322 651484 -59365 -190775 935556 704075 7625 413870 753617 -604233 211830 720159 900450 -478436 -875499 581093 611775 653647 -4176 -730331 572253 -648195 424749 -187028 -953921 -386770 285232 -491334 892544 610639 288364 16450
