100
83 35
481810553 428925780 676038577 272516141 893311586 529555630 254799793 359419388 416814106 477783684 879462264 904935369 859823294 42943413 298376219 121896095 366615038 337632870 519434466 765248216 782830953 187193325 914288458 553710568 380555235 829766893 823797537 960068340 188895609 254693157 878673885 599395119 437196733 714760158 495837520 359575098 77561767 712042910 963387037 655216405 254343208 842988969 523398227 108325462 108139238 532255928 4309301 820593086 17093356 224152952 16885565 898050550 833222873 499117038 927527178 170971667 327495586 208518200 775591442 210927207 85856874 248613671 103357544 427667920 6181163 649967464 177698222 345769039 243126314 104818298 488595585 753989939 972961697 812202781 999362022 78675043 485581744 623868932 973522655 25025017 425087371 500805769 315600946
73 38
268718804 350915010 535188511 296901726 940372177 230129702 799922986 667431869 610483813 985268788 961287709 317472399 326915505 773828568 571491287 358891856 467673472 837563941 745567806 182735712 911942407 241807768 741324516 298950846 179211537 294204842 199813118 771635444 823691132 894472109 859904778 218159865 419044187 210030030 863585356 987974037 603772270 137489679 153394945 677413752 440807630 224765252 187263922 993417635 575643853 670080911 411511480 12174878 368123196 852149060 73984166 43341559 215824526 162525403 659302253 552640988 439987759 699922044 676456305 583616797 497378816 808515334 446114673 943498353 622980812 448722856 133946688 465195798 650694125 312778008 550619589 245074484 556399609
27 14
706941800 555302387 195846529 316491557 483437272 18712633 788669157 303370573 56346895 481209505 135324084 341893826 31448619 798073612 810490993 828973121 81286894 701908472 57920249 170704363 637384173 655565590 783495491 144097306 619255145 113021268 737806489
99 5
338902690 84617201 925964406 501007478 234958734 790208212 691943847 555592221 523838300 700704820 463639360 663638164 112821881 86229566 962798600 449871409 873367092 318457136 988787814 385808180 696860075 588058296 132621940 604833203 927320069 349039212 960922506 853791193 762469753 145801784 510532933 885932217 149343426 498550654 462604949 475108084 567415382 625233784 961841677 822097662 728924051 320258376 364353979 964166249 983711126 986215516 89959144 414234855 234277679 525728100 562088594 415735787 959688140 524589782 754880132 811807957 673795677 545971137 12426201 371020918 688623329 547631868 886357663 434208381 713963783 138055627 18502744 944110530 600570387 278580857 584784687 755511156 21791858 710183553 938249802 518905124 926062891 159010276 335358591 8979893 641729961 731372031 6092097 26458630 945682041 603604007 165761946 766489094 578792628 672484777 863908543 584725146 283582421 485289839 335305125 398720295 265654401 710611565 147198281
15 5
521539771 490022395 726143826 309654414 836860832 519730854 442933092 608050502 925120527 185977520 134449727 260963519 243996750 638194939 412791507
64 59
839253250 627017427 104097057 759879691 605353908 683780733 369201501 147141579 589084408 416289165 152232113 515464712 301199208 164475544 663056772 880202659 208231930 632754608 601312902 75993694 201930470 588047278 105948050 171588616 601666236 790506409 565055714 161443174 798702658 623148600 183968936 165919804 157589371 235942232 777852219 750594310 175921495 582646836 224665879 660534490 114920005 359395233 635796478 542965292 484440936 89901194 494301121 763737300 186966872 680238431 345677843 874275663 911776325 896916170 201387373 38522802 557499747 227380533 909749266 2785409 899269519 675438337 243088036 874231864
45 33
956434165 839466640 738313156 461980987 745207491 69461671 419715840 551567609 559146448 573039377 66122442 207184176 665016317 314623436 811883745 683361653 700130816 823284534 702799546 375863247 701084215 957730898 472122004 344420363 694483553 595801211 622982026 70126577 337401230 295113397 455832451 238239410 853929821 106078854 395224360 810156081 306438406 247316427 561927084 134278990 719868857 580312205 408816443 21158013 289871976
24 23
497327878 897103932 995311345 820111547 192129833 134004883 372436553 891431675 195761240 469004573 243049602 460351276 819144253 931435715 876513168 759325909 221364385 610805643 453844300 135464463 873253308 531149926 422000891 576104482
47 3
931906202 735580127 778323406 499650912 754733929 936111241 629669193 580211980 457022094 782640899 566534351 264969075 371838891 426212258 797764498 459858386 356792246 23182437 146164646 744096434 135315033 773114615 187001313 538873657 119878743 481259567 743723483 348047698 564481428 165137243 737801524 658086 464464178 968201833 269717165 480971941 303567457 678916042 803109228 191189587 85825133 126556207 904659637 853210843 353246657 681281779 280837245
23 21
138099320 887589674 291415989 419021085 440043067 492941464 16381156 626801615 305431518 436394147 695910776 42615205 772159179 621356890 933383364 703601956 607077578 454567553 543707203 784452666 993180033 927578412 108201957
45 10
828774315 540980998 631516983 993414776 243176613 107370443 793464478 455521537 642519655 246102207 367921016 314038988 862014014 670957224 431357860 187226819 194487735 697537885 71325702 136932219 943478306 504584599 952520263 190944814 516721064 840966600 830294465 704548561 219008412 270443192 213602349 279819601 4958686 630820629 875958043 894870797 760290051 368285429 530449716 691692360 829538063 142047612 501009528 56720033 763763653
19 14
544535223 203293333 420320810 712323396 864497617 606575809 721356139 312097688 517363137 525440444 854033251 919626852 958601288 655520677 402856786 482651099 378497698 521934343 65702246
21 13
151216307 265186061 258874474 359015254 929636201 964710393 974180242 820565723 104543567 97088897 860143898 877956082 166200683 639307370 225390524 924580975 701065343 400401467 972251899 405904664 606432047
44 41
158330430 890448777 485089452 470838532 229876141 908637005 786628734 472257993 725143043 993064314 706570561 168896614 77169967 357414841 947230075 747323415 942370998 638341286 811394669 588333545 53652954 167238842 37595881 850195768 164283027 50342996 84511187 50425885 149162676 232828692 192297751 788722513 852842206 790878008 525525438 845609992 357630036 275950966 496891653 717234059 62305944 762540708 291890932 728557014
97 92
24625354 177421792 721193203 866104503 338290124 986071719 681010563 271528142 600591013 11616576 956333125 169674725 185127213 620720081 71892829 892136913 51528571 403841268 823366742 832936515 540560453 543081585 37551688 29700414 966484806 576234915 910606235 688007223 891720010 16646476 567972309 463474265 74149752 570025496 427944940 375822629 806326672 895707159 530912700 458708158 587739724 628088419 887334443 374580430 233996263 333335215 628550227 174426382 424006248 394528271 46536426 820699759 185462402 55795905 80032260 849006315 829718946 874286390 766992021 95127315 546723695 33842025 358401300 266629263 849707438 576494303 477704368 529631981 205159680 833211876 683170263 604561219 494137211 950752004 482608108 79090614 836621744 12264477 4604899 703290889 602073247 416928529 138036568 592264362 826382478 718665051 747843861 103859724 491881045 78120417 854431242 158231106 594756345 44822282 67769743 539482054 224411061
44 29
309777787 834139055 825997525 429572983 531623644 105236706 912024564 161639969 896032622 826877372 915124785 12273249 896926591 539035136 883828765 4116095 867688903 640689884 820497826 979053684 716079449 417353785 469173895 756805782 653579947 980313263 710260377 991930265 716686788 180369309 565273425 638694526 119534145 399184936 109851932 255299689 520949284 25049113 566409373 479179530 42038724 415190619 91179524 611402656
88 79
940785049 101164220 623905250 239713552 841314771 637816373 489206024 536602358 891271841 210447569 780195914 920966677 528322680 696676558 774024954 227127783 889162326 874471241 645706570 574773717 623873273 452659464 942650366 815069247 356847111 922656787 894680191 469483685 58964268 259425553 952105153 131575756 796180227 492449104 772318342 190233331 276319022 602884083 712963020 244688878 728190382 168546083 852473246 780991652 613347228 19967978 744675726 616171114 502861754 26798161 636139239 504287567 645453970 91862283 125863301 417734402 697764345 431469966 64220586 89064753 613840488 980822584 312083623 567167476 262476858 384495208 230823997 194765733 974372064 299943868 707524319 545368756 588572475 370429586 291459277 997795332 366568817 404311802 806502104 851281228 679638614 314742837 139673437 771130991 331940976 93776379 838763357 145662198
40 16
689149706 423509506 554118919 504308186 743629609 863845124 536726825 358878878 886614032 579823321 267953046 554717209 27336389 978344139 50841551 584266760 510504897 356790586 426318923 737349771 258886854 266177220 530976366 169044319 544330306 3490309 508479821 891152178 408745754 463907927 694489428 602368019 879868096 252369569 501668082 928137228 713076340 111857002 357595114 889165812
36 22
601220126 590983644 484573723 447459351 794694383 770446830 266737587 206136233 673537607 69923100 36776677 722991321 31764611 351619436 947826585 202992027 489826180 143840803 309302339 956658309 987986923 978194497 211148529 973800064 187516451 712852305 627924538 161193567 552196641 968424788 162668750 386303494 583282387 666226661 389101061 540229188
45 16
356806397 457546954 289781928 733933316 848906833 761393881 662969013 162006170 348260759 222923268 593510568 168231505 703019621 688941254 50048513 577216856 657634085 89728872 287209109 55888585 703901353 785000982 203883885 866075276 426810268 517410384 513857095 711235868 891671084 29603818 652604397 966658472 262161603 141583944 399279760 530817025 730877806 612224484 153759444 582995125 492322167 680309131 993644441 293497608 865788259
36 12
815794595 163633831 241058215 760046586 252636479 401101391 337217858 447857765 971050719 85235891 612293201 27148584 703381904 526924719 456909683 4151865 237512472 487475854 679967815 398029166 639538778 530156592 790819646 481509467 353005884 636691342 98080069 406168485 763799300 918893036 245430391 632940945 876468446 389976279 779896087 194230101
70 29
360052833 670144582 344776802 974851973 210269395 707302596 143932143 307868235 312966319 714900457 758326245 281804384 805615374 919126809 86889257 487083034 361495458 943830138 750274133 176377133 647642456 188403243 751338807 165941343 814557033 79065016 933134244 751924912 306839389 591296664 383282992 117120679 344709551 919120603 526345917 189203943 29673890 364733638 251594325 595490354 317409704 876810400 159708108 226647405 486242093 682956268 32080861 385276310 908075673 869455527 922778452 857652928 664883373 353477743 92439793 976167907 902462895 195214819 483145379 897072848 974025918 16551465 852956968 331903293 857063809 588716092 886843779 323676856 873698675 670520363
49 19
544429261 375627167 664019149 144264815 845062647 966461819 440045605 325022583 902262520 600907126 48024880 193276375 891796391 378197363 572605659 215884455 180332646 917659897 779677390 527632939 738067423 284626982 651471335 56946810 830836118 213726178 392750482 322932907 513103678 849445534 747825931 342202002 646531393 478209417 586089299 815958734 717762429 895166280 562192724 114311274 508217506 578399809 184099810 243314330 853746330 993242832 961034928 660281213 349702512
70 70
369829261 767432326 828148095 991903594 952127036 589496797 825545399 735374737 753138363 277066442 893406255 657534288 361982412 879903696 986896733 437917635 804770231 709061026 389332747 286313837 881870961 52556984 20496480 249118182 682211919 78082800 523007305 907070707 800207383 540949687 314116059 99057016 402469526 691682333 891965055 204488929 692929368 621393927 730761387 93209583 774982302 353369382 428079493 570430679 120049622 871850837 244639832 379680555 771707879 559882607 645366409 486240213 31566716 381043345 905028953 562829566 321399219 494093910 564775283 713187669 47734698 302148318 973480600 72997329 958666685 264870253 266389322 713969581 747999066 464347996
31 18
116493699 484550724 291250599 731732627 982452973 718484348 812186819 372483771 972383670 725340522 531345470 989818847 576762197 261997935 87423473 504095079 32947025 970817404 669272938 593772635 154413702 497236730 390621643 678829098 1275581 692965365 491773228 549683047 680900148 438569020 521535636
8 3
263311015 754132479 152017149 399275821 39756456 887999513 275408766 891400751
74 49
125794797 209386655 139443072 629154396 824848757 947406585 232896182 254952429 903400575 128177043 621749795 474558853 53502483 589518333 958159006 643446406 614239341 979722428 267271018 858546887 23939742 377403396 858759765 830561018 479227258 453194471 120204715 109025655 605219781 424215641 235326016 223143222 720965888 175183169 962597465 201179930 566450201 631826443 913768702 830455979 52715940 966540092 457616010 136932005 424178748 351958938 565616735 176788486 672637827 144136651 341788822 377309425 508904960 605719189 975469230 321572789 700382078 87537990 839845210 809877305 525094688 787209121 472817719 60617149 372671684 945281276 318078457 627085611 207880538 956460728 806410829 932004877 291943920 491680702
97 96
767610016 171565991 615675572 292100617 3362621 665343998 964512889 609939403 301787544 425998137 608154010 918474037 945696323 597264079 19993670 534315095 213865306 701656228 975197763 792341801 331993215 415583705 548718074 993569759 102868834 943928410 984845369 142927591 915254471 118033079 395189346 356268156 515620099 707933136 654471151 309366870 176728124 419015548 193402232 575382872 333273919 597520536 798574235 603087326 214965702 866991076 457060969 250702633 990129080 76684752 675537266 196265378 652267969 569837286 955605485 306790850 192222035 217953729 435439096 391073462 372892818 733137637 58323802 711618569 37324182 381601293 62465357 14999801 847875666 493409163 801612894 220682595 518607864 90389097 777869192 411199384 88853037 686141724 222321490 810037196 196204049 773633813 66118910 434754910 654763318 718855463 830396137 722442479 75270105 391540097 148627867 558424039 896911214 774416690 330362354 377015837 269653402
97 23
643016125 776195255 804802982 869012977 569613610 537126066 919500995 606437650 558495470 59924625 585895689 596188383 132268797 996120458 818944825 118919733 542939246 100659200 739342737 320369128 214225709 118177019 747484062 341071420 514163193 87788229 140814351 556850298 351174018 692382272 238542109 843961607 943188408 193706926 969991295 943866241 37695888 143336766 641037746 592470482 45912984 309772145 988180989 33553895 64995219 593303669 492242166 420758113 829550909 596254943 517363918 903805134 394761297 696573527 818945208 817616845 646561416 645976536 620212191 181276657 866167053 50888037 269032548 870172918 849486366 739352701 891629494 544116847 705593490 922011546 380516987 109436205 556386413 391787191 639954149 701972302 789694223 410961846 812805763 774733994 985753988 633407497 726617810 337939311 570853675 359263100 502172808 607999396 69583436 238512270 714244832 47597626 468091870 763850035 227920115 685407611 445115428
94 48
173099711 556610645 343991993 771626409 600126979 400158707 642501223 156658625 761846075 909776158 633076842 840545205 582834871 555724954 698935655 195027130 787612853 255074729 698985281 913381084 898318631 637945651 224682912 510197738 542910632 999225729 175443615 543048881 374341116 605831888 55182357 735715673 390308470 11557936 943939676 724534481 709523977 146160050 901797311 594790015 483289173 819348997 715485536 489805048 133173243 445256381 629831720 898671882 907462346 480762461 29225297 321644659 820967795 715147315 872647919 518500290 788023558 578493948 190717013 789133802 549114181 413107504 14181351 103047453 304461032 499099660 917217081 425876733 537492124 10120686 378376352 901142077 879266276 271130313 521003227 994707268 897077106 18056710 777722274 809997034 801543267 647644520 934339630 206562123 988210688 762050358 213005796 687878280 33900331 469581486 346901224 7517564 845631529 920896661
78 20
387823639 334246566 759831619 545922441 441440545 983683813 964103793 968138858 367410299 744285794 349291758 921260844 708765934 634258781 984923209 898111593 858816097 872920521 129021012 53912322 740294993 6551409 704052524 128665690 503619503 342142680 166778408 211105828 406012465 685618741 479985542 955070623 630315207 939775032 148476057 679330677 396148237 674823918 127222708 787926804 620632772 83483426 201200176 631018846 287671766 659151915 201991247 496604160 443228563 852888802 342958931 593348472 156368637 758144948 960355600 848520650 359239171 992231866 581945491 851706059 303846652 105805412 892896994 348763847 649696830 901156541 203521687 182763495 556575532 79960389 439568077 129344064 997868128 666168954 570944582 66841286 399421721 545039479
99 63
822750523 188163432 662344734 536981951 683375173 305872556 811381031 88783659 840461503 922018461 796227501 615584042 207982014 205720253 160755304 46530737 796696978 802480010 115385814 902507599 568130747 574072710 884557304 219323604 966513732 719634387 26616592 57922304 280199195 291759331 178168885 782798076 725677298 765263451 177914318 684923025 573590501 206629838 13015034 607160658 890737173 717279574 387608351 935373104 218031073 162638838 29723760 144509552 799991868 288831050 517587023 345503756 372056562 494746729 498957091 812827967 155336127 712451843 733978836 123096473 495430687 914512826 710601375 583532046 509825585 461874957 582782001 933926944 593285272 402402287 725436190 800708168 893622085 903421646 127124784 589332727 110513820 618932068 25993878 805706262 782896191 443742638 553787819 741755337 406593518 342887506 504116606 596367735 632949144 912370611 307913256 851156981 886171759 873540254 286551980 861500283 819446082 970330498 881199047
28 19
919947626 578834643 148974114 602255693 547795305 697474658 905060983 531262397 160239484 508789513 415827383 358494464 689289339 201469134 185656171 744888925 940044402 921575466 182447449 491380761 543958521 88868877 912746583 146604834 619403100 306584441 860485761 662472427
24 18
834427270 281137488 706346870 555602271 651592229 606204422 903976845 128447699 157034708 440357342 168476461 832847394 829560899 960577680 296882234 569071769 485933550 224882483 466619105 877604855 524583901 665277553 185120119 637982869
60 3
461748485 698917134 258053280 174101827 988941165 529436884 494308891 77270443 474878117 150976587 264888070 779282226 937380476 829973034 161820835 293894187 548007672 907285091 772101947 125574614 653062993 591682055 756936594 944136309 990098570 748351233 868256657 537944490 876713663 327315709 235686736 52548212 352316099 145369528 695636393 276394089 132456845 392144241 936151029 324066543 256264052 233445440 798146002 351410696 416418956 602456394 800628765 850935271 594175378 332417401 997785266 672267478 888161153 304345165 83806484 854718190 774550876 61862603 599942916 53867654
38 6
307702494 272819451 253515461 765339799 268993180 469569356 551736689 902557292 783511259 217437396 82482308 472821914 119257245 99139756 167338441 886706494 100702942 180019399 57700245 429696560 360056207 146440588 269504770 725126490 465332412 371548332 792661985 120273012 690277901 114596176 165703915 322879142 14281038 189342783 679865267 557180924 128814971 596065917
48 10
975435236 80171434 974951715 494949956 56473980 818902089 796571886 238121713 737491505 790390667 336350728 958651228 178175610 386831371 845241653 699709977 624963576 497739541 738634207 570192864 194716533 689420960 152742541 787148160 291885740 376748020 446392684 466897894 146256498 338165130 91188298 671463380 927580340 200539589 555571431 699854710 595219465 928799927 913798059 997132341 333055372 758353838 567571587 583827646 569880755 626542871 287456640 334351259
4 2
948906781 198317017 663650863 804214311
33 32
743827569 532998612 739633378 124509903 60940699 514514786 996905430 861035762 912038110 245332595 342150757 35964053 506415423 575877394 523875437 254182770 411108999 900808218 383478091 362654609 387001306 351878881 788789010 118622902 661704244 387057412 380361242 530535374 334972851 65203962 628177762 663583602 327151554
66 23
670675261 547851501 447559651 256196879 497158774 249970902 765040934 1042386 754803409 272466518 390386656 357996927 450071752 270450103 782857480 536158300 185728506 677749884 177115306 194339237 714290560 936339138 389281988 626178796 558313363 651362091 906128067 150714281 577884665 336799253 230763984 366319656 185349281 342048293 451937095 271243128 170067763 927499134 79718881 533629166 244232882 869227069 851182102 478569269 106924023 638132010 221114050 586628391 915120338 916634297 602602761 500149144 726575119 611249717 298781120 481807859 371370334 486657407 272003013 45883301 506622854 178127246 769054514 394090274 280155961 485619255
58 51
869591746 147400899 219257076 285994207 787268346 500749973 474998357 833562943 618795890 359541963 990409589 13453355 666731601 176119522 786765350 344856917 763513868 356190341 655396347 802619779 992631452 877172014 603076486 960521929 975349436 129470576 807593606 11280573 992314980 426567998 719261706 474451902 867345219 747091598 128485161 943410070 240814832 197243905 657932194 265065566 681592251 793421248 814693686 488249541 558011426 81727935 73404350 148562891 53565250 921098777 84492484 369589162 837046327 405669033 779793001 335247177 245076540 551095377
24 18
776156808 461268847 768599176 669303184 309723261 113449763 541226315 786560852 938636687 838341513 434409363 435299483 513719700 434166108 455324871 169931742 749534840 943529465 351210895 385955595 868403222 705628037 958415044 716327513
22 7
540510717 748434634 452179677 600519587 210642156 308539331 603144353 586808325 509592659 900464538 407267043 53905287 339550994 655535110 929811385 703700563 120657735 626535464 589012905 833223818 393919817 967079749
7 4
532892485 28937970 468908606 47249413 997776311 594746223 573837923
14 2
69381219 59625625 810986480 126018738 81084484 21756953 877284276 980805246 32106035 475023772 301083239 401430982 845871454 852013822
22 9
634973270 114868219 867656811 523826140 219763169 849534322 817202876 208727479 779532945 49721483 804363966 539692936 514044479 200200934 153642692 106231880 601075509 228552795 474799434 56566373 872057728 154681362
84 52
629657842 455554532 162172562 21298327 759651968 263801090 255349290 510466153 130922816 961221525 102001705 267672011 708940963 608625066 479522634 618610227 139832968 471260812 250735134 495998811 549616772 542320619 474814475 875474520 974445520 670641702 683760733 685537852 791446748 632654759 922129713 734334469 328137044 873271908 241923642 434974881 216142251 296429632 413867598 880253230 825057934 425609662 933254879 604597751 37019781 677790688 763966863 343403574 129927787 559821099 918713140 968732849 501008626 399962868 18387280 4174446 355558211 544646282 241821731 742181671 98656550 965717743 368431120 793656623 268731554 186073394 360279251 605764476 955481973 757393559 336115121 612581362 296400393 532746383 413909977 641548970 926132496 173265376 321198994 919380373 795815338 92997528 22263935 424806568
87 56
971821453 307541511 331493223 512771153 56744490 64930550 171699164 784360538 1821323 473727592 890129666 623763976 384084739 12904420 204241005 588446431 589316819 866832317 928748755 572859653 298637646 218528792 987995224 46613733 928328971 119402927 110979269 48299929 447229394 237685758 748525313 96852140 895578058 751788425 507308018 968202057 717889036 957023330 754142476 192559944 770601021 794241822 30085044 602402406 885308690 675025727 573940610 57692523 885698875 149993957 37903362 356325845 196841255 69121537 39354072 136225731 252531092 986126065 983713144 132893331 129109292 361448443 669232210 245114488 747406915 780784808 237191725 989321520 424767103 528942246 581827361 697060774 295009484 237917265 48659239 821672625 566777076 974205826 980980435 297656840 113709922 331287183 681533661 628910403 19396438 340323858 110226634
63 1
825841513 753457996 519987936 494602164 1565273 898032860 274867036 9313175 39552207 878757957 9451174 996509734 41774586 746825973 111640458 257542554 510571844 224843747 103838935 460607407 137089766 21179281 442356684 733427338 313652209 600845593 414620172 735069313 936222872 889572351 419331093 594786857 859384163 852965540 697690402 703895735 376194919 90704545 210473564 293156525 97576565 744946105 824295936 434655716 192975261 127818213 785206042 581536332 788265345 492332428 825302851 946171740 592682045 993718406 405821960 815338602 363823757 349589082 761284831 725146686 839097144 613812678 985969768
10 7
697246346 458479102 831589902 4982319 142114913 587814777 463448839 972796555 456059581 272704961
69 13
785297742 526980392 802182894 316511830 169099356 361652438 241376764 58819611 835559428 359371340 204599598 119658487 631434331 671410697 536937665 962861958 142649113 650392882 649612965 943365517 163914580 507428231 70726283 665015132 438510164 661000969 218264000 83956148 757519274 289933272 615147692 602983912 970904367 341727522 776169999 103980820 892749386 359865331 651289872 462435791 633632297 96197639 305469229 447764128 371300997 238096963 99795744 329230457 634974726 756311016 590648025 401231412 528748379 571563122 831009648 240043207 337914680 830670451 111073670 445794741 390956685 936865603 225001177 298385059 428331619 93686070 257004605 735659418 904684426
28 17
704585376 152021064 674689531 655901648 852977942 473667945 651185772 123142517 763684227 365214927 890513891 795966943 638451229 133393498 352873386 575395604 836165639 774443395 864011271 154540487 619219088 803574857 90427725 325791912 551545847 204153898 28782218 505510069
44 36
131259413 856805621 302046302 644024373 710375534 82508559 744428553 557200637 653781766 962403039 727040019 487230792 751989368 591010611 661163624 81694987 507407811 127125513 524259095 152583944 395604302 182999566 693147328 453018438 547073062 892416325 267780436 953807006 990201554 308222017 753765852 891992497 74395894 156132570 745007797 24153255 392345348 542981288 799073333 558111456 69757577 990710743 682276925 891606475
20 16
862064912 619566379 584312336 409664863 446514063 855315794 417714256 21648906 995353423 295234672 143921974 271987903 731238548 342328449 599568842 939306724 234607720 350002278 207918137 404264905
72 33
941084602 953458101 558069571 949919506 488604537 712537906 772551958 710764896 282614707 241956231 159300669 558767619 470331910 871520230 420244351 918447330 905724778 690223947 750358636 811040224 972786911 518622003 601476717 30098375 385357602 796598411 661606945 646895173 40235276 503905583 990129165 439278568 333539868 866759919 80735115 662027568 761341945 723942819 132772773 180014938 31730160 534324424 324174173 721868303 105415845 960747622 94828757 652710331 563356622 312199789 328029508 482441522 938990265 821131768 75051628 957885093 573023154 386059940 403689394 14015789 492988575 779035753 230682036 216088067 136917077 948525462 905463583 16746280 942825375 253185967 169585172 346847644
22 4
357829517 412604357 333677772 726827674 99471953 440337199 266744369 282184377 384473268 518040256 351308538 760940650 252322538 296139742 54248886 36991330 308895679 499428516 435371086 506857232 88759190 318426622
48 27
357660175 205168986 677738012 31597618 523571842 112632909 427694648 150436003 342771570 238825856 223861034 950175084 862145054 353546570 314108817 992153011 759018884 566989814 955027244 649847847 55600267 292068958 140779159 522091377 483393772 894684081 739784903 447562712 609273342 497164021 251158115 374737057 765836152 7409297 961421717 182124513 259117068 812932368 600449112 707934217 195637775 131624937 709177600 61200501 78269856 749046089 773945595 134703207
53 18
828372661 907285877 912335636 893092042 96283931 663057279 630622226 872191892 512022416 653832056 760674886 634905498 804520586 929561188 510671573 951210118 37210878 209971654 219397879 599117780 372274798 253616070 974101859 908502771 205576491 977745250 54915587 297356089 98208089 776612561 496368370 786558414 111886643 339838769 273936290 280926421 268016369 380175128 702267564 471769599 770576147 569963770 24856966 728681132 871880281 823065141 103497506 917327976 47034681 224498850 278010213 990231196 206813990
45 43
684111562 366469397 363488796 932721613 301572658 137649386 348463450 363664068 891051599 851678834 305178941 548167705 758943990 574734029 157119901 572415043 545452874 409993940 884199087 813548635 950470440 116903117 947945979 305824654 423403597 654176837 539297813 619335649 327134539 548071631 234125517 344391075 18155928 409328097 328226202 507262524 249785424 659949406 99015909 291396133 396309797 38067745 803148862 755278033 383153304
72 24
340803783 552004557 866783914 955112819 196159587 601475516 195015201 925676175 949183062 654658167 878352117 318167505 88390534 453351393 787693294 790014512 409074661 325188642 815814211 210070345 399595296 825189609 82837693 759191058 924643270 282321646 530776314 340780097 425218989 33432223 777988280 146596686 503103735 687659518 831451170 925803125 213737469 298103501 258466237 298904065 262481919 760520832 134490929 44666754 66647678 685207401 955556059 926812462 225616002 839586152 981132986 86499362 873112989 983125751 641198125 762227228 83282290 606505106 646121632 584940504 16597201 16324763 113167067 667297128 986704225 814091462 236876272 380020933 871570337 344143774 481934423 356621164
64 23
90701115 172516651 417908530 303688636 235746717 114121585 752080840 468759254 741733149 113717614 862701947 281744163 243041604 200847064 379329035 755976470 403644149 294514059 131687870 405042087 125910463 858337358 167061257 252725585 607062972 589970259 420846028 318555814 826247033 510350503 625509702 153671974 831171663 92752247 933194469 190480675 749283070 631300689 926237207 560824206 326139836 996121466 423978832 619770141 384857429 567474791 6283230 147418268 322922113 365576940 756957787 444419273 943625459 349330404 764904780 920469468 816774181 48159927 66536617 663547495 536359130 347087574 927131669 278519627
30 3
863082110 127239513 822623051 249771034 114171202 767724661 100038343 821310433 287141592 403980990 512429699 62380664 675386409 211777345 131621672 415440104 355995402 344080674 806096439 804550982 426969894 620562878 769513585 687777987 162388653 533031004 782477280 208487929 995361982 512278729
39 8
494989411 820167567 523031987 250292638 801421336 853439529 478157431 508502552 925847404 958271121 618237435 292152823 41698012 578638278 763632270 633436805 845043019 592137431 557338879 316955713 973673429 344973599 58917061 358847234 142620421 741114732 820703259 201702633 672419496 528805980 992065364 115521842 603269625 443983385 769960593 108550441 558802330 75264575 48541969
16 2
249977274 982104814 150396747 845813309 696282398 571948305 931252211 36319250 203914302 745785755 218234228 669687260 121243824 620607093 836323620 314888090
11 5
141998514 503047567 78594436 415709698 252783467 498858995 308887864 669715628 389726842 394277786 852177262
12 5
876737785 544646203 679066600 496468469 329303854 758268812 172809605 64461666 156353422 293964110 24293897 993378161
29 11
109563499 383770857 770596767 8649351 986855817 551885649 293758261 532675457 684984288 439378787 211676810 631686425 892277394 416929352 969822256 317267104 501113070 268972219 114254281 642283462 568513459 515457559 556796935 937265650 136138426 740811801 846337404 125992717 692107587
77 36
121270763 79352576 964797803 325876769 296287159 115975991 599644125 51908618 452283006 51249132 314034087 328904220 484667368 411799294 729721214 941435192 107057411 431929485 434220637 885612878 159860702 507106302 279055273 358041911 529810767 328795114 207097595 837577232 380177365 428551857 615318763 174092827 663425357 803607145 522573803 949373513 218535035 400886041 272130405 63280898 659625467 534035023 457374536 227441061 769768332 812597591 134663853 174574717 137771284 58841940 515353468 845602531 111566195 921749362 742778845 586118768 805565528 714615144 427054136 158232961 235616223 927065586 829426677 362240750 846911486 182229438 987790452 980815554 913881820 776570164 492347411 866467951 861734930 276691184 337092713 767007025 817238127
49 31
181872817 304554874 417213139 282705911 653196267 67815764 970512408 647705227 565402582 785731447 965536732 771595755 597409148 298192473 448633434 427815106 263947406 573284887 98459699 988703258 614378097 428717290 898349212 947299353 204375429 805018459 113583552 913279041 782798431 699298408 433513428 483753421 51110105 474973533 558362346 382766121 753147443 340958220 807537154 277686259 404773602 483165650 491001398 975962106 891248135 177038236 730209776 449312111 559223822
3 3
138001399 762755876 282428924
43 17
878472088 511008377 838544232 73180437 39665016 286204109 925955510 994604898 989364392 218033425 299733192 618710738 728380130 349875320 707473678 417841089 974300327 160497699 945426451 628857260 398638516 922190395 473000813 99317322 678970442 67994357 92208599 253437491 472206225 733790970 985721198 697722036 631076563 361236501 297152274 414193875 655277192 227023713 31230154 19268784 760459450 30463210 565789603
29 5
500937798 897838494 972843666 12332612 856082292 735447027 569476029 138251715 584760636 356402588 484087379 648307843 323100636 96385427 978171824 545565405 701098766 485028024 102318409 14572566 130059558 67076206 42508569 361143161 169097041 983064562 443666690 580243038 900650899
60 36
564837696 427590207 566439896 41325755 867015920 753212280 866152019 571101639 52066208 713199864 385318942 298121233 515072954 886335036 586337842 391929532 731728037 446127005 281533138 953162095 406772934 503162888 433829469 607450589 773748091 725872477 993389075 29116852 400052802 598550496 74717321 416009230 447306760 468776896 602204609 38864314 918592008 329735144 607069931 268964434 979198273 184292823 628700251 613937928 190805359 996647169 96359565 975567050 534762164 501069006 293463543 580972227 56003971 137443101 515963526 127178674 873465161 976722826 254685200 600548629
43 4
378248010 541439722 801415496 580055284 318443801 595404868 344191880 445417578 387232268 76406033 321533996 998045161 237990226 954824324 936620695 486884808 708858395 159049270 174371458 830400072 512286689 728697885 887763039 704809595 603203382 455656700 995898168 91758051 68968199 213939960 311130890 322945551 498735167 558815327 603943581 751441078 623551327 542134029 767410263 114449073 341728215 765405562 544189439
19 5
548576451 442332899 106552012 486389718 514228582 408908781 694295388 858450905 301134912 335926809 17088955 843741779 912631229 853913688 363988288 902347363 545934336 769059951 304553167
81 74
804034851 696716924 549111623 32950112 561673274 213237702 645256660 46347459 39160624 431413166 904363921 502466434 968125297 859362506 297229453 900097511 559686016 930072679 763524442 881584295 97039982 64455997 490143341 989049127 192791421 976600932 780108595 204157693 985789479 645060550 328244930 790296042 681772722 541570323 752020015 202045612 732190172 116309848 237054616 777523938 808798486 956060463 19987616 270410401 317616301 853731103 919039392 295347973 755435992 710872424 17327208 312733977 834782346 360431247 37102858 626825876 603862002 894133263 489990369 724147471 740467285 600403994 547283000 346238388 90094737 453453607 347272398 934932284 127726593 30577911 903270700 176377620 812331242 806261502 785773636 100029272 469797171 361781784 156649619 234739358 275700715
86 84
539831321 170742966 667057171 508726154 595590495 983911223 99880291 653462610 921280121 145263684 975209104 425221143 382633191 757371072 372328840 74404922 448091910 632315537 530677095 367930847 238225535 313494497 80062069 23524324 560011239 623367659 253932267 428800960 404120664 865488878 579410247 711344114 703996236 385178839 856007496 925954143 514224276 872066163 460270898 730175626 599380817 377558282 260093957 598193244 511932722 711946988 661538420 653818191 332453121 730459257 838558171 418150120 719059450 476880851 67950565 350173934 734508316 936767009 987189012 111125082 118493110 570118536 34651001 148168083 525935892 697998573 851015348 807703089 956036416 656345675 643966568 313065294 158553409 450798945 715146218 595639234 377049960 260886639 388960980 830440633 905287276 864968825 781721123 350833097 568640761 871529326
82 20
477205228 334807692 50352221 406047184 29419726 59588240 591524950 11057181 188859169 124247615 667264052 506500497 925221615 612254037 209775793 445294438 393065174 926575508 984350940 434399224 688520490 338849448 969585307 56612077 688527344 639170231 355089918 834636312 387998227 372208911 4848179 622864405 772400905 99381454 785771887 715697361 118800617 352246254 561196746 77943994 945704745 744970661 167158377 230980224 418136260 787965241 293921490 673738767 234433709 587465151 114920527 19275537 207458968 604942721 206065224 131791228 663899977 217183150 864944294 21092169 250354164 884706050 671303343 946232932 482637341 66782094 24163037 551067057 593335970 894691473 820067688 760387900 566048473 627909412 48024239 602767593 397968645 756789018 12095697 149551582 600029908 896258290
39 38
262011429 154174229 140479149 308188294 56237364 336861575 10187649 736611269 410177736 169536687 788744709 507762912 684263893 922284131 100531215 924551221 753866796 226646709 409097909 382992787 612486868 513181940 212570369 276345094 159639560 927641451 846235411 696030768 552594488 678197011 735148867 377100234 157479867 702793062 406213875 917526675 272844003 399765826 269008486
98 98
525682924 976045061 372493106 43196201 232912524 761685865 424543139 892619076 96851574 259592275 415269488 371000520 861410329 769866775 130052432 75774620 851392677 799952747 665949659 999156589 691974929 440639569 215709509 41849254 528559125 757388794 40399807 389152996 691482442 51462626 507264246 644047003 914573564 54753392 352708296 703153543 788557341 581406590 856356880 856513041 407884299 932493266 617725998 889460414 561852327 318244146 385619272 648229547 642535260 666276572 154439022 578434579 439271758 860465589 449098096 251681819 854731942 962657000 916828156 499319595 828377807 346059115 470036011 867471975 66581777 787598062 832281061 407296836 174751505 199689659 968590627 379233998 508198066 33361175 807468926 476794156 436581637 232362810 307508330 723095363 56052831 263823959 230655211 580511238 254788272 133385479 281540520 138012047 701100781 224899896 288788657 900184383 539212125 625880406 482015647 20191467 504904395 160913046
29 13
943544590 161673325 521615683 829652192 313359500 952250455 472626717 924998600 959119386 705201193 770023011 774791928 180857449 807878062 875948364 677666832 860265965 199574317 824213032 731395848 439955067 158428192 4178611 879608427 351355163 237174920 874689631 704024832 696169745
50 35
281207980 887271718 598065756 48403518 354495015 314271551 124769020 188693297 55249470 879007434 291603909 856390722 713818738 990555433 18066229 237755225 401127700 265976809 194214411 748698904 398685544 52183436 795903231 86541379 187501799 240397474 739699033 885415941 483096865 667313135 140511403 233488469 170273494 690715209 620853398 615458470 891946991 61185231 458725143 18124530 618076377 486176673 903468433 262796207 800027987 942208056 112024755 397582680 186341552 484503827
87 16
805693403 546475386 947443574 435991711 520577526 635056254 216479815 558006585 159542424 245318712 498070930 698651104 394818008 803579826 886776888 399595924 448368266 571607570 907784203 144357768 483218894 56954265 707511705 645045377 331603709 417143542 991910183 324888268 916079574 655697096 774803030 803398995 11851591 27959955 536290797 558216524 64528104 427109206 88580127 674519908 82521632 569998940 298205876 270975052 383912231 374839647 234669493 81073146 957421495 264549957 632507266 208053416 279400262 219644030 438156211 688937988 962900800 894651836 18826122 681614634 643231113 962202166 375752274 477428545 891932794 325305523 952626512 527015207 252247966 354712049 102800668 482312942 67573505 948952867 504178322 469770191 981281285 89388306 409307321 306462883 956581957 7026774 419250929 145121976 676242934 832332903 543825632
27 20
377534865 923402744 213643856 234692859 929812890 354214330 378040992 109295967 356686532 637776319 630035464 949301495 447209779 222906632 634291612 684526973 446566096 289229548 736785438 539614318 814783966 422516377 406393730 888982482 747746313 829501048 188342388
56 14
823320373 341615685 971445927 516342163 473119668 325365191 701804748 11561356 245531268 218535870 982141896 557198940 629188674 117862427 139728752 904817960 947239625 79080131 478451199 845615412 198063621 580185224 484005608 987411661 254273693 233669241 526502544 450318837 666394428 421750381 634412906 346489861 296732483 25192411 902944702 900322310 791944319 377609986 806039212 216754642 228536266 519058095 671471748 396099309 960733845 731016966 654451755 105768015 716609980 346287078 72499733 857275341 781426329 344989545 47204395 156177919
63 3
889399472 268946689 670435753 438757377 252557698 845611551 31996302 243954190 693580762 423442467 207037911 656905779 152415303 484453675 83035370 414912624 336845474 399246672 570987328 526047701 575986578 358574795 514674658 659193524 585745488 457884149 721670336 783907805 696004926 641194128 953197336 896748470 942638064 264970046 214175421 937142707 873923600 874798785 882490184 90254876 36550039 381346900 729687667 582342566 356804851 25598684 956824063 92342196 736242929 745335456 16711795 635355606 172797911 487897429 46557196 810344837 388400104 565678325 384338262 307294084 564231887 875853207 648283351
89 63
762732506 48410218 951996452 50190869 601449008 534788646 806001294 75388810 38083752 181219474 232090436 855735601 308345249 688955475 781689218 472852281 653747508 691573405 653606175 826507088 559818824 353443109 202198123 360023618 596808025 583197394 162809149 809880575 354155492 490781080 518841238 630681410 809848373 107225553 478419351 739922338 652896033 78935247 467916236 121826147 403900419 58779561 145106904 51562517 97651172 762200434 30123843 242332979 686305993 978803876 370156077 153885479 444698607 254078625 704454631 543064738 710119431 409127411 246156065 553660866 785836534 912694833 604748719 265954267 392006640 392805771 354188355 892533668 683793873 434838161 593055637 652291879 653770201 621593381 625967338 514158449 830519378 755684235 785849346 337821516 631959070 629195758 481560984 562533380 818654840 625168628 304026306 818097772 535566794
30 20
560139143 341116629 159108776 786764478 920390819 501722015 840518800 653743969 457984498 735065312 760302800 61525035 165526898 500176173 15793995 346023926 735387942 235994381 42184500 576923147 19788208 45521231 116113245 363547831 521487601 343660977 457971349 279104495 39808424 702053987
28 8
656921099 691468514 557361822 973978358 561736377 253533464 999129151 693085844 43639525 481459978 192337180 711119635 529759831 156623873 562108156 606419282 613207611 665975520 397993388 812689121 135120809 567737701 285684113 494616778 964973091 474530191 593119742 865111532
82 49
344121585 473285004 554611488 549514637 315563486 36891837 84556867 814491570 465363637 529895257 687306458 960709397 697427919 699214425 603455511 986254845 554227617 420202359 45074380 457628251 749006572 322591769 481875864 931894686 546657974 722509197 993899676 342933025 681244910 849903355 444090598 615685092 64973065 716578671 158533770 576185744 53897492 835718898 445356702 695442596 446893564 608077920 892911389 187944970 89218770 819591029 532570451 110217895 887409033 872038380 384952861 221979598 191246902 80494809 751505961 3915868 296287635 324018136 791894382 338906292 176332464 684058490 278872811 432696091 175504580 47272677 274669119 848540557 77205004 668201705 478987913 162698780 201644559 933916846 979272964 487188170 883962985 803832738 908017964 173936213 505146973 162146963
69 5
489478074 165011718 449664552 684415297 503121065 535305200 263482956 738628634 887859923 692416066 432599836 37081505 833077708 930892357 447529879 788550378 626239599 109252448 869190902 12903520 595542966 804400255 642493310 540928055 808627841 599335194 325086812 214142393 962363600 674950661 5636643 61327386 949128384 549411245 769238721 996160677 50011420 332240491 585571230 745231214 499083106 859582961 259960538 669754991 378448865 452401568 687953700 475451490 168838383 233186772 598677708 895575123 257871472 142271033 708172068 601687992 406989136 947768959 729671879 51892957 61344734 50258331 466098095 603296398 360970660 853890896 356367116 63354262 903120052
86 52
114856183 174263142 478370425 835668174 698065053 725005079 361088453 318656640 911224695 189115064 861852634 56062227 620949767 781353570 710837595 131471453 958779954 573530182 33274906 351368091 425322939 425445272 526336988 732361911 925043370 355738559 216065495 324577890 102379821 21823093 943912416 352602969 638566196 248703896 958750725 697308495 788260038 914346008 140863226 319502693 344702197 291601430 813870238 383914963 28325142 217330460 825207344 69307436 84135807 112096125 948598837 808948774 647461430 48336881 236384409 911230847 721859821 846115782 229359049 4169835 983494845 332373911 128454531 199004384 544862587 572496752 393166044 666000051 543907505 181928852 890356858 227547236 548730708 517967647 592310774 281080604 764579574 20825130 440019009 377826260 941039641 207617010 871309830 905354744 922694700 539538469
5 5
64126512 182670132 882487825 548533033 127060038
48 17
410930471 32704365 744978598 852236507 713568104 916539580 438216277 717956453 435457347 701289791 294033849 655718504 324708206 363300680 63154250 927794988 835691573 434093602 948081178 73676975 159868208 695265031 746096919 402599740 439598162 223301640 514233480 968073824 866767041 897546727 38059280 12920598 602781496 153355214 372393258 482378263 405329911 98699522 9367963 71836662 409900552 346905437 756044822 932332213 934980389 393871058 614210415 25388187
38 11
204730311 834017360 964344315 170755229 890142224 551930587 315310321 329333825 971030514 816561670 324237059 888227408 46599785 982654560 714801100 138353321 310865007 550877292 34189924 572359655 569807572 40207830 303514491 467359195 164337933 457599555 76832322 48470826 273960944 905612701 905977300 690722531 849294998 291627255 511821973 405116373 31900053 728772072
23 3
923661116 319326859 153261885 459012463 157381953 97389269 382800408 425875520 569457785 380212998 238612401 459589116 492492686 916835964 141403011 45816591 959509820 485869425 550626663 996995669 859156441 954637121 781787885
13 9
825720760 488654009 165947966 673096096 357051766 222963517 240218001 459120004 399192714 678419110 360709192 649710376 270278126
40 11
743777073 346756583 171238380 524310519 773138271 558584810 432789646 224806292 408391323 260252223 528665559 839677952 964071621 360120002 651689063 739651938 201138242 608322321 645687244 281724147 642358725 623847702 10370020 498995681 169033911 274744666 605321606 117515802 394908389 665861090 505326120 738070160 246391283 29517216 416360024 294468311 294062672 732135385 652837839 527846861
15 11
321799945 766941966 238519483 985405457 698047070 379635666 362836659 559955647 707270741 156405092 102596176 324324051 103660404 15116065 960201046
24 23
121459876 678133434 279386326 155843243 603229808 832291720 271209512 858938771 429658278 232347733 403510420 226676527 95928860 958638734 432530014 157631787 496870739 803507535 102483079 70049823 542537124 486274429 504456820 749891396
