6
35 32
341457 694527 416666 480646 371004 210743 901980 176624 423075 745587 729169 903468 861884 687837 76151 711778 512426 780364 17145 228992 926856 273875 279870 801391 604773 407083 600614 425356 386005 664614 54624 325077 977458 831089 50731
44 36
902065 795481 88719 824630 627368 779120 815719 231083 268650 809600 988760 109489 248322 89953 761358 271095 33395 831396 539484 354185 506132 196778 22554 17154 377387 434867 628912 350258 993324 842400 981022 744853 455471 581878 630278 913944 63272 818435 37977 754276 37263 141082 974125 544108
28 21
286980 709893 347128 433130 145284 397089 213259 330692 626370 688001 587524 385415 329657 898683 589917 612454 281438 389816 297076 81378 55801 725063 866673 75710 241171 19316 318819 388956
7 5
634730 177040 686423 701947 927062 191806 782831
27 10
195999 909010 500011 822075 756871 213312 452151 898714 785441 934487 821582 554331 911233 362877 874225 942716 977823 301908 826219 406283 941771 5059 463594 256436 761064 34391 404178
29 10
744982 771666 607741 65774 798448 752847 71551 388000 205066 730866 177095 497371 93920 466398 750341 370990 547494 210112 839370 368655 68313 967744 41256 791168 755743 281935 268135 619609 771405
