10
727 572
838029 967854 52697 204319 54903 264074 255676 574041 559120 468974 429410 93092 466223 139913 230828 448214 52427 395808 791165 914868 83289 138169 984295 699894 243627 543989 360240 256929 988945 838488 428855 317430 620265 524212 252358 70376 435048 970337 407814 693587 858269 980363 398896 544431 974976 15215 554448 536273 353176 700238 407756 681160 46036 716033 351945 228766 21157 262176 509670 24119 666693 234823 450109 801314 115460 139073 141951 144921 468074 148199 184533 261641 399749 966432 799189 787858 564219 176111 682137 922476 233147 96862 624341 907904 634746 611048 675597 643840 814092 105929 437360 78722 622349 991843 594358 851081 590351 608998 739584 954407 342347 283274 614719 929320 896225 80737 397151 288528 940460 393750 361473 427215 690635 465722 587217 420820 5572 163273 664730 385644 982857 229900 748152 925059 172105 974347 278747 462649 906649 876141 556339 713934 822738 946602 159213 313296 352280 613619 415201 558454 317833 905745 664880 518670 341 723070 861487 275441 778793 324303 881160 870531 529782 444608 205218 205844 135668 60185 452305 989691 415037 341706 883634 299647 177902 300170 572377 931563 574233 220500 924423 930610 7213 246931 785014 324662 467767 559712 221369 311183 126649 646158 892847 748121 282419 237327 708656 518578 70747 977922 658544 200243 300618 199637 635611 641513 58013 187674 883167 341408 927194 360924 557818 997448 584523 227833 577963 421531 283412 99567 177551 622057 198724 841856 177178 459941 319906 256583 691241 369914 556089 856183 383930 260899 489339 342805 406626 729507 523874 667363 419713 44628 565934 61892 863028 4122 72694 504326 933598 643023 185980 741328 353126 864994 610571 467152 226456 956780 309340 594288 355527 69426 14820 286611 856907 238293 84594 878634 153337 797851 599099 462800 74945 675062 623858 185026 242637 720583 942707 77105 858680 204845 265815 404250 35116 10267 89382 390905 516543 623714 327981 819587 694678 48293 843704 221351 143281 832095 156773 95384 176461 530115 266443 887112 248873 6086 785665 79434 376744 694921 573333 616682 98082 329990 950965 456504 931352 937725 124471 870146 841280 924158 31024 128774 971265 975870 19983 260674 108982 198705 18840 977759 760005 597931 726364 429262 204305 672390 506814 30849 869671 874594 481569 681865 709614 879625 42499 707185 285909 894042 258141 756403 177229 495228 728088 6986 890585 777828 77240 689810 513260 864394 41416 528953 424865 49280 940378 713186 774865 504019 172281 142478 822350 339088 633547 624790 727816 10661 742208 516638 402917 912515 346067 652443 388885 848382 809124 521478 423947 923207 68387 180685 762191 436322 291548 650379 175098 467527 293145 994738 486968 798576 311579 502156 875268 431945 262914 627594 886796 519494 305086 639546 571165 107489 389019 634285 299812 847683 679333 139372 449220 726796 873673 527855 454623 481390 771932 62204 947670 160580 434885 747095 761466 101519 687001 464551 776462 413108 380820 301685 645636 653819 182441 436597 831538 615070 15885 370174 175547 237839 898362 170080 663156 312631 818361 796374 377927 586432 897413 596123 604520 525683 151932 779304 72104 594944 668247 182709 522940 595744 522666 173351 277624 587079 181126 733961 30536 785756 878650 140779 657537 83149 949066 1243 215403 374423 793282 916797 876177 980981 50448 650444 653373 436520 562000 361451 886253 680655 466426 656706 591106 736669 717457 618003 252034 111668 947006 642674 135856 763066 190578 624059 415181 770265 621094 87248 116834 613199 954212 153629 548466 429748 833521 317320 247142 580981 79880 231151 780584 965352 838604 96179 219074 798251 281956 427966 779789 976252 477055 618266 611715 996498 220285 420952 629277 404746 957107 534817 724455 801522 999823 147899 888921 330199 462905 603323 49275 697194 850124 552601 254555 948846 56989 436616 560871 684223 333258 148212 952228 833070 885444 799028 419951 446419 886296 923767 680905 518875 83114 66296 778867 862677 996921 929683 473642 512389 697340 367007 711864 661282 585906 946079 902176 356540 591745 712567 816077 620947 132114 278622 718861 197986 39850 131190 714177 688668 200230 200882 954739 293518 672505 180741 612229 344242 811648 838310 943412 906671 180445 640298 71186 662604 614350 194411 852551 783960 778394 131062 753365 12770 57789 432020 618716 659923 995936 550063 870911 235014 228019 435762 881105 684184 26730 532260 390396 389711 947238 819560 122501 658649 84904 120546 644300 497298 147697 727340 429066 722858 81587 991607 17152 282471 601729 981321 338227 754935 672796 746946 911317 15299 86927 799943 487648 279239 783312 735198 872776 259172 247534 206316 725157 264934 21162 186023 220432 328985 438314 451511 173443 667666 29434 970638 617191 388378 686398 480670 142526 406052 172081 121864 876931 777157 582005 341087 532291 655209 609840 613686 864809 863436 546382 150620 244222 19800 164264 264325 986077 120610 276643 389480 230991 9569 652352 364476 506326 853684 977497 73086 335119 967393 860965 622908 361388 969271 782375 268128 969342
105 68
607471 898876 902098 282257 120488 945829 365839 384365 783380 818765 679620 927395 908833 693219 901869 583130 667398 583780 63679 619841 185724 127041 121451 917209 342007 190187 184708 871568 573909 157998 161203 719338 859631 518277 903602 560122 281715 848619 471159 297247 221155 147411 980809 942261 167338 583054 481170 191756 956941 124598 198246 506574 29905 914498 502045 482640 832234 903306 467514 194060 361916 542684 518080 634904 992247 59673 220765 523226 757834 974274 993795 738391 564488 744786 197119 450257 804411 657418 841505 239921 439503 985230 224462 790416 390453 284524 477243 57778 675603 812975 659768 111077 100500 821043 935945 37790 535609 855837 31190 526932 627639 567402 624942 336793 515456
115 14
328381 109108 757382 165754 683992 594012 185145 281549 155325 379444 109962 958806 219564 484886 380825 22550 107033 43731 705601 411677 894733 333651 438151 515721 508907 558346 417539 735254 686870 693260 76793 105163 174006 925160 423761 560940 281088 974329 583487 706357 421878 857690 52193 411189 222878 95927 609349 483605 743883 231556 199153 405351 337364 932784 713761 840428 548480 10133 859242 341691 803589 917046 712260 277883 268340 688679 710123 526101 72656 875354 504752 564501 77222 753683 694220 379381 335234 191880 662444 635550 612668 981605 206146 979828 78112 68643 712104 876478 72489 773682 280373 798050 446060 252568 828465 701508 469133 880782 572649 601085 623468 624585 2640 711415 535211 352685 293267 341461 553373 29640 64621 507666 635064 620652 660266
240 163
51625 503110 344832 965263 54305 492155 347296 702193 260033 404587 855559 268058 77992 698151 581832 91432 957217 377 923311 953867 698104 7370 915292 982206 426840 980101 719704 18951 141530 929727 675469 977935 615228 498777 32451 472245 415638 43195 368765 71506 549299 403085 653895 372631 70056 152755 344218 594750 343960 743179 78471 928582 10377 153075 378731 102776 833336 800244 148894 438181 745603 369085 932334 852057 706128 437298 477878 640904 623845 787656 427216 772474 235901 96040 237346 352042 483830 540898 925679 472901 360715 185472 987923 994913 258950 471604 306360 28107 581983 678701 924695 336440 983134 283916 36460 720172 188238 612895 670770 471987 452736 763030 901467 963734 8893 890322 580404 322351 403476 154438 485595 211813 404627 157519 609526 729284 253215 811204 659935 129964 63085 470040 112845 577788 225037 543544 315623 733101 749122 219530 263346 186608 779427 396774 711972 290955 538792 619135 950210 277407 969770 341935 458688 579864 565898 441782 194227 189218 192922 481448 716870 912750 711383 119123 641591 991102 33242 642487 292521 226371 33288 438308 88674 68829 679280 594171 35664 889077 840736 359162 407656 515037 479647 818915 147043 610485 914257 734619 899257 601785 268422 52542 152671 540438 420416 907605 675987 312143 858683 937899 311709 663894 802188 591053 177323 443592 305643 172885 616436 34834 758456 847313 68862 744594 875258 488118 252619 736258 40176 852618 154907 578746 361009 270548 953404 817193 781893 148112 241068 324313 858612 463343 94560 959027 366760 378563 27960 846054 238361 391735 762176 472977 470017 130532 654924 821782 266313 905213 858034 501608
882 613
683796 79901 610354 907824 580931 105589 673330 64225 26907 57151 991068 797214 43541 637807 179424 460252 750463 864072 900390 332010 685982 317970 582333 105830 123873 611254 647712 98218 61453 737647 213017 73337 82934 84620 395100 290015 897784 996178 318681 594837 187418 379912 648616 972646 843019 250935 736309 376653 576668 373392 798843 349413 229106 889681 787854 196283 780255 889054 640735 582028 557499 532480 39523 373743 917928 965343 600674 329496 608592 235595 15961 777048 910638 915623 986758 395311 738815 774169 903304 743299 101720 11430 934944 493371 925695 353649 106412 474377 15883 7546 470299 398290 934420 213081 923320 483770 699094 386707 636424 219691 874459 544109 414458 769319 56726 484961 37055 128276 396902 271951 223677 756390 931934 571412 100040 543770 244588 686077 544598 217261 20691 595944 6070 638432 767099 747473 837595 835529 771313 630311 141089 984618 462579 976634 59568 859351 551308 750646 182470 208135 159002 914220 520167 386300 725680 959910 636557 27289 300029 882945 494250 655787 602277 350300 8846 115275 207161 505768 356242 720998 520556 240636 594349 992119 359860 985025 314646 681755 808293 208414 281690 794590 451427 233768 704678 81952 622966 356797 821523 758417 905484 710634 845234 271771 486302 221295 844941 648476 654981 694189 77769 477278 81995 487440 771620 353848 566673 190448 469671 221708 786823 895490 66928 3325 336314 739783 345997 530600 547987 258642 51002 234815 186023 888885 339214 582146 990799 593052 910304 775286 64437 344951 480012 658188 460587 819743 970860 248308 406266 594503 941887 884471 689818 633600 405000 474012 68274 76464 572036 48903 44400 536588 172109 986586 986355 767937 848823 434677 617992 153095 307434 856483 618439 69446 365541 246350 840134 566077 35650 909103 712115 225960 190980 113482 546607 483611 77242 263507 151508 836469 651311 159355 303684 244055 254065 8965 927727 21535 596307 163135 367274 491181 589823 725966 145314 96680 81969 85613 183961 749284 262371 329573 900318 14736 131812 522727 977035 289905 160830 232217 78510 259128 94612 82954 792224 244530 353352 684845 926676 340004 983807 496396 936296 309730 587488 362806 217333 745875 654015 399602 685850 987073 624023 801675 25583 635349 10212 522086 943506 217167 504380 151062 64254 973997 985680 511230 545890 669705 631316 9203 408776 922042 212712 53539 556846 92214 389797 619470 578931 777087 546354 553662 657154 385326 532806 818990 794793 748389 988006 494386 325648 338043 178527 408070 976741 782779 732220 376392 615139 481636 844904 524123 723579 650196 153859 838361 775389 560272 202410 46076 692521 86196 776011 368844 346189 223968 546964 650469 629502 856643 439671 957250 473231 981397 223563 704505 308882 147639 38497 581811 934155 220395 854468 351948 824783 4647 880522 458377 499169 848315 625036 878011 16016 431 409182 194895 430255 840890 530777 916322 14462 124735 275558 133825 120895 536306 684892 68192 331093 215500 540605 495377 652704 424689 828154 235329 157066 973240 811510 261462 590205 955715 654595 893850 566820 510519 995748 165173 552463 35348 201315 362251 802396 838086 132955 785567 27300 550497 152627 322672 380966 327823 941979 806884 322220 625354 903984 987247 23606 89065 590463 257454 83849 482506 875480 313875 96341 561909 921582 843700 418878 752445 580476 131697 231651 143299 711587 901230 390298 946225 160066 171607 497990 582657 639226 263377 720730 597600 498494 154252 875232 542317 531650 212155 281432 687816 492287 441979 212541 312509 626207 519456 468308 240766 258596 28488 653490 741028 181293 263717 521229 976684 233966 897877 104387 214822 605568 816804 113700 432555 545088 767182 227348 137484 960843 58263 564149 85391 974006 730282 518424 48259 444766 523194 591986 963067 767645 388126 510461 276815 325439 496596 164344 56940 191041 724068 473051 822284 405302 202573 959460 627865 456223 608121 562143 356073 133277 834544 24283 410374 58248 682174 262557 453808 79128 226255 434048 546782 104639 870791 890515 79731 630144 362560 95738 268880 923767 869980 578340 510978 550160 910005 983368 398554 329506 825025 629216 246902 777240 871803 377197 340326 990165 262509 31331 685404 121595 460723 944069 947330 586256 231115 194744 492163 923313 751661 732460 479645 745941 75084 288251 476257 117665 453288 303876 895499 982602 184521 831407 362085 196656 905931 504286 757433 103072 395630 817068 836898 429287 54522 548536 728527 869478 724371 294377 269624 175905 141502 856757 292153 331015 360904 670710 786042 711758 486106 809894 635380 941658 47682 156626 248622 399903 197166 901637 884579 545967 367182 264049 943633 88659 131459 257602 536790 428722 519299 95614 776932 882173 366345 558868 97869 648071 21567 632293 28692 244327 306867 229532 691161 101492 257233 204255 672070 245996 125405 488692 553945 132262 946898 545198 565251 596101 361416 700753 17585 565908 712765 689216 307563 651034 651596 686021 356911 941123 471767 781655 125365 239789 346483 666952 338142 681560 301122 307321 253797 933633 106920 296481 279488 674225 925291 555484 510404 136400 650668 735882 414263 382402 817613 21085 759400 41810 568150 346799 451967 478505 401795 822767 605862 213889 40271 46691 856036 261663 272872 973957 640822 828875 28501 349656 810570 523291 516384 367342 847996 198727 506201 475137 12477 574691 919769 71489 309523 491717 760079 173394 22765 553571 672521 315919 95142 457271 40405 664978 568599 520017 806443 135325 955021 685645 41792 179121 471152 904440 625834 454463 956096 743484 35421 176989 123075 703992 595734 439055 14403 519423 612613 563985 387650 589827 363322 126411 968311 112173 322502 49635 724247 769420 829850 455854 474925 558835 954329 535556 565679 802870 399472 722339 482029 322954 745022 649870 786518 420376 81612 825460 674612 798266 522899 816839 621100 466686 301102 664008 449845 163123 219369 339997 638079 807245 984027 227227 24896 256279 34973 227744 721603 346959 52381 700880 983547 662804 333805 601521 32762 213674 935235 117547 953259 321747 369737 430456 375507 287547 497851 557979 286510 836747 595248 469030 80552
188 53
952460 881618 520986 838529 399892 950734 457551 508071 927001 352507 720425 932174 110102 281400 439185 830200 575552 417047 620813 910626 768799 525477 925067 585139 943476 71202 677276 681748 491884 383113 444496 76723 525241 434435 300778 962641 718798 43181 816725 188251 463637 54044 267990 959877 316045 256946 852481 29446 468564 508072 117693 826426 173459 228096 686058 684158 653054 740991 80503 473249 672449 463320 116007 807245 743048 911040 700455 341113 601945 828890 545395 175247 937630 146514 250351 113650 386226 839003 78810 545016 769238 199748 268709 367748 682290 86472 75002 687627 387682 903175 185345 931085 291473 755929 659827 670653 443150 322688 135157 739974 673518 19427 92362 881349 893175 797696 981326 775684 731515 555026 352521 854200 679087 517946 651430 655826 270537 726313 935732 400117 308581 603719 92743 708365 446671 458851 203211 12552 165651 733189 189237 35681 5743 659789 122619 894248 823038 797631 461771 285327 274080 518034 66446 522198 704085 391300 882773 688540 727660 465052 359910 507959 730111 559101 119494 253903 2788 652987 606799 768175 150140 833708 473147 341103 185863 473714 470560 246763 302677 239668 291780 712321 477060 111480 704357 985418 19876 851878 340667 138022 61818 465714 115281 954130 686036 472965 291057 154008
793 790
766507 114070 578440 390042 383894 110244 367146 362714 519819 350264 867184 664984 636773 47389 573056 732848 838839 833554 291734 282579 523914 13588 784139 315234 964789 651123 524833 668570 159318 644170 773870 879473 704866 763361 251421 634433 79797 95404 299620 282375 566088 576460 884732 778455 930160 495933 452319 822970 994241 124575 41085 893590 103365 786339 392222 724156 336601 639747 856419 244796 29440 488438 86699 376924 627438 782926 913332 383077 959140 268959 897664 533681 988065 783342 444628 963293 850516 496398 202873 348229 779591 530023 781116 243684 28226 253855 334017 784613 277963 162016 963080 507711 929432 471907 827110 180213 391161 160597 473945 732477 35653 855849 416471 786381 358727 458645 612126 309161 436447 547778 864457 582967 66570 665945 70795 716286 495627 162208 12897 360258 860617 940751 417275 708003 174748 676668 282124 456281 257581 529424 788505 889066 280777 920960 300159 128686 797364 352444 488962 192120 725126 477607 260013 509058 736349 297336 41458 296061 35135 49059 71261 754916 844472 744779 926995 195844 845263 56797 544100 429202 87588 116169 107885 149183 460114 756125 397127 477137 809552 254467 717173 376214 82029 809922 685575 693928 689188 550637 178516 425876 256262 313035 549874 25630 547247 330614 93418 863527 9939 86912 376689 358241 510804 544020 907679 990621 45995 310624 505396 113895 380020 939450 55767 312437 275880 28198 152102 967139 350535 992030 12573 257596 840319 810421 763745 200656 605860 606685 947673 940979 199238 964259 647577 502426 524051 451314 68068 678798 839711 619171 928613 603859 323870 208495 736096 271616 81759 245156 27530 52755 498438 547413 377848 589826 973482 100474 333309 132544 677264 628024 442443 219117 810242 335536 411284 277156 397458 827834 755688 776434 466986 792314 907668 26116 800403 160121 992166 657125 691060 614754 107103 509357 734901 59675 541765 133526 177103 741272 893082 318574 316551 905986 825689 390591 597494 607436 522371 166622 151428 87710 30453 788526 864900 261238 469680 542474 644236 430170 303812 854781 765671 406423 827207 922285 474166 454056 465987 585433 613222 548606 554396 615090 907270 780678 447514 830588 547045 14380 616922 802381 142493 683758 92028 933538 68714 732068 236369 593562 758720 44952 973840 725161 90883 150285 423693 358195 367666 751706 66057 914073 949588 823909 403729 806370 422895 678989 368608 484232 415691 963179 601526 554557 306890 383476 694117 928026 208021 529605 803688 556270 733580 447501 382826 611116 656080 657573 34460 592634 278899 252353 767766 140846 924368 396324 873370 819665 937585 126955 545623 465627 879499 181128 322708 811728 571985 313891 666001 736082 984170 54379 793850 425647 150072 139773 964590 654392 768545 219412 59414 244097 375024 79729 545979 118171 148148 248045 705406 880073 35521 487394 418613 849832 732283 951339 692889 610480 831898 685418 558092 584305 202101 753494 762214 516057 879096 956748 117378 763838 414275 467806 239217 964643 175478 23266 865101 967936 120267 744550 361729 48541 966912 95355 269851 209507 565045 577879 667237 158775 239638 242625 560973 802327 333758 982294 938026 204867 220019 770697 993201 120577 251656 357212 487736 451383 189550 283986 639187 866693 999739 412358 543626 945799 714225 741797 670243 877775 233760 332999 706250 740642 962111 138185 449478 211974 218253 20578 414619 696593 244598 653177 788358 852757 321554 974417 727696 429568 390800 711832 363013 819351 920226 397818 383576 663254 606992 37246 685682 645842 796881 428126 224959 600201 723670 986610 18990 367400 142077 588186 437060 39770 782601 711914 593282 965602 303934 903498 111685 288550 9093 788517 688351 118188 814559 293491 682081 683891 978744 569495 907196 794783 874504 127435 837927 633978 648775 428058 780500 692649 986823 347531 252669 905664 556990 730162 908621 824003 445538 132522 663727 606893 535826 933803 62709 149449 842478 461311 506383 529079 923099 704300 221301 875935 104848 621533 821342 826752 530701 182978 773973 488136 319509 879780 963919 331969 69048 97434 989393 414252 602149 747198 18974 138864 118941 273960 873919 926945 54286 341749 327461 910406 716794 974130 464871 786651 557689 282664 579275 298832 664973 962812 65340 236719 698839 850774 865988 834809 310755 753678 352750 295178 567259 640170 196715 593330 270575 644969 403783 371624 356352 217263 870280 230173 195976 475498 714003 353422 138192 648429 851593 584357 211974 909030 574738 891363 449421 176419 885762 34291 146942 647244 226459 845711 548555 617555 230582 173202 41606 515395 483055 998140 127554 252987 527144 888630 746158 673748 962217 542837 216589 62459 478573 473342 908536 838730 7857 291981 845096 908204 112196 567317 331793 863883 489574 283842 259775 422077 373696 90082 44737 519311 818932 795838 187635 40749 349247 131051 247621 218288 827521 798454 70285 759208 194327 32590 928456 537506 315549 304383 609970 996781 286167 354577 326188 148383 932682 484485 94384 306670 573889 809058 676035 474679 734417 505456 509624 562767 316413 531244 92902 938673 182625 982743 157362 986352 835754 127657 608696 307121 731597 946459 69849 425752 671800 944831 218335 682495 368380 506022 379250 658186 860815 960237 588959 854143 667409 738140 642510 334758 564046 127954 91170 545932 144547 22741 11614 860900 615662 264896 540501 206730 897988 437580 383427 85421 168273 629903 711229 599360 688899 611394 482820 716014 759880 590046 602734 691063 535723 982885 589238 458210 174458 440553 808885
895 661
91046 543402 50158 69618 427555 582711 592339 248471 58341 727253 224763 19178 905789 203179 239631 671258 656381 788048 499532 846013 872882 413293 658804 308493 800643 83602 634506 809628 180169 219971 416878 371400 721002 408487 678484 730730 212596 259109 79384 369855 647854 974467 595626 110750 923884 875178 550481 681078 926567 706147 549500 97625 234069 217215 609716 85859 159955 36065 185075 69645 110607 11827 381633 634597 190392 982541 686401 854888 608219 864066 394306 287927 401706 578988 472676 873544 605330 608269 783863 586611 994193 884659 828051 227727 676134 815803 646172 848703 785468 878901 76729 592783 518319 736352 103232 948322 782258 374976 612853 348622 802363 291504 136428 136180 212661 954334 702121 898443 425617 454504 941476 371222 290978 353181 366077 966349 899540 197313 606365 684393 841212 943322 406325 335433 276886 822567 323379 289531 503107 5048 778063 646288 829941 647049 49460 348800 647044 358493 581198 810879 490110 510517 293502 390157 771099 267782 605066 437415 617577 457294 135285 140516 433739 494809 919806 777744 232007 818352 730340 256048 440280 444698 90548 568500 596288 351703 653435 343923 411911 927143 882595 337989 542438 120621 212155 358646 169559 570313 78891 216281 730147 539254 787480 120116 408618 957428 514594 47791 666346 865297 432362 61126 330816 302084 633566 29431 130564 932688 732532 155157 904397 971696 36200 908642 193428 951683 646838 477287 263207 689131 385569 694637 714000 891748 932205 920605 986763 760152 539238 354749 798930 687437 534443 142687 993676 828064 736495 923472 152944 327247 441946 193139 764707 39404 593401 174158 499667 948257 105095 99929 563851 611129 259286 980027 153188 630608 836426 460260 218492 528720 713596 905797 666953 802380 793215 723676 493059 145943 702582 443491 598250 405980 322187 871023 823194 613992 138895 835539 899459 314678 368082 723666 317749 541215 304356 213073 401983 895801 829171 909363 471764 108095 518336 385718 587442 258094 10921 636928 270697 499305 500981 117536 812223 199012 982244 867133 352544 281180 846816 593224 130379 294347 773890 479872 88574 68618 427624 546543 912973 527073 466518 567938 553282 976958 367587 502207 318979 151497 205161 103648 361957 243047 500184 195372 536073 652881 526398 359963 433749 739810 13028 177020 27969 126478 9415 688703 280983 811009 745586 762961 499536 723357 489127 333303 649504 835529 205010 460378 776193 910875 617771 994033 317264 707260 224821 365870 216253 936507 64873 688869 558206 141246 362040 983878 780147 60967 656591 357083 406410 36285 75678 999613 708716 578671 425101 178949 137449 624631 108846 802138 456582 198726 418793 132494 488508 527776 53648 314414 974519 48117 440104 691128 156286 273721 475438 501514 351750 689448 879660 223709 612410 351358 954499 836157 836258 193022 442178 353937 985204 270495 855252 93178 243748 529486 586184 815480 292063 190358 199590 615855 915421 864314 435219 657626 7986 790146 58898 773600 455183 295017 18763 501007 309866 926265 333488 390590 711374 487826 800924 400451 50946 796325 768018 531416 40895 546105 17014 859897 811423 350621 654019 719148 105667 468327 312633 849341 884428 776610 54276 237384 585583 538347 125297 719254 904549 84234 772970 874644 490493 967380 128207 333483 30451 329229 664716 597484 845854 854971 87827 908858 844249 643707 467370 459536 400823 706602 245197 323547 394047 231186 656166 334803 731802 557225 536755 701925 381104 136707 620888 782045 646926 986893 490923 434530 716784 10769 267153 182547 223682 204844 974963 946725 690035 872036 102122 196412 264764 574913 761241 834245 272460 845074 921613 3261 277447 343012 429757 667105 931564 63402 290545 426163 400391 514891 746970 718596 183415 271516 916525 363228 789600 978880 686843 96469 266216 994060 242011 206366 268364 622870 142913 875519 285411 33037 667489 427224 118652 201273 562105 994447 416353 192702 462581 284988 900830 150916 245240 561831 117788 823313 739725 549063 692387 85322 824086 372448 243566 634910 971332 97103 447901 482715 137386 725293 716746 192449 705796 90786 885127 121863 552975 325618 454356 597020 623741 426208 10323 578915 228100 164810 44389 136693 217330 834598 783867 158637 57038 469210 146787 771977 548517 384549 230235 697521 1681 386784 966847 717989 842885 361739 352599 813598 243750 841586 670341 223937 849673 665818 403481 593207 769998 634647 438276 31461 902676 564000 876458 462775 881215 504593 750979 426572 798065 448049 87814 977879 368687 521756 354345 979060 952557 977897 67551 669122 135807 120731 303230 392108 798788 893356 877285 576111 591401 695801 978269 339293 685486 691203 471579 970838 31551 577317 248599 416746 522820 832216 283065 824136 395895 195168 928389 336523 423741 248851 835007 115272 767200 16185 572637 75833 967582 943462 587694 268804 447406 373546 370299 148587 353500 129852 407600 139291 608496 34155 132794 357738 194095 541917 998353 63262 748137 448638 7367 626416 257666 10643 740495 37833 803389 986449 141905 936915 58044 584801 410885 57235 435116 771333 786603 521565 751490 76589 476751 785104 975231 949444 765825 515521 227334 213237 266171 235395 202585 38709 206945 256589 712563 515497 863398 33073 198331 186831 287824 767140 207595 26687 636539 163435 618875 118355 386877 82352 786050 805189 224959 623600 731002 782783 340794 862915 185302 556085 563823 428712 573350 428900 974147 440460 373536 248892 943750 417691 557931 901478 730102 762217 730166 570366 215740 508535 996546 817064 689131 937 256339 199374 349478 976440 146172 524854 781096 27542 203373 69299 245278 887613 552178 979978 189758 630900 726381 950756 798970 197515 205484 64641 303955 732516 807325 397725 675361 940133 184711 334600 226927 466621 672107 281412 23740 505332 232684 885479 474877 321920 62155 594830 295894 530784 493818 710725 66572 351185 469877 922624 240015 468592 325907 115098 622884 342448 346970 524370 823493 535044 819500 305176 911365 756401 692508 452599 142118 533799 825753 278103 2189 938185 328019 474531 541194 455275 987794 865845 221088 234080 271620 999302 428352 350889 351386 126661 477788 310152 960123 65986 252382 943469 918595 462206 470707 796562 58198 508299 601036 242027 890121
490 75
508073 311895 465996 128838 851309 451327 34240 948880 891055 918702 200921 599977 775170 167528 912398 530822 562413 442685 595728 446166 297940 922795 963834 442296 329031 332808 144922 375733 687472 976818 979005 293783 924787 993557 330321 477458 601022 950188 33879 117398 399700 855072 776422 918904 838044 776900 502712 243842 636780 392983 984971 622734 210766 193501 478506 163304 729917 435999 269545 963008 31053 208003 954761 967215 962349 899663 518172 398663 506860 904059 415688 834220 952513 717418 440191 354106 925668 256175 202140 540918 954187 990633 517638 850720 822715 537574 13337 949400 312198 550254 152971 430257 841832 734477 400964 345878 479389 617878 171956 812775 132258 339845 679696 635215 683486 671181 502005 651643 854555 708498 261466 346541 933772 776759 986932 727495 762338 24197 188125 502513 263072 508060 402641 829030 415928 237704 237261 261637 296511 34717 698104 252850 746205 239417 107556 824643 477813 302600 572565 522013 76646 124290 116650 932500 208870 906757 677770 504647 111226 608946 901800 545389 850911 741316 854002 459729 506882 560930 501341 827407 399257 260603 287215 912386 749351 53471 568442 247644 886363 270591 569042 582872 201801 133298 460645 505581 946722 176681 885726 377871 372458 357771 962044 967462 567502 426274 537650 659888 656496 537692 361914 988112 271441 783688 778064 659283 959244 218761 852341 200328 759333 394210 887008 622419 857546 347650 492585 144721 363106 469902 332525 680720 674221 395677 541280 735714 23980 439941 636852 400382 285711 583396 261213 845271 142597 220999 470593 686319 982979 747551 564587 697343 469422 702387 202220 465796 151017 216495 99887 160068 438117 81370 743337 977105 188640 620557 293414 4983 658499 750251 290859 701427 385814 563622 208192 169455 149042 296627 439357 371801 683056 372182 485895 400880 356764 117832 75479 538721 33471 266542 1792 182821 785729 582372 579539 845133 834628 669331 978675 692621 389784 289650 909404 710572 614981 317639 832429 132505 745673 180857 7668 898668 815004 733803 238384 880873 807309 123808 13165 795557 15105 119296 7876 609434 905913 395408 456538 182509 947191 84715 840523 835927 238491 361786 338327 574676 726531 439071 226658 433021 409037 123515 146318 163775 253577 373130 465185 836058 520331 346377 931716 703530 253318 689693 886205 417107 902906 35634 879058 624889 824685 556372 847938 319178 606163 39485 328184 148676 656284 233566 188440 770793 281957 933727 688922 451527 174752 907023 929194 646044 940514 237608 638143 268935 733523 635320 744475 776697 284458 201386 832168 40686 737383 921906 583989 521673 585270 405158 957203 512138 440681 674334 696831 481200 642104 285842 794813 364726 642030 580188 328564 358439 222325 262329 939024 378839 201077 461220 221610 251540 723640 683722 775041 467173 196371 457058 301071 38257 31387 622720 197350 968493 352129 534162 969570 486890 283547 239942 427240 350218 734665 342194 862022 971140 840514 818521 234050 696692 64425 880520 295774 798441 977219 473479 689925 438759 767132 817821 228182 9278 813587 962823 221048 168872 185672 649937 53406 297370 504605 336909 13330 489064 200629 339187 39523 327481 601805 594982 57250 982359 625523 818589 992927 244485 504994 229861 615021 877958 961122 410193 854700 733916 356673 453327 28394 825296 553317 465997 660664 520481 413261 628943 330647 32874 671620 925558 949837 460799 575029 885442
411 371
703863 565157 212951 109032 816114 6550 589854 799002 19570 490655 318845 704610 566020 160924 955998 706960 693331 833533 305581 712803 443295 548555 950189 485861 961378 550181 698488 681050 638093 495064 211517 860085 953025 644985 645593 898047 808112 458194 119537 499673 426280 16725 93724 310575 537222 785886 324707 681668 600037 396479 180898 76228 438278 366327 968483 30139 378566 748920 930686 241908 826233 612384 973382 94023 447178 735133 500053 323282 27168 765527 223354 225991 984016 690893 375085 867567 719136 503589 485436 385872 735677 113335 745340 446488 896718 262829 469061 837582 769771 4394 48518 527865 167862 393154 394544 303327 461062 632474 163905 541977 717842 168787 947606 488888 771539 672677 806564 742391 684985 407159 931267 604707 346077 558097 396676 768127 713838 491837 924785 654492 424238 430508 415981 800134 424965 793342 666521 586139 10284 844136 722631 889499 439086 455332 326678 46508 533731 4040 84201 762478 206112 814774 594505 428360 691703 513215 835482 738754 128774 499052 28386 6680 186023 983694 447552 651434 498015 325950 318826 514388 777638 253358 741662 941313 521088 710987 838910 558051 419127 87307 381899 472920 845174 926793 603034 848861 556230 738391 334904 816157 531802 539404 641196 994296 693147 538835 771583 427921 554237 603756 279159 701909 445237 573052 661894 383584 205408 40614 953816 796726 544615 876456 759178 392936 979918 651999 335950 182460 531993 370151 12236 823904 255130 592395 815151 258042 850091 799251 437086 57326 226762 602470 324946 459170 643495 317055 489245 229643 964333 912261 79634 702142 414249 597685 270294 195016 992673 397005 673726 140139 484570 716076 941558 83886 138064 268909 807066 234941 936164 668006 39685 335916 743886 771288 898707 919648 590700 403078 409631 714795 885591 454457 979458 973061 824063 36756 229394 618908 409156 371541 538210 109291 734680 16328 22486 945107 170048 57437 680664 627315 137524 443903 806369 32589 776467 952159 143057 573742 849929 839005 358559 4051 484917 564760 533596 934852 881035 438146 186698 220987 238235 958562 603448 254076 876092 916437 46380 204352 583912 386409 440522 773641 699551 200214 840312 314630 488413 124288 320874 589068 766862 326319 520880 875614 526996 464031 49988 639450 345912 157523 236487 986479 207863 247959 549672 445435 85360 256167 636662 479693 986889 184836 366186 645165 659792 805313 806891 186699 855760 123602 352302 726369 286586 151725 244935 727711 817213 611294 460195 833654 978245 156299 203573 177344 397547 910964 855415 531411 531978 103639 421138 526849 732167 856093 321321 508963 984889 361785 560143 480734 376089 336391 754873 977458 492704 225735 970802 36210 186434 835322 577219 429909 32322 993918 702872 877446 232572 707940 151710 955783 103271 756265 970825 852596 617359 360755 450869 69892 550521 968542 145754
