100
202 329
628 681
357 842
223 769
705 796
43 663
879 172
723 112
253 326
641 152
523 580
785 444
666 661
410 373
90 553
701 451
985 520
54 943
388 988
924 45
184 537
525 670
493 345
440 129
231 654
152 396
91 889
894 784
890 330
894 488
254 683
818 623
758 24
240 147
525 366
570 993
875 129
715 724
842 634
473 365
574 98
80 993
142 251
634 534
592 111
661 550
652 54
569 591
510 101
154 469
88 374
429 876
298 910
587 800
409 394
34 556
938 596
287 560
315 680
597 4
79 164
938 696
392 121
229 852
204 233
418 12
704 131
430 201
938 251
915 709
365 992
372 96
895 433
544 32
766 412
195 38
139 58
587 256
118 509
619 937
632 224
911 126
500 119
554 330
242 78
454 926
270 263
718 833
809 898
317 356
499 762
789 219
560 998
881 119
18 931
135 349
918 685
498 211
668 40
598 997
