1000
721 519
353 812
700 376
318 173
170 890
540 216
9 877
658 834
524 996
908 71
536 847
9 677
150 772
598 790
728 335
107 403
580 408
51 728
942 287
260 571
896 908
541 785
252 290
534 721
179 699
353 893
790 772
271 304
579 940
302 393
402 842
783 470
795 203
943 135
324 64
843 305
200 242
279 307
706 615
591 568
225 504
644 268
483 104
8 448
412 606
325 312
48 1000
806 707
466 660
673 375
315 690
14 997
900 761
376 610
775 650
355 443
701 948
95 967
713 530
159 474
719 416
112 631
690 307
2 204
371 992
904 762
669 941
877 247
93 660
502 179
685 996
969 286
234 978
856 155
357 791
602 826
725 420
325 980
908 267
430 992
800 452
282 226
40 381
927 945
435 137
89 839
28 250
692 744
805 896
835 568
710 531
130 934
176 499
570 572
385 334
321 159
975 498
798 543
807 189
957 187
680 894
358 922
664 319
228 649
101 519
19 55
658 284
266 333
492 781
545 758
920 502
200 94
845 585
457 123
542 739
741 152
729 586
887 381
671 66
20 477
966 337
200 572
1 144
266 99
318 543
656 78
150 553
25 693
507 848
984 999
923 412
545 148
654 775
631 96
207 636
982 982
699 954
693 594
498 997
658 707
148 963
325 115
35 677
925 356
976 395
89 312
453 149
970 250
656 973
714 984
858 429
557 292
310 304
182 845
693 903
76 825
218 629
778 975
946 437
1000 516
542 871
541 943
238 980
238 30
912 42
599 257
636 326
148 566
94 631
504 613
432 298
295 590
839 567
880 191
959 189
802 738
342 184
859 517
915 581
913 567
686 857
248 586
348 485
52 600
677 139
595 335
834 294
693 1
752 344
353 134
601 357
33 737
332 979
959 518
168 188
785 529
199 583
810 777
889 711
68 954
841 68
356 314
701 254
734 636
314 315
500 698
675 601
881 498
815 160
580 865
682 801
723 146
231 814
159 439
245 190
221 543
699 856
927 511
385 499
905 336
750 726
359 436
114 399
493 367
680 610
900 300
506 45
630 227
981 695
461 44
362 463
616 838
537 746
257 303
697 38
661 557
140 294
191 396
525 550
312 20
111 91
62 287
818 673
176 70
619 52
573 154
157 835
237 309
504 381
67 121
657 1000
35 462
372 488
871 737
756 788
692 440
710 558
754 11
562 49
512 846
259 127
566 95
584 940
994 181
955 945
868 176
521 781
245 566
941 269
537 250
691 956
838 422
861 853
503 792
401 258
107 567
438 622
368 19
710 97
914 899
232 250
440 239
483 583
38 70
904 55
127 623
816 178
196 923
467 466
114 818
916 472
795 342
720 122
514 577
715 520
536 918
857 838
344 407
6 191
33 779
135 485
549 248
402 132
297 372
950 87
321 717
461 345
709 360
260 119
594 404
788 374
493 542
708 527
10 355
680 393
615 442
241 149
145 487
471 736
592 215
957 910
30 817
672 733
771 693
360 998
619 910
493 485
784 907
216 404
808 886
728 409
840 522
522 429
647 966
136 939
682 940
439 807
637 344
69 258
749 1
321 550
829 473
762 649
658 190
179 72
191 931
789 120
116 903
135 289
929 908
119 772
747 159
406 536
495 931
5 532
980 178
36 661
336 451
869 557
382 429
778 354
795 527
454 66
627 832
243 831
930 278
591 151
918 694
386 425
494 909
133 926
539 577
297 794
728 461
750 377
8 107
516 69
398 352
671 732
175 395
521 675
23 441
329 843
278 634
877 842
9 435
829 809
80 959
932 476
398 990
65 447
489 845
187 458
241 7
943 6
752 307
818 786
319 696
434 746
402 376
557 526
84 841
633 698
431 451
119 435
634 547
369 741
943 343
221 717
780 546
991 539
123 171
385 526
105 150
656 887
720 850
27 948
674 598
742 355
417 791
982 236
85 501
329 664
256 5
508 220
987 343
991 365
78 0
619 974
371 646
206 54
15 853
612 696
738 182
908 988
299 778
600 164
904 91
104 655
818 101
152 334
850 300
775 134
122 170
678 217
115 467
87 937
369 241
71 678
522 290
624 24
442 588
530 55
19 533
132 498
971 780
978 330
164 503
776 307
495 220
824 521
777 59
663 633
360 959
418 363
976 804
215 130
742 259
95 687
413 863
268 19
526 924
987 995
165 630
24 587
235 407
520 312
411 447
61 769
751 40
571 142
13 560
375 285
241 633
996 387
942 352
320 278
64 79
254 994
330 840
395 33
270 563
638 916
959 985
579 475
488 163
575 388
695 436
158 757
754 231
455 893
861 813
279 613
37 414
21 875
483 814
5 719
798 561
378 177
447 572
464 569
355 932
1000 806
94 913
919 287
857 552
655 952
148 675
485 515
391 569
133 177
792 825
561 71
872 980
200 143
856 31
35 419
259 30
137 149
104 695
346 35
59 981
361 171
371 795
983 743
978 130
273 353
981 218
47 363
347 280
88 956
872 807
43 220
946 154
808 431
476 70
858 76
31 468
66 872
580 803
679 986
325 341
588 38
280 201
195 242
870 708
863 864
598 895
404 945
608 640
723 297
356 395
553 745
674 612
225 335
548 416
507 177
437 868
716 366
718 652
334 788
76 138
484 708
108 639
922 140
874 127
983 523
345 662
408 813
116 304
846 149
804 547
898 70
764 463
981 8
963 125
639 568
258 952
439 874
164 447
342 990
762 681
137 702
940 707
211 984
464 468
125 9
430 847
563 884
907 764
863 946
687 479
763 939
628 640
580 729
77 93
387 290
437 131
76 598
46 833
818 546
232 902
456 857
476 453
627 165
355 921
673 424
742 631
666 148
625 200
636 955
588 998
471 97
904 833
460 20
758 883
362 801
985 379
876 444
610 727
322 188
37 321
61 744
931 160
1000 778
595 288
36 531
661 122
355 526
413 202
999 293
453 996
513 165
991 66
208 422
361 446
112 806
587 377
511 541
253 689
813 39
888 183
292 464
944 635
70 844
117 260
162 909
670 480
469 83
909 977
275 448
634 764
996 695
69 703
282 573
703 897
484 989
214 444
907 583
408 370
774 472
738 595
162 687
52 437
766 204
509 25
233 428
675 597
624 709
848 498
733 693
87 528
249 292
629 120
595 979
770 126
542 375
270 787
482 85
538 541
510 100
581 445
916 754
202 580
577 34
114 289
695 516
719 437
968 351
345 271
140 58
887 946
478 11
210 661
416 928
506 260
847 950
525 746
716 753
439 366
922 696
816 560
900 328
238 839
729 758
890 327
726 511
647 440
973 363
656 466
302 443
239 849
864 506
276 397
407 973
674 510
707 792
886 691
789 752
177 401
200 596
848 947
89 78
765 799
3 708
436 350
170 635
603 64
964 632
337 915
150 207
602 351
808 460
668 512
218 472
100 918
39 421
142 955
603 833
248 203
73 896
440 942
653 44
599 793
731 708
794 741
837 427
284 970
753 959
455 513
465 420
633 496
975 98
690 270
717 179
195 38
203 700
248 620
138 58
977 35
878 627
987 252
994 995
536 198
173 217
49 693
972 62
122 347
950 495
58 23
136 247
948 242
299 246
622 281
222 758
463 37
484 305
984 133
554 765
150 795
437 142
843 959
968 578
106 14
681 237
55 277
332 732
811 509
206 303
753 480
516 457
391 498
764 222
852 989
949 881
292 207
207 488
426 876
869 235
769 187
494 56
978 524
224 816
209 361
204 782
779 988
812 322
85 661
532 300
264 976
243 395
504 165
432 740
281 209
41 337
271 672
565 892
643 696
684 664
722 104
923 967
826 761
770 657
262 133
452 105
349 921
717 56
693 39
901 563
875 483
108 84
228 226
820 339
516 929
898 485
273 303
470 190
401 812
156 107
846 699
9 673
579 167
62 851
541 239
416 627
37 336
720 551
307 308
879 985
462 793
973 695
200 766
434 96
393 332
434 271
954 936
327 627
67 173
244 634
765 911
740 926
556 195
92 28
573 848
578 352
386 406
930 513
344 65
23 244
599 624
964 508
653 312
198 57
401 943
543 400
17 301
894 576
669 373
592 617
699 493
549 569
638 328
276 454
275 3
946 379
384 971
929 461
271 890
712 155
468 788
565 607
537 133
363 713
688 779
881 517
700 30
652 357
103 261
350 30
142 602
565 486
580 360
673 132
521 684
340 940
844 560
553 587
437 428
925 704
195 438
3 492
295 477
688 828
642 162
63 668
786 782
287 190
222 679
865 385
932 200
252 128
663 156
956 483
830 667
255 120
533 39
872 950
696 89
348 284
239 493
920 693
214 161
935 103
883 937
439 868
990 727
13 902
616 354
610 950
746 819
544 616
795 709
693 470
84 830
166 380
289 295
527 771
84 792
151 261
155 8
901 295
554 105
551 931
8 229
788 844
386 525
278 879
165 477
295 737
840 992
957 14
727 955
902 446
342 935
847 24
49 267
261 61
14 675
832 931
262 154
334 955
993 56
472 586
278 27
711 445
651 749
41 832
186 903
23 176
827 19
88 306
113 67
968 231
661 6
158 125
600 570
118 738
479 534
233 183
623 536
