35
312 4
872 555 581 449 76 228 756 255 439 740 549 273 293 148 27 217 214 957 2 5 792 719 423 458 1000 323 279 501 887 155 640 961 441 588 775 727 473 412 719 239 596 903 64 521 902 705 510 600 892 422 144 860 654 190 36 881 689 711 369 555 205 516 375 272 621 331 325 552 998 459 909 656 673 208 508 315 982 116 437 271 595 414 60 267 698 349 510 839 437 959 992 163 568 85 666 29 615 182 712 493 850 977 957 679 434 531 548 556 620 110 324 264 903 401 999 874 950 995 592 912 875 444 475 793 834 543 900 971 565 101 540 847 874 666 462 323 314 420 647 479 725 46 812 357 893 974 729 673 412 585 978 445 533 136 191 332 775 30 463 71 518 206 619 120 995 535 197 467 941 782 298 201 39 202 197 467 758 233 673 66 425 821 445 51 296 454 884 228 905 130 52 253 404 979 171 551 416 981 984 848 469 658 491 669 326 987 802 438 216 180 716 925 166 773 377 588 314 248 857 650 573 165 915 473 521 281 829 102 632 340 587 650 669 436 19 589 734 990 278 907 643 597 751 140 979 587 515 967 988 938 236 823 19 508 539 5 607 119 886 328 768 93 315 212 225 323 392 95 686 533 754 512 61 273 177 400 106 253 557 689 88 882 417 414 766 259 80 569 106 380 889 39 352 301 583 604 690 333 881 293 976 347 999 57 148 773 860 604 139 765 59 700
998 0
604 647 839 215 374 653 435 672 672 618 518 48 723 9 813 956 830 745 525 482 699 653 570 467 856 738 509 270 195 112 356 271 691 846 644 592 120 683 635 147 495 158 614 440 451 417 455 74 256 613 879 923 188 808 0 187 837 485 29 122 486 533 915 71 954 106 166 62 386 663 125 61 26 3 124 557 21 845 463 143 277 92 941 761 581 238 385 705 375 719 582 875 614 356 358 400 316 933 374 481 782 706 428 158 768 900 145 662 929 594 767 97 202 747 301 381 393 909 140 345 470 840 712 576 708 365 196 410 750 487 281 675 590 733 755 623 71 825 925 401 240 431 533 854 84 88 834 805 621 227 45 478 275 680 697 284 17 816 474 930 2 665 404 132 67 614 176 208 144 930 528 942 785 501 471 763 814 414 833 107 310 805 780 5 579 868 599 937 336 275 815 21 289 114 443 742 519 766 181 415 469 830 796 603 930 914 821 937 344 19 309 551 795 527 396 506 637 61 399 465 822 789 541 444 435 144 373 419 791 660 977 962 747 664 315 454 446 948 959 875 7 621 739 999 804 470 798 6 433 757 62 569 29 938 704 443 785 879 635 31 220 151 171 623 805 6 209 894 787 997 893 311 812 669 9 678 686 754 777 12 962 168 958 45 762 240 573 739 695 498 888 634 546 276 762 20 102 870 76 105 897 887 338 624 163 674 389 775 418 179 143 72 886 780 993 150 107 165 626 957 580 530 997 894 124 870 244 206 787 72 496 257 924 856 504 469 604 972 672 999 720 378 110 534 946 449 586 716 694 78 843 242 651 896 58 831 561 508 752 563 965 945 450 251 114 579 851 440 299 580 627 190 68 461 62 443 300 712 15 769 32 294 414 461 679 190 555 340 82 531 819 470 111 482 92 416 223 954 513 761 423 347 5 405 363 421 36 161 195 61 193 474 761 222 717 381 949 886 406 752 76 968 305 851 127 535 710 270 14 527 886 713 645 722 324 922 427 87 772 734 387 445 951 798 594 411 975 751 966 499 568 414 341 127 539 437 600 583 378 768 209 292 481 216 931 45 925 274 259 807 58 171 439 670 260 815 312 379 886 722 935 184 117 764 809 748 465 782 380 637 536 577 771 422 113 846 280 244 610 515 250 322 147 634 935 414 108 504 640 933 395 737 52 813 845 313 510 219 375 11 687 81 62 309 212 870 472 192 640 436 550 103 161 929 742 145 95 240 448 899 23 844 984 723 807 340 530 155 442 805 222 806 51 959 820 840 409 806 645 629 799 393 527 641 619 972 815 110 715 483 618 128 6 122 560 254 983 265 220 737 891 260 4 313 480 480 200 275 416 897 301 602 154 160 338 320 50 834 382 82 771 515 147 287 866 660 355 494 75 686 612 517 28 876 42 884 234 785 524 187 828 349 474 231 304 196 461 475 910 714 110 332 826 412 157 70 803 465 673 674 921 111 956 672 966 626 183 98 367 769 654 940 391 490 742 153 910 968 386 865 80 551 910 950 893 235 610 339 309 891 435 580 591 616 493 421 828 857 311 266 431 69 859 678 9 706 221 37 558 637 921 598 4 576 495 175 751 831 643 785 219 899 142 834 182 472 843 492 364 225 572 378 676 169 743 580 310 537 147 689 651 832 770 446 914 452 477 912 985 940 940 537 338 255 279 763 948 893 199 699 425 451 654 151 617 257 557 938 301 519 584 937 246 801 877 57 568 829 162 399 912 612 1000 502 58 10 220 963 114 128 607 199 67 868 660 711 352 11 29 502 977 280 649 681 403 100 843 279 810 956 732 439 540 421 77 252 109 513 725 15 279 928 141 591 584 384 509 243 673 23 164 826 602 609 579 784 100 579 458 594 375 605 86 232 957 664 593 589 477 370 220 809 548 696 738 934 334 143 265 420 900 879 858 798 279 737 417 399 454 479 19 744 229 951 226 606 172 57 855 917 255 428 981 535 901 105 426 203 17 350 590 316 467 686 194 442 825 130 246 492 602 405 117 385 80 920 80 422 389 835 459 146 958 495 144 221 530 533 929 467 6 310 779 484 318 837 853 179 6 530 52 819 977 632 590 752 400 64 481 122 407 778 702 174 548 582 2 339 228 2 361 509 585 295 251 187 987 860 538 182 940 408 671 98 500 991 295 782 668 131 877 627 817 894 706 206 84 829 591 160 534 213 9 666 724 923 898 573 377 595 265 869 829 931 161 727 622 72 79 358 463 782 260 628 27 897 174 243 140 285 152 12 277 110 717 1000 963 366
340 7
950 304 990 138 913 209 312 490 208 253 792 93 871 98 939 43 163 580 374 386 319 193 455 903 969 990 386 952 535 946 929 229 292 691 518 419 56 849 847 456 127 5 432 73 94 948 576 976 824 856 648 926 996 710 729 558 271 389 749 827 206 400 984 272 528 70 177 240 512 469 245 809 697 702 584 114 397 207 366 586 73 185 931 530 85 473 989 831 727 521 686 287 365 127 562 983 255 699 397 738 564 399 939 247 70 694 863 737 938 681 44 540 174 538 688 542 900 793 474 754 441 419 756 172 599 808 425 378 954 335 125 897 248 0 638 179 294 802 214 271 4 388 21 815 381 62 183 231 486 361 661 573 99 762 15 110 193 270 222 589 231 291 19 956 527 327 62 919 143 522 478 868 554 836 638 139 730 620 913 60 91 821 999 50 78 461 436 619 729 570 970 212 616 368 840 273 723 82 441 435 689 124 921 422 169 753 984 715 56 138 898 631 115 98 537 819 505 867 33 576 610 118 923 976 357 589 233 841 681 954 20 136 591 911 549 351 551 821 273 588 547 451 947 821 576 388 477 512 169 581 287 765 493 621 570 123 732 701 510 665 861 921 355 677 401 433 545 640 14 948 768 227 973 218 196 856 695 540 62 693 436 835 423 354 770 764 135 377 822 858 912 841 838 510 722 501 649 547 235 674 892 972 808 700 247 141 824 622 306 652 809 798 107 395 515 902 971 393 185 381 609 738 50 20 47 726 193 253 163 952 33 173 684 54 395 972 970 723 628 916
932 5
723 959 217 44 723 785 366 41 724 35 323 707 479 512 474 991 187 645 706 228 904 541 257 311 896 427 253 734 270 986 120 910 44 432 308 698 397 52 381 239 222 238 1 802 131 456 404 136 285 825 260 251 406 749 421 788 63 474 419 640 310 859 615 778 349 926 690 105 86 775 248 89 271 544 689 378 54 719 243 840 816 716 146 471 207 62 182 529 35 624 720 827 428 392 864 537 548 792 493 182 328 840 186 389 401 831 672 429 545 783 804 847 257 672 799 257 232 396 28 815 665 953 465 3 385 40 146 922 823 788 352 149 240 343 874 561 479 50 24 733 635 732 993 807 583 502 673 241 865 752 751 548 883 77 351 302 624 31 357 104 490 414 632 938 980 558 667 407 13 843 789 799 556 218 376 238 476 222 754 63 384 487 289 599 208 108 639 710 560 441 763 23 787 785 364 326 981 776 172 254 97 443 275 626 718 142 618 363 885 166 71 432 839 577 975 211 371 159 274 150 919 658 576 990 435 134 294 924 696 856 927 873 553 792 643 447 410 524 964 990 874 781 797 332 965 224 1000 633 524 963 815 362 157 797 413 75 282 349 682 223 861 263 15 587 278 180 8 609 526 888 220 471 610 524 229 671 517 589 507 618 848 97 437 336 863 924 237 85 108 894 132 926 226 330 14 3 490 666 60 127 499 453 73 316 814 225 320 415 612 912 909 535 804 305 29 782 562 894 797 424 487 937 696 643 434 585 906 87 248 411 689 755 877 479 349 610 544 738 795 131 178 385 833 348 772 40 910 797 233 997 754 267 330 8 998 344 906 36 383 870 732 627 324 201 393 20 298 617 907 440 900 82 610 113 848 336 857 154 422 395 945 187 516 147 279 458 474 957 18 286 149 656 823 582 139 451 717 366 20 141 771 112 341 436 591 529 799 496 997 586 731 707 515 37 414 959 713 117 537 456 764 976 620 376 287 160 751 324 947 61 345 492 121 532 78 430 771 191 920 686 838 336 957 420 19 296 894 31 594 445 179 137 538 131 106 610 436 365 918 0 509 23 627 690 99 431 517 883 296 624 119 893 113 393 205 26 833 459 220 699 845 756 192 149 280 535 675 871 264 661 212 343 798 796 647 182 858 675 876 143 436 121 621 162 595 282 945 34 837 171 197 298 435 72 730 544 433 102 912 150 526 107 360 74 499 525 313 389 287 624 309 807 43 994 239 431 310 471 99 690 305 689 757 428 601 226 930 53 777 764 305 130 154 76 657 643 99 820 951 100 843 942 952 955 804 760 746 49 801 15 995 121 381 462 160 336 574 22 740 474 577 299 359 273 645 38 379 993 307 163 170 513 255 11 809 847 133 583 732 205 67 328 345 999 467 820 486 412 775 245 291 429 966 273 227 433 677 776 94 566 380 579 112 805 220 20 797 618 909 951 842 332 812 805 409 67 824 927 923 903 809 48 653 616 387 954 637 993 800 989 982 672 226 963 518 290 454 910 738 611 394 193 969 742 630 745 990 807 922 469 125 241 643 935 701 424 148 349 185 199 207 78 145 509 111 582 284 215 270 866 695 44 749 322 332 349 445 999 115 744 695 717 103 545 825 572 97 807 139 464 34 908 599 606 689 186 699 611 938 487 365 958 750 65 820 259 322 473 682 260 718 336 827 757 894 792 352 935 337 968 395 528 198 707 463 80 585 365 66 100 505 769 951 226 232 725 487 798 359 786 14 405 81 646 452 562 333 646 354 816 258 152 519 340 701 548 109 895 754 409 910 250 890 553 926 594 160 172 844 18 470 815 89 932 434 502 585 467 252 484 950 847 536 470 245 80 58 559 436 21 544 122 434 303 379 699 591 783 419 809 400 732 814 281 6 74 783 684 27 414 122 503 657 987 913 357 469 613 744 885 825 708 483 521 43 436 900 898 378 69 202 925 662 304 24 207 947 403 514 60 211 256 857 326 20 278 371 510 315 352 909 974 308 605 260 175 123 608 607 97 116 836 156 94 966 815 225 750 246 99 689 891 402 275 554 563 749 254 307 314 969 911 884 976 178 642 32 971 516 294 385 368 571 79 660 866 295 96 152 796 20 451 416 217 508 989 645 564 628 913 855 549
160 0
836 24 621 47 658 756 593 573 661 455 420 595 785 756 399 209 79 881 127 164 870 752 465 598 464 745 336 236 821 364 833 784 524 890 135 47 786 765 663 577 947 524 216 32 56 573 684 215 442 850 897 395 250 845 430 296 310 174 604 303 533 934 835 348 155 831 268 814 155 20 652 683 568 262 410 405 53 866 459 35 699 48 573 867 599 88 36 667 511 59 818 327 104 937 875 528 525 519 821 955 769 283 330 184 394 746 112 390 384 84 881 679 140 720 727 768 667 582 216 994 145 127 982 8 676 612 367 764 201 525 713 337 442 687 952 879 275 526 863 419 256 124 135 397 201 696 848 986 117 451 824 1000 160 168 652 323 259 166 907 499
221 5
937 378 559 193 908 558 724 246 246 868 812 343 543 509 335 518 631 118 898 446 589 638 304 663 865 382 201 716 733 889 977 559 449 582 642 564 678 287 441 470 376 304 521 348 200 932 141 48 375 491 763 731 381 307 819 227 853 480 921 858 368 597 926 498 934 581 575 186 243 885 399 300 238 849 884 281 779 845 427 74 690 814 28 828 168 250 144 150 6 740 598 1 591 943 524 107 843 908 299 769 602 904 117 679 777 366 692 902 676 529 174 642 11 644 276 492 959 365 929 555 256 553 908 161 96 44 809 554 472 49 439 40 357 956 389 553 316 710 60 66 341 635 147 216 412 235 604 165 690 602 828 736 483 413 732 586 134 193 551 98 2 929 907 374 183 589 840 854 7 590 384 754 925 423 433 943 871 664 329 62 219 695 620 724 224 55 744 723 65 359 36 110 960 126 683 743 363 640 225 693 253 795 740 810 446 901 96 480 870 287 256 228 420 152 305 512 759 247 824 452 532
969 2
192 648 593 854 959 695 367 464 560 611 175 766 976 538 245 334 536 188 129 591 216 119 225 914 234 174 585 773 84 923 140 638 387 59 593 808 739 392 708 602 2 429 880 403 205 783 967 621 36 960 261 728 264 682 677 329 386 155 902 274 208 676 955 120 700 653 392 231 750 89 338 607 790 735 510 34 369 109 702 753 417 145 363 152 951 181 660 447 145 411 797 582 642 975 957 997 478 615 614 795 592 728 862 648 435 908 676 168 382 694 718 434 986 171 307 337 3 211 941 816 269 518 79 837 736 266 211 901 144 978 295 405 5 435 266 791 716 40 129 34 100 473 820 680 528 7 775 105 504 277 167 637 35 996 956 194 359 312 731 692 839 628 147 266 637 12 700 18 34 444 842 962 561 62 147 877 991 717 990 623 68 947 996 54 186 572 261 560 943 96 102 556 872 642 205 726 652 269 748 667 679 970 216 287 919 973 446 871 302 48 73 698 514 928 894 645 894 790 363 753 53 991 77 956 104 598 247 425 275 600 927 983 107 954 989 392 705 580 449 880 945 384 126 496 500 871 287 407 686 724 231 459 886 640 72 974 689 271 194 73 709 776 170 178 234 761 828 967 954 523 550 355 192 604 568 888 582 944 652 0 146 767 638 687 903 938 921 863 910 459 645 849 987 805 119 547 200 764 748 569 960 223 10 129 564 30 440 703 258 909 480 190 415 589 842 946 558 73 24 559 592 861 793 449 557 370 762 802 908 803 794 185 296 706 260 737 528 573 268 754 640 963 407 654 361 957 801 81 291 802 648 434 214 753 586 374 547 108 83 673 742 888 344 291 75 628 376 123 53 282 772 44 205 306 139 439 750 888 15 105 845 791 412 930 296 480 311 655 778 183 227 37 65 304 76 828 382 894 268 933 388 453 747 221 576 671 798 900 203 235 430 952 622 162 41 744 543 608 981 167 456 899 360 183 224 456 435 158 387 567 741 188 710 42 86 833 782 25 851 607 726 189 163 939 405 849 910 9 742 723 248 963 312 157 475 645 695 307 744 898 120 309 575 680 99 352 77 763 710 753 561 164 425 987 915 242 871 609 216 384 306 803 668 353 253 918 471 742 43 723 923 927 856 839 624 581 193 540 126 44 701 464 686 680 135 818 203 251 808 985 57 91 573 552 684 736 900 77 169 835 790 569 968 785 158 935 95 827 716 210 1 349 918 955 39 514 206 518 674 457 721 39 347 22 267 758 161 183 491 404 898 695 194 821 856 709 496 745 585 388 361 849 994 705 767 672 667 647 2 554 123 542 894 11 776 134 241 409 960 543 918 972 520 68 212 853 21 743 674 273 225 492 837 875 519 95 953 49 8 596 216 628 674 323 539 816 894 847 830 877 152 513 447 232 179 892 813 640 779 493 936 482 22 592 56 767 727 122 683 999 546 164 982 804 857 615 649 269 191 771 219 667 584 805 919 696 197 311 925 234 214 943 616 752 916 542 375 782 521 11 850 100 908 660 699 594 339 622 710 555 768 25 485 542 97 526 453 80 49 809 735 277 501 918 902 55 35 985 448 958 779 158 103 82 917 612 715 820 631 186 951 308 42 456 715 372 699 546 716 329 513 122 535 663 859 444 409 703 384 847 578 337 804 640 689 859 402 348 242 426 584 239 766 786 491 860 260 677 373 459 369 434 21 789 217 658 924 155 141 947 852 720 9 359 386 177 999 766 165 919 250 645 967 735 684 88 14 489 917 910 536 992 494 598 717 526 972 255 597 975 515 80 580 266 509 708 453 964 477 859 680 372 315 656 290 554 20 397 110 758 300 789 363 514 76 950 818 786 574 288 507 561 652 861 164 167 941 229 934 96 644 238 98 441 931 250 734 599 318 916 329 966 485 869 748 936 488 914 553 360 777 607 772 392 390 537 532 816 581 630 5 97 76 972 930 308 769 499 284 263 127 299 678 897 919 844 458 503 162 772 49 963 358 232 615 348 751 618 638 518 168 259 170 968 317 289 440 726 21 508 320 685 468 242 517 472 527 601 928 926 453 976 581 314 576 901 826 889 487 536 723 441 760 490 524 554 996 678 699 985 941 950 938 344 798 277 342 368 356 845 77 559 544 602 194 62 119 80 493 513 290 598 604 686 622 890 279 846 981 827 886 75 346 968 128 840 882 857 734 843 187 670 528 629 354 276 976 733 768
986 3
279 402 120 58 885 316 830 72 589 529 395 837 766 655 63 149 691 209 588 818 369 123 808 843 109 417 43 901 926 896 33 795 648 738 939 706 434 776 273 455 509 622 211 617 678 23 108 938 173 484 363 986 253 764 201 661 241 756 756 290 651 122 455 759 276 429 688 953 241 818 439 609 586 41 624 649 389 143 114 750 141 719 967 866 727 862 878 919 707 470 914 206 921 29 474 513 701 240 715 52 913 541 730 531 93 764 324 226 639 474 521 787 148 897 720 124 934 533 694 949 937 722 235 657 495 470 21 370 586 774 815 162 635 197 988 951 483 585 324 391 716 243 323 929 43 977 653 24 811 158 332 437 298 489 247 739 342 159 129 896 480 914 295 355 740 784 381 522 928 577 534 838 982 534 303 971 704 300 678 384 363 931 878 361 443 780 798 641 96 674 725 425 339 826 325 927 119 776 641 587 207 449 86 585 261 66 233 597 183 925 287 7 294 0 927 323 650 849 675 8 292 257 300 749 117 743 220 878 590 997 178 193 372 791 858 889 398 939 822 247 995 488 920 812 867 132 445 620 389 459 879 584 210 744 476 23 907 233 440 479 67 62 644 757 660 797 574 469 713 591 593 101 570 925 579 388 236 40 273 558 891 184 783 973 739 753 978 347 328 116 305 159 66 755 7 521 296 540 8 403 973 322 694 341 878 91 950 243 63 996 630 118 495 273 565 684 833 310 563 945 144 775 610 234 270 847 136 870 215 993 948 332 923 872 62 485 471 108 964 852 102 905 396 719 673 136 574 357 156 635 159 264 968 207 638 593 381 190 161 195 748 122 965 688 823 518 831 873 434 332 978 336 644 951 928 906 536 201 60 970 998 23 38 78 251 610 871 312 201 927 165 792 181 2 436 928 799 917 124 31 841 939 596 820 284 467 730 263 68 280 160 515 300 939 750 473 167 143 850 639 424 47 563 122 815 482 264 393 232 279 561 665 875 415 368 41 877 592 848 68 29 849 412 607 641 86 210 441 196 309 487 740 686 38 118 500 544 987 236 906 278 633 951 462 610 741 665 359 716 990 570 503 326 251 776 143 870 911 547 890 958 960 94 460 87 225 294 582 38 931 74 1 438 651 372 736 826 679 715 784 12 857 278 573 758 471 682 337 512 53 743 308 437 709 710 173 82 951 764 926 31 817 917 347 63 308 169 237 210 580 522 616 407 242 276 365 23 930 85 139 707 525 715 751 583 645 107 37 794 632 865 206 494 914 564 207 124 984 168 141 971 15 972 398 670 190 38 133 500 472 942 498 794 840 180 956 387 797 356 776 770 110 198 946 594 504 489 127 692 640 297 859 4 273 991 557 696 244 584 47 86 6 564 969 941 447 425 531 28 460 18 708 907 956 326 504 143 749 256 360 571 758 693 806 640 787 637 411 293 766 761 469 281 753 511 940 613 708 545 228 545 949 214 355 81 459 506 683 828 597 410 692 716 246 966 467 236 465 13 675 424 366 895 970 722 872 381 666 884 32 416 807 952 606 883 57 731 431 746 228 997 829 11 333 419 860 594 271 28 19 368 46 883 854 902 666 939 100 988 452 152 311 944 334 668 494 36 332 870 276 508 300 34 913 906 838 539 137 201 460 970 74 472 776 812 150 149 530 355 365 798 291 919 843 312 686 246 650 563 629 234 77 798 36 990 115 785 837 383 618 874 481 855 356 844 566 921 878 458 367 258 900 896 707 468 415 781 718 490 736 7 1000 501 344 920 898 531 634 22 983 541 66 761 526 304 596 990 119 487 922 677 483 258 139 525 8 748 243 45 332 303 288 604 835 363 21 837 174 370 621 996 265 435 353 253 641 945 90 980 141 832 201 338 598 179 350 252 407 623 268 309 705 83 232 484 390 133 71 101 180 814 774 251 641 846 685 356 909 24 912 646 806 905 441 579 731 9 449 141 409 40 98 38 284 464 68 283 344 868 36 674 737 972 237 352 86 904 45 679 763 289 381 526 60 507 210 594 732 995 479 198 424 534 148 525 188 471 28 102 92 487 279 156 125 662 345 305 226 295 286 378 695 654 268 6 31 313 599 594 238 922 312 845 438 153 933 100 888 573 550 633 909 347 352 685 178 410 645 803 44 873 419 717 915 805 260 856 257 430 390 544 734 143 91 874 275 783 230 434 769 199 851 445 885 564 231 781 132 557 83 712 846 441 986 569 128 448 777 326 455 200 410 129 1 422 124
280 8
82 804 473 2 576 602 366 565 533 968 945 862 582 521 773 240 727 977 293 431 479 528 251 815 934 268 527 796 665 312 334 256 577 810 852 997 953 168 396 45 675 352 951 649 447 220 953 715 506 642 59 212 604 525 135 855 906 758 982 908 738 16 472 94 457 934 746 277 695 51 596 372 562 825 318 473 320 397 164 183 22 740 467 684 104 880 241 535 37 131 809 838 823 320 551 603 461 215 810 495 932 426 223 942 701 137 576 767 253 350 451 853 736 716 405 271 665 33 984 238 53 948 590 653 878 169 875 445 130 35 38 797 547 535 287 470 194 117 710 593 685 902 396 620 670 20 761 147 527 193 7 583 77 128 499 620 124 800 460 468 704 712 798 895 750 784 936 812 54 731 204 999 264 565 894 316 858 224 524 102 941 112 646 121 139 752 83 339 137 153 277 57 535 549 4 418 69 950 764 450 880 364 270 474 769 953 396 419 296 454 117 886 582 707 862 62 493 474 174 23 884 29 614 891 977 79 477 51 14 551 53 658 299 210 980 909 208 902 316 484 739 934 165 756 379 435 969 46 639 858 901 445 269 986 240 276 889 631 880 646 737 951 9 44 0 634 789 585 282 358 297 217 169 774 834 599 781 717 95 714
486 5
35 192 142 830 531 402 701 164 542 88 2 390 956 476 252 33 48 286 913 469 348 309 898 736 381 42 749 585 233 329 780 82 544 434 11 301 839 828 367 15 489 506 726 548 813 977 983 60 926 668 371 898 872 374 722 131 328 408 831 817 478 760 459 6 0 889 433 869 585 849 193 562 905 184 325 881 327 16 727 416 935 481 919 455 263 333 896 629 753 284 991 53 826 423 50 803 850 932 582 440 974 769 226 472 173 490 132 14 765 761 640 463 781 451 338 786 43 505 610 682 795 378 804 732 123 705 688 491 471 882 836 653 849 52 897 343 709 131 523 949 153 132 604 997 249 429 142 740 563 123 419 521 736 853 707 540 480 503 166 908 121 487 945 689 505 957 312 314 156 764 597 217 528 355 9 711 586 815 752 948 54 508 526 10 762 435 282 487 42 921 817 355 912 0 433 335 914 19 840 115 373 984 989 706 780 449 864 149 763 815 313 974 125 445 614 55 521 31 242 44 353 781 355 273 540 534 949 984 52 180 501 894 537 27 790 360 695 479 848 636 600 857 367 229 310 945 40 8 368 488 341 475 746 202 499 846 875 675 858 798 649 609 716 744 826 127 931 989 949 372 320 432 835 188 850 461 874 498 77 501 75 769 461 589 923 397 283 239 673 222 919 393 456 708 283 514 906 413 128 362 48 883 977 538 892 602 686 968 192 234 359 216 579 497 465 80 934 430 475 761 456 26 288 492 843 52 956 41 796 169 43 639 66 321 525 388 775 528 649 110 965 497 631 122 895 383 93 534 658 562 118 664 533 139 133 620 206 262 499 915 279 159 274 686 700 480 191 586 381 775 321 440 926 904 156 985 652 736 331 770 511 623 115 852 718 596 729 740 722 687 521 689 988 841 483 545 979 994 112 343 570 258 908 703 164 324 345 932 895 834 599 84 196 159 978 820 689 196 268 316 79 66 404 405 456 540 363 826 54 95 357 572 900 368 928 193 701 797 902 615 18 962 12 949 947 405 902 317 766 50 956 102 225 608 653 45 480 529 670 549 611 71 779 953 489 641 182 435 193 260 760 385 332 628 318 569 523 259 187 920 422 257 220 400 634 206
61 6
598 706 997 140 17 982 20 567 763 237 958 157 664 691 899 753 75 714 563 42 602 99 745 295 528 884 993 566 881 885 321 829 314 924 422 640 377 677 250 939 53 283 630 843 272 232 146 233 495 548 778 163 886 604 683 757 127 44 493 681 104
31 5
324 423 528 211 588 611 336 863 532 863 562 677 826 701 199 2 443 188 337 986 901 334 786 999 979 567 502 559 589 965 566
1000 0
524 830 401 352 212 645 970 43 20 840 254 313 759 442 113 876 972 554 443 903 743 314 304 97 270 468 428 27 223 395 990 542 918 728 418 496 816 53 513 688 487 237 584 649 662 819 484 911 916 474 451 714 899 407 469 939 151 962 258 60 529 652 262 612 469 133 656 608 561 185 663 20 340 441 892 287 787 913 895 825 968 467 18 338 486 326 422 835 100 890 417 288 352 293 449 901 423 255 511 911 602 258 47 103 450 740 349 647 943 176 747 120 161 886 825 336 97 681 354 417 621 665 853 227 350 383 370 671 266 627 648 402 61 635 208 637 19 30 47 921 639 432 696 502 599 985 598 600 838 246 969 405 459 46 877 241 424 455 577 953 189 78 747 168 932 790 43 798 97 156 752 409 953 475 33 293 315 949 900 801 310 74 406 299 670 879 934 41 777 390 80 525 227 945 367 798 921 65 749 242 161 465 332 983 770 736 163 940 950 517 26 395 306 318 416 523 617 734 385 941 349 225 836 396 184 544 399 60 321 604 310 919 969 894 67 249 724 478 888 228 970 51 537 946 518 891 445 794 546 477 150 597 860 278 196 462 396 481 573 814 957 633 122 683 656 943 771 320 598 310 705 924 626 679 731 644 862 588 950 375 701 849 791 815 445 236 137 448 150 290 895 152 108 768 540 130 178 540 716 974 993 65 350 152 188 719 991 381 88 541 950 787 718 966 433 843 385 244 183 567 744 164 37 942 234 192 758 3 659 818 910 526 174 689 979 322 554 268 830 562 770 868 8 199 654 103 135 363 401 824 663 814 807 889 458 898 236 811 740 39 298 657 478 514 570 403 9 741 716 586 534 116 131 827 328 86 927 21 551 472 518 753 700 859 467 98 334 943 467 941 69 609 362 749 752 982 872 818 440 680 928 775 660 968 14 907 652 788 758 411 462 582 151 367 942 822 135 269 516 30 817 776 573 202 41 632 11 810 243 78 874 399 113 755 635 909 646 102 508 183 409 119 821 596 665 23 265 27 331 688 604 213 58 482 559 760 237 261 937 523 446 880 243 395 380 905 554 240 679 492 886 236 470 811 997 883 854 490 149 955 146 914 840 437 7 699 535 322 296 940 673 352 734 274 809 376 229 845 45 460 202 439 961 551 484 510 960 231 102 153 17 191 346 842 61 482 33 79 122 727 486 117 440 629 616 862 784 705 483 759 980 814 465 1000 332 826 451 5 854 257 168 620 481 610 58 925 15 885 131 393 715 487 317 975 385 694 708 102 170 979 628 463 923 339 454 923 881 188 463 965 18 876 422 727 176 554 40 613 899 404 727 349 889 860 452 32 578 908 376 964 768 43 196 354 669 422 206 366 418 237 745 334 173 6 767 356 58 455 128 100 140 380 345 992 419 665 685 910 730 999 762 627 233 184 967 601 914 494 749 105 799 694 801 455 845 319 666 56 765 527 928 756 316 203 225 963 684 589 687 842 304 944 265 340 836 81 245 704 55 187 375 346 886 230 509 377 590 426 443 357 87 89 480 575 382 197 362 21 506 810 170 407 465 434 515 694 991 495 726 723 781 878 895 317 499 726 196 34 85 727 569 228 563 71 650 265 986 609 476 63 985 92 577 997 571 657 469 394 273 211 465 346 68 649 841 343 448 473 17 400 308 555 861 198 255 420 619 329 176 328 36 743 404 258 803 567 946 697 907 189 158 789 597 948 742 859 903 476 690 975 59 659 462 663 191 747 396 564 95 972 161 996 280 409 611 381 492 16 79 935 279 183 853 435 855 50 914 222 196 605 508 29 308 236 45 38 559 832 124 458 285 259 82 686 129 757 795 161 997 6 502 143 981 330 471 177 325 778 232 803 633 504 483 193 403 152 874 453 713 646 455 545 651 641 48 371 688 619 942 132 429 600 118 995 884 856 644 868 644 786 887 5 570 436 610 167 685 468 402 996 117 691 318 620 951 656 89 269 425 709 703 95 582 622 653 691 41 611 756 9 832 738 649 166 185 314 369 333 938 887 649 865 19 119 216 354 388 746 253 170 754 793 647 690 113 285 707 350 81 790 756 172 398 687 143 705 336 382 887 330 779 911 268 266 875 990 89 5 741 793 638 335 172 987 872 138 372 990 2 888 408 886 110 426 284 840 951 684 240 168 956 836 3 619 947 593 776 669 819 0 150 322 16 1000 991 478 749 907 874 12 156 721 500 65 878 309 50 266 293 510 371 781 573 938 85 888 115 202 61 387 373 565 177 230 460 106 668 879 762 710
812 2
826 714 791 93 434 483 238 287 110 756 760 193 783 794 861 314 598 668 546 787 284 238 331 285 502 234 630 429 338 56 305 395 536 435 181 555 528 274 580 331 126 895 783 512 552 358 861 402 372 397 371 606 354 1000 919 630 720 203 811 387 880 962 378 191 15 788 157 912 460 91 178 176 757 544 427 590 301 390 369 610 129 848 335 273 729 365 575 119 593 652 126 622 984 54 579 505 403 377 478 628 793 148 523 966 184 900 67 245 834 855 61 785 407 83 462 757 784 181 433 452 634 599 492 449 780 114 879 254 550 197 566 212 273 773 124 536 273 897 814 521 862 594 798 802 96 569 242 425 373 348 833 788 860 402 474 295 830 193 414 319 615 583 584 653 95 241 574 606 422 729 739 165 496 324 780 604 300 377 43 151 706 238 411 868 54 456 217 132 901 227 427 839 333 35 580 440 65 46 103 879 799 636 4 578 389 472 703 655 448 751 499 105 715 169 335 597 713 687 49 746 540 287 632 444 979 158 119 936 750 420 149 476 986 246 860 796 54 559 327 743 408 705 236 396 552 418 827 436 278 177 146 612 379 399 190 528 856 885 989 318 688 722 577 514 349 819 100 157 1000 517 500 131 564 674 104 353 606 507 343 270 82 618 595 929 310 881 194 961 126 371 540 473 385 348 618 669 200 673 420 996 47 144 388 712 954 669 173 889 878 30 806 406 500 166 902 751 472 242 753 396 929 733 284 249 162 85 74 766 392 951 485 695 135 889 136 204 770 383 272 966 586 705 555 691 668 68 441 213 506 26 562 664 648 815 261 752 273 788 209 72 98 328 268 909 35 754 236 337 204 54 866 47 213 466 928 606 660 867 864 265 124 424 779 164 228 411 645 343 56 450 160 758 152 866 388 77 625 492 652 528 416 855 754 417 529 123 876 848 282 498 195 986 173 909 66 313 616 131 493 390 631 828 767 341 473 46 630 126 188 375 25 13 520 541 332 469 98 649 299 592 585 395 344 834 21 730 271 758 294 593 125 914 961 302 92 679 516 904 721 866 618 576 445 338 207 56 627 979 830 518 668 648 108 48 122 998 448 799 474 792 831 372 896 324 646 497 653 47 273 359 274 339 986 668 698 812 997 105 658 349 889 234 874 765 444 275 729 334 740 153 876 189 212 974 27 599 119 913 134 845 580 923 709 618 242 11 647 647 783 518 994 280 853 546 602 608 932 812 340 454 264 907 411 6 479 612 71 534 192 556 137 379 190 938 501 292 641 986 688 215 664 57 923 88 510 982 934 17 187 18 331 641 231 452 488 340 396 470 458 894 380 174 132 334 802 495 650 78 793 481 784 403 4 159 423 642 891 516 322 902 175 982 932 50 885 14 167 869 850 489 301 613 804 531 364 688 709 199 358 403 390 519 841 734 592 387 765 33 531 224 75 463 643 608 720 237 493 148 409 680 503 256 51 342 809 799 965 483 475 584 986 296 502 581 777 74 373 583 311 777 32 700 650 444 298 404 922 841 573 656 85 24 507 890 471 796 207 844 696 949 137 943 225 870 119 361 152 446 362 387 280 767 331 936 247 108 278 969 98 893 418 258 502 76 634 226 194 448 47 758 611 582 345 807 990 268 29 267 664 19 275 799 328 158 996 791 589 391 317 693 696 213 501 576 373 561 742 840 119 128 219 182 316 672 445 145 381 738 389 663 130 137 637 191 313 189 478 756 434 168 18 402 223 717 899 331 321 245 714 11 766 805 715 554 713 730 687 553 441 275 850 496 197 597 571 762 453 33 154 214 370 744 296 780 394 854 453 845 331 859 752 328 442 821 294 737 512 925 248 332 360 831
112 2
173 574 579 788 433 343 513 47 439 595 898 5 321 365 422 122 38 852 473 532 693 813 348 79 888 418 625 625 228 531 446 762 15 59 164 188 3 359 795 911 727 366 683 244 980 446 110 489 887 579 898 91 983 890 462 43 674 31 517 535 387 603 492 924 286 809 225 837 702 998 453 911 605 830 757 330 740 229 773 254 741 272 239 985 540 234 664 581 8 872 590 981 642 228 635 464 561 546 99 114 195 795 815 761 236 498 375 0 749 449 295 127
485 8
3 194 306 718 569 375 794 117 334 825 117 323 156 438 262 395 794 561 854 833 848 678 165 17 804 112 657 597 757 511 172 654 60 524 590 29 260 643 272 288 381 97 419 196 548 41 662 583 581 11 133 624 450 915 176 404 471 456 299 580 650 704 915 206 724 929 543 412 606 824 614 524 27 605 143 633 18 526 75 536 324 21 13 435 488 394 175 633 113 561 336 782 888 507 550 800 350 472 891 552 458 4 32 348 709 95 622 338 615 300 13 421 475 0 376 810 434 270 31 16 966 203 661 248 807 822 801 361 647 803 314 38 238 269 665 668 826 561 134 483 547 15 848 130 135 79 655 455 386 192 602 236 559 854 969 313 394 644 205 801 382 653 401 78 540 951 606 720 1000 326 171 402 201 150 418 336 465 902 232 370 322 79 223 518 648 935 956 51 429 642 279 808 452 397 808 691 759 225 935 856 865 487 728 972 513 376 259 351 781 155 454 711 358 277 312 61 688 254 909 951 231 236 747 894 133 683 852 495 339 784 171 692 611 22 199 645 416 691 319 278 234 645 194 763 732 392 37 750 334 851 400 317 984 733 893 815 320 910 146 965 354 274 919 314 208 236 845 939 267 655 542 526 801 553 406 864 463 679 266 181 677 947 977 749 523 947 714 731 679 268 198 519 213 508 143 609 360 988 986 456 491 599 477 714 515 647 139 807 215 895 379 47 466 428 290 985 480 28 374 408 563 312 614 435 883 245 722 594 797 377 440 302 735 261 818 359 801 533 133 615 428 69 96 604 75 436 929 181 219 433 802 411 918 169 227 933 823 873 762 732 264 271 37 715 264 106 908 483 464 255 353 141 361 59 804 317 962 672 295 652 70 995 608 178 975 246 75 636 331 954 408 977 97 587 931 355 409 71 978 362 928 786 600 392 428 132 862 332 0 496 960 258 517 102 109 324 158 861 45 976 417 552 164 584 586 731 626 286 766 320 203 374 860 244 334 895 41 862 701 364 673 33 818 171 124 686 287 420 588 294 916 718 985 232 428 719 805 867 344 85 396 347 929 824 666 701 564 854 604 557 703 256 473 675 753 492 448 134 748 741 907 149 101 569 453
147 7
405 64 700 505 347 515 429 528 907 161 694 553 983 848 692 33 781 197 385 270 188 761 269 362 557 510 57 297 976 590 67 94 940 705 828 861 678 352 458 526 326 939 367 205 237 509 999 302 949 134 470 868 499 839 852 152 315 553 66 338 180 225 415 154 940 86 148 511 846 458 576 17 222 319 757 880 431 373 521 131 536 290 936 899 704 823 333 985 227 444 8 810 939 858 101 879 42 506 635 598 734 680 640 889 251 544 876 865 39 338 156 785 338 365 838 912 975 548 474 637 102 460 122 898 644 259 689 814 770 839 290 38 1 50 806 621 388 817 37 878 287 232 568 314 379 850 241
823 4
384 123 882 266 627 231 521 112 40 241 678 923 793 424 924 218 138 395 821 993 339 995 470 837 989 355 247 738 12 220 293 275 402 538 498 811 825 251 743 916 667 199 613 551 603 312 856 146 615 439 351 549 399 426 263 639 596 642 0 133 125 989 661 192 296 211 679 293 724 808 586 941 759 122 650 994 173 655 76 474 240 44 693 837 56 900 12 855 88 593 424 99 653 29 659 334 541 391 449 946 691 510 935 137 944 987 778 723 858 952 510 472 226 384 128 878 454 194 133 390 857 589 987 923 234 779 876 281 432 275 109 105 473 554 134 127 611 92 363 106 369 145 712 918 624 57 312 980 721 99 268 513 99 563 565 635 427 390 62 413 457 957 676 572 998 985 147 229 352 355 825 762 717 118 536 448 709 343 753 470 520 869 280 375 235 874 585 20 348 900 245 587 481 949 188 765 920 312 428 802 266 141 205 878 756 118 421 668 859 854 983 485 795 266 97 287 770 489 212 945 526 877 553 119 23 786 828 884 947 224 238 108 1000 72 842 266 636 518 606 520 474 40 946 665 432 818 312 497 38 130 562 411 404 393 428 105 45 613 648 258 538 433 56 691 796 820 664 487 938 236 338 391 153 850 403 529 819 405 836 587 674 805 399 151 945 230 36 86 676 678 861 938 366 584 922 585 325 403 838 869 616 978 958 762 553 771 258 799 283 884 782 966 120 708 338 168 504 253 815 340 863 177 337 362 207 634 366 31 611 291 239 786 422 354 59 868 633 10 830 5 205 355 135 530 772 160 81 94 444 500 806 441 186 620 377 296 541 901 98 118 870 915 656 272 394 822 940 673 639 30 195 897 935 892 438 240 2 132 843 560 926 574 485 244 576 776 267 642 61 426 824 789 586 165 145 984 365 959 0 434 135 364 616 741 474 871 223 967 399 145 913 149 310 742 572 579 96 307 869 597 300 970 953 743 956 161 317 63 977 988 563 784 834 407 517 215 584 543 850 354 90 670 928 967 460 997 998 910 684 724 685 416 277 195 550 416 238 961 935 729 288 722 202 740 24 428 657 482 399 386 935 442 615 572 690 250 363 792 794 687 354 19 742 978 529 223 186 173 552 923 793 476 670 99 31 120 46 362 514 347 254 470 341 213 110 152 631 948 75 440 600 240 483 248 583 582 747 272 493 125 346 191 118 613 615 953 149 163 842 290 857 342 760 971 789 27 747 780 908 927 227 451 976 996 2 555 828 884 646 618 701 547 789 455 568 701 687 462 966 624 507 360 331 253 934 703 858 261 647 361 195 445 0 755 454 474 507 683 496 220 553 323 640 825 294 161 960 665 864 666 37 510 316 269 716 100 880 729 240 790 893 372 301 855 974 159 535 457 498 661 39 826 304 81 117 214 129 988 425 209 833 753 264 727 242 842 748 643 742 293 997 821 4 453 450 872 363 445 3 176 701 355 221 833 278 856 116 561 566 3 416 736 639 32 14 163 421 295 916 17 460 405 989 902 652 56 556 598 99 475 821 499 114 469 748 156 349 749 952 352 25 371 608 334 513 674 474 306 780 223 286 776 456 141 414 705 455 517 364 65 441 863 165 174 977 563 181 576 114 558 180 153 694 401 976 217 149 773 685 882 386 799 402 600 142 784 592 610 183 627 61 210 721 154 699 29 171 922 382 600 974 221 892 472 13 716 74 161 787 393 457 852 679 13 592 815 347 584 547 931 636 788 400 577 96 587 194 749 698 674 811 583 291 150 304 910 297 592 223 473 683 898 316 592 94 792 518 453 803 609 635 288 751 864 723 86 979 206 360 111 330 807 511 843 697 451 274 359 655 508 77 958 858 163 483 405 838 730 133 705 840 349 394
256 3
727 873 433 222 94 112 302 914 20 922 701 608 218 202 448 292 189 718 138 477 321 646 575 370 891 240 445 538 425 216 533 652 791 824 356 262 337 120 650 209 39 90 240 247 976 638 79 958 969 800 728 316 630 742 726 739 849 483 952 884 705 666 451 422 960 961 787 684 649 887 391 103 975 862 927 307 269 793 393 267 842 377 405 792 887 974 32 816 381 368 248 370 850 149 629 593 161 218 0 340 425 637 169 564 562 245 312 364 887 266 601 895 415 838 49 317 47 817 107 1 365 607 663 549 102 953 388 176 837 125 882 521 192 948 18 506 439 887 633 314 257 728 852 71 612 952 231 281 941 309 159 174 66 705 761 92 31 713 296 951 417 506 899 516 725 850 918 548 402 337 763 940 423 245 299 502 14 617 23 560 41 367 595 819 383 265 505 822 128 366 118 831 319 645 826 781 649 338 822 232 373 163 607 112 179 316 910 144 621 763 11 867 477 57 674 517 280 285 112 607 580 939 1000 405 736 330 388 817 512 334 169 171 986 109 455 708 209 599 589 44 419 991 863 545 381 964 367 411 760 806 99 204 274 370 234 787
698 8
400 151 311 369 878 199 387 297 401 660 75 354 699 753 31 874 395 598 678 452 982 50 298 176 60 211 851 43 144 40 214 722 513 417 690 462 291 859 15 580 435 688 539 171 822 720 193 775 896 859 986 79 118 944 932 312 743 869 102 798 811 580 464 98 931 100 273 775 959 239 971 364 534 949 765 187 789 810 816 378 753 154 454 189 909 810 382 715 310 432 581 204 725 314 954 185 348 728 828 856 612 316 617 891 92 991 478 475 797 554 819 71 181 320 625 216 287 271 143 97 999 51 694 984 879 124 870 509 113 846 521 824 90 963 248 298 500 400 589 416 860 891 535 453 763 500 69 111 611 950 280 677 908 948 712 564 946 222 437 570 946 290 713 46 68 21 523 968 736 76 510 721 381 94 342 288 569 303 124 98 387 280 940 55 211 175 468 486 16 641 93 762 584 74 386 995 639 482 859 321 863 844 231 29 696 371 972 206 290 237 765 762 622 325 797 508 419 546 812 864 625 474 114 543 337 189 903 284 592 963 496 660 249 461 611 301 493 58 420 316 302 192 759 948 534 813 796 797 623 796 258 403 50 830 767 447 359 172 680 632 236 55 297 87 212 69 912 912 339 416 857 865 831 338 310 480 972 977 840 255 693 690 214 653 479 192 85 956 749 602 549 651 761 901 731 418 362 919 862 472 242 226 869 308 5 518 536 810 980 872 668 724 236 505 308 107 690 749 766 758 82 667 65 67 94 373 981 817 944 399 183 940 873 400 677 573 750 884 997 684 11 858 101 863 647 472 488 930 774 969 168 51 168 688 633 23 361 882 873 363 388 122 335 713 335 882 963 72 997 683 95 874 272 641 569 447 474 312 558 665 238 337 677 129 590 954 386 859 76 35 347 628 891 439 897 359 897 461 181 712 390 886 938 550 919 911 150 755 55 424 914 259 417 435 614 697 179 119 733 280 692 555 689 776 725 196 966 895 360 57 735 549 438 920 775 801 187 344 249 932 874 167 883 496 82 807 446 806 228 198 167 825 250 964 443 789 9 452 996 307 978 483 145 946 599 860 666 589 267 868 770 167 299 403 933 523 256 70 949 18 754 773 198 306 805 838 670 116 98 89 802 110 882 999 842 941 938 429 772 987 709 689 845 442 182 43 961 182 298 192 135 272 169 91 907 680 353 353 277 635 296 929 595 385 825 664 530 236 760 308 445 995 981 901 729 143 582 107 241 467 666 680 871 424 786 340 668 391 509 256 338 710 753 604 689 210 751 756 208 313 644 832 124 573 158 813 51 374 527 425 267 560 495 947 700 364 276 958 659 269 475 772 439 223 609 130 483 785 257 365 503 403 466 515 905 175 241 22 832 128 995 352 596 875 446 597 95 482 298 351 530 324 884 429 842 713 94 208 312 438 511 252 281 901 306 157 126 856 268 385 161 734 597 950 519 631 386 746 532 460 693 73 682 332 519 193 818 72 375 111 788 246 933 587 270 548 851 508 3 448 912 562 248 521 753 86 808 111 48 327 916 38 876 758 589 127 56 624 996 283 491 218 518 805 3 327 160 793 690 427 701 903 60 189 450 357 37 228
477 4
782 332 653 19 571 123 397 477 751 396 649 621 135 524 469 298 181 345 801 104 188 71 979 849 186 462 428 111 628 71 190 592 830 995 729 3 65 172 349 318 141 802 491 423 814 790 956 888 977 172 287 38 846 974 77 239 587 518 139 863 191 646 743 580 655 78 335 459 840 675 395 524 708 799 186 767 341 122 680 511 148 490 776 135 785 171 502 289 730 850 817 746 709 36 350 143 932 702 893 515 96 924 349 391 855 827 614 368 3 753 360 364 541 186 782 594 496 286 257 703 244 457 351 817 413 134 467 316 105 103 666 567 517 30 561 486 339 465 17 756 279 132 521 963 721 703 680 124 787 842 335 65 895 543 663 3 931 834 779 240 389 563 674 19 289 176 364 501 26 355 617 68 416 739 725 811 982 121 819 408 519 741 781 169 385 360 714 665 749 951 510 897 370 550 747 709 720 53 845 687 12 185 125 606 199 987 897 474 462 355 29 591 599 945 107 903 848 272 351 971 561 723 383 814 10 306 633 627 150 718 166 939 912 230 714 369 640 844 724 457 460 887 604 681 904 918 85 991 831 156 433 104 212 444 296 307 426 379 938 867 695 744 335 859 573 363 458 0 911 215 64 918 544 836 355 109 922 549 289 298 806 172 155 456 429 419 178 169 941 730 94 2 24 997 514 932 998 905 79 665 692 483 325 711 962 608 216 934 69 738 564 667 845 499 147 474 681 620 449 534 622 366 110 140 32 64 610 521 270 266 485 250 993 507 357 235 606 232 666 967 103 507 643 101 467 128 953 328 141 35 313 875 548 328 906 236 779 688 54 290 784 645 152 725 416 692 525 927 693 158 508 936 270 874 525 407 872 878 543 196 131 236 844 615 222 687 190 131 551 278 730 410 380 587 155 588 575 386 122 195 571 675 939 853 467 179 511 836 624 189 630 688 878 355 780 395 173 115 891 877 691 362 456 594 914 939 35 217 920 976 992 316 671 343 341 169 681 491 559 358 660 998 162 534 175 174 654 168 439 876 114 59 608 558 456 156 534 605 36 127 993 815 395 842 472 990 154 837 627 282 184 236 775 368 825 816 995
889 7
550 290 79 907 124 112 836 868 894 796 657 106 47 777 49 168 640 459 297 621 328 16 756 646 633 662 75 333 559 367 112 655 138 759 581 895 439 992 681 149 116 424 692 58 806 598 65 801 207 801 758 172 437 53 734 879 65 171 114 146 732 168 827 718 749 890 488 808 755 974 15 533 712 370 191 151 162 991 787 370 607 376 245 891 534 651 886 98 700 840 878 676 734 968 379 690 413 554 842 279 828 588 916 173 257 899 293 783 228 813 575 479 608 89 672 88 934 798 683 701 307 644 923 300 837 363 778 631 364 944 987 221 587 103 316 958 537 902 369 996 369 231 763 286 54 24 791 815 747 299 972 810 913 711 730 926 879 273 406 679 649 628 135 106 658 702 335 289 284 86 59 899 564 846 185 378 491 235 696 667 222 930 508 340 314 841 678 391 302 776 81 636 373 370 36 651 281 329 791 674 60 180 755 191 59 918 771 372 267 916 344 296 297 661 620 745 36 757 528 582 800 811 815 143 965 44 819 329 757 589 884 76 874 695 471 674 1 251 77 353 263 238 447 873 20 782 258 414 841 690 951 234 184 244 893 150 46 633 348 827 786 849 376 438 532 57 410 341 580 378 801 626 190 19 669 522 912 554 349 712 713 642 502 1000 751 904 412 674 526 502 125 833 450 200 994 585 624 655 163 233 186 817 590 339 684 602 624 695 775 984 297 669 781 271 587 11 804 895 175 445 595 91 925 422 260 34 194 890 963 787 635 87 962 530 639 743 229 661 212 734 335 558 470 173 197 229 728 923 654 839 124 971 564 141 971 448 857 31 901 509 674 46 121 400 169 391 98 608 356 893 92 59 695 54 375 780 212 952 590 937 99 311 924 390 821 687 614 384 338 402 743 621 40 475 538 31 575 351 819 813 158 853 559 740 461 497 893 684 219 881 754 228 610 326 833 868 48 405 899 930 185 486 172 751 597 884 779 294 110 904 343 538 992 263 996 871 124 511 314 740 348 778 746 730 734 352 605 474 51 505 978 830 643 759 153 736 663 834 663 757 412 750 469 843 886 344 296 414 915 80 80 135 320 895 854 750 274 497 257 322 716 715 293 279 497 481 354 354 413 758 718 995 972 559 157 997 363 989 9 448 583 446 339 225 795 130 723 275 73 457 89 670 880 613 502 545 243 937 555 666 721 375 442 196 896 927 646 860 508 507 703 921 652 398 262 956 477 873 517 818 709 185 824 779 106 370 898 690 143 670 718 554 400 402 302 649 840 337 67 875 513 75 994 764 713 917 749 345 708 382 888 782 33 856 237 148 247 558 83 648 97 270 700 666 137 537 451 506 571 481 752 44 617 263 392 72 439 185 102 795 740 317 634 603 653 969 538 816 112 520 182 263 917 102 374 228 255 197 325 744 398 824 605 360 491 682 300 825 49 983 301 97 513 865 116 935 877 659 936 352 308 454 167 228 849 258 317 77 245 825 270 210 2 818 818 255 998 620 235 819 861 425 302 973 387 654 96 430 754 947 68 509 612 694 483 518 935 854 621 234 753 121 40 38 596 827 556 590 641 340 676 640 687 548 631 262 723 374 429 894 960 264 69 843 850 609 187 348 809 466 558 905 285 526 390 697 516 354 650 929 414 753 61 973 865 887 595 812 149 535 689 770 222 463 521 778 587 719 807 732 419 961 807 484 122 94 314 27 628 131 383 924 997 808 329 341 485 549 680 895 980 905 53 273 76 902 210 167 899 218 738 455 375 122 533 998 109 954 8 54 912 104 191 456 632 544 229 252 872 734 942 669 765 289 203 961 597 249 370 519 687 416 729 131 333 969 843 112 616 965 768 301 559 522 480 671 831 59 661 316 270 98 9 25 956 76 571 772 917 113 626 360 309 994 884 853 524 650 233 345 920 544 784 913 137 391 4 355 544 28 373 15 573 93 460 834 391 602 204 745 107 89 260 327 795 750 852 226 902 420 787 113 371 45 129 970 556 137 823 106 329 662 570 243 946 640 640 947 799
171 1
643 402 384 11 584 593 838 795 1 810 219 816 258 120 91 452 174 585 886 313 847 464 36 593 2 746 156 35 792 574 1000 371 639 462 833 172 316 192 260 849 891 80 529 511 97 733 780 999 325 452 183 938 26 436 455 135 127 662 194 150 210 160 562 685 111 149 426 664 961 448 998 711 572 974 810 699 513 310 852 357 419 974 605 985 14 642 572 897 939 666 378 868 849 696 149 372 628 336 836 33 782 830 99 594 890 363 185 924 712 264 415 467 434 5 79 164 237 616 567 297 187 78 492 422 208 788 721 350 581 619 143 201 509 869 663 554 134 467 402 15 479 126 980 279 679 776 830 884 27 400 638 631 56 585 229 542 393 617 134 286 422 297 681 793 592 181 874 228 85 855 838
864 2
803 439 896 790 735 706 934 307 569 368 551 205 436 617 766 337 958 909 77 100 702 251 596 885 273 825 937 80 301 678 69 708 142 526 513 908 915 64 327 908 866 242 671 823 602 961 403 18 347 275 723 990 97 881 475 165 429 894 346 852 189 431 146 619 860 335 191 516 40 370 469 402 734 383 214 283 889 81 78 872 180 998 57 517 269 759 2 102 723 604 693 387 114 910 750 137 196 144 482 154 497 837 980 489 53 430 32 238 714 944 317 278 562 359 156 485 291 656 749 806 50 985 821 391 427 563 658 906 917 449 178 112 652 970 600 406 838 50 288 916 297 846 689 743 477 281 125 78 488 843 470 244 217 23 125 357 452 639 956 165 594 598 996 215 432 55 82 31 526 113 310 933 766 843 599 220 579 756 836 780 565 443 653 891 213 980 453 138 678 501 417 308 867 535 988 377 799 669 458 132 83 540 643 617 674 498 105 642 264 913 818 832 215 985 640 129 506 928 938 377 797 601 284 431 884 625 976 795 461 245 554 978 125 708 591 925 841 63 829 339 91 323 627 180 865 563 444 104 814 494 383 808 485 129 485 479 324 196 622 855 984 893 51 82 933 588 519 560 823 584 620 71 516 313 99 625 835 942 59 871 96 860 542 211 503 771 234 548 654 404 37 755 177 722 460 279 472 831 297 767 795 926 15 391 145 938 811 985 833 514 784 87 952 556 413 690 838 458 898 14 184 857 68 293 935 926 693 785 180 503 38 293 297 4 667 887 374 873 222 502 835 622 775 39 772 509 260 969 965 195 87 608 744 340 686 384 748 5 966 889 581 379 190 164 357 169 292 166 495 394 731 680 686 470 447 311 826 806 999 720 19 743 67 210 340 54 628 142 539 165 101 502 113 937 158 606 258 608 238 370 911 246 891 203 64 558 679 293 510 792 374 612 798 628 254 352 870 495 408 180 245 412 742 366 233 114 967 423 955 57 805 722 539 86 451 965 59 415 410 904 33 390 233 678 172 209 566 39 985 643 799 875 876 503 897 193 702 931 346 595 475 811 749 39 879 861 865 998 580 314 422 764 939 623 778 743 348 878 21 631 957 631 413 926 869 880 517 493 876 612 362 544 413 199 410 520 915 271 547 414 570 196 993 804 769 702 833 16 706 505 856 24 318 625 912 994 773 3 614 557 112 883 113 877 933 618 951 573 987 713 199 649 412 621 900 278 744 618 880 629 620 463 756 649 568 529 667 269 96 379 193 117 782 603 379 566 893 872 620 934 55 403 954 304 652 244 177 108 364 725 634 638 235 320 537 861 725 78 384 4 824 175 633 112 752 994 676 182 730 387 414 171 169 580 583 589 468 340 746 362 912 453 193 367 269 366 957 900 115 334 378 374 298 175 662 805 500 780 545 357 504 595 651 760 93 39 852 307 29 711 67 279 478 916 832 409 873 922 171 735 659 866 578 319 182 327 75 234 219 588 468 997 452 924 593 152 274 168 617 979 813 151 56 56 385 490 601 621 700 81 540 752 387 309 598 554 157 771 701 587 510 933 18 535 758 219 391 929 317 681 772 57 340 788 557 228 658 388 463 793 698 530 550 640 725 811 41 532 221 927 716 94 79 787 66 923 256 357 825 371 540 124 459 575 218 477 511 728 895 541 610 312 360 100 82 304 583 507 213 87 297 943 255 925 559 461 533 556 776 411 128 166 881 890 116 137 573 533 113 239 688 620 477 638 306 661 849 426 225 439 308 942 211 557 819 7 348 879 807 822 968 899 185 194 201 197 534 422 774 330 602 143 831 376 277 628 253 379 418 380 241 85 266 282 659 755 662 57 49 688 285 212 489 736 38 583 486 193 643 274 613 600 10 192 731 790 755 590 23 801 225 41 801 720 161 141 194 102 43 315 915 255 299 149 734 491 652 160 708 974 411 582 661 872 205 847 333 727 100 369 890 985 382 423
834 9
12 132 563 687 685 264 496 713 155 732 598 274 531 439 980 797 202 957 93 913 228 4 695 152 972 582 347 795 205 282 815 686 733 516 717 751 856 159 975 497 838 546 900 163 845 549 642 184 309 529 601 232 660 57 893 828 594 333 329 906 133 243 879 470 516 506 566 875 363 12 580 515 470 827 573 322 875 911 776 421 268 114 731 839 203 642 1 768 753 135 901 827 569 758 831 374 600 97 746 782 464 777 412 714 715 995 899 130 588 990 161 525 4 707 401 216 167 3 514 649 932 657 613 202 693 558 976 627 569 55 570 450 855 661 303 748 446 568 256 771 106 962 608 886 590 452 143 458 713 66 767 769 99 945 185 710 239 887 247 936 48 798 130 651 557 997 386 75 661 390 224 886 554 38 839 655 176 368 113 698 340 101 62 198 484 214 110 812 902 259 338 121 738 517 500 69 402 177 519 436 150 163 941 712 792 82 403 451 327 772 794 793 471 608 576 918 640 158 445 57 376 423 21 609 946 222 518 313 526 31 336 879 167 361 640 521 677 780 615 129 230 883 138 853 814 853 936 131 184 329 743 211 692 932 724 431 382 208 9 995 112 617 35 865 144 52 50 921 953 920 808 883 988 772 310 323 110 736 765 792 853 213 204 392 984 888 664 180 124 947 619 953 543 776 459 103 509 44 895 330 217 915 104 448 689 885 511 259 933 8 305 304 966 355 784 526 631 679 460 958 650 362 220 400 762 749 496 256 253 312 828 918 795 147 794 337 851 475 573 145 197 669 620 1000 664 106 677 982 114 982 758 123 294 889 472 331 870 356 869 501 0 381 549 562 636 572 865 971 986 997 780 957 755 593 899 366 588 702 77 978 123 877 563 804 18 310 283 529 851 457 475 414 303 73 427 909 417 714 42 147 45 325 635 43 584 819 250 987 2 736 969 986 689 167 730 20 1 794 646 50 401 896 7 763 355 247 944 654 316 595 141 470 491 608 258 145 898 380 538 646 623 587 427 135 536 758 701 285 172 59 171 843 282 651 300 445 69 423 339 733 911 922 462 58 449 253 545 753 296 999 653 772 945 782 691 842 948 398 72 992 340 609 351 499 387 484 640 451 239 238 523 334 513 190 733 800 808 837 361 737 996 34 600 407 593 129 702 737 432 280 565 949 111 857 283 373 195 276 130 655 503 186 504 256 63 218 570 160 273 800 947 725 245 428 290 245 175 303 879 425 380 586 202 98 503 576 625 444 2 2 742 953 405 834 795 28 426 447 426 832 50 735 998 822 757 111 631 150 890 966 313 557 777 191 47 327 531 802 741 350 899 615 388 738 507 783 648 878 236 775 654 749 620 713 10 431 280 751 550 86 567 980 256 497 749 249 624 539 792 476 641 962 343 988 469 234 625 350 866 277 211 123 237 883 830 175 574 611 782 856 644 291 914 138 787 11 766 574 949 739 690 505 981 601 10 951 617 705 121 146 834 626 460 117 776 929 72 301 283 833 642 635 240 636 463 876 412 898 860 43 420 368 637 55 146 701 459 697 775 722 330 159 24 442 970 218 148 867 32 448 823 20 504 385 87 424 632 132 800 304 6 499 477 577 558 395 359 547 108 217 493 354 121 258 807 927 236 953 673 912 483 787 293 163 651 926 704 839 111 145 687 931 427 580 626 693 154 967 426 183 429 945 923 986 643 498 526 749 796 229 427 327 569 29 876 825 278 526 359 911 597 295 557 385 131 58 162 926 711 383 752 8 987 904 86 389 154 99 524 366 531 778 465 896 805 547 639 469 384 78 129 595 2 125 205 390 99 61 188 107 792 348 941 68 33 799 689 555 903 474 369 704 234 69 972 864 79 616 896 873 734 460 801 319 404 148 57 639 835 36 521 515 130 939
649 0
976 168 135 543 606 249 678 800 417 800 182 66 628 577 155 807 317 371 305 410 340 673 761 424 351 345 567 559 865 880 824 350 301 207 520 1000 911 933 423 844 640 75 478 694 55 882 80 109 220 240 390 349 121 154 788 831 114 157 391 272 116 970 772 560 292 130 152 924 198 229 113 798 773 434 64 186 967 365 752 550 878 924 592 356 860 191 388 857 980 955 215 731 244 306 228 547 121 199 702 917 91 591 653 552 244 658 669 37 431 792 863 837 274 526 789 67 645 90 73 293 57 127 619 815 809 391 754 281 831 767 400 898 208 8 358 710 888 859 52 596 870 949 998 691 27 717 321 514 556 161 948 87 323 472 975 708 574 629 509 885 153 35 724 393 688 43 588 762 507 978 545 412 296 648 50 429 466 229 434 995 562 856 342 973 657 933 236 554 764 243 490 56 169 78 825 893 202 817 690 796 388 496 492 867 428 959 630 265 613 214 219 819 459 423 970 567 172 479 89 194 226 17 245 578 733 445 119 925 79 980 298 462 875 903 538 302 609 727 798 544 877 261 579 596 714 794 0 63 267 70 364 977 943 236 437 368 310 663 842 769 641 192 523 540 967 234 605 578 24 322 696 487 8 643 100 478 752 591 286 952 390 448 163 341 527 336 178 947 973 498 774 547 108 341 11 781 544 536 392 537 819 853 479 646 48 918 274 904 343 815 155 76 781 850 11 774 495 741 36 285 529 248 877 310 810 332 752 973 175 593 596 20 840 883 493 194 957 723 304 595 764 677 522 770 714 706 265 985 860 564 972 29 40 354 793 945 550 90 953 606 885 109 733 311 816 322 907 473 780 148 463 417 617 880 690 853 987 909 711 135 742 747 487 336 902 660 821 488 154 791 490 790 326 711 717 250 533 204 666 323 320 482 298 892 156 229 186 349 485 474 253 177 735 30 319 124 634 230 722 411 307 571 815 771 498 228 193 594 985 162 52 612 93 499 33 588 241 996 170 507 973 650 535 453 824 254 716 243 259 117 239 690 820 578 357 968 214 195 725 932 689 703 266 148 630 782 591 899 606 869 87 579 539 505 700 548 608 396 112 171 695 887 581 763 736 377 367 812 154 630 592 598 19 223 154 11 451 82 594 631 768 624 242 295 42 364 630 683 186 711 327 615 749 240 333 300 896 541 282 640 275 612 808 38 775 469 639 128 451 454 929 906 140 204 680 717 9 737 837 396 615 685 448 266 386 540 750 737 890 636 95 435 922 283 411 618 285 579 31 10 560 530 374 906 781 401 419 305 708 822 23 805 781 826 421 716 254 414 57 127 566 24 175 696 155 502 139 712 938 903 982 714 424 679 177 454 925 588 601 998 901 132 708 563 101 720 670 988 955 737 967 602 804 735 407 554 1000 641 192 72 245 464 943 296 954 404 119 402 139 422 380 964 565 844 309 373 722 128 478 753 597 356 949 903 640 681 764 68 957
757 1
356 829 16 117 333 624 881 538 245 660 396 944 534 776 640 828 276 107 833 904 748 938 436 621 52 380 916 701 230 804 946 820 694 223 727 356 842 510 287 730 639 424 144 262 914 207 327 969 763 861 335 317 534 237 35 737 701 281 713 288 810 380 807 948 239 586 198 923 946 971 814 176 941 163 103 731 636 886 900 889 643 387 821 802 907 802 794 44 584 410 126 23 359 491 800 112 205 590 486 171 655 948 96 41 797 234 0 606 154 545 353 380 609 595 875 733 972 235 415 236 585 431 836 409 407 226 57 263 977 615 435 993 976 862 323 241 74 165 522 608 88 697 831 158 629 203 315 262 772 990 616 680 540 200 479 922 762 639 0 106 683 377 56 409 767 857 649 323 741 213 97 2 185 0 935 138 968 725 883 718 717 938 600 581 81 804 20 299 630 275 574 220 992 1000 437 453 576 950 289 528 499 173 217 131 838 123 1 668 10 859 579 182 739 953 340 371 233 688 568 547 573 220 134 841 1 282 580 606 716 130 767 298 98 288 289 531 713 195 777 890 604 339 223 601 173 984 90 151 110 518 867 875 124 133 619 187 535 891 951 808 967 835 764 568 727 879 363 406 726 461 135 530 195 646 733 12 646 498 300 26 426 131 564 754 373 767 305 233 751 545 804 280 661 593 977 457 75 285 274 387 201 796 385 219 159 197 460 898 273 909 246 712 401 799 6 826 850 492 670 217 793 578 939 366 645 827 968 517 867 860 976 42 544 378 216 404 226 685 183 248 177 840 222 121 779 504 597 568 658 420 830 260 279 730 742 360 502 100 382 301 117 754 235 187 921 30 393 251 162 39 438 64 648 597 106 374 990 178 679 421 564 88 584 679 126 476 635 564 898 854 782 269 966 377 343 664 956 826 308 949 408 205 368 927 15 352 333 467 474 453 482 773 103 2 834 374 478 23 877 806 7 778 114 333 549 672 327 131 740 718 989 220 784 73 780 833 462 453 806 762 53 203 625 380 963 471 963 29 7 854 450 432 954 203 916 647 761 105 25 999 765 514 423 504 317 514 855 192 150 24 827 406 597 634 645 873 330 3 258 958 191 169 111 898 586 935 442 6 545 34 620 339 493 1 64 738 429 893 854 729 561 376 644 948 818 536 911 578 156 723 524 553 813 886 878 82 501 540 783 734 429 487 217 201 618 84 44 540 479 114 129 866 59 782 656 913 749 495 371 985 546 715 240 623 270 812 236 610 347 18 91 117 994 38 512 974 717 491 807 569 336 846 820 656 731 214 232 461 584 24 62 775 445 535 693 801 681 241 758 336 136 369 972 917 43 302 902 173 905 406 509 25 408 925 866 732 503 436 70 482 968 153 19 926 417 703 645 618 928 943 664 541 421 737 922 357 823 511 428 464 62 197 713 702 106 361 104 716 192 687 473 625 40 400 503 373 666 588 912 770 902 581 235 881 527 270 325 233 729 231 527 597 831 79 732 827 184 566 166 87 533 526 225 954 315 141 467 703 680 21 684 450 287 14 699 123 382 129 17 624 753 350 256 959 55 481 304 825 494 413 464 719 578 855 933 817 777 81 779 165 570 9 791 10 478 810 861 751 372 809 739 500 128 605 10 599 224 377 747 823 577 609 478 327 38 733 181 266 420 60 592 345 937 824 980 264 2 237 125 924 194 516 701 730 559 77 389 793 976 218 672 652 817 119 176 378 88
235 1
437 188 610 828 789 161 57 975 430 124 239 904 680 295 145 262 350 882 52 796 935 475 244 907 685 76 435 415 954 126 125 430 130 892 868 33 388 482 839 539 61 280 553 976 518 419 191 614 999 198 614 753 518 179 185 593 48 258 377 803 114 343 174 538 47 707 240 960 688 143 431 530 732 774 404 675 710 415 622 160 509 499 546 602 644 467 336 707 78 223 324 653 558 757 268 307 612 329 853 753 81 7 199 299 975 495 45 707 311 780 653 519 258 495 754 827 741 446 976 46 547 178 560 440 701 416 817 130 216 312 44 249 589 320 714 696 82 353 413 610 25 905 687 778 394 250 792 144 112 841 908 843 619 965 448 958 541 300 752 26 867 350 745 82 163 780 701 147 455 748 505 541 36 698 595 311 154 354 298 578 11 459 456 631 168 1000 650 692 614 860 174 146 11 832 656 211 718 672 205 45 167 470 10 298 839 279 698 186 619 161 366 793 250 635 173 362 147 332 1000 548 166 713 269 246 840 517 684 479 819 673 53 503 967 748 845
982 0
256 706 47 184 293 449 931 460 927 854 877 935 863 367 18 367 703 83 692 407 613 651 323 90 827 196 32 269 758 386 141 859 623 98 342 830 854 211 672 74 810 887 364 882 213 699 413 392 898 236 740 309 565 547 25 52 934 83 749 792 455 575 565 694 71 381 93 789 426 836 420 654 397 63 13 124 563 259 202 24 611 15 844 270 542 898 369 100 718 737 14 402 235 669 21 478 634 336 465 285 272 964 461 173 76 16 934 25 796 165 698 602 887 247 38 385 829 799 555 224 649 693 154 677 278 743 12 973 635 45 260 265 41 507 546 130 257 539 255 894 777 45 966 564 612 474 13 815 957 430 343 431 865 709 474 787 81 109 134 114 688 0 629 313 603 790 360 384 655 615 41 438 297 705 841 382 58 768 946 448 262 690 613 662 619 864 94 948 669 602 763 428 352 625 471 440 601 308 42 96 743 783 202 100 949 487 166 712 114 960 686 583 646 788 417 544 124 983 112 470 900 757 794 941 323 49 163 974 9 474 465 913 668 804 178 101 455 375 354 382 572 98 382 111 766 9 208 485 446 906 924 171 532 869 410 394 146 577 775 666 954 173 511 680 488 700 139 950 986 110 4 765 159 130 866 765 935 529 461 397 490 353 973 650 708 916 165 772 927 980 36 491 887 827 705 805 30 965 434 470 777 978 294 546 225 337 552 489 952 462 320 69 420 51 940 816 173 649 467 198 382 627 424 242 586 606 305 862 300 870 794 998 677 601 993 178 843 617 463 818 663 183 376 261 975 798 356 689 78 187 314 751 829 337 536 680 550 348 178 189 81 954 318 85 731 968 206 458 599 318 142 405 331 785 757 66 713 122 783 320 251 104 238 787 355 944 400 716 556 65 177 655 420 286 211 542 817 662 973 212 173 780 724 214 54 430 930 903 233 658 686 759 156 401 111 7 219 211 606 424 486 663 677 64 828 832 148 546 153 931 766 771 295 456 954 288 290 659 774 329 935 349 440 396 93 759 666 217 644 959 902 363 572 580 935 199 260 516 921 924 100 357 992 199 896 802 469 46 803 384 803 845 363 725 639 671 673 993 873 179 206 66 779 14 38 47 329 262 766 962 618 201 939 185 837 832 467 522 161 74 327 181 223 281 860 0 270 757 82 517 666 848 583 890 723 784 120 916 283 12 692 43 609 746 282 165 20 18 207 341 945 283 116 201 982 631 437 508 777 373 435 204 239 460 71 222 879 671 851 767 27 975 698 655 787 196 505 408 975 372 946 959 791 518 132 539 463 615 619 160 830 557 414 201 985 433 701 142 257 631 49 682 797 275 747 528 746 513 728 48 745 588 295 445 219 338 102 211 196 264 19 624 390 493 809 256 123 523 589 216 600 543 609 752 883 491 568 138 268 446 656 872 672 805 642 291 210 234 744 376 978 685 885 373 615 100 9 43 735 243 202 613 859 129 87 565 814 624 632 755 492 425 132 270 877 335 765 954 911 798 650 809 931 259 53 110 798 311 920 599 530 81 606 75 994 290 11 126 96 251 532 525 366 512 35 643 708 772 54 762 469 345 480 121 693 920 814 899 282 541 226 290 768 87 335 903 816 859 174 570 786 471 305 539 870 719 156 874 538 654 701 308 958 895 668 236 289 886 861 26 443 731 867 308 719 846 180 602 556 401 409 194 141 340 358 915 370 837 590 907 612 768 310 870 218 543 870 65 113 656 627 481 580 366 799 728 648 99 893 723 634 195 842 119 404 531 999 66 560 692 124 883 837 634 931 538 225 117 508 780 601 931 823 998 122 51 411 420 664 480 133 720 268 663 15 12 776 434 156 574 219 162 590 685 728 529 707 591 350 619 796 533 726 0 826 272 104 902 933 679 346 564 476 171 274 565 600 121 492 425 173 210 562 800 648 283 140 323 861 617 504 686 526 720 728 153 916 904 889 547 545 963 699 962 429 980 847 996 828 841 47 600 437 586 516 863 701 598 175 70 195 274 46 916 892 366 950 240 609 511 883 202 430 980 252 791 9 253 811 456 940 409 710 43 56 243 501 503 686 852 600 665 998 117 889 893 386 431 804 854 118 3 34 897 975 147 68 291 816 120 440 420 766 868 416 145 955 694 709 214 989 121 682 276 371 677 945 157 333 465 678 84 23 972 504 275 633 228 747 809 234 580 998 716 252 579 2 794 651 864 880 183 537 83 952 29 88 364 543 652 383 740
139 0
488 507 620 443 694 184 259 29 566 589 479 662 834 709 423 774 670 267 620 142 106 936 53 625 608 943 629 236 976 160 268 453 449 751 320 569 689 482 13 640 386 508 299 441 165 891 238 846 488 929 910 644 839 860 677 322 361 647 562 165 161 529 366 959 746 942 603 174 328 31 808 684 311 708 515 227 270 685 616 920 385 724 684 279 811 637 140 747 666 626 822 777 620 402 201 719 278 332 607 334 90 902 742 132 487 260 345 346 327 997 268 225 479 424 264 909 898 35 671 691 509 582 947 870 204 629 107 519 320 280 776 707 78 563 114 650 317 709 386
821 9
774 378 893 552 787 473 272 994 161 400 586 155 688 659 711 578 974 197 341 155 155 531 100 163 800 18 890 29 402 699 126 518 204 568 330 873 777 780 729 490 642 968 516 423 178 502 93 448 747 717 877 969 451 858 436 829 320 264 207 672 208 813 299 444 129 837 785 969 313 175 793 335 113 724 629 27 70 373 602 557 989 97 649 945 328 233 695 898 286 911 813 518 549 586 969 272 153 237 583 348 748 551 218 228 899 430 337 467 445 784 728 429 94 491 183 259 216 881 422 115 393 660 110 538 25 293 249 919 833 574 973 496 644 816 439 866 442 63 870 816 227 371 474 504 343 195 162 701 127 827 351 996 680 188 716 724 253 39 649 330 123 900 231 681 410 917 810 362 51 374 868 914 297 217 195 777 429 14 908 507 582 36 375 3 255 121 882 65 854 395 988 845 808 124 68 523 805 357 940 691 566 373 263 60 889 946 367 164 730 320 221 618 278 515 602 945 640 247 661 833 383 633 546 422 828 543 834 19 366 748 22 470 931 409 504 312 237 670 228 564 583 960 802 410 687 40 805 925 260 171 381 357 682 723 630 820 850 508 851 265 729 963 404 291 95 953 142 603 970 462 341 701 664 656 820 24 490 202 87 87 30 2 336 756 622 897 394 190 506 792 363 729 788 937 525 718 547 399 586 943 352 209 352 754 20 69 938 97 799 297 307 877 514 826 899 422 594 786 387 7 210 789 863 178 198 436 782 796 166 604 761 98 961 353 282 368 742 513 70 343 333 364 459 595 799 524 492 513 685 506 519 849 398 960 178 353 947 623 62 713 53 7 407 713 287 726 391 489 420 905 622 60 800 618 516 526 360 597 263 172 163 372 432 767 775 105 96 852 991 909 416 534 331 275 607 797 204 517 535 622 611 616 612 129 496 817 102 543 525 580 225 687 740 255 632 193 533 148 809 739 752 312 913 259 456 51 674 260 339 379 640 919 664 671 713 37 939 838 923 456 379 617 483 678 853 377 970 181 522 666 880 468 372 327 118 831 42 547 113 289 349 198 629 751 114 125 93 135 934 415 11 32 563 390 732 789 594 511 907 704 313 285 694 959 108 904 469 138 108 626 223 557 256 702 680 526 234 705 679 418 590 759 688 697 394 690 866 460 338 495 814 777 66 739 307 162 851 52 847 386 301 398 50 968 110 579 980 475 879 887 160 835 542 914 80 263 759 610 524 991 634 666 538 671 131 230 141 493 263 416 928 19 496 699 371 508 11 497 305 316 375 893 899 740 995 767 706 474 497 728 348 834 298 166 33 331 683 199 13 710 236 56 942 85 401 361 453 424 696 483 266 213 920 142 420 757 283 213 271 13 23 83 608 406 431 150 371 972 845 664 925 902 702 572 598 11 337 347 703 494 201 663 451 68 167 481 54 830 37 549 576 779 902 596 577 69 792 32 772 554 651 770 774 41 111 760 902 272 212 939 171 320 813 760 159 201 519 341 830 121 719 987 87 694 537 871 838 691 956 536 377 96 23 474 770 795 251 679 12 893 156 604 953 531 637 97 715 647 433 301 716 215 57 550 172 807 552 709 375 643 459 77 795 27 49 310 205 811 660 320 457 947 75 668 609 764 467 552 998 566 198 137 313 999 412 388 490 587 302 445 335 615 550 988 459 995 411 889 698 368 744 164 326 659 186 534 445 450 401 58 60 437 969 109 943 196 167 157 399 796 417 843 73 445 583 569 403 620 168 191 882 249 605 734 7 325 296 983 706 584 849 904 5 975 306 872 706 323 124 521 997 321 766 249 514 983 572 275 310 716 295 990 565 914 375 750 992 172 646 69 2 585 175 25 156 215 702 672 155 610 175
970 9
305 383 92 381 224 996 806 935 143 756 64 282 614 404 927 611 547 107 551 968 281 120 638 736 252 423 584 331 235 683 334 461 27 131 641 482 251 255 391 443 56 803 55 608 701 262 8 842 382 479 695 997 803 721 704 674 963 735 190 261 536 999 494 59 954 313 15 192 409 61 921 484 309 861 884 334 356 228 640 456 284 642 475 845 8 280 885 81 419 376 636 318 643 231 239 590 500 691 873 387 129 439 859 149 858 845 853 584 11 906 154 800 289 1 980 759 909 682 368 394 33 57 766 673 505 525 165 24 839 389 10 539 756 382 606 700 921 485 140 40 246 728 562 280 364 106 519 39 861 665 747 812 440 830 819 156 922 548 459 131 487 627 951 881 581 751 889 198 379 445 656 152 690 560 723 32 537 113 323 293 418 384 231 703 702 574 613 759 21 672 570 463 178 922 32 172 218 802 887 9 838 146 562 461 758 210 679 531 595 61 107 545 92 564 413 512 403 342 660 149 376 719 804 435 350 149 863 581 41 679 654 403 75 723 705 145 594 978 434 205 637 485 584 378 745 56 422 356 260 105 84 152 585 929 551 554 618 797 357 726 587 890 824 623 708 74 640 716 5 933 876 596 188 113 595 121 72 751 627 614 841 902 905 190 519 824 655 502 217 303 911 624 698 276 202 84 113 711 636 937 596 709 108 87 68 508 847 81 657 831 871 315 684 210 412 738 163 630 915 207 971 639 132 82 451 484 180 315 553 761 537 81 669 658 894 378 992 925 449 42 231 136 334 793 27 871 42 373 973 71 994 641 253 758 530 968 870 63 949 359 904 811 560 919 824 160 158 793 545 637 654 172 337 765 82 708 732 201 579 410 680 432 23 857 708 213 837 644 191 757 595 378 451 482 686 507 11 651 679 977 773 338 358 791 657 293 795 207 534 521 733 215 535 4 0 499 908 955 818 991 710 806 695 246 22 70 334 86 88 510 546 873 126 475 680 734 164 705 608 63 919 287 197 484 2 264 657 517 670 177 494 938 589 285 110 957 20 862 49 505 734 454 481 795 635 187 977 855 782 11 271 752 459 429 0 287 992 902 184 662 357 713 8 618 293 997 202 159 279 655 190 454 56 354 907 164 712 964 728 29 877 921 993 883 280 183 447 610 653 504 823 360 809 111 779 501 365 918 215 650 553 232 655 608 436 565 800 141 856 426 5 430 820 522 133 876 967 237 127 737 998 448 957 496 726 264 567 861 560 17 173 22 655 850 231 969 516 430 152 482 248 514 85 96 654 164 845 886 670 730 286 785 950 69 461 988 920 326 97 3 787 622 366 520 752 48 603 707 717 327 847 472 854 131 494 837 227 369 483 766 481 176 782 507 404 194 764 966 326 592 610 459 899 848 547 711 195 457 248 223 785 318 839 968 674 396 209 625 595 289 592 640 128 619 346 174 423 632 232 390 878 652 373 936 965 182 852 715 503 936 795 451 313 825 468 290 546 815 647 597 620 780 721 726 785 153 803 889 962 706 325 697 970 501 295 451 738 974 700 636 717 93 73 495 602 376 679 75 192 409 837 768 515 409 336 365 306 874 897 576 361 341 43 402 460 345 411 910 46 974 201 137 8 715 796 81 960 878 164 356 41 659 732 270 27 843 897 590 274 450 462 449 860 202 23 470 259 696 65 846 240 825 655 98 295 604 433 41 653 654 653 304 121 430 226 185 302 358 694 873 167 484 844 425 689 281 116 863 402 525 484 34 452 79 593 103 578 816 417 649 425 796 261 359 777 740 229 147 583 323 403 829 989 363 214 382 21 806 276 244 227 632 5 319 869 189 699 392 356 355 870 951 480 254 895 470 400 514 12 432 679 34 354 110 638 472 443 968 107 293 667 387 583 300 758 357 447 927 29 643 622 135 899 444 107 307 584 985 332 41 483 464 955 573 680 763 544 776 250 465 514 536 815 161 566 650 319 165 263 626 484 238 53 380 564 929 215 888 681 987 536 298 360 960 453 697 943 369 156 613 949 69 534 209 801 997 685 971 136 758 544 273 105 512 514 358 71 146 560 850 322 407 308 410 410 344 834 255 929 102 616 707 158 296 145 380 576 308 882 168 186 169 27 114 562 128 216 21 647 288 698 223 229 451 984 685 1000 64 951 385 460 996 301 327 411 275 155 460 335 885 978 284 44 846 509 327 354 17 395 127
787 3
351 473 182 658 249 925 244 66 208 868 784 575 129 917 354 741 935 457 572 296 81 987 689 222 324 503 935 346 527 182 29 890 432 655 530 259 75 171 157 689 314 44 174 186 529 169 999 84 765 246 31 952 608 714 798 894 763 998 723 977 613 701 439 891 105 477 587 717 245 416 27 650 897 184 384 144 821 523 958 793 706 378 388 807 583 180 746 796 984 809 425 784 237 898 255 489 225 838 585 492 387 101 419 705 408 613 598 9 145 598 369 149 989 530 901 561 42 606 960 431 705 864 479 599 64 421 644 991 183 42 522 805 733 67 128 913 288 861 249 762 954 886 316 520 808 603 375 950 954 420 539 977 758 364 562 976 603 439 558 706 407 525 948 913 655 457 405 527 533 889 409 56 836 234 481 521 15 160 778 606 929 155 177 800 484 640 915 636 142 737 62 438 324 679 539 618 445 893 801 979 73 392 473 360 657 942 670 700 757 775 770 388 535 379 587 972 157 330 250 562 366 296 147 74 598 539 222 60 144 444 142 472 939 982 845 561 860 1000 51 862 485 223 364 409 543 535 402 674 348 108 738 921 179 473 703 543 432 958 261 357 279 70 910 241 241 520 778 295 707 907 603 473 37 45 826 280 771 894 896 974 13 332 115 931 912 226 687 994 269 481 316 963 412 741 45 773 965 254 905 287 142 320 159 2 828 182 440 457 612 139 109 703 93 481 668 790 687 288 577 446 28 22 102 709 353 911 226 782 655 923 52 758 437 676 935 722 883 760 85 612 734 498 485 802 282 759 9 257 236 468 388 168 761 983 164 684 299 122 967 814 582 995 176 135 791 548 927 796 388 749 475 774 365 962 91 885 545 177 680 671 702 896 363 850 343 65 192 682 6 121 828 465 992 481 236 190 163 301 559 696 283 454 458 393 713 624 711 246 211 811 500 601 480 345 246 839 0 670 555 0 18 382 311 388 855 447 619 648 787 338 278 542 639 289 77 839 638 674 834 339 727 812 846 633 208 765 204 921 444 49 819 744 893 340 287 168 8 967 249 770 983 327 82 98 378 361 34 30 17 340 688 379 114 967 768 707 278 536 498 676 357 311 206 430 115 216 887 273 697 457 298 593 354 313 986 124 218 463 242 480 774 697 655 992 627 708 428 723 67 207 73 491 129 155 938 914 560 645 803 130 427 510 853 124 694 368 336 843 738 730 204 393 591 481 788 576 911 989 292 451 867 341 210 906 181 736 437 372 221 223 358 553 497 445 818 995 752 446 282 262 851 852 573 726 133 462 254 469 218 668 451 235 673 924 703 658 465 32 635 318 442 350 955 682 628 391 679 548 484 816 255 715 885 222 99 817 252 785 143 63 222 982 32 87 310 558 89 288 61 327 622 464 182 88 5 70 721 698 245 84 38 772 823 427 356 631 27 550 368 141 159 802 631 288 528 791 725 961 789 693 814 681 456 244 998 355 262 877 259 82 31 250 517 878 706 641 257 139 727 509 607 846 510 248 543 520 530 801 765 292 741 706 396 158 547 994 477 525 676 851 846 840 258 720 228 999 736 873 101 420 555 532 327 174 873 434 158 1000 463 229 272 628 415 878 201 679 975 774 445 335 107 985 562 289 309 112 838 520 740 679 118 743 245 867 913 50 436 122 216 619 170 679 202 0 771 36 515 437 502 132 279 407 462 99 334 725 172 493 909 868 637 234 302 996 281 603 153 257 312 170 98 66 482 279 277 952 861 764 99 75 949 105 539 112 670 793 942 154 77 519 663 8 650 560 241 913 292
429 0
730 343 460 559 41 418 295 597 545 327 574 337 929 154 272 836 474 906 340 367 787 108 715 109 868 342 411 829 11 53 968 450 174 653 654 449 526 509 400 342 543 463 753 210 852 573 332 297 310 260 113 512 318 114 252 846 502 756 616 225 106 924 522 914 298 7 941 337 46 271 184 403 575 434 325 334 178 255 126 233 27 867 16 263 50 404 697 283 1 818 47 335 751 845 278 673 829 31 410 917 401 507 440 511 408 910 885 260 717 875 244 41 521 662 114 338 304 204 624 979 566 344 527 28 819 217 259 883 552 275 549 529 399 941 964 870 515 842 270 653 109 35 382 83 443 532 209 908 969 391 182 359 456 301 30 929 599 988 843 490 404 104 355 553 478 486 208 321 998 609 501 799 985 390 472 933 949 440 773 199 779 789 601 49 550 865 503 35 556 786 166 769 759 196 991 535 182 916 716 534 927 867 843 267 9 270 175 74 608 19 555 883 652 233 697 120 746 279 582 979 611 790 346 657 773 244 584 198 753 137 353 559 337 316 295 956 892 205 52 446 553 758 220 337 534 749 496 781 182 391 726 185 909 390 439 881 410 523 119 514 415 422 906 57 204 333 630 130 459 542 95 940 433 997 814 308 277 976 753 352 223 155 360 945 400 801 641 19 758 325 699 945 347 283 175 596 291 242 711 483 310 76 838 576 183 802 382 663 743 503 402 520 384 710 82 318 257 98 232 262 579 735 426 457 428 610 865 46 89 418 299 993 172 476 244 378 145 800 309 778 582 199 130 428 771 159 404 921 482 593 845 839 692 908 364 919 834 285 549 937 495 36 68 528 425 618 403 928 534 17 719 844 354 408 97 882 438 404 281 752 560 19 433 710 16 196 777 265 767 660 461 369 874 896 9 338 900 22 582 389 369 653 813 337 627 228 147 925 635 379 392 245 997 493 231 992 713 982 786 754 527 283 577 293 347 593 898 608 872
69 9
126 737 835 393 380 799 465 945 1 782 492 44 435 760 269 407 533 538 38 304 844 988 999 354 632 934 226 266 719 780 822 767 490 94 930 162 954 517 681 450 925 431 622 429 498 723 37 116 975 421 50 577 692 149 478 14 52 389 445 80 320 681 155 44 961 751 759 171 984
