40
222 0
239 820 291 22 174 785 138 435 440 236 926 941 763 954 350 357 251 845 182 543 392 187 27 287 256 814 884 508 890 546 500 321 254 685 443 935 950 310 570 886 317 738 523 910 357 442 994 636 400 676 987 786 951 199 936 703 605 766 322 404 245 696 655 56 84 219 627 116 424 954 884 178 38 294 1000 852 19 701 563 503 827 48 540 136 861 866 357 222 755 547 358 693 837 73 52 571 690 903 117 450 912 758 964 371 391 489 285 705 47 793 309 689 355 573 822 860 112 560 262 430 748 774 490 900 675 403 776 242 611 723 41 543 245 885 973 850 579 302 866 939 200 209 344 448 743 665 774 435 385 433 801 336 302 521 429 802 119 368 794 192 718 496 377 998 76 434 443 860 60 874 324 916 399 292 52 212 903 544 982 342 182 72 992 42 520 924 36 443 364 308 344 643 393 782 663 748 821 976 348 976 474 359 857 433 939 605 794 429 100 669 161 629 924 153 49 39 560 6 490 592 995 537
708 5
168 854 135 757 222 861 116 105 161 912 909 57 256 716 133 446 858 750 1 534 975 324 506 66 643 781 579 244 44 795 793 948 677 464 854 682 350 334 495 599 401 505 121 361 262 131 434 711 119 454 261 888 384 952 745 548 942 367 166 721 660 192 348 182 345 813 236 450 396 372 761 905 152 889 819 7 705 35 686 315 406 484 906 956 100 276 750 534 0 531 703 831 124 942 65 263 627 196 976 935 98 421 311 418 616 2 998 401 276 731 677 629 480 283 770 925 103 556 220 72 651 670 585 341 737 569 171 374 324 601 404 323 858 842 967 540 212 681 577 430 960 631 59 245 808 534 879 730 406 106 153 241 290 478 476 55 56 2 680 624 318 322 507 900 812 93 750 204 858 49 705 985 725 748 872 305 661 230 671 653 320 864 600 458 328 222 134 816 77 620 343 121 811 133 128 176 957 852 452 95 99 290 469 983 927 64 793 391 939 412 428 240 447 200 713 261 157 188 348 250 438 273 725 234 356 246 540 123 159 935 379 164 119 596 513 808 710 451 111 544 560 892 53 167 237 408 485 364 707 862 771 378 960 59 972 486 889 798 675 40 445 232 819 854 633 877 683 202 453 955 560 362 630 400 345 875 424 81 135 446 191 584 407 243 119 785 47 453 200 218 842 914 875 935 177 210 570 948 9 428 230 873 712 8 418 197 399 754 609 939 305 625 319 591 577 837 632 810 515 758 583 717 782 807 794 938 881 156 341 41 241 298 215 766 377 301 773 940 891 705 140 160 236 155 954 767 167 581 57 259 365 823 896 588 64 3 492 841 421 876 707 537 958 903 114 2 483 465 142 160 980 565 602 4 74 464 818 411 46 895 470 365 781 998 936 118 667 848 695 370 451 739 193 68 790 770 295 362 379 171 24 122 99 206 11 883 214 531 925 150 724 396 718 835 206 11 586 10 259 79 196 872 209 635 181 546 452 323 510 792 491 583 399 941 614 104 634 542 689 799 895 835 993 885 932 593 352 982 874 731 227 589 717 621 92 989 63 721 474 209 299 854 588 681 902 552 476 211 181 859 78 808 552 144 760 905 245 894 926 84 383 604 697 153 106 86 873 193 175 290 686 794 646 578 480 790 939 356 520 610 798 348 966 503 460 408 304 973 12 454 943 831 128 413 748 393 48 120 471 220 411 892 658 774 834 232 370 292 942 115 799 470 535 706 702 14 697 168 688 464 163 132 926 618 59 195 104 102 145 740 703 714 201 235 538 409 434 702 100 892 133 124 927 112 348 487 122 632 932 657 573 171 745 602 712 921 102 517 264 618 98 514 815 398 384 18 211 27 421 911 855 18 959 544 794 350 808 190 968 596 879 740 779 805 431 501 677 560 165 86 742 775 52 486 366 552 839 60 238 877 438 436 346 249 942 963 744 955 355 266 722 386 677 551 964 738 279 646 679 63 984 700 681 588 916 554 942 230 274 574 679 73 888 889 288 184 893 499 791 812 287 700 825 195 664 394 145 238 229 100 170 210 532 159 686 690 667 957 544 646 839 954 200 443 821 439 896 35 797 640 421 841 216 739 446 843 104 472 749 944 379 842 815 68 565 512 928 678
621 1
772 416 851 776 207 474 450 88 381 803 878 29 882 991 18 676 94 549 360 528 476 673 563 785 119 578 948 868 317 951 108 982 604 851 400 659 814 218 841 755 61 963 439 804 340 318 937 981 631 820 695 778 745 955 680 578 360 215 503 20 367 674 931 427 815 304 175 790 524 282 878 81 550 102 150 500 114 627 455 464 970 958 228 72 765 785 384 502 807 265 687 717 950 485 691 665 397 583 296 843 112 10 858 804 704 162 90 927 792 911 212 769 473 652 156 201 983 941 631 298 243 559 631 514 275 556 220 55 678 325 671 918 930 688 368 128 552 54 109 780 671 642 4 367 729 542 439 591 529 871 849 686 436 938 361 209 210 947 860 682 347 312 395 896 690 463 841 49 389 316 390 927 659 675 230 527 604 564 53 954 261 734 831 404 823 767 465 490 133 936 176 451 834 810 290 679 461 2 868 366 781 259 152 895 107 522 866 99 673 897 145 508 450 852 251 399 894 164 872 683 227 80 56 526 775 495 105 990 69 769 67 401 974 887 467 34 462 175 875 496 778 94 938 521 927 17 817 715 470 837 866 343 133 854 582 139 946 879 908 726 180 491 695 572 538 3 755 544 566 618 593 314 375 516 503 928 38 536 980 489 934 784 297 68 195 305 393 569 247 172 571 261 254 437 742 131 437 418 412 216 314 716 129 205 722 818 165 103 202 426 99 216 856 936 770 746 817 659 576 43 167 162 330 14 470 307 303 243 142 153 941 797 267 204 815 120 50 471 746 441 306 217 708 102 683 805 658 491 841 533 300 725 691 249 911 974 86 556 755 783 890 427 145 331 491 891 622 724 863 946 297 954 888 902 439 154 313 667 627 55 339 385 985 538 398 340 56 114 507 755 772 439 217 528 757 113 394 555 816 259 90 153 617 92 597 622 709 754 176 30 985 274 772 273 510 20 84 623 668 902 813 594 885 567 212 577 536 714 368 759 802 205 936 432 765 678 160 17 51 419 490 746 339 761 800 96 752 165 896 98 881 890 165 286 400 90 423 306 771 867 829 887 147 406 158 548 693 42 112 925 227 216 7 238 440 233 697 807 324 21 458 787 68 704 327 29 231 654 804 472 372 568 399 590 962 707 742 27 983 237 531 488 483 563 590 998 136 888 955 533 662 538 409 512 850 378 470 286 354 942 910 271 112 229 33 601 124 100 530 318 979 166 922 767 887 826 619 529 346 408 706 146 160 32 778 731 630 130 773 475 347 131 50 525 500 599 708 767 777 529 79 162 606 426 970 125 616 208 694 839 863 764 609 662 421 627 610 60 384 441 576 147 153 299 671 336 669 32 753 745 205 130 605 659 305 341 355 521 556 239 263 947 737 397 904 607 276 131 25 634 750 68 511 168 886 721 919 752 427 996 606
381 9
40 782 929 161 571 850 613 689 563 461 7 363 855 573 328 17 554 258 424 769 808 741 159 278 926 890 656 42 695 64 907 508 528 678 135 29 891 684 239 241 354 909 713 634 10 528 682 109 309 110 148 939 901 836 161 466 758 332 504 633 562 39 973 175 180 992 324 334 870 984 227 115 847 169 459 475 725 709 746 477 876 208 381 678 454 108 794 363 218 900 305 487 23 890 513 742 78 714 625 160 881 302 218 86 445 69 78 669 796 464 770 126 517 108 29 493 865 616 273 882 157 26 693 529 245 595 605 721 745 459 48 463 415 305 677 801 208 791 339 698 324 635 18 142 537 901 573 379 472 510 317 527 637 23 645 957 49 51 249 297 546 514 323 927 760 946 897 606 548 568 543 491 86 994 585 13 249 942 123 89 404 375 687 486 337 766 526 657 326 537 493 990 482 726 286 643 379 163 698 687 448 905 901 953 239 395 23 936 557 924 979 772 560 445 636 995 482 213 781 565 684 306 108 243 195 308 936 563 676 299 715 504 446 718 909 444 59 947 883 947 981 664 214 722 375 588 116 317 42 385 365 235 849 858 308 475 731 290 874 474 276 674 985 505 534 523 59 536 374 666 798 925 779 197 957 309 312 424 186 578 344 981 131 779 492 69 43 143 855 293 975 943 778 163 834 235 361 113 994 778 856 334 307 7 606 61 730 664 31 996 893 811 446 121 494 59 944 978 546 364 468 88 690 163 406 321 348 480 462 484 419 50 147 891 102 918 169 438 73 999 720 36 100 355 725 234 160 331 870 209 364 134 265 13 991 944 867 520 689 460 693 972 908 222 950 904 412 624 840 518 695 979 194 944 543 458 463 446 159 232 27
305 6
591 484 881 660 396 737 48 845 953 187 664 35 802 874 669 168 379 340 924 15 815 164 745 722 400 28 586 305 150 723 604 395 396 32 928 252 193 555 549 109 486 374 575 722 144 205 573 262 747 692 737 459 324 255 254 612 996 877 990 851 168 88 125 368 229 435 288 432 825 107 903 986 508 432 178 71 678 402 165 842 123 400 911 236 288 915 544 533 271 237 517 323 216 994 974 501 645 851 663 958 696 111 685 561 523 929 337 2 270 376 755 477 299 184 190 274 647 934 570 797 325 230 422 395 226 131 718 387 958 464 249 59 600 87 853 434 564 232 249 565 515 267 15 559 113 363 529 157 884 504 228 812 794 542 523 247 517 955 654 79 741 414 235 802 661 693 217 858 974 928 759 682 627 926 962 62 221 920 309 980 457 188 756 965 285 953 400 451 605 850 639 481 887 284 928 909 487 721 165 350 809 112 506 222 517 363 718 134 949 458 200 448 8 881 533 901 419 226 559 689 604 313 616 173 522 478 918 782 58 907 380 768 510 996 95 430 294 345 384 420 741 381 448 635 147 857 834 119 332 727 898 556 755 205 221 656 797 67 105 873 832 142 48 547 550 158 858 839 857 503 430 987 349 158 740 815 594 764 391 146 455 195 672 565 659 867 562 878 480 98 898 420 682 122 993 664 226 519 923 50 805 822 418 362 956
841 6
236 924 191 740 141 39 370 350 820 697 29 510 483 926 807 147 530 962 127 693 511 174 603 192 784 665 648 777 686 350 905 462 284 189 990 349 373 766 424 648 96 145 4 874 546 942 471 423 616 381 67 424 499 535 802 620 137 780 475 887 657 879 575 430 178 948 801 617 118 759 44 763 239 489 965 93 817 228 226 327 499 198 587 208 594 188 928 559 172 36 253 257 621 5 369 610 383 986 605 439 940 793 982 249 221 6 961 776 133 668 490 100 563 785 661 173 714 606 292 104 347 494 877 928 607 350 848 551 442 830 299 873 127 736 323 251 768 535 950 533 350 604 212 725 871 59 549 586 919 883 262 611 760 472 845 185 864 976 407 747 229 499 358 424 760 874 674 700 889 369 1 335 387 160 295 459 932 870 571 495 435 298 566 390 495 377 35 65 367 851 739 373 268 76 378 836 881 439 417 528 541 556 570 799 967 75 825 822 838 871 684 782 743 697 894 232 209 709 534 1000 626 397 541 227 656 767 169 303 101 144 229 699 365 988 614 321 223 882 559 461 447 390 844 572 423 697 723 449 103 541 536 302 491 207 410 163 352 541 871 360 32 464 998 761 400 129 719 851 272 287 21 337 373 711 871 760 612 701 239 473 201 884 799 344 266 419 446 955 342 51 397 449 147 722 34 785 202 323 579 883 353 674 754 205 593 41 851 506 911 29 9 822 101 906 467 748 209 267 689 577 819 793 477 407 257 320 533 179 729 86 958 409 109 318 391 10 168 780 183 686 495 149 986 628 329 95 47 244 557 40 867 119 176 425 752 569 424 494 66 837 662 671 78 319 29 175 831 775 32 566 960 723 543 716 565 128 113 812 95 0 86 236 227 59 568 200 819 863 193 335 916 133 966 358 153 950 758 721 371 68 596 176 280 458 230 703 48 54 612 281 625 651 541 316 284 651 80 265 55 692 184 845 188 113 486 802 770 609 246 329 590 501 389 195 458 553 239 435 612 925 79 715 205 761 298 119 254 222 966 442 598 388 181 613 726 472 244 552 795 24 840 608 996 998 966 142 693 964 209 344 935 175 413 701 615 647 368 869 786 139 444 529 386 424 451 35 10 864 382 923 727 580 32 434 846 215 985 493 498 192 166 675 434 14 55 39 982 780 739 638 223 85 463 707 181 944 674 886 2 637 289 42 238 555 731 446 360 110 48 67 804 811 324 168 790 660 563 105 107 91 291 172 2 885 374 249 815 119 726 942 402 372 864 648 953 18 824 429 735 182 641 761 27 257 365 838 930 691 566 300 674 969 609 927 518 791 206 769 503 796 864 8 989 883 798 686 802 196 465 175 270 280 348 5 208 382 350 894 405 280 589 28 556 989 137 26 672 404 680 145 828 140 718 558 894 839 691 448 211 440 424 467 51 952 247 300 820 420 330 869 201 918 84 877 984 791 497 581 174 320 115 404 360 675 847 677 51 620 285 341 771 147 364 979 176 478 318 944 508 608 327 97 541 264 685 897 983 981 25 427 703 261 141 681 731 601 687 102 794 897 785 666 376 191 113 656 73 168 529 823 940 274 557 528 852 336 732 997 390 188 806 702 122 571 241 431 187 826 991 754 424 324 716 970 345 870 519 762 871 903 698 219 751 153 995 280 691 830 67 302 207 61 452 380 240 685 648 162 250 177 90 74 918 703 516 285 454 834 205 354 514 404 121 991 87 53 113 223 692 764 439 582 888 990 102 798 779 643 928 977 359 302 882 138 302 286 661 792 293 829 377 984 79 759 192 923 409 104 830 732 359 500 211 178 745 663 419 133 256 265 696 630 869 239 40 937 933 40 733 356 946 396 411 64 2 481 180 305 967 349 574 567 644 879 613 998 409 245 398 384 524 533 456 532 135 517 519 316 864 824 666
920 0
238 268 598 991 118 543 692 892 542 583 956 271 585 79 44 120 74 496 326 384 268 601 692 189 552 330 316 319 667 922 463 150 757 715 997 842 807 418 156 207 76 749 159 524 920 248 686 923 585 439 472 737 85 184 557 124 423 524 51 48 503 921 286 910 506 283 255 12 371 259 805 483 317 470 655 950 702 886 404 188 152 900 742 275 351 942 229 219 258 214 682 769 850 663 469 124 114 449 111 722 844 624 93 217 582 859 438 593 132 213 956 960 897 479 666 183 552 846 714 274 651 671 292 875 81 813 644 116 178 164 308 513 166 702 774 891 396 589 455 129 73 541 977 88 202 643 293 139 303 885 59 682 553 983 506 718 288 580 520 36 281 125 830 864 628 806 448 928 67 525 830 125 729 772 412 428 643 153 501 604 504 275 687 464 215 524 331 609 44 684 606 289 991 339 239 269 463 767 910 357 586 137 539 616 240 613 221 445 814 22 63 80 874 677 304 889 347 786 7 34 744 938 649 886 724 931 694 582 935 297 654 274 620 182 971 942 352 982 782 419 75 962 693 599 256 431 177 783 437 91 404 901 147 145 799 230 744 623 746 25 890 412 926 661 813 526 980 935 13 884 986 864 314 786 707 463 989 795 758 561 407 794 438 940 416 992 344 82 863 257 303 917 303 906 765 790 707 12 261 124 617 808 324 180 722 364 847 526 678 971 452 635 370 664 593 953 957 947 29 195 340 279 563 263 562 68 991 41 10 863 620 747 123 934 16 21 247 72 91 904 686 177 649 238 737 681 487 410 554 923 188 417 561 488 587 632 830 275 79 891 584 48 828 270 318 748 718 622 264 181 315 237 351 568 604 944 345 690 867 856 79 286 929 245 543 4 587 281 708 16 741 234 815 599 841 475 865 141 988 564 758 79 977 338 752 124 284 187 166 184 895 992 812 260 289 453 81 212 551 54 698 726 45 623 649 930 795 958 742 157 434 54 926 970 992 9 949 797 108 152 475 481 136 996 348 577 394 141 940 513 549 929 329 701 534 854 294 947 9 895 548 303 360 541 292 295 275 480 2 714 240 201 609 530 208 64 834 793 32 260 790 464 712 249 111 117 746 725 256 598 138 138 735 283 251 635 390 608 547 683 203 8 528 969 23 933 936 521 783 979 514 29 21 36 860 540 177 25 203 567 954 829 444 420 188 383 193 275 442 91 632 507 708 446 143 618 631 104 627 703 642 35 171 801 291 492 201 296 748 736 359 172 874 511 301 131 350 609 382 231 820 517 336 286 917 508 480 369 136 748 934 166 172 198 318 384 431 462 642 552 384 3 237 912 485 942 587 603 123 894 646 938 149 531 942 385 86 114 7 205 142 138 710 371 907 522 273 384 651 169 181 154 917 704 693 883 691 716 235 487 95 102 316 750 935 278 643 87 533 178 322 747 506 50 150 138 864 223 109 226 621 200 961 520 31 984 219 740 720 614 168 909 124 584 825 604 760 134 914 592 523 51 832 694 778 241 952 28 91 35 273 500 218 593 568 684 173 223 658 921 889 815 151 358 486 234 494 722 989 857 632 751 633 328 932 626 418 1 63 563 623 113 686 14 165 526 956 675 409 325 199 279 570 626 154 173 771 632 329 553 565 867 103 598 303 439 468 622 102 127 516 933 342 75 210 547 688 1 230 502 414 481 253 924 647 498 365 365 26 217 830 205 948 953 352 811 645 679 944 388 304 404 747 438 636 987 80 762 499 441 913 463 170 926 658 707 460 629 706 353 169 773 785 464 775 79 367 203 688 940 205 7 661 234 660 838 537 177 274 636 438 975 153 27 970 628 802 686 824 156 11 321 636 446 111 13 938 533 150 397 311 747 182 771 915 573 470 899 990 759 121 537 366 247 182 759 337 272 751 703 935 88 390 723 982 648 454 747 71 630 856 185 24 177 677 61 440 858 828 878 980 902 341 430 753 936 422 840 274 744 788 409 967 737 584 277 280 224 66 914 948 603 366 980 390 800 150 288 865 262 186 169 56 318 6 891 751 572 578 201 247 623 180 746 559 189 698 638 361 274 71 676 0 731 362 500 372 20 896 312
11 1
535 122 70 643 636 677 107 174 140 529 266
188 9
681 225 28 427 984 265 707 569 142 254 824 758 428 478 708 789 258 487 167 578 74 527 429 616 813 129 536 709 849 996 221 267 483 997 128 327 670 551 580 616 689 598 53 648 985 133 306 258 915 242 850 447 169 736 131 290 565 807 614 319 729 662 524 625 596 276 65 250 80 792 166 793 459 437 169 661 50 278 713 21 841 255 883 551 601 482 121 945 108 951 761 772 605 68 489 88 311 36 798 928 465 22 300 150 968 521 364 31 1000 765 763 710 894 443 77 236 96 751 940 106 721 908 877 656 521 32 877 307 211 469 962 461 625 315 424 798 694 992 904 445 159 53 428 219 653 175 697 511 176 950 556 56 474 892 418 964 146 475 112 34 143 722 339 401 344 979 546 188 268 984 678 272 695 987 16 473 565 221 226 570 849 423 575 982 356 837 708 496
194 5
593 212 793 582 151 842 796 781 598 49 553 302 689 173 16 410 229 363 336 230 125 83 742 43 181 955 799 447 633 787 107 411 816 200 145 603 326 929 985 799 263 765 920 930 928 640 863 747 648 593 731 400 502 664 566 629 736 441 599 880 549 668 424 968 260 435 163 956 347 768 513 807 916 806 406 932 177 133 317 56 686 157 675 897 354 129 863 895 646 237 7 858 773 343 530 881 984 142 219 217 673 420 271 60 607 852 807 734 136 514 29 301 633 206 276 938 769 626 168 79 912 436 530 26 79 125 498 216 123 2 599 755 316 887 568 698 322 518 261 156 435 447 211 681 792 643 840 150 37 353 130 370 683 377 959 880 441 935 211 703 125 149 85 660 333 967 885 650 393 671 256 184 824 499 16 656 538 948 157 714 525 326 559 244 154 270 345 341 248 984 990 951 772 523
559 0
14 660 66 126 574 803 763 166 847 593 777 905 204 579 108 176 777 675 312 987 413 595 250 701 626 56 754 223 683 581 812 528 829 521 169 216 256 278 215 378 84 477 813 323 379 304 508 375 62 592 931 500 700 683 437 207 914 18 382 754 201 909 800 208 152 885 39 156 453 671 822 259 247 131 835 125 90 745 63 405 231 846 518 312 999 321 712 616 813 94 364 28 983 246 71 559 832 136 211 48 248 213 211 705 710 750 826 717 594 732 437 623 96 877 210 721 822 693 585 901 205 754 392 779 514 635 989 182 115 744 640 679 452 264 874 47 530 168 488 242 73 563 713 247 56 488 658 784 498 545 713 622 619 788 658 991 467 204 140 308 588 63 874 674 569 960 69 153 413 684 337 600 803 696 972 22 863 87 472 44 634 351 66 122 84 901 192 70 573 313 101 468 15 827 574 461 491 791 535 12 124 680 59 275 408 596 44 965 186 60 2 537 62 599 652 944 884 961 280 157 386 878 483 970 900 21 113 479 83 942 913 396 133 159 145 57 9 885 540 537 541 978 727 690 485 71 784 910 301 873 236 404 466 55 968 256 494 938 30 847 359 348 935 794 755 286 869 54 936 589 188 450 649 106 86 428 911 748 337 0 215 757 889 205 375 974 143 367 781 185 776 406 727 628 922 636 13 824 542 960 553 433 677 790 268 422 776 418 629 932 801 705 434 545 357 447 153 173 812 508 883 779 615 245 371 824 552 209 622 424 583 798 442 761 362 996 167 31 140 427 845 549 210 287 339 398 677 782 50 33 478 164 567 255 160 360 270 792 876 949 107 823 978 561 513 684 151 15 293 124 102 434 70 899 923 221 888 500 174 434 703 254 171 398 117 555 661 858 72 123 910 109 217 625 359 192 627 789 592 697 706 990 309 112 93 658 276 103 974 440 392 731 346 375 445 634 323 117 301 435 792 258 172 382 1 140 503 456 259 48 543 674 284 156 77 810 13 466 898 788 658 665 223 446 190 793 703 447 322 728 858 587 377 587 909 674 46 642 261 384 216 134 243 91 368 686 756 108 854 278 637 163 628 912 989 162 942 120 614 907 21 254 421 840 34 77 968 945 271 954 146 142 721 904 549 322 961 935 5 305 983 150 337 332 257 703 897 879 24 980 683 6 617 992 711 305 464 4 178 945 629 227 264 373 929 420 523 706 782 31 337 923 249 598 287 694 110 223 867 94 462 153 829 715 893 144 252 874 763 280 633 275 110 373 672 818 72 287 675
523 9
563 497 651 146 684 738 646 434 162 541 461 757 39 204 50 735 510 141 318 775 825 692 346 798 950 431 868 446 417 680 325 801 207 62 132 103 856 169 256 681 205 345 805 667 772 481 749 254 83 950 6 886 631 816 738 346 92 972 457 867 107 749 924 36 188 260 367 819 436 188 693 527 867 344 164 967 912 853 539 210 911 697 789 916 622 590 394 361 692 368 769 564 636 164 872 341 712 63 985 231 12 548 808 830 776 661 166 240 509 274 430 367 631 662 952 298 232 116 612 497 915 476 243 245 683 75 218 353 828 418 772 919 780 600 869 183 469 796 408 994 747 473 58 309 767 216 182 476 96 380 506 940 603 84 401 82 5 976 317 617 95 323 565 310 874 917 331 841 644 175 752 756 269 154 1 34 183 428 346 675 305 203 1 517 983 488 700 824 110 103 310 441 53 247 899 140 198 335 228 460 485 767 420 269 440 139 185 132 962 365 111 327 204 694 668 669 58 590 29 508 97 809 644 441 450 561 369 188 495 219 48 316 877 267 597 618 969 347 343 74 208 83 305 183 486 404 347 160 452 213 731 511 608 499 930 727 150 878 474 921 261 32 17 881 974 672 25 655 729 88 673 871 211 226 380 829 818 562 257 719 429 341 811 952 195 33 383 690 735 237 778 194 785 48 146 459 629 450 976 305 417 364 170 362 450 647 23 382 998 830 337 77 602 714 158 875 867 749 193 548 361 0 895 50 44 614 845 338 387 151 200 622 846 677 950 440 815 484 330 666 674 285 199 172 493 482 131 372 123 870 62 200 524 219 249 709 148 888 506 252 562 244 71 208 82 327 277 500 121 496 245 183 562 750 603 229 90 206 492 590 129 437 101 970 946 406 639 560 949 335 812 312 94 36 204 180 532 485 183 106 436 752 964 697 336 212 750 471 704 878 840 161 401 314 294 175 100 950 608 239 42 935 203 995 441 394 70 272 414 245 437 848 193 767 508 170 530 915 944 884 898 936 793 228 46 20 605 188 365 498 385 376 918 116 35 392 810 429 430 865 49 615 298 835 897 538 180 628 651 506 207 3 560 312 638 820 14 867 407 96 668 287 801 295 669 750 298 675 605 228 194 359 463 537 428 806 101 775 168 193 281 731 745 27 114 939 345 549 996 131 347 670 348 900 555 609 521 450 927 28 682 70 857
704 3
590 865 804 774 92 790 434 238 613 773 707 907 572 625 96 603 971 201 66 365 80 91 665 67 615 790 505 321 570 879 337 951 727 500 114 912 808 531 732 675 392 450 159 883 803 979 373 463 515 391 96 71 202 112 431 722 170 227 137 492 333 168 156 894 260 755 541 490 95 952 927 413 132 967 940 963 191 690 764 398 160 880 710 938 262 324 401 149 268 872 267 341 478 778 372 676 557 572 379 381 877 197 769 95 668 587 282 18 230 277 237 628 259 5 190 351 39 997 487 469 167 778 782 78 832 50 434 215 914 138 515 603 777 457 270 989 422 529 244 312 236 22 66 659 352 764 191 303 753 787 71 277 588 131 244 701 800 676 624 32 643 736 108 221 311 671 881 15 31 80 332 429 530 777 929 976 338 618 523 394 244 582 581 48 199 61 961 753 513 562 628 970 343 943 162 789 958 948 411 154 452 577 50 408 496 716 391 850 177 563 901 991 295 809 518 91 371 183 643 227 685 618 304 194 934 88 13 70 223 439 988 340 41 359 314 913 839 653 666 256 61 113 188 6 311 6 590 399 648 71 600 117 372 653 747 72 499 52 496 314 345 879 470 538 282 758 937 293 217 541 506 50 505 503 981 39 53 796 701 529 856 245 229 542 525 609 862 833 107 462 406 307 776 876 782 560 290 494 365 776 174 438 575 246 272 469 367 331 861 879 236 900 701 35 828 102 817 686 591 429 69 707 532 959 401 123 216 382 820 897 651 959 398 106 222 9 109 368 955 353 572 619 551 122 819 144 909 324 523 591 227 876 538 580 565 201 905 847 683 839 696 751 497 746 371 53 903 457 496 706 278 935 655 250 751 969 309 965 639 340 265 340 981 204 781 758 957 515 885 611 703 791 963 867 649 404 724 346 167 888 640 871 211 704 580 888 121 876 215 834 695 787 678 486 719 100 942 497 489 688 142 779 600 769 786 744 213 150 700 699 9 170 800 845 97 106 194 625 739 473 738 537 937 628 312 353 231 725 652 685 126 842 142 372 281 858 736 597 169 648 577 294 205 76 251 957 262 701 488 485 713 780 478 181 136 72 208 465 393 332 355 739 367 210 733 263 724 642 354 252 43 943 458 193 462 499 220 594 20 600 788 516 990 780 359 303 601 609 539 798 245 539 688 141 993 784 361 86 588 778 950 318 648 181 659 612 237 802 35 320 759 116 493 972 32 612 505 293 11 648 798 643 368 9 148 852 731 575 159 825 584 119 464 121 486 392 321 839 162 438 500 400 353 734 615 867 178 880 52 277 703 632 85 830 514 907 45 67 695 849 717 765 66 61 552 391 95 327 140 614 304 636 490 524 900 973 961 43 303 409 51 667 519 553 912 641 672 895 589 972 689 322 274 841 870 397 318 597 487 309 788 201 416 815 44 9 752 75 877 279 350 861 306 427 662 373 597 544 486 259 55 512 401 105 144 865 697 828 492 786 526 908 125 439 314 349 566 970 570 153 778 697 554 450 662 53 115 104 584 105 161 183 950 985 300 654 73 176 316 799 707 867 817 611 847 571 451 714 625 735 558 463 454 435 966 902 781 569 972 799 913 110 170 147
261 7
723 656 585 68 697 402 532 605 950 597 751 665 955 953 545 39 84 810 284 477 640 99 805 880 370 74 512 726 871 70 654 871 41 223 996 924 489 515 779 950 307 713 852 951 884 286 287 729 7 907 155 934 974 916 120 309 887 744 473 756 910 1 639 538 351 305 254 876 8 566 90 569 232 44 304 316 182 50 240 991 901 764 451 456 667 827 280 90 303 565 819 6 557 492 391 798 629 5 856 735 240 131 602 412 713 382 586 442 337 516 859 268 469 597 941 131 89 659 382 966 374 878 531 713 822 375 746 490 273 689 104 636 640 219 102 721 775 337 766 468 818 783 581 243 197 708 290 511 916 504 172 962 28 65 138 82 947 604 178 732 729 69 504 424 633 383 403 118 414 626 756 297 467 441 698 879 320 517 298 737 724 712 585 588 247 69 643 972 944 969 302 236 535 878 247 86 572 577 140 138 489 507 709 366 450 147 8 562 711 503 940 354 355 564 129 465 533 458 617 344 390 266 626 489 422 664 732 579 589 102 958 249 667 399 103 285 393 862 32 913 428 504 833 311 717 297 678 169 268 317 886 86 731 199 329 360 854 495 606 56 30
67 6
222 198 949 931 770 167 743 933 928 19 524 540 785 351 713 225 845 633 68 899 925 975 681 650 847 859 713 608 798 538 591 915 238 670 511 916 560 602 620 460 206 843 861 868 346 778 180 436 80 410 694 569 555 994 523 573 677 419 849 203 925 541 226 94 751 458 983
70 3
534 885 126 810 408 519 690 162 534 231 949 194 629 253 280 273 491 427 786 852 39 386 971 483 369 656 229 829 622 915 345 990 528 435 541 982 280 932 85 974 62 266 485 803 388 174 979 832 682 956 530 385 9 452 310 39 483 374 424 978 881 639 981 142 351 536 164 314 453 55
617 0
280 3 778 56 839 145 1 317 534 420 694 171 472 123 188 127 73 381 518 861 913 756 766 4 323 528 826 855 82 298 590 357 335 432 428 371 195 97 766 175 135 294 786 769 324 93 310 46 6 241 823 545 625 798 928 534 667 463 263 605 253 887 818 201 980 769 600 343 828 710 916 194 394 83 888 680 99 736 221 755 462 400 553 134 778 816 587 825 496 395 352 587 740 979 437 1000 82 545 314 665 212 20 16 388 844 843 69 382 854 652 753 525 594 382 245 520 30 145 466 235 951 449 90 430 299 117 433 251 285 268 205 574 322 590 885 127 168 392 38 463 29 277 64 976 430 418 98 495 39 922 727 851 124 340 578 333 714 807 315 586 326 787 359 407 963 823 586 231 878 36 412 597 967 624 55 325 273 413 553 561 306 327 785 365 984 770 241 209 912 137 869 563 736 582 869 765 913 323 561 674 208 800 78 17 576 613 430 243 56 250 629 360 124 873 893 682 961 696 299 964 583 769 816 311 702 898 225 108 837 967 770 923 610 338 156 785 720 317 43 516 827 276 740 710 440 952 507 654 481 424 801 969 347 187 934 159 879 349 53 441 197 530 31 567 6 755 355 422 959 413 154 510 143 87 204 205 290 986 603 786 1000 323 890 191 728 224 121 815 525 97 76 403 772 516 139 743 68 733 665 314 628 97 230 90 569 425 365 649 587 814 130 944 863 807 860 357 523 371 938 326 506 445 145 669 474 355 344 102 837 190 962 406 398 334 145 86 844 257 518 22 670 251 854 338 724 850 562 828 137 386 428 328 192 641 421 442 491 850 544 814 709 614 846 440 912 569 482 431 854 776 274 323 1000 972 18 689 284 278 714 694 412 331 715 691 447 698 119 487 339 128 971 985 266 961 175 629 974 864 804 701 427 873 526 841 104 0 332 985 212 922 80 312 795 244 348 158 742 63 95 499 531 543 704 112 279 820 343 615 37 933 871 313 895 766 195 242 206 911 316 892 898 639 352 279 720 58 837 590 167 844 180 519 275 497 694 656 916 985 223 367 697 807 887 360 281 741 348 549 997 946 459 661 472 342 634 637 445 492 100 204 720 716 69 937 174 904 251 721 955 752 94 759 779 747 253 656 599 576 390 802 961 913 90 562 765 277 528 573 662 428 961 93 554 826 922 414 603 294 380 97 45 251 879 556 281 913 850 798 735 496 610 396 738 88 253 123 658 173 138 928 767 104 913 41 326 484 699 695 977 692 690 740 611 390 894 829 722 908 378 362 705 803 263 463 754 718 921 973 491 636 511 650 106 523 733 944 699 473 60 164 118 974 76 795 961 111 966 266 20 761 673 714 530 18 707 368 938 414 816 232 131 264 9 288 585 641 923 121 541 245 948 681 574 8 681 671 235
392 1
82 5 518 275 379 954 690 698 623 863 405 930 207 982 67 262 312 300 494 405 418 903 118 236 884 415 563 808 277 38 246 703 919 762 853 367 444 658 184 927 662 601 477 210 605 438 575 817 894 737 608 482 503 844 315 47 309 618 197 648 933 90 469 273 98 721 665 169 976 623 417 620 103 550 864 6 953 685 341 300 981 343 404 674 318 93 651 930 899 972 389 78 200 247 599 906 81 69 459 26 742 643 905 530 906 465 398 376 534 11 640 461 195 108 912 294 901 465 335 761 763 577 37 743 760 659 874 623 808 716 437 981 640 88 335 373 456 593 303 325 317 932 959 12 391 71 352 824 939 50 465 517 475 40 289 141 6 947 343 88 582 482 525 946 633 421 260 957 456 540 816 912 289 226 69 61 829 415 338 961 589 454 63 333 167 662 24 637 902 777 872 973 479 864 507 105 767 95 205 773 232 287 237 360 871 902 909 889 859 319 646 678 710 298 479 610 969 954 346 627 669 280 40 856 992 903 240 234 739 69 221 649 85 546 765 624 270 542 967 454 309 206 953 624 450 333 386 795 641 743 896 19 797 118 506 357 216 519 93 91 137 469 107 137 512 880 405 784 45 646 943 914 319 67 544 9 341 361 505 245 550 454 829 417 708 774 9 593 713 540 561 948 321 116 783 532 773 117 913 309 641 201 478 567 399 759 690 711 666 423 232 778 429 579 604 425 509 446 470 473 758 42 668 805 462 101 812 604 911 241 34 678 794 249 336 320 386 721 974 839 734 688 183 0 317 273 566 125 769 820 698 428 592 13 156 247 782 349 804 944 12 615 315 220 749 546 325 98 546 895 874 429 729 490 485 284 791 669 193 989 72 180 527 683 972 678 637 753 751 460 82 39
720 9
93 501 256 909 815 510 823 301 219 64 135 133 143 619 363 348 655 161 856 232 23 886 281 349 36 900 831 669 871 338 689 981 112 250 663 4 887 206 947 679 971 820 365 85 94 511 945 508 170 482 452 643 655 870 892 30 953 511 765 126 52 332 143 260 869 330 383 996 720 364 996 555 237 961 180 27 543 444 103 70 393 343 963 283 365 941 611 155 482 792 421 584 367 774 123 291 805 882 516 966 0 696 781 632 931 407 366 0 23 142 774 548 341 23 173 577 414 525 660 43 309 541 518 358 270 968 485 60 665 60 704 188 89 948 340 45 803 757 518 48 950 647 688 160 950 979 702 588 220 396 713 786 989 349 42 974 236 100 759 558 41 580 649 401 206 915 319 710 31 587 604 18 678 903 202 392 754 734 361 73 987 878 553 144 373 149 937 867 736 543 159 456 438 859 258 918 631 653 413 546 815 131 107 621 563 368 354 427 979 6 449 946 685 494 742 207 950 450 169 567 522 329 898 413 929 40 435 200 129 903 1000 595 837 464 834 415 118 475 627 801 372 4 846 670 636 553 344 268 415 258 308 442 381 807 499 405 714 87 707 489 679 130 565 925 965 488 901 250 921 847 64 741 552 124 380 109 263 475 871 730 774 817 254 16 340 883 976 431 868 831 652 511 598 46 838 927 382 708 363 921 142 963 881 254 727 457 78 243 542 746 231 725 6 57 51 196 859 191 922 182 970 885 321 773 678 676 160 502 882 396 413 408 113 687 426 339 764 911 608 4 13 850 531 106 88 470 347 573 407 857 565 417 911 855 498 994 608 140 52 437 707 481 224 930 528 714 477 470 614 124 468 17 906 154 121 883 412 65 339 275 157 941 610 106 325 588 547 816 358 563 22 209 854 437 882 95 151 754 36 58 677 411 246 528 143 703 881 118 416 135 192 497 237 644 880 186 617 866 484 793 22 753 298 499 14 716 246 4 536 73 67 528 721 289 74 45 479 87 131 782 182 234 170 344 348 142 607 101 805 917 807 836 502 318 524 131 215 892 9 523 339 500 442 95 222 689 425 875 184 379 377 420 986 776 322 640 308 886 216 470 656 516 653 651 538 53 753 842 31 173 681 961 166 926 56 892 698 861 808 39 691 816 563 11 22 518 737 112 773 500 839 210 754 880 593 461 811 82 28 437 328 344 539 719 21 685 194 560 446 52 53 775 604 249 357 216 950 668 686 555 944 417 33 783 44 931 265 571 791 794 290 841 839 305 889 785 590 741 876 546 863 343 593 229 291 291 155 214 196 653 868 406 466 430 412 660 872 868 299 694 863 139 275 560 608 555 961 206 818 558 339 26 205 924 57 365 412 566 659 18 456 351 787 635 409 234 346 754 424 595 76 804 191 144 63 395 309 815 710 694 611 595 363 978 494 694 403 683 422 950 492 548 497 633 136 908 875 821 116 715 359 833 842 869 942 200 556 283 766 100 802 575 551 453 593 785 160 227 359 425 909 735 324 69 398 472 950 680 147 382 348 255 864 344 84 898 240 955 802 369 751 279 706 189 401 318 93 854 444 472 242 862 56 751 352 266 562 972 888 498 819 966 706 626 913 256 271 949 537 337 506 670 109 296 370 811 415 148 525 884
57 3
1000 296 657 626 989 492 611 244 815 895 32 151 132 63 785 668 171 217 843 610 595 856 726 487 918 384 922 484 923 386 526 836 809 349 414 931 842 486 542 333 237 567 409 645 790 409 727 67 842 868 131 497 608 647 310 317 504
39 1
16 674 295 629 280 950 1 114 713 99 837 115 513 18 191 209 195 733 266 39 288 449 430 336 224 452 314 506 823 6 1000 528 646 928 566 688 155 89 809
210 2
269 104 56 710 328 627 688 276 392 782 961 700 150 311 748 215 699 165 154 322 196 349 399 853 840 470 931 595 18 852 637 145 142 78 730 738 309 255 248 89 697 777 121 795 144 0 757 475 223 461 930 114 963 823 200 579 379 385 606 71 786 512 921 69 282 210 811 281 890 27 419 197 512 569 787 807 686 620 348 633 759 632 966 82 334 5 36 382 668 857 931 878 757 617 872 769 247 624 347 680 205 367 286 78 855 580 757 619 925 337 160 934 792 321 608 605 409 142 767 59 30 432 863 898 225 276 92 808 953 796 816 373 170 515 552 677 498 6 388 865 673 160 33 892 902 442 444 863 957 861 884 183 547 548 994 157 191 483 368 581 163 38 101 168 663 610 837 170 876 70 150 9 538 112 527 815 592 425 66 629 853 459 740 753 368 134 89 963 661 549 447 42 807 53 489 478 546 645 37 384 106 607 607 158 662 292 984 724 648 167
648 4
582 642 344 456 318 474 755 422 500 746 935 297 644 961 472 336 40 373 881 7 287 365 934 629 886 335 677 532 49 486 33 479 583 318 156 142 38 329 480 988 411 135 253 18 386 943 288 995 645 404 47 307 224 744 995 590 687 428 925 566 813 169 319 67 137 236 80 431 678 392 317 71 758 118 957 5 638 67 431 549 453 949 223 931 552 700 898 392 2 315 683 110 303 987 662 932 603 333 13 936 9 529 476 778 607 121 510 420 248 849 916 8 427 300 251 958 752 547 282 835 469 184 172 95 599 143 221 13 963 416 404 65 938 496 99 235 517 902 521 299 399 498 701 852 52 354 394 755 332 163 48 439 913 324 548 188 811 179 211 284 678 532 215 624 474 868 273 221 667 870 291 123 814 322 422 586 328 386 326 934 691 335 492 532 19 20 252 134 758 96 493 525 848 688 799 909 596 327 519 473 542 937 9 150 77 548 873 587 548 521 300 326 552 956 826 140 239 97 224 991 444 812 480 843 198 130 649 558 814 787 614 297 248 156 124 882 90 377 403 501 318 70 586 572 418 966 313 343 168 944 891 95 887 586 517 847 400 417 570 917 291 952 395 506 225 65 474 203 739 80 565 899 854 294 124 562 132 999 6 362 662 176 18 626 902 368 998 986 807 412 7 9 828 458 638 760 146 336 968 36 948 518 390 172 154 740 127 299 506 719 344 433 772 2 961 410 836 806 657 368 570 957 873 349 681 339 460 206 414 237 247 266 199 394 392 743 243 251 400 536 652 767 396 511 881 447 250 823 391 8 530 767 707 384 808 256 452 533 443 925 746 562 114 803 704 369 999 550 505 931 318 628 708 761 571 293 874 393 476 643 324 70 398 864 914 761 210 121 116 673 823 85 62 61 640 488 881 689 303 774 376 695 21 916 891 626 219 391 170 254 510 365 572 168 463 483 670 686 233 388 13 674 10 967 431 175 388 566 960 715 541 250 568 921 62 247 312 626 320 691 199 790 515 434 250 311 302 395 774 413 724 939 854 932 242 733 785 464 430 969 151 734 170 166 42 284 40 555 462 87 302 584 255 545 317 630 255 177 599 209 826 492 745 525 775 582 336 321 453 971 788 521 673 307 232 304 935 97 848 353 139 396 336 13 539 152 404 698 362 375 929 945 566 964 678 302 803 465 266 656 787 983 123 776 776 316 353 614 150 355 373 276 723 976 241 116 320 568 462 907 113 386 572 111 904 205 335 399 535 93 95 699 906 621 435 470 866 928 155 189 462 910 71 393 856 149 261 738 929 681 318 956 350 504 301 637 972 785 194 200 49 758 140 452 357 23 742 18 344 721 400 18 885 370 525 695 441 2 776 986 436 883 804 313 698 270 819 834 489 5 204 392 259 142 560 663 69 207 343 363 117 142 140 105 972 749 373 863 550 963 734 733 591 509 858 888 45 671 455 103 946 447 574 282 715 305 603 151
370 0
207 557 635 181 65 11 795 665 51 399 778 551 200 509 24 642 225 299 863 396 155 123 123 263 122 793 946 220 969 247 651 225 960 112 422 924 658 160 415 903 881 712 244 303 869 395 214 645 558 228 877 762 685 283 712 518 718 406 781 541 185 631 433 80 36 508 752 999 659 905 48 323 914 493 553 996 987 491 167 847 441 450 821 485 493 320 224 313 275 750 107 375 466 185 58 549 899 862 539 590 964 811 990 349 0 566 859 283 974 860 560 604 136 512 571 323 770 679 692 320 933 99 614 740 659 110 511 691 941 209 617 541 545 430 158 216 840 146 894 652 882 44 566 476 793 390 727 822 219 616 612 674 55 616 218 222 893 815 378 397 303 96 150 319 609 706 352 976 908 221 276 332 26 964 436 280 211 893 874 992 645 737 552 167 957 392 703 692 847 802 52 981 301 391 608 982 858 91 122 113 787 928 69 144 111 160 824 80 216 889 3 999 480 624 402 136 360 443 521 519 643 456 946 152 968 256 823 676 621 456 949 795 277 214 873 579 804 275 817 185 619 266 197 908 867 845 220 417 877 103 713 299 7 25 32 332 529 440 507 420 40 383 859 182 337 191 728 654 216 314 828 337 129 3 911 110 609 982 897 124 55 723 65 414 297 466 367 585 508 254 271 148 741 101 476 78 393 832 944 419 23 702 53 321 884 980 690 237 922 83 759 856 577 614 52 163 884 335 981 186 714 169 851 80 220 596 760 460 94 569 891 697 28 174 257 654 252 977 718 271 263 297 673 458 625 299 35 864 113 150 116 2 793 601 376 929 435 969 730 872 392 939 374 410 441 44 529 812 50 804
22 0
575 391 748 913 36 513 68 903 3 280 674 137 918 296 273 132 576 314 456 827 407 981
208 7
825 845 810 513 936 362 11 959 574 551 978 287 856 178 747 175 816 508 894 220 745 5 80 177 869 667 654 139 491 587 15 420 619 35 994 606 523 659 182 320 722 969 518 387 172 538 586 434 195 10 177 509 979 976 117 776 152 526 241 431 362 544 730 539 532 426 380 601 510 248 725 791 700 127 61 710 972 110 288 70 716 944 392 529 609 722 819 919 403 126 328 220 627 448 70 281 816 34 511 907 638 289 82 98 214 368 212 544 570 620 466 16 117 678 19 298 754 792 63 461 364 694 237 667 466 295 301 899 468 10 298 138 193 352 16 550 42 598 337 656 655 34 14 908 212 22 50 712 544 115 798 556 223 40 621 814 183 634 243 71 663 909 526 551 191 474 386 969 466 718 203 428 534 480 51 885 602 534 22 290 122 236 405 24 844 820 923 251 418 203 273 407 383 468 137 79 352 962 113 759 510 427 459 552 699 602 258 108
890 3
180 116 781 58 805 90 368 856 700 209 783 235 154 518 305 538 645 820 885 376 843 420 269 838 491 622 733 314 125 934 320 563 799 632 935 296 194 737 317 703 319 138 280 992 472 292 513 647 811 656 610 828 453 256 494 842 251 307 505 372 244 46 631 656 532 863 60 408 495 483 313 708 218 935 180 432 787 154 673 80 284 45 948 500 973 157 768 574 428 718 109 887 370 286 303 255 8 159 861 602 107 104 453 67 871 8 673 793 463 350 546 786 143 32 381 727 693 788 371 150 394 664 10 420 915 628 229 175 248 272 205 391 367 661 670 757 375 359 490 42 600 836 456 508 628 372 213 910 401 442 384 265 898 31 645 723 589 369 366 860 130 997 28 578 267 993 834 662 218 456 962 904 835 324 510 876 104 886 966 731 855 940 909 168 860 320 120 129 802 799 915 526 179 911 698 256 977 783 513 597 472 69 925 653 838 955 53 510 456 937 960 599 446 11 949 749 752 857 159 2 256 985 717 343 445 983 18 69 592 239 579 474 262 24 749 750 339 120 532 305 752 988 716 424 91 776 405 497 921 510 815 559 251 110 195 794 99 467 667 765 180 129 756 547 227 277 291 550 686 472 529 230 57 605 113 652 676 666 775 82 388 853 529 598 744 577 748 706 58 750 294 819 606 405 20 145 204 745 505 333 466 737 629 63 2 356 717 665 334 398 28 998 192 706 786 715 978 582 147 162 799 129 536 336 570 745 559 564 928 171 970 76 230 844 217 299 337 930 428 534 11 557 266 981 207 798 598 644 167 492 166 218 626 619 180 934 131 699 435 952 810 68 637 427 105 156 160 933 799 363 603 751 12 842 526 190 910 882 947 163 791 940 469 816 430 872 226 849 10 55 370 778 731 954 351 506 432 242 168 784 181 75 609 852 423 619 258 824 856 544 336 24 496 376 250 814 325 234 879 205 287 13 927 813 451 139 418 488 574 136 124 11 675 896 812 67 438 797 631 620 849 482 356 919 842 38 509 212 787 419 649 917 455 842 760 72 982 574 73 960 229 576 408 911 23 484 375 642 797 317 84 506 82 7 533 255 956 226 776 766 158 240 782 989 866 377 141 728 904 269 988 456 266 826 11 962 658 35 712 819 766 296 489 69 740 366 384 984 381 453 38 624 293 449 359 767 439 132 650 847 989 883 106 380 670 369 513 650 379 351 645 507 349 21 303 305 998 373 798 162 265 164 887 680 144 703 897 92 485 717 424 253 457 335 99 733 61 102 647 210 917 360 402 194 938 803 264 842 834 486 301 644 311 519 419 363 762 84 36 54 913 215 717 676 642 591 959 286 490 831 183 590 43 819 630 897 202 581 402 567 393 743 401 260 577 803 387 826 898 374 87 297 36 699 175 639 543 333 362 392 108 733 511 91 286 924 818 720 546 725 759 339 891 319 496 833 989 971 691 179 75 642 118 723 714 922 292 566 385 416 924 692 907 446 990 80 752 430 391 237 181 842 310 979 64 975 675 877 529 442 128 944 339 736 557 369 871 819 934 792 735 766 943 99 625 410 239 458 72 540 574 452 660 391 186 768 484 138 371 34 87 409 795 935 612 470 290 786 489 677 16 513 841 893 361 418 47 543 308 781 716 393 213 680 475 770 179 621 832 382 388 592 214 496 47 568 46 635 137 55 362 115 189 733 411 420 288 74 938 695 331 854 906 748 811 845 994 182 46 296 940 958 776 816 269 918 14 19 970 953 705 885 592 330 421 663 721 299 739 830 436 899 348 602 582 101 59 941 265 243 269 554 163 586 69 898 921 762 572 440 311 431 61 31 541 263 447 325 767 370 376 219 633 993 337 59 429 823 660 652 743 741 815 525 755 271 283 291 190 779 755 596 946 151 301 858 234 924 723 712 644 557 951 36 220 620 318 181 94 22 997 59 58 665 596 595 811 637 492 276 58 864 110 392 931 489 823 698 451 949 290 908 835 220 829 183 977 694 812 198 12 501 422 976 36 719 651 354 807 250
507 0
145 479 863 279 226 801 270 266 384 936 865 233 552 511 95 677 713 844 735 436 733 501 589 540 418 901 54 856 975 524 587 883 706 572 493 976 583 740 199 569 558 492 130 253 771 28 696 137 204 171 315 358 765 901 797 81 817 245 106 331 658 266 852 904 620 829 973 563 401 97 31 94 675 943 196 845 552 356 452 770 323 704 138 591 474 285 815 730 350 518 186 85 34 627 799 483 832 207 955 924 818 659 628 857 581 534 833 505 565 735 650 66 512 276 784 723 331 555 393 108 283 548 459 941 11 913 356 507 68 133 452 505 749 848 322 406 232 93 545 903 858 130 473 849 616 944 223 810 588 538 37 932 559 632 275 554 526 107 700 103 562 904 933 323 319 896 102 917 235 465 182 926 796 148 615 717 419 223 157 33 898 850 104 72 232 555 846 714 506 991 502 730 16 4 78 661 988 442 130 986 850 287 317 210 810 511 238 950 517 83 755 634 851 366 39 168 234 511 224 725 763 737 998 343 914 246 484 438 707 240 479 421 166 473 585 646 160 696 359 198 617 702 942 646 297 930 524 852 765 72 700 684 650 532 691 855 611 660 310 260 61 169 377 957 469 747 492 132 645 933 432 453 346 500 572 214 314 892 584 428 823 606 976 674 767 707 813 59 913 944 934 611 346 222 155 740 176 393 270 749 292 276 923 406 624 171 171 371 23 487 289 481 93 260 924 792 617 129 371 213 923 913 818 666 404 787 977 918 651 50 715 411 969 696 918 251 828 114 469 54 501 123 512 94 348 252 714 509 390 793 326 144 716 256 120 426 849 907 81 563 310 217 106 876 410 475 80 425 447 603 271 576 840 691 496 182 49 799 131 282 850 400 220 816 431 543 781 381 487 273 387 901 791 985 542 958 66 465 97 278 641 188 526 667 704 723 221 921 362 803 452 508 99 182 533 130 1000 298 417 560 186 223 147 600 225 539 80 642 648 35 625 429 943 167 60 548 73 729 609 880 814 868 879 659 448 842 234 214 800 856 567 520 99 464 949 970 361 745 225 565 159 498 206 444 404 912 765 26 61 780 230 128 133 630 255 839 513 100 139 964 856 615 421 384 400 259 886 384 987 553 647 367 892 100 883 478 13 228 129 609 684 230 31 25 40 879 677
626 8
866 307 116 786 313 819 472 727 1000 495 19 371 618 814 347 152 341 389 680 781 519 806 997 176 877 339 476 251 541 664 184 719 478 655 671 999 310 626 828 878 261 963 359 731 862 546 690 837 154 741 259 119 59 742 220 890 257 379 723 150 537 65 954 437 124 611 470 602 206 73 486 845 588 267 397 8 71 703 223 49 719 963 703 92 382 186 241 668 31 905 550 681 799 739 759 419 114 529 191 59 420 133 406 341 541 567 226 522 349 285 260 160 525 766 802 979 175 960 649 556 134 685 302 232 122 448 187 440 41 564 578 622 65 137 586 514 202 487 81 705 128 817 598 886 951 827 732 767 350 214 833 380 351 10 912 909 109 999 51 345 258 842 413 887 801 378 764 986 729 980 722 450 607 4 221 552 173 762 945 487 273 769 726 913 834 86 364 142 844 804 222 569 35 426 268 863 418 792 98 385 655 979 657 593 789 275 950 677 937 444 396 223 428 708 935 340 513 488 121 586 403 250 553 457 318 715 468 988 914 931 22 976 115 298 180 253 372 981 45 121 347 337 248 616 712 61 688 839 614 9 915 381 143 3 0 738 469 572 550 172 944 583 164 855 257 140 589 121 517 77 975 599 542 760 417 776 29 17 876 44 848 734 499 872 378 357 253 783 355 221 922 938 451 737 695 136 956 814 279 457 171 742 151 575 139 678 18 714 678 248 217 78 16 303 538 102 618 584 396 648 542 825 554 940 100 409 707 161 573 489 129 492 688 370 560 417 212 801 850 531 95 473 627 65 95 77 935 868 375 730 327 410 659 984 825 275 856 691 695 30 282 459 607 975 864 260 902 805 876 721 576 396 735 915 2 930 678 855 602 292 846 379 924 210 100 933 899 724 148 592 9 320 816 58 728 127 9 632 920 754 294 130 175 546 603 386 659 206 494 721 42 409 991 647 72 527 455 58 517 796 81 782 170 851 222 913 154 51 501 55 911 586 934 124 155 883 739 503 988 943 603 403 676 756 569 814 344 32 271 858 641 702 706 861 221 460 667 132 539 512 545 522 317 676 489 469 944 526 86 789 655 532 41 153 13 723 183 801 349 396 941 747 192 157 724 119 471 447 356 312 876 367 514 725 63 743 303 261 439 107 331 589 49 255 540 611 965 287 525 306 400 697 213 446 174 217 741 366 450 239 449 551 340 365 357 229 886 153 992 519 217 813 840 496 680 852 891 430 840 64 167 616 235 234 67 473 341 60 403 568 570 682 18 859 707 957 166 730 771 352 682 236 683 0 619 834 704 11 467 310 916 933 692 73 781 209 178 406 221 315 759 98 284 25 663 736 126 8 736 405 326 999 369 114 721 493 378 917 377 818 439 803 689 865 29 103 496 599 104 913 622 994 82 952 694 133 646 318 384 747 75 306 202 601 89 419
229 3
418 248 770 295 287 662 607 348 442 439 790 367 15 553 564 850 107 403 812 663 708 835 186 824 322 24 20 993 148 838 620 649 182 328 988 904 339 936 70 179 186 54 964 476 679 47 767 391 412 420 213 370 899 89 680 381 326 381 631 955 533 412 653 616 752 699 517 234 495 830 389 93 940 45 62 907 632 776 514 685 310 933 955 350 759 327 428 28 447 327 584 114 509 410 860 527 796 847 546 106 516 134 749 932 697 280 889 841 625 212 260 33 73 291 304 202 624 627 101 788 912 234 76 396 209 777 690 924 399 449 727 369 241 781 429 237 740 366 877 867 884 842 906 769 390 976 958 881 356 829 219 796 704 831 695 34 983 667 486 759 717 148 228 14 633 842 63 261 736 862 633 869 771 970 661 808 750 583 865 743 431 313 984 766 507 541 749 462 862 933 965 237 422 648 763 773 976 207 599 973 660 504 964 694 593 520 194 981 836 28 352 107 962 738 294 387 118 522 166 533 747 167 117 332 962 315 488 475 471
459 9
585 762 612 92 362 144 975 978 69 338 360 329 362 280 679 866 416 189 226 902 146 696 987 782 97 322 398 700 909 254 85 530 8 686 108 190 90 691 42 101 416 326 370 672 464 11 800 532 814 720 784 114 249 92 375 314 450 319 497 758 347 187 806 452 351 384 286 684 92 599 79 726 599 885 621 166 8 575 860 862 780 670 268 756 8 873 517 151 598 803 355 602 187 443 753 769 20 827 694 17 703 169 493 150 727 464 518 693 432 128 654 539 564 612 277 396 299 775 133 106 1 262 703 10 646 932 867 817 857 365 803 325 140 236 394 569 246 958 448 720 531 702 483 270 22 656 796 329 797 690 53 728 880 50 312 418 122 646 767 743 326 230 104 769 467 325 339 817 621 505 45 182 496 431 368 661 814 489 936 433 348 250 831 200 263 404 246 844 947 829 211 781 256 245 486 323 240 469 612 72 907 437 667 498 121 667 772 389 979 693 533 195 825 497 506 389 603 595 403 97 928 303 960 404 725 607 648 313 444 130 879 489 577 224 647 479 471 174 985 868 797 710 997 320 900 626 534 429 401 385 794 570 278 402 295 155 354 762 593 277 131 752 719 162 823 124 59 519 241 772 403 244 364 19 490 210 281 182 568 634 227 721 85 374 799 283 688 256 171 671 252 692 7 87 721 184 516 997 352 851 868 143 613 990 374 18 628 836 868 199 3 790 426 925 701 189 300 706 426 5 744 501 96 1 993 751 723 698 387 962 371 581 386 476 590 291 158 104 398 384 238 512 518 860 972 224 296 109 754 774 265 47 308 209 603 36 698 296 128 270 125 259 114 295 383 526 343 652 348 386 148 483 998 394 424 550 167 758 910 871 598 669 149 771 944 788 140 946 379 650 509 38 941 582 313 214 759 963 987 194 957 330 715 332 193 734 465 685 501 29 251 875 108 121 23 853 828 958 823 449 747 195 520 582 163 65 501 938 881 129 219 165 164 160 110 921 367 786 390 868 590 639 827 95 235 609 680 677 81 373 133 584 291 273 668 698 816 762 167
672 3
86 613 746 557 306 66 380 546 765 258 241 431 979 171 169 258 885 762 735 408 513 522 114 970 159 942 210 654 529 810 286 921 114 795 429 982 118 899 324 907 215 629 872 387 427 243 513 961 708 851 523 551 362 303 316 192 935 106 668 902 719 544 856 909 791 63 4 693 899 877 723 274 738 426 997 196 622 555 342 526 262 674 988 671 76 13 999 112 451 338 390 277 523 389 261 89 894 743 43 594 906 278 797 410 477 627 336 328 305 761 295 301 970 301 740 668 74 843 575 15 894 540 950 416 396 875 362 46 259 15 113 353 978 507 999 669 821 970 556 762 622 543 681 587 544 178 882 791 277 429 476 3 433 590 447 91 469 499 138 787 702 333 81 921 187 368 72 249 229 968 201 493 94 820 597 354 277 993 995 327 630 179 802 357 622 196 705 913 566 627 722 983 17 450 720 80 588 663 737 998 682 160 681 359 1 946 74 269 243 534 637 433 395 767 486 426 705 31 880 288 59 986 383 522 395 161 797 534 196 893 297 549 944 488 6 115 884 235 747 23 80 523 806 162 240 506 878 352 365 940 848 675 798 502 172 729 963 195 680 346 41 306 997 163 169 395 156 349 966 123 346 655 689 858 498 816 441 978 707 495 461 23 142 305 603 531 998 970 837 529 352 77 586 157 260 353 549 707 844 808 681 532 474 705 824 526 595 393 362 507 455 171 14 148 707 913 13 81 612 943 193 949 118 558 722 733 597 917 330 517 942 928 126 672 147 924 968 151 925 424 886 251 242 884 577 576 487 4 558 391 141 874 653 711 522 605 548 705 935 173 523 707 466 127 291 470 92 715 146 382 55 993 105 356 981 584 958 965 506 113 233 718 588 427 733 913 573 899 968 807 668 72 877 410 432 438 609 492 515 138 217 511 276 471 746 883 195 675 791 256 695 129 168 807 248 294 419 17 676 298 540 413 146 735 666 107 886 640 358 269 526 991 553 136 468 857 1 903 133 177 712 709 446 969 465 60 964 354 660 927 317 962 582 998 655 177 902 96 559 472 361 41 388 626 227 629 383 764 454 266 829 276 134 810 452 117 34 160 151 262 89 293 721 824 438 711 239 846 496 643 368 293 741 986 398 764 697 796 591 877 817 755 22 926 569 747 522 790 28 121 687 814 868 166 258 630 201 416 910 900 329 319 229 814 694 881 892 560 332 650 493 574 753 400 85 863 16 821 585 37 461 558 9 586 599 963 877 268 8 911 782 737 703 620 734 89 813 279 38 737 910 675 851 358 491 566 587 164 587 406 156 992 782 749 232 495 385 312 67 107 912 592 737 295 970 56 946 417 225 79 626 837 861 170 660 183 608 503 802 958 301 259 75 976 421 713 762 386 311 755 448 957 905 214 933 697 634 925 525 523 991 35 754 46 622 875 834 307 124 897 132 548 460 567 851 434 124 194 900 449 49 989 963 758 20 175 794 682 298 838 568 978 448 802 190 368 492 717 487 438 517 360 683 899 748 884 385 267 469 810 720 405
138 4
154 50 1 356 726 562 977 966 207 548 920 183 978 248 941 104 594 342 538 16 453 434 692 756 125 618 169 875 432 276 875 567 682 948 769 663 213 812 989 541 291 853 343 418 597 513 976 956 475 391 720 310 729 528 720 16 76 117 798 750 559 244 916 6 77 995 367 383 823 210 842 254 427 669 990 5 354 780 279 551 150 102 883 955 749 200 104 531 657 435 561 431 133 894 519 569 432 481 546 809 596 581 933 97 903 403 277 354 581 924 797 412 75 635 252 105 94 931 166 659 650 834 449 53 915 951 175 650 258 894 640 707 577 905 668 679 916 84
421 3
885 884 985 740 68 152 756 750 778 883 748 834 196 38 437 505 448 790 282 321 954 913 795 68 107 896 927 1 751 389 788 630 950 989 255 718 231 429 197 145 553 409 663 370 284 190 862 127 152 235 508 548 218 571 366 727 404 395 301 790 174 574 546 766 297 657 85 864 552 86 620 247 142 631 892 526 801 457 35 741 976 732 234 930 516 577 273 790 505 425 702 629 537 787 811 300 645 528 889 563 911 557 128 108 21 69 863 537 998 960 622 994 42 871 794 617 828 418 466 272 351 581 41 497 537 550 301 590 250 694 986 229 512 93 59 115 513 448 319 781 603 401 288 892 6 957 435 788 58 418 777 312 746 800 80 78 460 120 528 348 926 108 809 941 504 465 20 629 156 894 760 835 206 828 376 213 216 61 484 263 398 171 345 341 798 450 524 103 556 336 760 846 197 519 747 396 668 535 294 693 896 490 217 407 401 262 756 765 105 896 309 706 44 59 97 25 764 37 468 863 709 809 534 81 721 326 491 976 311 380 292 695 722 50 170 275 239 266 971 543 920 516 351 374 925 901 621 706 505 386 231 572 407 845 588 755 178 376 216 423 446 56 643 448 735 28 833 908 272 988 410 432 860 557 488 710 326 531 285 826 527 11 837 472 207 430 310 832 496 270 648 197 915 721 785 180 103 580 839 637 580 700 464 799 808 515 212 292 947 842 355 243 215 606 832 104 375 333 863 258 719 586 245 212 181 654 139 983 262 968 914 945 768 228 290 711 659 280 686 281 53 281 46 739 550 566 627 181 310 731 989 877 201 405 94 730 242 799 782 872 449 801 951 189 585 280 886 532 635 707 610 629 339 670 577 123 505 12 577 593 729 996 618 404 813 1 592 501 412 971 185 809 442 917 937 162 664 385 309 730 22 909 674 204 69 982 804 162 904 822 591 443 522 30 407 252 674 296 232 73 216
536 3
992 996 905 375 64 630 693 717 459 184 222 387 290 407 273 842 504 829 938 65 330 511 337 705 925 420 852 542 315 755 625 613 222 726 963 404 736 444 344 238 506 237 381 275 332 885 351 748 64 480 204 887 891 952 527 844 704 273 162 380 268 111 826 301 410 500 88 37 209 167 321 17 342 349 351 870 672 78 107 957 37 907 824 399 396 251 214 281 377 930 593 642 704 505 651 803 302 805 147 128 768 441 967 123 696 399 132 261 620 624 137 982 241 595 679 13 747 761 899 620 684 640 765 381 644 174 713 697 624 183 735 963 175 14 230 883 277 27 158 969 754 536 44 320 750 127 664 942 720 728 811 339 32 139 708 718 429 308 55 451 232 137 343 422 863 688 262 666 95 762 975 147 540 168 1 71 301 306 379 779 237 379 807 646 608 131 215 888 926 10 83 659 706 241 359 271 803 223 670 379 686 838 375 219 832 888 582 97 194 230 837 372 580 584 690 555 636 902 982 514 161 95 566 432 172 254 92 703 974 998 692 847 274 773 508 351 686 241 419 95 547 98 346 538 577 241 134 861 627 920 347 599 595 353 582 327 628 409 439 974 743 314 40 824 494 780 616 534 305 238 86 115 232 646 216 549 463 429 252 961 380 89 122 852 949 824 170 485 770 677 39 628 363 38 939 663 900 576 253 184 759 256 561 919 76 782 480 667 594 490 772 178 334 850 667 366 271 223 546 827 633 428 542 552 41 579 297 523 229 991 31 134 655 583 796 842 78 532 890 268 98 985 726 185 379 214 701 517 497 303 4 541 576 987 568 147 375 705 559 967 185 164 180 611 650 717 121 621 973 789 495 798 809 235 490 441 475 494 324 219 11 212 719 844 900 294 952 62 269 538 181 915 860 344 674 359 961 505 380 388 389 978 499 382 375 900 642 818 121 309 408 219 446 509 760 177 63 947 300 896 549 284 770 563 645 803 75 821 698 128 403 501 731 181 106 44 28 827 473 384 124 479 613 222 21 314 49 484 330 231 378 273 572 207 500 341 676 813 698 192 938 149 803 435 149 860 779 188 296 869 348 657 323 355 104 171 902 321 529 543 576 427 781 254 824 33 996 337 260 103 902 286 589 486 15 996 70 148 158 772 289 503 216 646 104 120 529 722 44 265 686 768 549 942 288 330 155 184 974 841 543 412 596 504 589 116 672 845 633 386 975 215 931 376 991 171
479 9
824 280 601 663 352 263 377 8 110 892 329 508 956 683 749 85 79 798 179 382 31 927 682 621 210 566 842 126 103 57 357 88 476 418 465 748 2 244 504 892 681 607 751 895 983 547 756 449 558 43 941 165 939 64 304 246 211 265 891 177 619 20 911 699 907 382 236 265 503 826 114 475 661 692 406 267 789 589 971 581 911 786 447 509 60 25 330 447 688 143 593 737 903 96 641 416 367 669 638 650 839 301 42 557 317 953 98 176 308 285 601 319 722 675 87 72 8 487 992 143 780 405 552 928 399 963 451 557 712 919 449 382 665 361 608 345 167 709 929 605 285 220 861 940 774 978 458 867 705 608 509 416 304 580 716 653 638 411 376 868 644 599 214 89 118 115 261 366 796 497 476 62 931 48 292 926 847 791 823 965 813 512 780 677 955 45 385 351 291 994 575 391 254 648 996 971 656 396 808 443 994 578 695 355 867 992 305 119 56 734 426 98 246 763 588 110 261 992 218 609 725 18 299 464 546 675 121 749 73 762 333 169 629 857 265 918 995 602 273 715 705 373 452 412 250 786 272 450 118 85 357 510 154 743 822 632 586 862 748 452 210 338 444 337 791 608 632 334 382 218 464 752 322 123 402 237 141 352 360 497 215 46 989 712 246 177 330 18 673 443 544 256 699 354 672 52 774 596 306 767 607 100 823 333 324 9 723 906 180 755 237 73 712 807 790 949 100 429 680 81 334 962 696 395 894 319 649 624 289 7 11 685 377 869 433 838 592 344 888 599 253 517 744 693 345 488 229 170 827 917 752 880 273 790 123 181 33 554 729 355 363 536 760 32 78 120 384 446 777 975 170 109 929 305 974 841 42 178 336 211 25 826 518 79 13 230 145 139 191 918 900 254 933 860 772 839 62 899 541 246 901 58 973 364 461 626 565 809 714 278 187 823 212 926 138 208 451 976 116 929 570 793 569 28 362 36 661 856 135 221 499 474 934 574 52 628 451 998 240 460 172 510 259 83 620 826 53 55 402 112 787 475 836 4 691 218 852 235 674 497 93 233 44 914 723 640 431 240 871 573 307 762 684 404 980 715 715 334 242
612 6
572 141 199 390 215 299 210 295 23 21 874 998 984 336 209 856 99 116 942 977 260 510 571 451 751 842 547 120 212 65 478 744 2 981 67 183 322 175 538 43 336 620 965 816 693 250 169 983 380 241 577 480 920 482 847 664 402 295 908 78 971 112 639 653 591 998 232 494 999 441 539 120 445 210 347 292 246 949 631 331 98 717 382 281 374 175 886 595 636 474 512 404 432 868 161 13 517 197 443 723 834 212 576 428 59 309 564 249 55 88 190 504 157 367 68 201 512 200 496 66 955 270 562 489 524 240 415 689 752 991 312 289 786 16 477 560 461 375 201 774 436 643 606 681 317 649 120 259 646 342 979 382 541 494 420 924 39 952 104 909 837 907 787 14 943 873 80 393 503 124 558 9 478 814 968 429 321 210 777 575 176 188 756 720 153 518 512 166 191 251 530 543 406 956 941 330 665 846 120 733 287 366 946 583 482 7 999 618 765 869 821 946 125 289 572 813 220 893 481 56 616 249 241 118 366 787 26 974 380 839 745 571 423 243 211 614 442 922 618 100 476 4 667 453 444 406 512 885 727 14 814 740 411 687 585 901 790 225 139 458 792 354 604 941 277 368 596 528 647 966 877 177 646 544 913 270 806 928 17 357 790 31 268 33 675 60 321 694 804 497 237 229 957 608 64 558 150 189 292 236 294 971 13 221 528 549 289 871 390 768 689 242 958 728 833 419 50 142 476 276 466 36 421 263 620 329 872 261 566 996 76 835 233 299 723 686 38 147 439 155 614 852 591 279 218 351 851 60 442 443 1000 495 469 318 975 463 880 557 136 723 461 786 460 918 858 772 276 910 368 520 855 933 864 243 519 725 122 987 71 856 251 762 534 647 300 274 153 521 178 572 725 618 177 875 869 931 922 343 395 968 918 15 239 858 694 536 607 747 827 141 939 862 956 790 301 640 1000 287 935 340 170 109 581 354 981 56 701 62 523 865 9 832 415 270 102 481 603 72 933 661 202 359 436 391 655 694 700 58 67 102 118 303 924 557 992 285 111 929 174 282 765 52 574 504 832 552 731 540 848 794 807 295 190 670 24 822 456 620 973 19 589 165 219 505 926 292 355 202 146 421 710 323 301 127 465 906 665 451 383 964 560 717 790 829 670 718 249 833 408 800 421 428 322 1 81 153 759 763 679 490 198 496 493 431 232 980 596 33 849 929 146 514 112 34 168 294 985 393 758 533 1000 321 400 918 830 84 579 452 604 490 35 709 969 921 364 781 731 396 571 895 353 252 416 907 891 733 698 598 206 727 535 831 354 679 794 61 607 914 897 620 691 559 764 364 761 896 493 361 587 148 971 917 522 592 106 440 642 197 162 164 735 345 268 278 953 848 768 942 760 42 296 844
89 4
130 534 206 389 518 259 334 707 737 298 485 476 718 47 667 843 847 575 225 529 533 752 143 465 459 679 964 897 19 242 925 777 622 480 390 909 978 3 947 943 453 631 627 527 752 207 848 762 658 358 557 501 889 48 302 49 858 970 779 696 61 343 189 792 545 51 466 712 383 117 435 62 692 669 302 186 519 40 413 32 916 746 461 267 853 41 571 584 845
32 3
586 125 301 754 534 336 623 121 739 304 229 179 907 3 554 110 182 583 629 403 775 381 370 910 387 168 911 973 185 395 813 254
534 7
340 912 671 818 387 199 919 445 324 445 437 386 951 244 573 599 881 343 761 824 643 248 424 941 815 434 688 207 68 971 868 36 329 381 937 511 825 313 376 182 573 97 705 211 358 987 549 368 87 515 745 509 586 320 864 777 27 656 639 211 676 758 266 48 660 381 29 824 885 314 261 400 543 982 503 22 751 152 80 549 264 841 598 665 390 262 187 588 769 216 128 821 408 494 458 219 940 807 162 800 719 410 245 494 464 374 910 679 743 143 637 144 888 828 474 994 784 124 927 683 761 653 968 630 777 250 697 750 835 493 785 384 924 575 907 399 528 843 301 395 427 79 54 187 73 516 340 302 370 993 252 781 96 440 486 442 146 728 447 240 466 117 524 760 400 260 206 10 414 229 167 680 887 383 646 178 870 914 556 14 450 943 796 481 87 371 533 602 503 769 990 393 535 778 847 687 313 415 703 335 138 889 26 660 852 170 142 338 281 50 102 535 30 630 302 392 578 396 1000 626 470 490 936 915 828 958 300 18 594 468 520 273 789 298 266 76 955 206 189 675 864 903 377 732 187 859 242 75 438 865 891 40 915 834 76 12 846 788 344 452 335 358 502 965 311 206 943 80 156 217 366 782 595 311 304 725 482 491 296 596 613 405 519 265 983 156 43 76 491 947 357 965 569 497 406 162 27 600 174 823 405 284 584 531 263 727 746 883 840 415 342 491 766 566 710 507 736 811 680 275 315 5 657 639 911 718 876 688 907 524 102 561 309 661 550 930 276 216 165 508 872 859 644 1000 126 246 799 489 834 803 185 912 866 945 331 678 37 954 452 250 910 750 971 317 40 303 195 361 622 226 989 651 766 53 929 798 84 296 133 273 926 570 545 855 718 193 945 580 601 148 690 363 180 612 938 675 373 856 292 793 743 877 504 581 247 255 63 344 340 476 219 636 610 560 41 943 65 908 19 625 146 78 173 387 617 46 735 486 386 491 666 950 837 476 592 105 835 303 379 542 378 33 552 812 557 31 912 325 748 791 622 565 887 980 603 840 370 814 724 334 853 983 223 262 370 388 595 810 27 425 746 393 511 137 465 40 183 412 830 382 525 588 983 166 998 217 177 79 863 714 523 370 156 346 845 219 312 480 963 114 605 581 811 332 812 156 921 890 790 692 931 817 330 388 413 149 531 465 292 750 335 525 100 97 187 767 957 755 583 993 635 454 768 847
