25
286 6
650 14 261 605 402 306 765 644 264 205 821 411 680 292 244 562 649 504 593 330 424 310 9 934 226 222 725 839 641 241 76 270 875 23 272 746 955 490 136 639 984 17 711 948 141 607 207 918 609 199 638 79 608 19 446 85 559 44 626 520 307 9 752 538 153 852 540 458 840 775 779 36 393 261 960 771 79 751 372 552 216 323 226 648 33 480 662 417 200 525 496 845 450 546 375 899 470 0 527 275 269 716 183 666 37 756 708 410 804 660 411 786 414 637 901 866 850 562 947 47 14 100 612 623 852 312 441 928 654 585 820 657 274 747 93 704 765 524 268 30 341 119 220 504 532 391 845 932 934 602 586 294 43 126 53 797 341 62 723 930 930 451 201 317 633 933 993 346 204 444 542 409 929 396 647 258 300 219 621 253 907 496 343 380 862 899 238 97 526 228 474 287 123 650 81 871 692 302 785 716 667 880 814 224 912 365 502 753 862 705 156 372 740 81 250 539 142 543 911 134 480 250 538 479 474 182 580 657 176 746 219 98 436 650 243 133 365 482 966 609 219 372 101 918 550 803 238 115 988 587 159 870 549 426 216 707 975 434 230 864 356 820 674 194 687 104 201 628 582 564 830 834 144 178 975 265 913 307 195 559 292 687 351 76 554 770
147 2
930 524 414 161 325 361 326 837 230 427 144 799 953 299 687 466 322 601 116 448 647 28 430 740 845 320 517 167 868 475 286 468 23 368 975 130 640 752 9 631 833 106 573 489 928 811 54 388 335 985 53 749 962 621 922 156 237 439 827 631 323 381 916 174 567 885 998 610 839 993 522 528 271 595 670 694 144 484 531 493 360 983 43 334 492 28 447 598 241 413 927 412 935 420 73 182 216 368 900 58 285 907 243 109 610 234 780 702 581 188 201 119 469 264 928 758 232 800 922 867 753 368 853 50 734 710 389 865 644 235 265 743 116 857 949 437 884 759 438 240 931 795 195 195 202 854 561
232 9
481 412 599 19 231 966 376 892 891 528 259 91 559 786 492 685 421 469 74 352 883 684 777 799 28 2 724 808 681 170 639 143 447 887 206 624 393 582 69 761 417 851 257 389 217 560 521 506 767 240 742 56 624 262 480 242 755 36 724 739 320 820 755 265 895 722 89 749 78 931 956 996 609 670 477 256 796 289 399 571 56 648 72 421 58 25 520 944 356 453 143 595 819 775 955 469 865 878 4 35 808 850 21 696 699 661 896 865 299 880 67 61 357 831 429 377 431 732 604 69 186 466 670 781 640 865 109 420 242 413 811 332 974 526 894 408 293 286 715 283 94 828 991 943 74 543 76 154 892 374 126 162 385 197 463 15 473 438 992 46 840 66 969 399 584 530 9 562 170 593 30 719 220 773 536 88 621 535 400 774 361 423 773 397 547 410 596 564 358 322 922 681 28 455 29 67 56 149 996 591 398 572 147 826 564 995 644 768 832 281 997 270 513 745 935 198 262 436 10 434 72 962 225 915 215 907 112 580 255 123 670 795
226 4
415 557 294 56 440 288 762 373 730 445 384 438 801 663 390 440 514 695 641 480 227 335 230 465 421 867 71 568 369 40 505 273 696 355 900 541 211 240 666 657 793 5 893 31 637 649 476 623 456 489 399 235 308 779 362 463 620 420 588 608 881 187 868 775 726 528 660 407 914 611 556 65 875 60 549 636 436 506 489 357 4 96 832 267 415 76 170 458 813 751 896 572 953 284 292 437 574 319 583 124 268 946 12 620 308 359 688 643 142 679 210 266 110 566 345 11 818 226 813 473 876 413 253 825 826 81 724 560 151 162 936 833 696 852 576 96 849 203 40 868 302 352 318 868 486 539 432 682 930 452 730 863 17 362 55 10 325 411 272 957 839 61 132 186 82 341 904 11 323 651 96 247 194 775 673 573 470 616 467 555 917 495 73 269 928 1000 426 348 957 373 267 81 201 732 104 783 582 180 198 782 568 670 591 771 1 625 175 500 719 294 143 942 884 666 617 366 22 406 259 12 635 479 634 248 328 45
85 9
82 107 245 266 203 468 49 267 705 95 412 586 113 169 643 607 660 532 486 8 555 349 657 550 759 834 967 763 291 433 931 626 808 380 197 488 594 923 145 458 905 179 90 786 503 751 906 624 980 624 491 49 178 46 96 825 94 284 235 842 523 16 626 949 907 630 644 627 827 509 842 517 99 758 539 272 293 718 423 518 726 144 897 766 453
110 2
858 386 766 865 344 432 549 767 836 532 255 955 898 724 801 640 283 18 155 485 716 723 514 174 772 276 908 892 842 201 197 773 305 152 435 648 863 826 927 489 328 559 509 464 770 290 745 811 364 348 209 248 959 943 623 530 29 303 799 538 291 264 633 182 66 563 939 77 116 777 440 185 444 754 466 206 20 325 529 522 978 513 46 204 731 777 169 682 949 566 260 429 656 653 373 827 460 306 26 846 571 48 410 419 721 114 77 523 369 382
795 0
580 122 984 933 423 869 314 216 370 551 183 830 552 325 256 845 156 963 39 546 543 979 243 856 785 817 666 993 453 273 865 211 113 863 167 569 501 286 514 17 855 163 970 169 810 222 690 206 790 151 430 786 803 410 411 289 123 585 836 368 642 835 579 593 965 981 668 702 450 253 109 14 924 969 884 333 559 779 329 230 579 9 645 819 532 97 618 648 656 75 943 503 38 869 59 135 604 774 975 340 456 148 134 485 688 992 464 760 862 216 644 505 886 479 300 415 43 949 27 62 950 872 330 327 478 482 39 200 560 37 873 500 616 571 747 876 862 774 45 726 409 204 229 668 607 592 328 295 632 961 40 629 594 87 598 14 72 848 280 805 944 714 764 148 21 827 467 683 829 768 121 632 642 868 583 664 539 254 170 809 637 366 961 129 171 15 167 400 441 513 717 115 386 190 152 483 952 534 684 885 453 791 270 396 220 713 38 541 669 75 687 841 259 734 584 105 105 314 146 325 630 34 307 14 963 675 913 31 633 259 69 391 21 649 675 622 683 265 775 169 867 138 232 89 270 213 210 986 49 237 496 719 364 80 421 883 339 48 637 607 575 889 789 748 645 926 574 487 76 782 373 580 791 199 363 603 185 755 361 329 231 348 208 699 720 490 324 978 544 284 291 204 471 118 224 876 914 912 185 265 63 270 803 977 357 564 380 402 852 584 764 202 583 318 662 251 404 389 911 167 140 907 921 154 762 454 863 900 330 570 443 486 11 455 344 937 151 611 170 97 628 969 59 299 47 257 744 461 262 823 844 973 979 790 986 18 988 811 148 481 326 860 483 473 904 180 502 647 328 667 564 782 913 690 731 188 801 240 702 497 822 482 15 977 574 991 788 125 301 834 411 14 694 483 723 17 825 554 879 185 704 102 328 989 828 692 790 277 289 584 254 883 820 499 983 403 943 842 921 565 233 150 463 333 694 15 108 799 97 615 28 618 34 800 286 366 961 483 411 612 742 674 424 990 359 571 504 723 302 964 56 97 242 864 376 761 528 748 601 47 353 396 541 355 285 988 754 471 205 215 546 337 560 425 199 255 997 339 709 748 138 464 786 533 259 794 626 551 418 678 703 64 21 658 591 334 787 196 725 100 310 890 27 100 649 617 486 572 312 582 338 322 355 905 192 88 870 298 540 699 37 762 947 813 238 111 694 18 324 496 579 396 130 981 597 889 951 732 655 299 824 282 598 74 686 386 162 254 166 275 219 473 785 811 641 273 659 15 166 53 980 0 549 476 582 950 63 733 415 198 849 90 344 369 917 109 419 281 210 932 907 719 361 122 95 221 589 181 742 624 632 572 379 48 335 867 832 942 39 968 288 752 808 722 6 74 960 59 67 187 90 194 412 498 320 904 28 607 908 532 545 493 438 718 131 617 347 384 482 158 508 974 475 731 666 347 659 129 825 263 884 940 40 239 386 693 493 537 48 568 178 292 33 930 882 985 833 898 633 789 363 900 70 469 894 38 725 225 907 522 820 421 298 147 976 36 243 150 931 850 285 768 976 964 353 1 739 581 938 439 731 79 506 133 588 252 661 359 905 358 98 134 248 734 284 227 465 448 562 487 777 840 651 936 604 686 52 253 83 463 461 954 28 435 639 435 185 769 656 271 397 81 174 650 169 192 240 316 204 236 792 90 115 195 421 394 655 54 751 137 440 226 517 828 511 109 681 723 37 112 598 936 417 484 896 71 358 333 573 149 153 686 367 999 759 482 667 350 64 905 817 186 427 976 500 400 106 79 154 672 402 519 163 201 429
378 7
667 129 588 155 1000 183 494 437 688 871 30 471 891 782 371 452 0 165 987 147 407 505 319 257 574 517 772 8 584 218 879 893 619 261 699 473 222 569 456 243 175 421 877 630 245 543 76 51 73 439 852 924 957 113 897 85 720 321 645 934 559 774 466 181 199 519 520 970 546 243 596 671 733 910 833 386 341 760 545 477 905 855 42 193 22 624 707 308 607 291 189 999 262 763 168 427 418 27 832 132 838 421 135 738 424 321 52 689 998 512 929 468 801 949 594 973 611 369 881 50 399 622 662 607 864 617 652 547 178 194 755 704 331 936 371 313 517 139 874 159 398 600 311 143 14 236 859 623 720 950 390 109 523 777 465 611 432 201 966 601 472 774 279 70 981 573 438 487 144 555 764 329 168 722 690 70 999 117 485 619 539 964 806 878 841 416 944 905 232 330 559 824 897 300 400 737 764 903 719 828 639 950 383 488 333 451 403 953 169 393 19 890 607 216 944 709 726 977 236 362 135 68 709 464 361 297 513 11 151 181 279 65 120 133 466 894 939 122 960 342 305 918 383 783 945 233 435 992 946 318 945 850 180 876 233 897 73 832 799 292 0 909 949 45 61 489 24 557 401 470 272 75 158 159 139 691 851 11 868 852 964 323 591 842 977 316 306 748 489 343 847 597 330 616 609 465 623 923 687 178 824 612 651 319 295 175 464 900 374 364 470 292 682 433 699 24 404 589 315 614 27 811 769 472 290 261 802 37 629 95 276 205 915 949 919 396 38 744 822 276 101 884 988 656 848 622 950 871 267 139 45 948 526 531 315 265 748 155 235 689 580 668 573 852 296 572 448 256 181 87 788 422 395 914 480 535 430 459
846 7
833 598 396 629 375 763 713 964 744 319 675 719 575 315 91 255 626 156 36 426 552 865 896 964 852 873 196 34 762 250 604 982 206 784 299 609 168 499 290 436 109 703 984 402 990 271 344 591 272 196 877 570 893 422 676 627 988 594 998 913 977 892 246 72 14 945 686 702 251 804 432 792 149 968 38 143 609 187 253 785 204 540 337 601 201 23 347 569 887 645 122 925 722 37 338 649 131 746 489 296 892 244 510 583 79 966 661 297 355 263 801 529 359 986 996 991 898 667 532 558 189 450 943 97 594 152 583 759 941 29 749 276 546 72 762 265 905 961 269 548 436 805 875 487 571 727 200 190 897 80 49 873 587 921 525 221 110 230 177 97 646 494 94 940 539 54 448 474 400 787 232 31 784 129 434 785 576 871 174 799 374 237 699 990 311 797 844 264 477 256 716 755 888 460 727 742 614 698 90 548 322 53 6 594 889 585 633 948 780 727 248 896 690 992 138 524 531 67 345 922 860 372 578 940 148 462 673 694 918 777 632 962 738 318 70 508 188 985 812 674 711 689 939 117 631 565 316 300 353 350 506 882 742 823 357 468 839 863 97 985 925 596 433 784 386 424 125 819 183 757 578 360 804 596 387 439 462 803 402 137 400 190 502 185 550 7 31 916 630 780 243 497 957 914 404 628 97 859 393 707 259 617 926 545 0 389 71 533 782 136 504 925 31 603 279 377 910 512 219 332 411 232 241 293 328 790 480 708 839 931 139 519 491 401 655 915 757 421 423 850 209 843 854 194 269 41 651 881 394 290 783 480 9 389 704 421 320 889 649 392 369 199 50 603 808 201 448 56 96 529 429 257 21 118 162 109 977 18 576 923 991 747 421 977 566 970 829 275 839 189 667 678 754 992 438 634 901 430 884 900 863 241 617 601 648 730 338 994 946 867 747 278 705 410 940 602 127 956 38 249 122 42 846 873 645 262 944 552 622 24 600 37 31 373 751 833 690 874 295 350 643 518 939 784 205 274 997 88 749 642 117 675 671 732 825 563 345 828 829 275 597 147 892 573 387 719 644 145 566 979 841 793 937 683 213 544 451 775 705 109 933 421 179 160 627 8 794 887 919 527 470 852 489 698 636 297 995 581 696 289 713 125 786 213 301 498 250 210 835 974 71 300 340 985 547 268 680 673 427 629 921 35 167 557 547 835 835 115 768 536 329 930 728 521 357 107 320 936 545 119 550 893 370 439 737 734 764 287 247 271 323 831 291 682 618 7 3 55 933 880 656 358 234 833 438 258 849 612 954 990 145 115 890 561 731 726 174 783 735 1000 908 488 280 632 910 90 207 743 941 768 702 453 563 131 711 993 704 963 339 175 511 900 127 480 930 885 753 586 732 675 728 25 853 978 461 915 198 918 432 536 539 137 308 38 968 513 586 173 601 38 773 189 867 913 367 350 404 806 769 108 944 562 432 237 940 774 362 542 582 956 233 450 128 909 303 290 791 79 542 293 365 202 98 746 81 466 839 211 81 977 286 226 200 936 190 942 765 993 850 184 64 678 396 189 117 53 425 323 455 577 815 865 806 422 256 15 294 590 395 215 600 654 388 101 4 35 903 213 448 588 586 469 837 462 433 146 483 596 58 485 117 210 738 277 614 558 252 159 724 864 900 156 982 957 494 660 529 405 883 800 175 567 945 394 575 596 1000 538 209 675 325 293 222 867 944 372 313 738 952 234 704 923 491 791 0 847 721 519 332 382 623 128 353 622 311 4 514 47 285 243 221 171 454 255 827 242 836 736 989 979 731 841 299 84 488 416 509 345 945 886 141 869 625 790 615 585 884 732 42 596 640 770 186 869 129 777 419 860 697 751 797 317 138 271 751 632 355 586 862 267 984 32 542 821 920 939 894 763 459 624 658 301 425 245 819 322
558 8
680 753 141 8 219 439 99 164 861 36 437 5 395 936 708 625 325 286 466 94 855 718 249 106 831 735 820 577 454 302 8 743 42 768 298 795 168 922 500 463 664 29 135 402 830 295 340 242 89 559 679 518 448 616 560 403 891 715 0 4 250 503 438 966 624 385 722 72 588 437 78 742 383 60 864 1000 709 68 850 370 519 328 99 899 667 8 987 759 858 997 594 8 887 931 263 35 127 158 159 132 200 544 846 797 815 583 112 887 103 517 76 179 630 516 588 780 983 33 544 234 484 737 671 504 669 338 562 174 818 593 550 398 593 126 511 738 712 65 74 565 393 28 223 237 259 658 400 987 851 23 895 386 303 389 718 446 364 456 577 881 933 740 734 379 581 262 118 998 963 88 518 265 504 51 38 127 982 160 53 916 532 824 149 14 278 841 476 432 832 812 616 736 951 852 513 400 52 147 630 556 697 301 448 364 136 236 886 558 465 736 338 337 272 145 771 368 812 850 946 790 345 603 872 685 530 139 798 762 935 606 550 13 324 248 2 392 460 845 541 567 121 361 918 280 427 474 710 59 144 909 908 167 933 248 451 323 813 212 249 586 584 920 87 879 681 379 975 151 225 280 135 571 1 991 138 386 4 52 973 76 400 503 780 57 465 281 31 700 127 459 924 43 610 485 546 502 203 303 644 51 267 274 18 886 435 645 313 249 239 32 549 409 623 115 79 866 808 864 994 822 335 29 666 479 56 752 724 428 744 178 323 711 524 90 700 17 73 285 659 55 888 395 574 811 63 591 14 373 329 668 183 605 639 282 180 47 187 318 433 497 440 535 803 980 846 222 479 263 152 452 476 837 291 660 764 772 850 781 264 688 816 285 790 503 813 93 156 449 783 873 34 122 489 791 81 513 592 403 741 912 189 645 378 540 93 276 750 936 600 634 492 787 858 369 139 759 886 352 69 472 604 734 942 791 121 718 629 673 968 885 938 777 507 280 305 940 556 556 784 320 5 629 824 56 299 90 638 342 306 138 91 640 60 982 280 154 446 880 603 388 962 484 121 580 300 366 793 415 493 111 194 725 330 594 559 396 809 402 113 606 152 147 902 827 448 348 611 786 318 755 660 361 604 446 101 792 981 944 922 4 8 129 599 31 764 910 661 0 952 942 350 331 969 988 443 515 112 602 434 596 204 519 309 940 382 421 648 432 452 411 148 350 169 866 752 679 960 533 695 937 997 720 363 178 591 770 558 607 654 214 611 278 808 612 866 1 589 331
742 5
271 102 338 294 315 418 975 153 5 67 228 266 216 42 621 268 492 510 68 600 291 359 602 810 569 39 187 474 173 970 502 563 136 195 188 861 122 92 38 147 778 921 583 490 17 785 597 823 906 146 228 518 999 743 44 981 251 940 813 771 288 683 96 408 552 948 580 379 66 839 80 31 144 897 198 774 211 604 304 307 505 983 362 751 836 289 889 181 574 120 492 502 753 188 109 909 860 96 61 110 588 20 911 13 818 262 852 525 821 761 1 327 414 185 68 582 328 17 92 75 587 551 73 699 481 144 122 333 470 269 488 588 969 800 916 996 168 355 384 760 372 177 931 292 761 381 117 594 113 557 197 852 984 634 477 718 745 576 15 395 730 137 253 778 859 754 743 45 708 786 531 519 734 424 230 926 412 36 463 144 357 115 881 91 605 805 638 373 232 296 809 529 969 926 362 301 385 97 317 61 332 973 377 696 945 308 182 952 98 390 134 388 47 312 474 861 964 675 138 640 537 125 688 267 957 260 922 924 557 506 957 236 902 172 246 131 134 877 67 874 405 186 834 816 483 396 790 569 120 92 22 188 13 775 266 656 471 120 399 538 7 742 741 620 876 15 658 864 494 974 800 579 471 421 229 935 358 371 722 208 689 703 15 787 596 18 187 267 989 226 830 359 316 784 100 117 940 729 231 971 459 334 18 293 679 714 396 901 577 286 1000 325 48 648 705 453 713 0 830 647 255 400 545 786 528 908 494 757 438 430 168 463 117 684 927 296 89 777 247 962 970 863 151 753 850 4 458 458 130 954 761 687 242 42 314 92 769 894 509 783 551 677 325 798 225 943 233 439 762 589 807 409 707 355 777 981 994 123 380 529 306 354 333 246 507 917 218 766 250 991 611 166 382 589 307 22 671 159 695 144 343 838 801 161 541 588 776 898 995 400 379 72 385 543 219 246 161 614 668 35 284 133 989 780 797 237 945 38 540 957 364 711 384 299 612 444 126 810 919 85 637 590 233 780 46 460 485 419 890 404 875 345 816 825 965 186 983 839 827 475 613 176 986 561 298 820 728 562 467 922 68 349 332 259 231 982 24 584 614 578 775 43 423 837 481 579 369 204 941 590 524 752 431 878 839 523 344 214 690 548 31 365 286 18 383 31 104 450 375 570 259 312 656 138 990 723 533 684 463 976 416 945 236 366 562 286 547 412 692 518 807 203 635 859 818 873 103 464 977 264 114 313 897 267 360 831 41 149 202 793 977 357 532 576 277 644 443 861 429 595 670 498 544 905 655 833 473 532 519 196 63 307 168 65 69 555 507 475 364 805 614 843 301 595 617 311 914 192 823 904 170 611 590 893 653 377 338 925 766 383 877 548 561 781 995 88 626 131 733 971 699 785 945 748 551 530 882 427 485 303 2 982 170 939 503 320 822 954 797 182 723 767 105 368 661 346 837 347 980 276 836 18 272 135 473 573 960 674 113 547 972 381 212 663 620 143 834 710 571 833 939 511 125 935 982 712 197 104 757 657 766 943 716 897 838 751 101 157 469 135 172 803 270 295 575 922 401 355 340 662 91 293 82 400 483 469 834 78 660 680 398 880 531 639 305 9 564 324 134 849 994 512 228 483 178 286 813 870 121 274 500 417 559 550 321 166 426 647 188 3 272 397 358 154 808 11 108 72 49 484 844 721
930 3
872 800 462 879 559 796 97 705 953 667 245 881 361 789 814 545 497 553 649 846 251 865 823 251 87 403 570 918 86 206 58 679 652 26 266 904 41 100 597 273 282 342 161 331 244 766 209 497 714 621 170 677 811 865 108 454 591 603 380 739 994 492 85 782 252 13 310 159 333 810 337 743 197 196 578 684 603 827 16 479 672 36 892 844 464 861 303 657 566 146 344 939 61 58 617 86 516 479 123 509 350 736 19 460 1 523 229 619 834 305 292 439 759 293 914 504 372 465 621 594 134 605 478 330 274 296 244 978 726 920 177 363 22 40 550 682 747 932 34 171 289 662 376 331 893 390 293 622 468 629 419 213 564 8 319 614 537 710 251 43 635 155 733 14 416 913 34 406 963 170 570 590 123 631 379 217 40 79 588 948 873 980 545 614 528 428 917 610 134 961 798 521 379 345 384 815 457 823 740 620 106 749 34 612 875 223 625 13 934 892 946 971 473 25 556 682 185 146 842 640 314 295 102 918 690 688 38 285 991 898 826 589 203 454 410 376 11 183 912 270 799 506 730 189 407 249 215 32 913 911 734 781 889 730 322 657 432 942 400 989 224 0 338 474 969 530 183 788 986 363 66 867 185 535 130 491 251 741 397 928 37 872 819 951 817 596 38 484 504 973 351 850 335 836 908 223 73 605 741 259 124 315 237 912 352 491 586 128 599 770 715 880 187 478 786 946 298 894 299 76 568 465 169 432 2 746 253 763 228 460 751 944 133 706 392 666 515 96 938 982 4 943 855 314 277 898 164 600 192 839 226 69 277 689 734 394 994 594 240 651 619 294 582 323 715 971 491 310 451 294 431 380 434 709 413 899 160 884 379 123 364 955 356 566 333 610 640 80 549 516 137 487 838 883 550 939 963 659 237 118 333 640 330 841 195 539 491 244 598 775 739 266 867 829 568 156 921 982 633 184 239 444 350 994 551 813 41 668 498 295 61 462 816 283 203 395 63 316 565 91 248 938 663 839 903 758 887 14 932 35 373 687 535 613 593 956 726 972 214 507 772 69 569 687 19 527 133 512 961 416 395 167 927 491 720 782 934 640 941 708 866 246 68 686 510 243 30 549 364 61 346 82 92 29 796 627 778 731 809 869 495 271 121 100 621 730 582 139 934 455 172 736 957 155 104 830 490 443 400 629 361 986 101 422 5 162 140 668 271 866 523 406 642 393 692 26 523 233 614 815 12 789 878 709 32 348 308 208 899 263 806 570 835 276 613 7 921 214 840 104 214 330 512 626 426 599 308 891 161 952 552 37 88 626 250 594 722 115 405 792 893 740 448 280 733 146 565 870 704 6 164 984 452 815 246 615 407 234 443 316 162 965 531 37 705 210 102 470 468 759 315 221 407 680 446 738 176 650 871 775 388 703 488 440 719 65 275 597 209 607 392 128 176 687 618 445 303 954 437 796 841 809 105 641 670 402 704 639 740 886 903 835 348 651 359 938 939 215 529 496 9 112 702 288 245 895 526 434 307 41 756 334 596 924 896 233 775 164 363 278 821 788 896 142 591 735 909 840 157 381 554 593 240 108 450 798 476 776 107 146 534 7 508 428 403 415 400 987 335 947 595 18 664 150 203 729 346 48 488 435 853 835 815 601 417 87 660 878 631 514 782 76 890 849 860 488 656 646 161 790 104 618 627 578 999 92 91 197 790 732 462 675 501 409 129 216 941 690 447 11 524 526 930 675 667 631 710 134 344 388 918 559 929 83 999 34 598 51 595 581 732 118 355 909 859 371 812 822 451 40 125 831 82 591 874 359 388 567 227 688 1 488 371 177 646 446 411 753 702 391 150 95 239 22 129 793 531 992 254 66 673 90 562 367 475 493 147 860 445 559 901 978 360 757 646 572 163 369 252 939 933 36 592 244 680 456 769 798 671 198 125 863 98 772 420 942 245 398 46 526 652 456 378 991 974 576 298 414 312 725 748 26 554 68 619 707 713 816 237 417 802 433 428 546 583 676 682 597 252 985 345 617 96 828 6 854 43 396 574 586 181 546 896 170 183 830 576 345 494 223 166 835 939 383 924 970 425 932 37 797 532 289 772 707 895 367 320 262 727 451
943 8
146 505 7 64 573 159 475 962 794 578 149 698 599 296 378 769 551 381 226 679 21 326 981 435 508 266 753 637 591 480 162 765 821 800 140 751 159 276 556 302 253 925 825 716 991 250 617 628 561 790 59 760 531 758 702 914 296 174 413 190 699 792 408 930 112 490 939 122 375 98 802 611 883 968 53 299 199 835 615 631 996 666 331 116 938 850 836 656 363 857 556 650 392 375 940 832 939 279 140 315 202 343 547 943 209 938 60 454 699 521 341 188 500 373 887 655 776 443 731 82 696 775 482 579 866 240 523 783 681 463 587 716 822 155 98 902 811 582 543 905 314 622 379 338 866 623 609 703 68 37 424 227 562 564 38 492 203 382 514 990 440 47 82 941 804 82 245 698 213 226 637 944 198 88 701 198 257 925 109 124 620 723 410 916 702 127 418 508 86 332 961 494 192 811 323 941 218 456 162 350 282 601 611 424 188 964 266 344 335 451 628 470 95 214 230 309 910 925 555 894 857 490 697 596 120 691 844 41 831 919 444 572 782 747 341 592 679 428 663 379 383 296 193 978 746 306 591 145 323 285 251 549 127 80 470 487 483 416 395 775 657 857 182 64 782 852 177 569 91 357 191 455 666 648 865 632 638 953 876 550 918 833 978 601 887 504 681 21 798 305 434 984 864 535 77 461 684 221 750 673 567 264 498 952 948 79 462 932 775 200 919 757 943 904 88 729 185 316 224 819 81 130 121 288 46 780 41 481 753 752 125 537 876 712 962 411 806 509 845 409 227 150 786 297 958 13 155 678 366 128 17 119 594 762 209 955 856 568 324 796 991 992 856 958 506 446 817 894 826 689 97 574 326 577 17 643 697 954 515 186 918 983 286 707 724 35 867 444 556 972 872 931 167 734 912 733 870 209 711 19 655 989 941 145 875 594 371 705 136 164 707 224 106 580 832 167 372 432 622 82 440 489 600 749 675 132 834 742 349 703 223 436 751 540 373 223 461 242 261 210 137 644 773 298 260 883 354 725 859 454 500 858 593 377 340 348 449 743 157 654 705 168 96 713 744 283 938 12 901 370 751 601 227 953 613 76 430 887 353 109 544 613 183 682 49 679 526 134 693 440 870 745 16 969 896 361 579 11 853 278 361 222 771 297 366 414 796 79 235 356 187 76 508 53 131 53 537 985 440 130 103 129 266 828 906 793 526 677 77 166 955 61 370 840 904 679 627 665 646 203 962 606 977 539 513 889 776 821 417 75 178 983 696 98 502 54 868 275 84 224 117 833 157 790 292 470 320 712 963 29 34 491 447 257 783 566 683 434 611 208 708 663 491 388 798 989 79 19 448 186 628 773 351 625 141 39 574 232 257 724 937 26 934 769 210 151 853 437 848 343 811 853 86 494 22 212 576 918 858 566 406 422 523 521 400 430 127 353 802 375 674 450 395 588 332 14 657 780 619 871 513 306 700 441 813 253 140 743 618 412 384 524 71 330 439 834 648 979 603 639 212 697 449 774 358 190 411 976 1 316 943 896 779 141 143 900 811 52 407 719 542 606 310 182 517 597 803 99 974 415 681 630 658 801 592 388 603 2 888 751 645 378 439 964 83 747 212 566 587 274 739 217 112 745 743 433 842 475 486 142 218 584 849 845 810 890 648 205 107 176 21 572 976 490 137 956 37 503 432 170 873 199 750 185 602 664 90 846 365 9 525 125 831 327 836 380 529 811 33 675 660 974 78 865 835 79 889 455 332 870 554 220 803 980 336 906 297 134 91 865 743 8 557 70 783 756 619 33 778 884 8 789 49 343 743 313 802 671 754 796 176 859 29 79 454 305 424 534 150 782 118 0 321 705 396 108 982 416 492 57 924 512 628 175 283 909 451 31 518 460 645 478 462 361 151 343 643 110 947 573 374 653 483 840 19 527 394 398 144 279 292 248 616 838 516 259 878 877 573 401 135 851 463 261 786 934 584 462 863 163 261 465 698 48 456 572 154 350 971 94 211 217 852 952 255 765 962 682 622 70 191 260 74 159 792 534 295 439 658 308 637 143 756 963 433 12 682 609 426 540 175 458 921 513 191 567 45 917 955 945 382 953 972 920 749 276 586 282 681 385 650 575 850 874 816 954 112 411 191 931 406 948 337
47 0
623 347 62 920 447 549 787 47 676 640 253 347 843 548 487 739 28 807 247 685 602 706 897 898 86 662 271 409 111 395 53 770 161 179 394 276 876 608 515 853 195 800 869 549 373 1000 567
171 3
700 77 701 716 638 975 976 600 503 23 113 397 356 201 475 395 621 952 335 702 512 18 389 794 465 995 735 422 861 24 832 984 559 802 519 516 269 904 235 249 631 791 597 35 221 51 543 605 391 757 55 217 898 359 774 639 31 22 835 604 421 129 552 329 956 95 725 560 491 620 741 627 318 931 471 589 526 624 175 181 294 244 265 616 903 793 16 59 364 465 285 760 470 57 276 458 460 177 405 555 175 83 53 107 416 228 265 756 978 259 654 565 143 301 695 509 456 425 993 701 93 219 860 508 438 512 369 302 735 492 76 736 650 835 978 623 922 896 423 349 466 860 806 31 8 648 444 408 662 767 224 727 775 376 642 118 293 225 837 580 28 4 147 121 426 871 699 335 926 412 331
645 4
222 179 319 574 443 349 12 562 681 583 406 915 554 853 619 842 31 57 669 313 878 418 288 609 798 67 134 352 396 873 520 218 407 171 163 808 396 577 61 889 555 728 707 328 377 793 662 562 837 719 275 993 428 893 165 429 790 604 828 480 959 886 507 593 651 698 901 563 705 511 470 791 388 967 683 364 220 210 828 957 227 0 287 333 166 992 340 844 527 288 172 724 410 333 100 216 434 725 845 910 354 349 763 727 174 732 515 546 719 377 461 846 465 634 910 458 834 970 555 66 98 606 271 933 60 933 238 753 955 52 857 861 128 489 125 863 549 99 553 57 293 688 479 846 598 780 864 288 118 402 199 265 62 36 294 736 984 784 86 0 306 591 962 989 594 542 944 309 808 12 554 655 197 849 463 34 472 112 522 218 487 61 86 667 29 394 335 304 108 588 512 699 797 735 939 236 738 437 475 522 934 853 699 594 856 465 199 105 52 947 764 712 91 799 479 336 755 658 393 305 229 710 419 569 609 658 341 740 710 593 558 819 183 357 588 894 774 47 837 914 35 300 527 739 871 478 609 769 517 692 705 874 967 290 175 504 610 672 437 49 343 715 812 508 395 139 509 188 214 318 917 484 347 979 914 403 280 993 778 553 166 573 978 748 66 303 925 526 906 46 531 226 173 859 344 535 380 13 187 577 568 310 198 966 624 59 337 353 180 787 616 391 673 429 383 31 513 106 263 93 520 722 709 179 135 441 860 655 25 13 819 148 548 463 960 563 604 836 422 220 821 652 179 101 480 957 650 801 974 983 559 651 733 913 695 489 403 340 231 490 105 975 516 624 432 768 124 11 66 225 169 101 494 560 497 4 313 977 555 172 299 792 62 172 445 326 656 938 372 874 767 538 380 164 815 262 454 174 547 404 10 217 788 80 732 557 566 416 436 475 363 632 391 620 849 162 670 603 603 520 596 7 592 232 936 831 950 115 603 894 162 226 650 944 486 246 285 162 972 931 810 258 684 65 981 353 183 807 192 607 450 898 784 390 356 424 712 553 154 307 602 330 275 645 198 918 900 262 687 863 960 478 828 164 742 542 896 191 75 958 9 755 407 408 562 637 879 116 977 94 791 726 138 302 930 91 96 379 428 652 951 471 796 652 412 957 588 197 152 182 659 26 552 704 756 476 640 270 994 121 634 520 778 343 287 808 957 267 226 718 787 884 107 32 832 102 717 353 23 417 188 323 752 415 493 332 938 109 107 430 711 536 697 317 824 500 541 752 496 865 405 980 90 952 432 791 635 346 947 804 464 167 495 372 268 944 901 196 228 951 34 482 556 138 339 300 65 944 207 700 631 611 754 324 571 277 71 951 941 875 664 380 902 467 305 720 873 298 176 404 317 345 734 345 708 774 316 583 846 118 690 920 62 914 149 445 740 103 436 83 675 876 923 209 214 798 304 693 182 641 977 84 87 320 126
294 7
141 634 800 807 836 148 752 591 771 638 77 36 672 591 502 406 692 233 872 728 152 428 942 707 871 712 932 963 561 431 75 811 701 982 246 148 93 380 532 631 332 101 992 742 879 689 484 270 129 226 169 161 535 842 992 886 97 827 943 841 665 484 348 793 429 527 898 317 767 750 406 950 913 513 427 212 419 113 254 950 744 723 459 57 165 184 715 534 970 33 797 870 289 633 856 804 229 135 775 863 80 116 114 797 472 854 526 738 22 949 329 557 280 162 522 65 145 611 742 453 130 501 840 705 203 968 843 603 651 927 411 132 119 716 251 183 184 74 150 703 361 901 297 978 577 190 946 495 367 375 458 309 962 872 981 213 372 412 862 780 870 376 741 64 86 207 897 353 626 296 364 878 954 471 150 959 65 541 160 620 403 880 573 762 271 374 570 581 933 904 445 747 303 608 74 134 522 239 110 667 933 530 642 127 93 712 900 241 136 566 330 196 632 877 595 37 107 935 401 739 418 118 926 312 453 327 736 578 442 839 553 524 922 41 611 343 494 32 713 738 210 675 931 889 908 543 985 94 745 134 219 378 863 434 878 109 529 64 91 865 590 987 338 326 175 314 422 140 508 405 17 725 170 44 599 796 375 924 725 785 771 32 896 413 169 242 666 965 523 83 69 149 555 888
363 8
260 777 848 131 968 609 692 209 73 156 928 961 997 518 274 984 242 697 287 33 799 73 71 380 845 845 340 777 32 239 635 18 547 97 715 714 51 931 231 770 12 19 924 253 708 621 795 132 209 28 548 604 400 386 405 827 838 563 912 750 665 939 868 572 407 107 221 313 351 310 740 991 456 854 336 532 19 318 97 298 876 250 481 76 536 324 535 890 761 322 795 393 622 562 312 450 92 400 323 807 58 141 129 344 448 532 2 289 107 100 494 775 644 918 403 223 977 751 946 921 187 583 597 850 265 43 869 150 476 634 501 521 63 173 411 255 279 313 816 757 109 659 262 200 735 769 474 784 518 78 926 227 895 531 518 945 300 764 25 116 351 893 409 165 443 978 277 738 884 453 125 731 283 241 504 733 188 667 249 560 349 400 204 871 69 751 726 444 514 569 230 647 522 75 40 855 766 625 939 798 331 550 835 4 398 897 908 181 998 507 609 859 309 302 477 781 71 882 762 360 304 910 499 430 518 932 116 795 330 346 198 537 783 296 187 66 837 490 377 88 912 166 156 80 921 205 470 498 573 678 783 365 680 711 778 161 130 465 121 489 678 317 390 691 260 719 442 571 352 261 377 527 220 721 607 740 326 678 323 704 885 985 867 215 323 493 456 663 115 199 141 80 27 881 73 616 666 991 479 8 377 743 303 369 169 8 295 541 796 415 421 269 186 154 985 793 56 37 349 361 881 940 440 1000 833 292 449 772 500 236 257 473 742 726 235 903 773 762 458 548 979 303 854 879 106 409 726 299 917 136 938 330 842 328 600 536 610 973 243 695 265 751 185
383 1
180 405 865 452 6 264 289 83 781 204 770 932 903 336 601 206 374 582 897 434 696 772 47 464 730 518 613 960 371 536 389 304 519 406 927 697 559 751 837 805 770 728 928 706 154 937 848 446 603 366 782 524 953 208 210 654 631 743 16 275 261 763 89 521 377 423 167 366 764 128 534 773 855 301 584 174 789 710 951 461 243 797 86 870 850 287 994 645 432 314 581 28 770 211 522 593 187 849 25 174 927 766 246 548 969 913 4 716 917 594 407 508 705 211 812 531 200 397 94 835 903 760 832 221 601 375 38 789 766 142 830 459 64 36 812 7 930 162 514 678 649 13 785 594 448 237 932 611 306 336 189 837 934 368 980 667 184 191 322 890 3 385 987 429 359 96 972 205 305 38 139 461 507 780 856 770 592 938 766 634 268 679 358 274 443 885 176 45 735 971 18 0 965 538 760 282 709 130 18 108 529 949 467 134 514 539 63 440 104 576 587 67 544 376 401 641 165 238 172 26 622 858 516 955 98 365 629 299 328 99 265 602 232 640 928 47 287 451 130 118 516 311 512 478 575 16 837 499 41 728 311 98 757 527 744 849 771 525 252 261 971 370 263 156 915 697 942 981 466 204 356 150 310 119 153 820 102 452 299 86 502 633 818 51 308 412 567 754 556 315 464 894 727 860 927 49 599 680 517 414 989 812 197 415 729 363 756 741 410 959 188 400 629 812 554 564 657 25 931 327 280 590 710 582 5 903 595 858 348 457 516 883 146 647 155 253 649 414 605 875 837 620 539 650 136 904 414 426 794 496 479 92 656 327 610 34 500 184 122 140 628 758 549 933 473 92 4 434 751 804 348 603 499 36 88 418 89 784 715 590 910 600 762
857 8
715 99 240 706 740 343 323 535 549 270 666 193 601 427 461 13 899 202 799 338 28 123 143 263 32 427 347 377 479 875 732 741 333 202 501 690 341 671 620 533 804 566 655 785 316 479 289 70 596 10 889 690 195 190 949 511 614 54 749 863 959 41 874 469 324 185 485 8 554 463 843 809 564 292 268 963 341 109 663 613 39 701 554 454 370 297 568 191 555 548 432 497 450 970 425 775 606 298 882 30 908 581 407 406 563 650 943 494 940 548 104 461 12 575 724 775 303 989 585 184 778 501 398 245 598 275 285 299 245 185 717 811 732 37 244 223 4 565 215 9 904 268 471 687 487 722 604 583 375 975 260 809 321 240 392 942 699 955 758 163 776 417 344 671 73 113 701 159 548 887 726 909 931 599 235 404 46 499 667 464 778 736 597 60 67 19 361 27 823 450 821 736 125 90 29 34 202 427 831 188 83 571 453 409 222 894 349 487 999 191 520 863 787 274 386 280 503 988 797 342 858 838 499 558 784 393 135 401 906 93 16 293 732 921 930 568 102 933 11 5 30 193 258 989 615 358 312 176 413 43 900 470 510 866 281 24 244 249 947 324 249 776 42 731 19 457 857 217 371 436 833 208 130 942 555 173 742 424 393 328 169 508 356 256 34 25 676 103 921 742 15 83 810 892 200 961 378 121 820 9 744 236 729 517 524 897 839 705 69 633 784 960 673 558 322 108 725 313 45 639 234 244 656 582 275 50 367 413 5 515 680 383 844 496 217 69 842 728 73 649 276 108 217 956 665 544 687 962 852 894 577 950 542 205 274 444 251 937 656 877 386 656 916 983 372 695 214 916 389 51 484 886 538 886 752 750 510 431 544 859 241 827 352 428 878 213 769 154 0 401 689 319 540 339 952 995 912 619 19 648 927 354 17 226 928 73 501 108 302 776 311 457 221 896 770 519 727 628 936 534 807 872 281 997 191 840 431 231 402 292 425 555 405 844 715 832 956 402 451 825 143 309 167 873 502 160 38 783 585 590 711 235 485 579 574 754 542 87 375 10 952 211 27 173 626 261 50 799 643 933 776 726 176 336 971 283 548 501 308 88 683 475 847 750 994 838 517 216 359 240 886 305 330 578 449 81 66 368 154 755 126 581 966 454 550 756 35 405 590 272 690 344 309 955 708 670 920 228 671 977 254 633 956 898 951 871 173 550 434 173 624 477 472 529 410 995 656 646 742 826 147 770 219 157 462 508 893 976 485 436 725 955 411 657 947 462 43 759 874 755 251 871 537 566 998 923 807 150 235 541 770 929 308 595 186 57 444 234 834 802 429 457 918 525 776 159 12 15 907 141 55 884 259 225 541 881 656 897 893 142 268 169 458 193 171 493 151 76 749 699 911 31 217 850 962 628 713 410 995 747 333 213 796 64 58 765 947 414 998 347 246 393 502 121 105 152 882 773 248 444 932 566 727 659 176 700 697 257 840 809 874 896 231 888 688 970 453 525 531 110 880 64 183 276 958 587 258 198 129 156 475 638 691 349 667 299 107 650 795 677 392 909 371 87 270 999 658 725 135 563 591 105 258 353 305 309 713 246 568 489 599 36 944 295 610 568 349 306 738 487 684 946 344 136 765 547 762 440 427 688 960 662 953 434 867 591 78 990 53 471 719 409 555 674 24 482 590 34 749 245 248 749 186 36 374 131 979 964 827 521 195 583 330 865 813 274 132 65 253 124 593 455 724 665 241 922 487 532 987 631 551 247 797 426 505 507 986 265 49 182 757 907 373 707 438 912 104 411 464 1000 783 978 753 986 293 251 797 208 677 26 677 9 835 141 847 288 406 301 412 882 19 946 703 267 765 341 180 62 594 931 267 289 329 865 551 565 865 863 842 293 807 5 489 587 813 208 613 34 947 940 941 407 82 627 3 625 237 5 62 923 185 922 7 892 52 632 239
557 4
607 925 695 419 809 312 109 229 210 268 393 5 437 971 759 505 318 463 375 817 62 846 299 894 611 6 930 369 25 974 172 616 332 446 205 406 870 731 646 128 239 796 281 474 818 880 640 467 299 443 538 976 107 932 424 738 533 67 462 112 700 444 286 658 840 258 981 887 209 315 883 738 40 98 396 633 73 945 387 967 129 426 59 405 706 754 119 530 728 755 753 970 473 728 173 374 771 474 28 361 866 46 943 382 913 700 195 143 52 478 126 148 470 288 297 516 314 632 366 91 999 280 666 271 258 354 37 484 767 180 154 193 514 390 429 9 384 833 160 867 307 873 504 536 600 814 27 799 654 373 34 783 94 386 268 762 18 795 805 217 958 204 63 294 174 617 720 479 35 678 816 941 334 369 357 436 441 843 571 357 377 110 192 914 735 961 16 812 550 525 702 405 725 254 194 243 713 635 414 397 961 560 429 277 559 213 640 398 707 795 96 943 582 704 758 922 699 643 3 92 734 879 571 88 802 491 655 259 432 790 233 757 22 660 419 121 684 608 690 683 175 579 975 868 923 470 901 705 530 370 859 815 692 968 765 274 417 539 63 258 184 345 70 681 253 42 110 852 69 873 336 18 83 729 234 749 785 406 255 70 707 647 406 391 338 532 610 820 501 966 120 656 847 747 962 393 401 468 584 735 227 82 5 700 935 992 703 125 932 457 317 137 441 824 591 575 646 233 113 86 518 296 686 101 843 388 386 661 119 985 275 634 417 544 904 2 118 16 716 390 822 969 926 848 416 919 381 255 75 655 412 329 970 0 798 132 715 862 955 215 915 110 557 743 361 598 821 401 792 309 663 287 795 171 464 208 730 472 441 930 429 589 201 569 910 946 539 413 896 130 216 514 206 178 980 474 701 162 703 42 905 573 692 173 283 81 986 272 438 529 828 126 652 20 436 488 952 237 91 531 235 991 813 38 202 185 515 878 424 602 311 281 107 401 338 561 9 203 288 219 764 234 51 454 300 22 868 835 990 920 368 252 623 663 97 931 995 165 746 265 555 3 586 733 968 449 182 976 385 560 827 759 764 684 4 730 543 782 34 663 177 588 816 404 608 92 993 915 29 963 122 98 615 977 607 696 561 622 582 293 4 748 503 32 814 496 903 0 412 120 873 960 170 462 369 581 872 476 535 767 108 579 698 182 843 378 412 269 916 650 961 81 935 93 406 125 393 769 810 556 699 347 200 84 326 110 940 614 813 624 171 362 986 429 114 734 422
461 4
624 800 339 103 301 10 502 452 86 347 517 123 592 415 921 539 793 422 72 73 152 206 103 75 87 269 257 1 280 559 853 627 762 547 962 431 98 40 362 819 16 200 227 590 702 187 822 416 250 784 61 92 825 18 218 893 733 944 523 397 423 771 281 447 665 813 268 242 792 632 819 208 768 639 481 944 851 818 565 812 708 653 829 418 946 511 6 13 7 695 532 974 812 896 11 808 891 121 122 835 65 921 841 383 948 508 455 156 402 714 507 557 657 437 272 557 329 229 8 858 820 431 819 735 150 755 930 601 787 688 764 674 909 247 96 106 768 669 146 867 249 63 879 542 923 759 762 938 701 541 357 317 391 345 447 219 912 396 985 761 265 337 233 728 496 345 284 335 74 664 447 902 622 552 685 198 265 493 70 830 369 236 907 687 57 259 661 955 1 222 111 894 477 410 716 800 138 168 29 931 568 510 793 716 301 27 157 372 48 492 472 548 46 976 267 539 419 308 661 261 998 201 938 752 490 856 429 510 765 813 485 646 285 263 212 811 42 746 843 826 635 732 633 531 793 127 444 910 180 26 854 169 363 750 353 254 895 700 328 734 368 819 995 564 257 999 789 978 427 312 466 829 64 287 651 256 897 560 554 593 174 555 83 94 628 63 290 798 887 321 836 218 669 778 978 976 706 458 231 738 925 553 981 589 405 462 457 437 188 799 399 739 875 796 17 665 619 271 425 616 534 615 780 959 555 53 158 684 368 516 185 865 231 241 450 452 555 233 722 584 813 541 196 642 603 49 900 703 109 1 38 575 685 908 151 427 583 573 796 554 472 313 135 638 442 545 114 742 1000 73 228 400 354 283 729 593 669 747 578 245 955 746 832 866 519 693 830 798 483 851 371 407 391 514 733 888 404 347 490 142 909 530 28 432 460 81 479 147 819 545 91 198 455 437 290 496 813 111 740 687 662 850 655 689 491 856 24 157 907 945 791 23 589 726 711 922 205 116 65 861 478 82 718 386 260 855 257 554 7 787 782 517 701 176 184 866 919 448 149 902 843
274 5
586 737 385 210 389 237 819 866 984 85 853 86 59 504 953 90 574 958 334 978 280 996 449 222 533 621 592 622 653 282 508 10 1 146 291 587 916 743 880 178 152 708 411 67 44 924 319 642 576 409 648 221 765 941 227 124 72 370 229 864 506 810 780 853 415 269 345 884 47 756 934 195 608 453 164 473 793 634 442 995 930 43 387 916 317 737 188 217 293 762 599 255 411 97 949 51 949 136 304 262 960 543 781 830 579 227 179 751 911 965 834 142 471 672 205 615 384 744 218 39 824 215 588 397 240 443 533 896 442 885 646 709 859 200 480 784 291 651 605 85 624 552 271 440 869 421 846 281 62 931 794 843 140 827 729 441 695 885 674 775 704 970 420 680 730 14 987 359 712 837 61 297 186 974 950 261 619 948 453 206 774 595 597 757 910 667 474 473 946 165 574 395 39 587 489 366 833 975 723 827 835 801 108 679 306 306 118 769 586 999 582 393 572 882 75 312 711 980 613 521 824 550 575 920 426 341 40 771 925 852 308 855 321 685 706 620 959 533 796 602 917 206 126 711 838 68 190 362 818 947 641 537 55 593 714 620 803 291 282 455 67 910 178 579 275 356 839 384 136 739 213 780 640 853
743 2
260 767 662 116 407 84 981 575 232 832 493 191 203 971 240 424 456 505 696 574 976 960 285 731 695 608 651 158 30 143 367 601 832 878 884 856 491 872 658 237 359 786 152 77 459 395 587 684 654 981 30 400 588 590 567 857 29 238 632 747 658 589 179 344 787 181 164 622 559 466 995 377 529 232 599 897 334 135 196 521 725 981 3 756 983 534 538 464 597 326 60 27 830 896 811 112 790 18 338 760 988 914 678 932 552 211 850 77 606 846 185 951 114 827 941 499 591 996 303 721 764 612 700 878 367 41 644 833 90 753 197 830 715 788 940 717 204 99 45 43 704 461 408 838 301 668 10 840 729 866 398 638 132 93 881 17 870 262 6 513 847 996 926 487 935 272 642 327 438 294 929 680 532 355 173 902 774 489 21 843 453 930 31 8 523 749 708 907 564 186 692 990 256 684 547 126 549 565 734 627 905 514 271 900 749 613 20 218 318 805 241 763 560 790 658 995 576 517 746 9 138 82 84 356 101 863 954 667 410 728 613 699 716 82 186 463 142 112 656 950 836 689 687 513 674 901 486 281 41 763 351 811 674 131 610 581 918 689 159 362 995 82 641 656 569 739 189 730 845 712 690 189 132 662 256 651 67 227 763 898 854 350 229 853 652 524 837 61 314 4 731 411 318 274 340 799 480 817 96 245 32 788 276 253 251 117 769 828 128 338 816 477 460 740 82 369 663 948 815 314 434 220 144 123 258 909 413 200 435 601 183 972 93 853 988 215 948 343 489 92 722 162 390 84 892 216 793 272 506 715 175 853 684 539 920 570 324 131 885 743 35 885 431 907 929 864 323 50 291 560 286 161 544 385 984 234 847 855 264 814 711 933 269 680 153 572 407 436 276 105 642 184 961 458 20 978 180 163 890 814 136 787 355 332 404 605 33 215 204 336 121 517 724 69 851 550 174 134 359 89 672 133 28 49 615 811 410 339 62 865 67 93 858 823 948 624 166 959 243 201 257 684 337 940 624 545 206 756 705 9 22 798 615 24 215 509 931 1 539 724 779 473 181 456 102 599 200 798 247 399 972 646 885 153 229 993 782 872 909 297 659 142 206 216 280 332 95 103 240 546 802 568 171 519 651 424 599 533 324 616 900 341 720 748 767 690 687 794 579 52 583 319 202 309 203 528 642 834 745 298 434 657 240 798 102 933 511 967 35 311 995 23 47 441 693 779 533 266 613 543 159 802 536 699 160 182 173 620 653 360 100 903 441 527 645 418 991 574 607 441 435 685 667 314 164 835 475 226 709 237 43 635 0 990 926 576 244 867 110 387 997 561 847 559 883 823 510 315 329 990 923 785 102 662 480 933 800 12 787 758 94 128 79 183 306 178 378 396 654 822 136 991 288 550 4 965 558 474 301 475 484 29 871 419 324 627 108 332 915 842 969 889 119 164 835 356 468 666 501 956 501 129 691 206 821 98 285 540 456 299 836 955 810 285 636 191 96 579 386 397 560 439 211 385 768 605 949 119 724 91 849 607 867 952 522 617 530 23 86 72 824 261 954 183 46 65 622 94 858 694 849 610 423 26 397 933 701 821 395 121 334 302 921 197 721 311 578 352 113 963 308 863 489 82 206 594 78 656 795 912 762 351 0 602 39 584 307 739 882 864 534 96 884 633 840 345 483 158 11 266 919 611 582
564 4
508 151 195 435 530 699 740 588 601 141 333 194 883 756 633 332 720 797 351 602 649 842 912 887 179 494 103 865 963 50 768 572 33 98 461 831 907 756 35 474 987 831 909 820 291 968 860 618 160 603 312 83 850 887 125 478 381 474 245 653 563 970 622 671 758 841 952 656 374 58 402 970 529 123 926 914 551 385 131 433 756 907 112 151 634 450 973 591 904 576 594 298 202 304 240 723 379 965 339 223 456 586 774 280 324 68 375 761 678 17 956 240 835 322 701 861 248 342 337 898 293 779 763 249 100 923 56 915 700 218 87 420 362 736 413 895 858 238 738 663 293 232 44 897 870 176 251 47 569 591 17 191 746 913 47 992 868 766 783 114 537 728 421 155 113 919 173 583 978 893 413 968 883 346 913 472 510 433 451 622 638 53 425 681 43 501 282 441 446 197 706 172 725 624 35 414 676 792 182 115 564 984 103 695 750 655 339 867 915 28 109 434 501 913 936 520 754 512 66 514 626 914 472 275 394 113 860 316 978 523 984 576 601 348 635 185 775 795 980 104 744 581 396 557 366 853 657 342 757 177 779 858 891 742 57 804 275 738 955 294 944 710 902 42 470 89 797 487 34 150 746 318 716 273 415 929 660 940 823 271 972 387 314 359 612 68 285 218 672 153 363 417 460 567 882 897 311 708 372 685 826 505 899 73 51 999 284 388 839 750 581 793 933 926 328 450 79 382 535 750 898 671 34 876 103 433 28 354 847 295 344 371 461 375 708 82 768 801 929 900 576 550 174 546 55 150 538 2 632 945 531 704 859 978 126 961 539 434 901 975 153 77 395 14 753 714 481 581 42 829 981 276 713 731 23 525 478 430 412 399 299 107 613 753 453 436 200 444 393 556 278 523 724 45 508 609 99 161 103 20 944 399 266 882 870 762 65 73 760 480 864 688 784 21 793 790 347 791 281 536 318 939 268 153 740 116 706 342 790 343 298 75 667 345 140 263 670 178 259 637 326 722 525 722 976 924 479 866 318 422 185 307 981 838 672 158 613 76 723 199 27 458 695 221 633 34 773 622 443 89 723 341 122 940 964 265 836 154 308 598 206 354 995 298 12 79 770 683 71 664 463 349 587 626 76 634 133 629 905 479 219 204 102 899 850 437 295 701 201 621 570 794 207 71 242 368 284 106 588 117 540 6 841 706 539 309 911 33 944 500 349 385 693 421 867 252 342 971 357 612 121 677 145 39 62 588 17 39 720 409 698 391 296 77 93 953 723 764 439 912 925 813 345 753
