50
254 2
998 22 729 689 366 70 121 586 43 504 654 596 121 841 245 584 380 982 983 124 630 916 621 42 403 71 701 226 46 125 354 957 774 20 849 414 195 571 483 352 772 57 759 214 324 859 661 467 135 797 268 319 829 184 533 108 772 59 841 356 419 986 391 542 604 952 140 460 497 92 792 962 234 992 692 902 381 590 24 295 469 239 263 911 652 678 696 455 796 280 10 916 510 591 534 199 646 372 350 435 143 350 259 40 832 456 749 568 3 347 976 946 565 804 880 343 938 658 610 997 780 575 167 644 932 674 758 647 917 18 797 386 262 576 102 287 784 686 97 983 468 713 425 612 290 572 389 803 450 533 490 598 43 905 340 148 947 60 375 995 527 278 784 479 587 537 137 440 222 907 863 19 85 847 635 821 288 901 134 667 747 950 735 41 74 571 79 462 767 92 273 767 80 745 791 362 911 574 66 95 788 262 248 542 90 212 206 341 163 485 34 595 793 832 705 922 271 552 496 645 957 924 425 513 443 868 8 85 223 990 518 695 914 12 597 203 828 323 372 288 732 9 256 543 289 449 570 31 956 960 109 793 567 11
742 9
528 384 301 781 232 202 243 742 763 215 392 881 154 216 174 726 29 824 534 812 630 476 438 306 809 677 615 762 189 472 274 861 218 392 28 14 64 172 826 563 242 486 921 922 501 404 354 795 273 188 529 106 825 996 457 712 67 639 180 713 924 647 377 636 662 651 547 645 139 530 340 38 28 256 711 881 745 799 152 885 759 907 80 61 52 286 300 374 603 955 572 807 762 857 496 176 105 923 156 75 298 690 431 888 312 739 340 421 60 954 926 890 194 982 993 128 80 143 712 49 348 254 213 138 70 952 575 913 492 552 408 553 428 726 575 601 139 650 844 861 665 498 207 136 392 349 318 581 157 646 952 419 462 627 491 645 961 392 982 520 919 772 139 79 405 482 182 452 524 22 952 475 275 67 915 374 637 630 40 758 924 934 499 364 62 522 136 611 18 735 959 388 925 647 764 246 9 768 759 559 917 734 875 519 98 489 853 862 792 32 100 171 706 714 809 281 3 429 925 207 411 191 385 838 240 891 808 682 595 103 219 293 866 428 496 249 418 613 179 441 397 406 856 822 346 894 524 590 829 381 298 432 185 492 484 164 732 522 645 545 249 750 283 186 293 539 566 224 682 831 478 117 440 739 566 483 718 271 848 415 132 727 802 491 55 490 536 281 147 138 429 160 486 312 301 958 791 157 505 742 699 765 326 410 62 469 158 217 804 938 690 144 56 601 550 85 89 999 467 271 666 400 303 647 379 939 613 846 175 769 987 249 706 164 424 641 783 181 414 270 989 574 55 194 598 363 369 0 979 737 599 265 280 116 115 289 577 398 197 748 41 891 208 955 129 557 574 506 745 526 508 926 886 182 434 481 806 993 311 143 411 812 436 340 691 286 982 331 70 981 349 714 232 886 279 924 516 885 97 947 716 305 228 347 688 476 368 203 36 594 408 379 78 258 184 116 333 431 55 731 271 154 727 537 943 919 133 529 805 682 218 738 700 372 273 951 879 692 741 27 898 342 146 315 795 844 665 402 300 651 980 481 779 270 698 676 695 384 12 655 841 848 584 192 876 289 43 373 672 194 919 306 688 421 824 581 520 169 280 759 638 114 990 551 531 823 488 723 906 988 207 534 748 509 591 493 201 688 483 793 672 275 259 589 365 54 487 693 682 722 535 498 463 264 545 56 202 941 670 906 434 429 18 327 228 217 67 574 792 449 402 467 985 892 52 164 194 891 491 701 585 656 137 41 858 7 709 665 211 704 572 512 864 829 672 46 356 425 493 68 802 413 491 205 366 751 914 565 536 557 924 614 542 695 416 156 480 885 861 157 158 290 334 349 248 888 566 774 12 216 864 909 43 30 822 4 331 74 670 459 722 169 447 493 920 507 990 634 451 360 735 58 535 430 394 692 652 402 532 257 767 157 468 103 167 535 19 966 90 924 143 755 829 927 163 960 477 657 612 928 366 10 245 905 868 789 396 605 261 925 150 266 332 529 664 997 622 100 955 400 19 357 683 508 100 752 667 731 518 414 102 354 664 707 475 698 776 43 569 876 297 540 146 19 367 661 713 513 957 572 444 467 845 52 323 506 419 921 745 776 658 920 488 440 613 291 843 84 808 416 245 579 817 820 856 269 231 386 673 196 422 174 796 157 664 97 259 865 879 657 938 973 238 893 979 202 980 427 992 424 59 549
430 0
684 589 886 552 268 607 577 494 966 467 582 971 705 768 754 952 937 824 149 946 691 697 581 570 205 525 639 221 751 278 270 441 648 2 242 919 757 962 791 591 776 228 896 443 114 666 763 521 288 539 325 417 211 469 15 710 859 817 168 832 183 663 290 97 730 32 339 255 431 76 901 981 18 585 237 6 693 660 684 589 142 639 341 603 890 390 839 153 15 444 470 648 197 435 439 265 624 769 485 599 599 217 280 920 887 93 312 503 481 145 556 14 622 883 364 271 953 647 640 311 167 425 795 646 759 481 161 892 415 682 696 659 81 356 791 249 449 230 249 839 764 589 171 582 372 392 850 846 872 842 366 282 84 763 69 353 864 772 396 464 180 372 87 914 856 696 944 557 281 328 696 773 496 596 381 903 223 0 23 157 146 344 918 393 139 138 751 613 726 240 659 996 106 957 18 191 737 175 89 643 21 804 318 960 346 706 130 148 299 538 728 29 545 62 573 578 49 423 454 95 10 889 56 646 139 87 856 600 614 255 15 947 421 307 984 225 879 690 397 791 25 615 355 199 440 319 967 186 594 920 637 549 963 307 29 199 941 512 865 241 865 312 315 962 703 354 401 40 346 171 806 334 621 380 73 482 36 924 654 624 727 357 430 639 372 844 144 875 810 589 715 192 616 729 183 540 599 870 829 806 820 179 256 15 227 638 765 111 248 496 423 971 290 156 8 259 318 46 257 72 477 306 295 391 519 92 356 639 341 976 276 151 250 305 903 108 128 208 356 571 714 438 577 271 787 254 758 121 468 270 914 779 797 358 356 954 403 22 859 608 234 404 394 487 757 700 256 511 81 219 969 331 216 933 532 218 551 687 475 4 971 368 845 284 510 40 291 240 376 305 655 481 513 975 928 514 506 28 847 267 25 513 604 245 879 51 522 665 808 400 71 954 991 665 812 511 389 49 340 245 551 789 894 675 723 485 608 457 445 962
91 3
33 695 87 130 163 635 585 321 616 494 130 394 281 453 312 471 632 88 259 666 303 382 284 120 833 885 924 261 933 846 132 833 866 993 909 867 702 548 888 379 701 679 329 980 530 448 810 754 941 318 627 192 863 262 444 499 713 572 434 489 248 657 275 447 288 535 621 793 51 648 247 727 118 161 256 730 677 428 717 778 925 533 388 274 408 917 260 812 82 604 806
923 3
683 669 250 772 869 103 48 285 382 423 206 810 856 141 855 791 225 542 793 424 540 133 182 280 114 726 232 270 399 324 254 730 722 763 333 716 364 257 511 515 69 561 376 874 765 239 439 148 274 405 215 420 928 369 757 205 683 534 4 939 414 49 491 641 441 252 298 924 691 782 561 711 226 192 17 144 186 820 374 79 452 19 794 443 4 934 24 564 723 636 919 392 375 458 809 60 510 61 605 101 421 247 427 7 203 442 912 431 202 683 755 670 165 110 21 576 822 631 958 397 294 948 655 500 180 47 333 980 575 925 378 128 997 222 287 708 819 822 61 576 357 477 141 95 755 842 204 234 894 522 995 842 919 913 70 317 169 989 628 612 325 757 452 829 18 543 306 105 767 56 677 806 352 637 600 877 781 351 881 70 735 278 389 719 554 15 821 325 761 429 602 991 983 715 369 73 427 690 174 39 886 567 447 474 215 939 30 393 393 828 465 736 658 12 639 30 274 798 116 812 736 951 350 572 487 628 581 225 852 809 257 132 291 703 570 322 478 426 249 407 735 401 811 582 980 849 206 761 439 345 734 532 73 329 894 1000 24 42 365 830 849 595 494 693 248 437 502 424 355 447 483 363 888 468 595 878 302 998 655 979 484 65 305 451 541 549 507 670 174 947 317 903 64 789 470 528 690 107 73 527 360 744 42 299 152 790 4 525 117 326 117 660 505 935 831 807 741 900 37 770 249 634 375 705 544 801 906 133 884 271 931 108 125 181 828 312 46 467 991 788 734 462 481 677 622 687 483 24 295 211 322 455 517 828 762 701 213 64 880 435 581 522 402 112 666 902 863 520 938 866 90 199 140 169 560 268 848 351 419 632 6 857 212 195 227 786 701 157 950 870 181 259 990 26 558 475 26 376 632 329 124 28 752 947 372 713 690 388 880 442 23 666 377 668 764 438 174 911 756 355 348 281 441 903 814 716 322 919 701 920 180 229 446 851 194 830 264 299 327 718 698 529 540 369 174 210 139 136 197 249 894 463 597 396 872 37 703 440 257 951 879 505 559 778 669 555 176 810 159 402 556 148 762 719 678 65 537 265 720 824 308 692 473 461 414 87 422 311 82 165 531 37 995 730 115 839 509 49 388 145 472 511 574 907 943 196 789 99 722 659 733 476 250 919 702 740 758 65 222 295 143 17 401 584 497 571 1 211 10 151 428 337 906 515 735 13 58 299 261 402 877 344 135 474 526 275 801 418 737 997 35 988 389 964 444 272 812 990 47 84 169 999 562 563 930 675 13 309 783 170 955 465 794 118 318 902 793 971 246 250 667 683 73 276 885 936 573 367 237 216 948 74 906 448 891 456 244 865 326 858 485 444 136 792 818 717 839 387 826 923 986 727 597 6 909 490 726 158 644 114 353 191 488 638 172 718 209 234 853 629 424 721 932 353 47 615 67 4 17 238 702 456 380 413 268 78 632 308 39 446 777 315 836 820 353 809 229 130 747 289 287 385 705 679 26 257 339 376 506 458 615 285 468 883 190 646 569 944 542 464 417 508 676 191 151 847 901 292 505 42 77 402 873 756 487 58 792 55 113 733 675 778 940 901 71 567 846 426 118 4 920 383 949 387 897 959 305 379 102 465 951 405 792 570 461 592 451 5 767 185 346 350 510 695 430 190 240 80 560 746 599 859 209 304 57 535 962 448 340 964 572 936 98 616 118 61 973 141 206 327 448 922 340 815 225 992 444 809 565 743 360 695 539 656 397 427 808 450 346 533 881 316 711 227 103 115 516 856 469 427 258 247 602 265 551 734 264 240 383 535 770 933 907 485 129 9 156 842 674 414 394 55 390 488 36 973 357 376 464 718 17 913 172 798 117 923 484 372 987 998 118 542 386 931 314 245 330 905 770 303 621 380 731 634 656 490 132 730 352 776 739 879 23 999 325 744 223 322 797 462 837 961 130 951 701 326 223 94 748 812 910 964 808 617 508 507 541 315 129 116 880 186 726 782 293 78 319 535 107 596 717 595 550 521 762 410 320 111 598 641 812 685 143 321 38 52 375 957 734 113 760 804 901 310 476 4 162 368 606 909 42 6 489
535 7
351 536 405 215 725 156 787 462 121 423 739 541 297 850 168 309 758 641 372 584 741 927 923 336 950 229 422 441 474 253 407 512 973 450 119 867 815 142 90 247 360 657 861 100 872 934 667 350 829 879 456 455 673 150 805 423 58 337 893 201 468 852 474 465 679 762 977 783 85 657 142 311 320 242 296 627 683 729 417 888 993 148 142 435 994 828 698 342 667 706 23 632 377 824 664 537 142 341 987 185 353 393 324 256 693 395 826 245 752 525 423 210 131 262 283 181 658 459 574 295 288 488 315 629 41 167 348 629 529 760 265 402 327 205 159 806 705 995 264 804 708 338 282 933 307 103 590 729 957 792 133 434 391 777 976 819 446 503 161 677 814 599 153 224 101 862 468 144 371 342 693 756 25 272 888 92 759 318 424 562 840 881 385 542 104 491 773 517 40 158 484 782 935 429 266 106 705 700 124 149 650 395 441 347 340 595 797 236 611 23 81 413 298 103 543 95 564 105 533 460 671 417 959 13 123 110 789 826 193 212 663 712 643 761 521 861 550 478 125 969 672 786 413 901 427 761 437 98 597 207 511 535 329 788 414 294 632 588 627 765 115 559 873 429 197 810 904 833 121 665 110 421 68 882 554 828 193 14 757 178 748 780 450 460 826 835 419 814 995 417 215 792 271 781 421 505 796 432 745 85 725 566 304 803 771 486 565 934 190 410 393 420 928 62 244 740 401 597 857 928 430 25 422 134 735 208 702 992 78 695 52 578 884 446 173 126 963 310 735 661 664 436 832 426 731 491 947 830 38 781 162 65 41 857 790 677 465 535 969 2 669 247 203 720 98 653 254 249 857 302 587 259 642 832 165 412 130 531 264 618 548 824 457 389 351 128 361 813 948 738 880 771 166 157 544 888 371 661 960 895 593 887 472 843 781 415 601 71 52 272 355 200 564 476 221 848 199 802 1000 922 8 897 873 473 986 0 26 264 29 141 170 648 347 569 501 609 186 641 809 690 85 415 614 471 850 592 844 466 520 996 33 465 976 929 772 889 532 877 420 17 317 799 947 316 244 126 791 983 16 56 74 567 92 215 376 114 374 989 324 644 903 132 436 747 444 644 912 331 694 995 968 378 34 201 727 76 18 316 595 885 932 612 872 256 734 868 747 605 794 337 407 119 663 1000 160 122 718 813 427 47 507 351 173 227 759 186 913 919 785 973 729 266 824 194 980
335 8
631 530 54 768 934 609 168 114 49 443 768 243 450 690 228 732 62 91 929 550 16 106 758 298 225 973 119 612 241 712 887 498 212 182 697 469 711 235 962 394 211 869 720 549 638 431 287 368 530 856 169 511 273 558 226 242 223 618 35 552 967 677 607 676 283 557 199 270 958 554 884 373 674 398 862 88 851 704 556 825 953 60 474 187 269 730 486 144 253 657 213 126 422 826 15 656 561 25 389 98 808 124 426 95 286 440 876 588 665 490 54 174 295 626 668 899 147 572 174 51 931 681 167 723 162 960 402 323 946 441 96 863 203 194 541 103 349 831 215 866 504 390 187 992 299 334 748 752 570 577 876 13 571 627 557 487 669 751 510 988 90 977 900 709 565 613 331 815 972 326 99 181 605 815 701 266 789 95 867 370 858 432 731 766 358 787 356 51 700 863 849 116 467 63 994 111 973 248 427 189 474 693 380 750 486 543 165 645 3 969 116 926 506 985 178 262 526 100 666 600 446 789 58 892 152 521 118 983 90 984 700 571 48 160 28 564 876 985 150 703 538 667 875 783 537 915 477 423 865 885 755 337 166 272 154 883 433 801 686 453 449 97 985 190 353 812 309 827 518 210 74 727 828 267 891 722 581 957 347 770 847 488 339 136 819 57 178 887 955 448 92 70 275 750 747 816 137 178 128 384 788 716 527 946 162 202 282 55 480 581 115 663 102 356 308 135 227 555 774 450 608 647 81 585 929 729 367 538 808 82 425 19 156 169 821
453 7
539 69 202 647 639 579 528 557 73 269 38 697 395 940 107 280 424 438 372 777 471 708 489 222 879 536 594 405 759 50 648 384 790 836 124 951 597 652 576 786 444 260 34 165 809 149 359 214 562 15 42 4 455 774 189 211 606 549 995 123 138 492 934 632 802 141 157 357 918 906 146 823 777 478 748 366 837 795 401 550 574 757 568 19 857 195 319 156 329 484 798 80 674 579 844 473 446 104 717 104 800 583 940 420 653 39 628 485 163 742 76 86 889 896 598 92 257 79 402 730 707 439 818 642 516 163 790 186 345 168 449 676 548 705 627 472 815 886 776 822 319 460 916 658 644 771 720 829 760 722 467 876 50 586 615 328 60 560 674 146 204 728 839 658 730 186 626 917 428 500 297 259 710 430 76 321 461 268 498 532 82 332 583 273 308 281 86 783 249 761 205 441 539 538 263 401 925 474 566 684 40 194 379 491 941 89 844 941 514 158 109 709 667 943 136 780 737 97 811 19 336 164 573 168 509 101 603 323 319 957 858 312 104 937 897 138 148 193 983 424 535 575 668 222 785 348 872 699 162 135 706 566 32 856 627 353 781 533 349 906 738 954 190 621 757 925 889 153 915 397 988 177 942 233 189 508 442 120 707 974 49 107 805 814 13 702 271 986 949 699 378 538 631 393 24 476 215 420 475 732 496 305 229 953 819 61 592 937 631 400 840 398 949 449 995 632 297 647 744 138 18 336 596 25 68 983 172 96 950 442 691 868 423 753 859 126 779 349 968 852 984 795 60 413 720 52 875 829 180 916 161 466 881 671 181 31 84 485 564 47 64 835 466 661 18 363 38 921 383 337 34 449 132 342 419 847 500 622 545 187 575 23 415 847 309 88 746 734 204 253 833 808 321 167 232 458 24 527 975 526 342 180 14 876 390 462 787 632 872 266 789 102 742 245 387 537 78 466 320 299 142 423 988 949 142 716 310 142 224 820 110 1 936 677 879 469 585 958 573 266 277 599 534 711 837 363 90 585 233 491 669 259 266
754 4
423 655 220 935 419 141 439 143 358 370 611 484 153 928 894 472 450 754 690 319 281 841 481 648 457 442 886 887 882 730 952 523 668 423 661 644 80 334 890 165 354 286 759 512 755 506 785 854 480 789 704 393 428 208 883 979 180 628 337 482 433 116 72 609 293 665 167 493 914 148 963 941 339 38 456 295 750 323 285 105 322 434 611 533 833 911 874 947 412 589 260 86 88 214 895 410 870 808 876 885 648 240 361 197 17 554 733 111 868 763 682 665 95 468 900 35 397 137 461 877 398 346 944 26 443 719 198 501 31 354 496 358 535 82 907 813 892 24 545 140 96 12 679 592 12 693 282 896 207 179 655 474 893 195 907 910 1 173 462 347 218 496 819 701 261 184 961 800 201 306 258 898 16 772 290 612 969 703 590 992 49 416 967 468 29 336 735 582 619 183 754 743 782 718 147 654 102 865 454 411 451 348 839 820 883 450 905 406 854 268 527 407 837 891 198 453 705 984 923 987 122 222 393 411 987 146 550 348 808 862 566 989 928 871 152 528 817 658 815 128 947 570 805 430 183 187 92 643 118 405 816 761 590 449 363 690 738 393 185 961 500 991 28 770 308 972 54 221 627 869 570 969 209 750 920 500 947 818 183 525 482 596 393 363 378 710 797 79 6 302 527 622 281 434 549 594 150 533 733 139 982 478 4 918 46 418 42 555 929 254 219 33 561 614 189 53 487 695 455 633 516 154 767 519 908 315 425 579 445 29 728 400 846 825 868 217 906 55 113 634 425 815 395 870 3 736 9 562 23 15 994 958 144 577 217 72 209 385 587 821 563 283 769 801 182 483 318 961 43 891 328 748 776 293 737 610 307 981 844 712 245 90 560 566 380 544 974 85 125 666 777 374 622 328 101 971 134 128 156 177 335 476 309 815 555 897 809 153 809 674 945 935 532 216 267 998 392 782 129 102 953 898 84 555 634 602 103 837 432 198 500 617 336 753 606 785 902 253 693 487 293 700 456 63 930 43 832 340 488 992 643 894 25 589 123 622 928 589 173 438 145 894 938 152 501 248 221 697 572 804 380 125 455 620 901 34 291 576 989 239 802 711 759 894 330 302 414 247 948 156 391 942 358 293 233 765 283 384 785 560 254 456 309 219 328 967 862 932 979 883 82 309 863 143 362 133 815 880 63 601 893 872 194 947 554 930 513 913 275 493 650 673 252 536 182 807 722 940 737 74 25 192 564 520 787 435 731 349 548 484 723 990 262 488 725 422 250 401 811 265 802 487 292 667 800 984 407 741 700 943 84 452 816 768 946 951 916 410 441 898 491 174 800 697 742 933 760 855 387 630 333 710 603 553 900 370 731 653 820 329 40 252 669 274 94 563 702 223 197 73 437 793 318 86 93 394 185 649 2 16 926 895 495 744 0 670 528 560 609 166 494 868 217 678 831 529 297 151 869 337 915 452 841 102 941 254 114 327 552 360 632 43 419 326 638 153 36 329 561 906 96 288 113 60 885 195 738 905 195 295 897 525 71 228 921 857 36 881 689 727 152 270 321 703 375 637 11 967 724 741 1 693 963 469 925 855 2 467 642 701 184 347 20 667 838 131 844 727 490 940 784 880 173 711 258 630 934 94 453 417 7 140 714 547 820 813 488 412 290 588 952 572 798 494 41 551 637 871 264 531 36 656 957 309 906 372 147 725 193 347 235 204 447 539
228 7
162 737 178 266 288 499 100 106 315 730 244 634 582 755 319 183 444 290 683 278 766 106 75 452 130 410 625 474 355 463 544 252 520 412 43 203 378 718 261 153 911 899 242 888 518 959 183 711 105 264 195 48 71 711 324 93 306 672 224 976 599 373 902 252 554 745 513 305 90 570 38 388 878 309 396 3 45 77 643 587 675 827 114 412 260 257 843 16 852 980 588 219 221 878 186 165 211 825 882 254 189 543 291 42 763 306 229 913 707 890 40 351 472 484 140 115 933 392 131 643 696 39 433 299 475 294 0 370 922 182 273 993 375 783 381 801 138 855 709 722 551 641 218 639 680 827 330 118 786 660 430 268 347 758 369 541 813 119 769 352 525 557 879 328 66 695 691 753 14 214 596 88 565 237 679 663 321 58 227 960 625 725 199 682 158 849 86 449 998 527 482 168 419 707 146 109 839 175 747 390 149 416 896 388 107 358 726 853 827 997 249 632 21 754 983 169 60 809 978 688 845 946 261 49 978 856 178 696
951 1
418 877 5 903 205 786 493 112 832 168 555 56 409 905 99 188 165 569 881 893 61 230 367 658 143 609 725 710 593 585 137 683 275 850 654 370 6 200 451 231 35 932 377 778 665 588 366 630 275 587 388 204 653 514 457 839 439 206 706 851 471 438 742 664 29 67 60 180 105 456 192 150 231 873 122 510 637 300 921 742 338 659 459 641 939 359 334 357 505 403 867 383 487 763 509 548 469 919 227 773 815 391 685 487 822 959 642 135 66 517 674 873 570 528 558 749 955 486 719 6 83 334 762 264 276 252 317 637 198 942 566 962 458 984 613 700 242 210 367 681 323 796 695 788 907 634 26 985 800 321 78 318 371 69 242 706 184 828 308 978 671 535 57 196 882 829 838 654 444 782 350 700 99 363 999 961 123 855 786 396 115 553 357 187 304 105 929 385 862 270 538 867 724 475 396 671 199 394 224 811 973 5 283 971 955 82 178 748 656 982 530 474 423 459 896 804 656 118 579 428 592 622 251 46 738 976 902 439 669 189 433 296 333 184 387 692 505 395 643 348 20 444 243 930 983 390 707 327 373 571 585 466 654 510 181 699 351 64 989 107 686 164 979 139 729 172 689 952 518 836 196 959 886 591 496 587 245 530 400 706 781 598 354 495 833 151 270 422 229 176 669 617 732 296 420 158 306 759 56 282 98 3 225 87 835 609 921 174 751 135 137 956 945 894 750 577 751 723 280 362 782 503 135 503 108 662 475 486 914 161 547 982 170 596 990 191 794 998 775 596 949 429 496 743 499 105 420 618 997 144 236 651 835 45 928 32 342 914 311 67 487 423 357 271 643 761 699 855 173 664 966 738 105 505 161 52 636 510 730 849 886 602 444 606 103 314 963 227 112 782 19 518 684 947 441 553 706 683 98 499 21 914 282 617 106 781 204 780 662 115 526 607 931 541 866 286 478 114 107 254 885 66 312 880 568 438 351 506 820 922 599 38 370 705 688 190 485 356 412 648 977 602 913 260 477 507 957 648 59 660 793 460 448 472 257 241 523 361 996 513 688 882 281 335 144 200 499 284 661 912 797 165 599 357 531 761 480 476 660 572 610 555 671 87 340 357 419 627 683 219 167 510 337 138 942 907 538 756 91 479 114 819 509 499 207 763 364 888 96 151 462 935 550 826 762 728 796 236 400 244 36 308 915 346 60 24 940 357 130 243 707 913 108 143 554 540 27 103 76 404 874 491 408 320 13 204 188 623 380 114 225 923 63 308 211 509 918 765 101 510 714 776 451 235 139 806 95 898 25 610 218 672 168 109 960 403 975 855 278 954 102 0 75 270 902 38 81 209 192 768 485 54 338 994 224 121 477 315 166 468 55 18 742 162 963 36 459 852 776 284 104 369 667 38 531 0 566 137 664 500 970 788 856 24 903 20 914 132 451 776 680 64 458 429 428 797 69 861 350 773 361 699 18 563 991 337 122 545 673 903 663 110 913 170 212 932 478 30 75 328 135 965 904 549 819 568 360 326 325 718 720 476 909 303 830 616 20 758 106 907 13 621 451 900 255 951 258 653 546 481 533 818 631 707 300 413 843 632 695 262 966 990 901 615 531 556 850 335 561 596 524 887 473 807 112 212 913 709 618 107 714 63 745 572 306 956 786 147 258 593 826 331 509 506 459 446 873 978 759 624 823 647 587 499 64 445 482 395 983 641 864 646 727 537 884 94 469 859 438 321 213 390 663 152 977 826 471 854 76 781 839 866 906 606 754 477 552 675 317 379 175 974 262 506 752 587 4 983 609 896 48 200 813 645 140 588 308 84 83 589 375 454 471 510 876 1 755 671 524 15 697 790 676 473 581 501 179 975 282 869 612 914 955 506 655 733 119 918 725 308 777 713 488 376 179 897 89 204 529 833 470 77 882 971 74 198 724 691 920 19 80 81 260 277 788 794 154 239 463 261 29 822 741 142 313 412 429 828 290 996 631 23 151 185 52 56 90 762 867 54 370 972 337 811 788 987 275 983 796 923 834 30 900 881 141 453 537 408 733 848 349 384 990 658 318 983 347 745 248 499 102 285 297 289 602 467 656 348 969 879 890 995 928 801 132 239 966 252 495 155 334 651 415 533 6 499 908 592 179 914 507 47 118 865 271 789 949 956 203 942 302
418 5
111 937 45 603 78 63 61 129 769 851 584 625 150 230 484 363 826 928 757 349 351 712 564 81 413 34 112 220 248 465 712 655 971 285 523 634 700 383 562 483 643 229 362 687 16 456 542 262 374 629 896 223 538 661 153 794 458 86 570 526 656 587 78 335 978 121 883 940 388 497 72 573 567 384 50 514 593 618 708 887 657 926 63 70 254 468 622 654 721 292 507 830 280 679 334 902 463 319 476 922 899 139 542 818 886 778 166 758 620 566 315 922 235 937 305 922 701 98 510 507 291 488 115 290 417 533 912 916 279 144 979 984 677 60 750 390 597 342 811 493 764 738 84 767 75 503 325 801 998 983 748 303 236 952 635 647 994 830 57 23 993 264 739 234 684 417 607 408 275 589 248 464 672 898 987 359 911 781 960 577 952 472 317 280 386 752 479 296 838 409 836 925 469 700 841 491 917 976 303 222 990 796 354 183 884 603 109 361 916 436 929 552 375 878 750 374 175 305 752 916 682 16 941 484 624 209 491 858 314 825 71 228 954 636 785 687 557 245 161 497 822 41 74 266 934 542 115 903 573 951 634 381 159 488 633 974 423 222 675 952 705 722 405 562 893 118 797 748 483 722 790 441 844 700 509 855 165 931 774 685 179 248 383 125 731 473 376 637 218 65 33 778 729 381 486 278 211 455 755 260 775 346 350 793 200 75 450 516 605 304 821 346 170 462 631 470 705 89 112 918 946 865 894 969 493 817 714 255 978 90 919 238 463 627 966 719 370 80 994 50 719 953 77 73 534 498 437 420 39 827 987 535 950 219 642 675 150 889 333 348 516 31 58 834 515 995 334 417 185 801 776 392 318 528 767 421 106 769 687 493 712 26 763 936 296 922 217 914 211 342 625 857 204 654 515 715 434 999 266 31 487 785 591 153 48 954 820 695 126 196 565 455 866 632 499 233 817 109
620 9
297 434 523 354 278 610 503 492 510 613 237 250 358 738 905 395 35 725 222 379 354 694 830 124 733 160 905 797 260 63 94 910 147 282 957 226 120 701 514 442 993 901 952 702 26 411 905 469 969 303 276 657 816 508 512 480 884 886 212 13 215 202 312 882 768 853 618 689 724 818 8 837 636 756 15 672 931 773 728 263 874 527 752 936 153 403 21 182 601 29 967 69 421 412 107 34 237 124 987 46 724 840 703 296 862 466 244 496 871 722 279 684 389 859 355 189 744 283 365 875 237 938 607 513 171 7 552 817 528 976 723 497 827 275 290 257 655 949 76 802 807 990 332 531 718 26 97 199 590 25 470 469 562 409 746 690 554 825 673 523 798 650 528 278 150 829 34 558 397 199 318 164 266 242 343 834 154 920 129 163 818 17 530 368 13 587 365 92 653 36 50 298 208 805 421 809 217 37 731 462 77 346 102 543 188 829 917 442 285 379 672 864 749 205 456 393 335 154 520 243 954 779 843 317 128 759 703 837 369 485 753 164 172 759 212 155 481 140 563 169 150 799 225 57 691 23 185 982 496 463 924 629 796 389 23 418 205 47 788 544 839 763 40 146 766 658 921 486 277 151 562 865 774 456 699 890 226 423 788 815 795 223 99 175 869 617 315 116 390 963 894 600 145 639 495 980 642 133 843 127 607 51 531 836 336 311 913 730 730 257 385 962 592 587 681 544 890 944 571 843 873 995 737 460 289 177 349 228 382 568 683 708 8 416 919 543 658 896 342 238 707 388 754 556 3 94 793 141 320 521 950 207 920 314 635 689 567 161 765 954 750 992 803 867 841 162 183 518 837 518 609 309 777 183 335 800 535 574 475 917 758 855 408 566 13 19 743 683 536 81 711 621 924 509 33 427 73 72 941 387 380 347 201 303 129 474 26 668 18 575 510 128 720 107 78 51 803 482 700 130 743 152 452 497 219 654 19 636 725 211 99 909 907 901 756 789 457 926 468 138 203 347 840 819 198 312 138 138 804 531 679 960 962 269 344 322 626 730 345 253 862 532 585 685 979 739 615 897 520 821 918 689 138 217 402 547 56 661 508 856 320 12 450 3 46 894 743 728 866 322 918 779 537 557 634 768 9 116 992 631 37 945 630 164 333 460 346 814 454 257 494 125 407 354 274 601 776 385 835 915 51 585 68 470 281 648 998 285 578 40 924 417 83 864 35 644 926 303 503 46 218 644 238 969 479 612 991 605 271 546 391 685 309 777 290 413 189 922 303 792 70 665 672 162 28 8 721 123 425 428 716 63 949 8 717 597 934 321 613 298 792 690 92 41 902 61 90 601 783 105 265 126 820 108 311 895 185 941 354 54 55 9 497 698 470 233 796 832 271 315 898 355 9 242 584 465 124 1 38 867
337 4
466 800 998 952 577 342 656 877 467 770 120 584 10 603 101 506 463 860 958 245 162 505 107 907 482 878 264 523 339 43 230 289 265 370 508 325 584 555 769 27 718 640 569 790 572 137 581 518 118 638 716 701 818 638 331 198 995 207 417 446 809 196 561 41 363 709 475 105 88 882 370 383 356 705 840 719 313 24 610 214 682 118 449 592 194 389 167 816 837 949 424 68 243 707 93 446 580 766 970 42 58 973 517 188 330 738 201 229 296 936 662 877 431 155 991 257 924 8 620 940 19 853 663 626 205 490 842 931 785 991 30 223 184 432 515 303 780 283 367 589 944 492 75 297 310 683 77 131 711 125 556 71 309 585 578 243 28 699 102 528 743 39 803 836 67 853 217 617 688 680 853 499 394 472 174 947 91 759 340 760 792 175 511 634 962 269 419 95 798 778 314 197 687 527 645 250 923 434 160 278 733 844 551 100 598 903 993 781 830 899 112 285 881 525 488 743 357 446 846 712 340 884 53 540 713 552 760 43 136 559 425 220 3 752 239 771 647 567 584 76 642 616 50 180 187 452 534 399 94 436 9 879 357 778 400 654 370 662 1 270 435 487 902 616 502 263 331 857 392 446 602 915 126 248 928 608 608 968 115 340 674 128 831 297 796 191 55 981 431 228 133 896 594 328 973 712 765 328 996 178 345 717 616 21 42 394 834 72 386 997 620 295 170 243 515 443 583 170 455 876 281 185 695 35 349 382 950 342 128 184 399 99 655 342 679 954 866
687 8
810 286 438 654 338 934 884 492 752 789 387 2 978 950 301 180 771 322 72 35 947 357 353 210 487 765 118 599 412 892 222 862 385 695 986 70 183 311 896 61 33 838 19 190 229 539 362 88 746 934 362 22 516 278 555 801 786 621 567 171 154 864 957 770 850 699 900 613 788 70 202 840 872 594 984 335 898 162 134 83 902 256 503 42 904 296 693 258 636 118 566 186 359 95 821 753 917 848 650 379 158 968 887 6 8 584 370 680 554 478 876 990 642 465 82 728 13 238 34 973 980 889 79 753 151 444 498 185 941 112 893 730 433 793 369 633 363 426 260 602 496 208 781 837 980 427 559 628 823 345 148 980 653 842 854 467 932 638 728 696 548 206 731 703 994 211 833 105 830 189 257 307 150 862 894 355 550 234 920 196 120 331 6 419 519 9 926 325 544 228 929 964 561 283 838 916 297 563 397 657 730 134 321 418 604 83 543 430 546 665 874 993 949 479 391 730 849 636 92 35 119 192 773 429 50 340 765 249 136 586 722 555 482 231 247 191 881 519 534 161 687 453 351 168 886 914 146 104 2 250 495 97 488 539 282 59 100 702 633 138 490 113 682 245 448 119 328 854 290 613 119 681 509 81 724 377 169 165 488 348 361 544 61 506 374 252 968 25 343 716 477 14 964 415 694 870 83 19 882 861 205 812 714 347 15 660 841 393 535 557 93 648 175 66 563 326 649 309 124 148 176 105 699 869 784 152 658 526 143 279 866 955 251 433 384 965 632 283 375 699 941 344 927 618 828 58 602 899 126 477 235 481 736 833 484 804 178 295 170 466 761 653 748 139 673 768 957 666 759 456 511 966 286 454 878 727 598 47 758 420 128 978 975 467 337 848 469 293 370 314 493 370 825 899 732 632 234 347 277 255 792 390 504 743 765 618 541 628 854 207 866 522 432 471 146 422 732 386 3 449 838 902 768 906 783 396 369 9 686 774 362 704 1 651 256 630 429 339 895 720 739 91 531 638 471 372 699 606 682 42 688 232 656 240 308 531 293 758 749 933 76 951 391 204 839 871 371 902 745 221 459 764 437 667 663 462 965 967 406 38 574 364 653 573 588 260 971 401 14 935 387 123 686 68 734 435 304 151 199 991 680 505 218 196 242 916 9 224 501 628 205 445 371 975 845 245 738 291 958 982 660 589 15 189 713 310 98 295 352 833 916 417 237 36 753 778 683 184 82 755 917 557 548 341 653 46 381 309 787 517 177 891 819 182 232 780 275 371 154 373 757 662 43 285 165 680 321 749 639 257 9 643 11 35 767 588 717 707 484 607 726 121 390 522 523 779 723 43 138 166 619 141 673 705 665 687 130 846 688 753 838 642 561 956 383 335 723 730 860 483 28 495 821 471 683 99 426 521 716 574 452 913 769 336 899 804 722 736 606 765 423 384 921 612 286 394 999 419 146 117 199 891 686 178 179 130 18 329 974 953 390 120 781 467 749 874 599 403 349 60 780 548 858 683 691 938 23 727 439 700 772 53 970 261 369 844 736 849 314 817 26 524 844 303 505 433 484
752 5
606 954 599 7 920 978 594 871 964 782 243 369 617 765 107 534 781 345 560 182 569 47 778 401 810 8 167 162 340 47 871 348 709 287 811 341 275 154 915 363 9 693 790 878 864 929 403 50 0 715 89 823 882 874 146 741 358 941 689 394 801 719 884 720 299 496 189 331 249 251 901 106 13 849 108 567 472 214 433 563 945 698 306 664 216 541 82 664 44 963 596 828 427 760 493 571 686 31 517 761 217 630 411 226 356 542 708 771 361 181 77 788 741 731 612 91 61 347 153 16 300 458 112 751 339 12 416 121 542 747 875 375 231 239 697 943 417 967 449 649 303 788 57 694 79 947 514 833 652 506 263 497 560 897 110 773 345 488 976 173 718 566 647 686 414 315 747 239 736 43 767 142 704 100 29 443 163 158 835 779 791 214 951 277 363 866 784 731 362 596 35 468 458 823 281 190 155 628 178 786 706 602 709 599 594 454 323 598 798 514 71 242 968 739 335 181 827 36 864 8 977 584 399 429 181 578 337 151 765 832 158 567 14 799 98 896 587 601 287 212 504 914 713 940 803 313 457 550 498 142 970 597 45 487 473 1000 606 273 968 767 952 470 702 222 269 226 5 944 512 552 451 55 167 59 766 981 551 113 318 92 755 384 510 867 241 201 992 132 89 682 557 217 535 794 716 415 417 905 127 431 573 444 63 398 705 153 184 698 820 920 684 408 48 542 201 605 289 644 357 586 272 66 163 723 230 898 185 204 765 5 499 443 569 354 855 981 127 603 426 101 967 111 883 564 233 681 362 959 933 710 160 948 464 873 81 801 266 329 455 109 459 820 34 839 292 952 588 810 75 165 296 657 99 561 414 330 451 319 969 927 345 236 593 670 50 568 447 270 799 165 614 620 470 652 367 567 674 192 661 771 37 889 45 765 931 598 145 12 539 848 929 290 308 976 222 449 215 615 537 737 119 265 175 887 435 567 176 972 690 198 843 109 66 534 981 957 301 785 943 509 790 714 89 603 251 109 414 203 190 900 883 576 916 683 381 141 148 534 972 388 476 369 883 871 935 662 35 576 388 531 426 398 496 260 838 16 68 402 559 254 798 86 302 590 565 330 24 76 904 650 582 560 670 997 817 33 381 189 937 948 210 720 519 563 503 634 441 902 211 804 214 472 742 398 827 701 557 329 464 604 713 343 393 809 863 186 687 825 953 298 371 516 734 931 920 194 167 739 495 757 144 757 592 848 860 162 30 857 999 92 469 516 218 884 681 390 337 439 172 154 55 542 977 443 965 696 507 215 265 155 956 963 444 425 12 303 960 906 715 585 785 488 165 564 327 635 58 490 755 713 355 855 134 950 941 331 643 512 273 637 247 990 656 459 830 143 742 660 731 814 116 238 837 920 889 478 458 631 564 752 759 279 800 393 397 513 182 692 508 235 370 865 175 367 748 149 609 697 689 329 683 93 961 896 197 345 106 385 662 220 226 377 552 885 724 688 875 636 104 917 605 388 94 369 951 636 41 217 743 669 394 208 43 190 428 473 175 794 659 589 360 656 459 381 721 646 545 6 462 63 836 838 335 248 580 223 877 433 292 248 918 235 953 531 225 875 730 457 18 407 436 23 936 958 86 987 901 335 151 938 39 699 827 252 28 751 47 84 432 486 740 119 98 901 68 640 895 277 249 210 542 597 414 73 188 515 350 905 467 438 530 453
134 8
211 208 915 245 384 881 367 151 428 722 737 976 590 847 172 617 557 139 975 626 732 937 569 957 349 462 245 824 489 8 454 841 677 519 524 61 469 794 343 547 293 638 155 524 589 581 927 451 681 622 160 141 985 945 437 589 108 167 426 912 867 895 726 339 497 88 243 319 896 57 90 223 218 875 939 357 406 336 11 407 887 774 18 768 585 512 845 641 193 840 826 661 17 974 526 958 231 840 934 148 736 876 595 946 70 439 71 532 528 991 810 343 128 203 139 422 345 379 49 509 818 517 388 163 469 435 338 763 223 489 16 548 861 962
140 3
603 697 929 745 324 787 893 763 210 994 824 296 485 389 47 533 120 829 911 961 255 791 763 80 633 314 220 700 759 282 242 94 842 566 537 771 538 158 258 16 334 234 41 36 305 450 999 975 309 978 268 730 29 457 319 519 674 706 880 629 654 407 750 758 655 782 485 709 824 613 108 640 141 539 438 402 986 351 320 915 370 350 304 621 715 802 118 451 272 677 35 424 398 567 584 826 121 28 169 430 231 814 998 101 528 195 511 855 459 635 374 334 270 918 792 25 587 614 830 777 594 59 788 969 34 532 794 753 43 889 582 941 419 957 734 597 785 182 7 218
913 8
852 94 498 609 331 227 296 227 891 46 382 51 547 370 514 559 992 258 353 454 804 765 96 760 695 976 63 634 428 163 311 874 219 404 958 221 465 778 530 627 325 315 903 943 855 243 5 963 600 900 274 470 993 285 189 157 438 101 724 67 906 408 713 173 159 511 197 593 575 928 491 747 218 264 802 185 331 908 775 626 923 788 623 75 464 672 984 527 752 415 734 950 831 807 592 169 142 328 245 825 238 8 73 775 322 763 281 999 130 634 556 254 114 216 933 678 960 902 403 637 399 43 434 151 116 456 285 79 333 734 901 818 115 461 1000 487 147 823 982 581 391 640 415 279 307 501 463 237 432 327 50 790 374 310 45 64 260 62 479 935 345 915 463 856 828 677 369 306 274 370 914 106 868 11 43 275 343 518 239 202 165 504 626 15 313 778 254 16 201 441 237 206 992 209 76 611 98 799 409 424 973 581 213 559 653 559 236 506 446 230 924 212 970 912 580 250 370 159 62 628 564 171 966 766 734 787 893 926 94 726 774 22 981 190 761 706 927 175 147 604 258 458 197 940 164 985 710 959 619 584 966 802 277 245 900 158 465 18 965 682 337 740 616 594 553 77 932 540 150 227 970 700 744 679 649 781 837 258 70 444 104 65 790 191 244 251 678 19 255 278 364 688 619 1000 110 716 960 275 574 892 635 301 216 131 267 247 218 856 591 612 950 446 494 49 424 207 147 798 791 493 999 958 572 663 783 899 200 442 960 747 1000 839 617 516 545 814 510 412 510 87 427 336 951 648 277 731 939 343 489 726 386 278 702 60 642 612 109 350 225 416 812 726 477 820 278 602 298 189 154 67 509 920 356 215 290 531 553 189 126 231 156 591 185 730 824 719 562 481 939 541 217 881 699 868 625 2 947 145 252 62 709 162 1 583 329 205 448 244 260 569 262 371 150 535 591 333 432 144 530 480 234 763 997 790 179 770 188 343 53 800 774 223 67 341 328 890 20 389 74 292 197 313 633 723 855 669 61 492 780 735 759 686 93 207 803 418 509 276 904 91 609 247 428 997 799 912 557 408 173 286 57 116 65 928 949 407 733 465 998 635 757 934 4 52 170 701 262 838 951 972 891 78 727 851 175 838 700 35 592 724 487 331 425 82 571 22 99 116 333 259 702 706 663 517 358 6 252 748 163 648 36 340 997 202 417 287 367 470 441 531 359 982 807 664 487 806 455 679 352 206 778 657 997 869 474 820 536 498 713 431 800 871 158 530 591 732 126 968 864 140 367 487 14 982 872 728 416 124 584 704 747 594 271 649 253 976 510 1000 157 113 202 359 430 82 253 647 4 124 987 101 293 313 281 781 464 571 58 874 417 526 715 459 249 450 296 681 926 283 41 866 337 548 847 837 873 234 340 339 731 357 283 859 148 579 224 212 484 458 498 30 456 226 650 778 849 598 232 609 429 272 542 702 41 309 765 358 422 654 581 187 362 892 822 796 527 662 77 742 123 404 762 614 217 748 21 745 949 473 797 65 96 571 372 538 349 828 158 509 13 851 979 97 958 273 206 428 49 163 909 562 766 402 715 391 651 903 189 204 29 248 290 778 265 868 179 610 776 580 904 259 863 691 324 43 898 368 480 575 13 357 20 807 274 975 935 796 31 569 997 429 102 4 536 62 702 740 21 775 358 739 791 427 932 347 381 980 789 180 765 163 309 888 76 364 662 472 640 331 888 71 557 707 649 191 248 11 961 696 110 444 999 581 262 178 990 270 508 22 973 628 694 367 405 587 710 630 109 486 56 711 762 960 180 28 60 885 381 729 320 229 655 32 142 198 116 328 180 10 7 454 119 923 472 43 623 141 918 144 846 756 246 882 257 986 4 560 107 731 954 900 356 689 842 806 955 534 170 315 132 4 673 792 553 563 473 492 230 901 52 779 192 841 740 563 63 606 72 776 16 570 225 766 764 819 758 540 968 483 859 270 865 890 66 476 213 347 217 556 624 666 127 361 181 82 970 649 702 372 137 425 278 434 381 357 824 682 910 228 51 174 656 516 817 398 227 903 258 142 749 102 942 808 137
72 1
777 714 766 976 978 834 912 866 929 157 925 288 391 477 714 87 854 650 636 291 860 904 653 150 784 270 663 211 80 881 786 725 882 570 741 629 844 439 347 332 812 935 221 502 230 1 374 850 213 606 582 828 376 379 258 647 63 658 859 827 614 521 619 698 690 678 185 540 535 88 258 517
251 9
229 366 149 323 876 360 125 972 222 190 310 776 243 41 56 339 182 164 122 459 146 251 872 87 841 242 415 3 512 405 625 914 610 193 196 140 939 840 446 376 968 261 689 252 756 703 751 318 62 987 399 978 912 708 856 364 329 351 324 920 842 375 907 866 440 954 216 388 304 544 7 991 412 456 952 133 348 535 92 690 926 49 400 742 783 861 595 412 634 329 849 940 351 866 314 879 757 533 925 711 197 718 70 318 927 945 327 459 591 173 92 414 505 210 10 361 580 418 458 354 297 549 750 374 309 906 247 267 15 403 211 265 199 41 603 46 63 587 960 355 116 29 16 15 786 261 860 357 500 817 47 640 154 955 833 994 421 593 817 452 387 337 562 578 114 417 89 148 211 335 424 12 227 538 812 339 485 888 901 840 160 791 287 510 673 484 407 491 203 358 133 821 927 915 922 398 749 185 177 261 115 455 238 878 707 412 560 146 673 682 342 142 656 674 162 457 404 379 923 267 294 258 575 294 668 167 816 664 720 186 411 583 496 610 280 667 29 694 174 129 27 70 1 467 634 651 776 400 516 112 45
434 3
978 103 970 745 511 27 862 144 93 39 871 398 83 786 884 917 655 320 360 265 648 898 738 352 641 921 337 802 3 443 31 238 26 330 858 383 259 236 272 16 949 385 630 324 560 449 360 218 404 266 318 158 674 671 223 41 591 972 825 68 339 409 493 767 82 509 42 553 847 977 220 994 294 252 198 312 856 24 596 746 904 650 435 141 939 257 148 648 790 293 66 533 929 758 362 198 404 514 805 966 432 434 329 803 210 17 528 653 281 955 366 735 315 401 699 132 570 709 743 105 625 43 994 758 985 695 98 102 154 329 98 753 894 459 512 477 28 236 425 650 844 387 246 270 104 113 360 57 446 180 269 199 147 614 254 29 162 56 136 569 557 296 17 563 59 560 702 413 60 606 986 893 379 317 107 14 744 161 640 18 532 570 552 528 862 153 653 611 682 665 568 72 212 987 159 59 918 876 64 956 842 738 755 818 346 286 308 852 938 956 375 570 808 538 641 609 134 210 392 402 556 671 75 351 301 226 375 713 105 185 12 733 792 111 586 323 465 463 467 697 33 344 307 21 830 354 474 54 256 597 277 695 443 959 874 373 141 904 130 794 378 801 22 697 514 581 416 958 649 892 418 489 488 697 472 343 829 206 373 214 338 254 770 626 698 795 595 750 573 400 289 625 296 685 379 601 308 356 729 894 12 780 149 26 115 557 394 964 360 247 592 757 241 947 623 110 923 879 96 234 957 547 37 877 740 812 765 469 776 379 283 913 906 702 144 579 16 502 742 549 277 437 892 120 439 53 783 108 457 787 48 705 446 906 59 500 135 579 397 225 65 161 655 73 544 702 479 700 278 798 996 927 87 239 83 816 653 451 834 765 994 13 834 695 997 787 205 510 343 737 649 32 999 703 663 777 900 293 430 183 678 623 353 485 684 530 47 744 952 117 107 568 121 795 505 449 943 100 891 481 178 749 674 847 136 286 721 23 349 603 543 214 238 618
497 7
762 729 199 348 519 4 69 405 926 643 151 229 775 697 331 957 519 653 718 638 721 58 825 98 739 84 333 722 61 506 851 0 864 764 868 965 991 916 187 389 980 729 893 877 832 592 211 848 243 186 865 221 866 196 940 903 175 335 349 184 61 197 748 332 23 777 109 940 382 540 251 372 424 531 527 111 395 257 263 380 325 631 360 400 869 894 754 127 172 357 224 543 626 863 596 553 845 823 142 173 731 766 322 663 747 936 327 810 797 986 710 562 325 102 110 750 407 106 582 909 512 664 866 501 78 11 211 735 419 223 854 273 478 293 653 665 462 889 904 288 514 648 127 385 497 8 535 225 328 574 667 906 726 860 596 972 680 398 955 947 36 982 312 874 193 871 450 335 534 193 776 446 691 671 187 832 571 105 361 169 46 565 930 13 269 599 150 626 731 872 588 255 36 859 736 977 950 75 611 255 164 719 711 116 247 9 474 737 899 182 666 264 419 792 13 64 289 399 359 172 901 484 761 220 382 409 294 702 259 745 507 437 843 264 135 228 441 254 756 81 711 517 832 512 737 763 116 943 702 679 966 640 809 78 153 244 727 482 848 747 246 930 655 207 345 163 935 839 645 586 578 711 331 313 194 803 439 145 388 295 478 429 590 183 386 173 156 261 236 273 886 896 14 596 451 658 348 72 98 453 376 280 794 813 520 673 741 906 357 564 963 238 334 765 576 480 72 737 306 927 85 693 678 854 501 250 546 873 188 344 114 640 509 327 504 685 869 207 977 587 965 6 633 744 257 678 428 264 234 384 192 714 757 453 516 313 533 42 114 289 338 698 930 827 589 909 414 449 982 779 692 694 501 340 126 450 866 173 457 833 340 511 568 287 993 812 308 70 516 633 509 975 224 459 600 125 175 137 193 878 207 292 142 270 886 763 386 286 861 841 109 799 796 201 414 950 810 181 604 652 394 147 985 805 446 378 514 151 520 271 521 609 161 411 135 601 452 940 601 715 252 453 717 363 213 235 3 85 285 322 812 242 7 220 592 735 250 137 138 938 617 825 505 408 865 212 913 366 712 940 552 843 337 799 899 960 490 658 566 521 390 517 451 973 839 998 248 998 69 645 916 799 478 914 358 934 787
110 0
126 100 775 261 682 819 230 251 7 456 383 323 945 985 123 886 362 163 538 922 8 280 339 715 394 351 584 710 903 240 201 656 142 558 16 304 526 26 416 199 332 429 247 949 647 158 909 704 134 464 345 805 582 4 728 317 583 470 610 422 282 102 687 497 256 222 794 50 244 264 432 335 387 151 82 239 501 326 750 468 357 535 723 624 909 973 876 651 552 655 949 72 678 453 322 538 222 113 99 801 855 552 520 132 879 765 426 57 783 77
22 8
370 439 957 932 744 648 535 897 904 179 502 508 416 644 387 367 387 148 68 624 667 39
335 5
889 394 550 909 531 109 802 844 805 810 803 663 35 983 569 820 486 838 973 971 904 93 271 385 639 240 354 440 114 255 444 44 819 41 616 142 306 563 267 936 628 681 252 863 790 897 538 713 729 805 503 110 583 775 198 916 741 705 975 748 81 187 513 815 569 451 922 247 3 400 530 383 394 936 223 503 222 958 593 875 38 83 776 603 780 891 887 324 469 113 305 234 824 338 467 559 452 526 84 231 814 585 976 194 584 632 737 65 439 12 458 979 985 196 348 262 717 235 658 637 832 599 786 881 546 817 472 16 70 388 149 488 840 916 612 476 340 108 687 688 28 281 343 866 299 307 798 70 186 285 728 213 47 771 634 105 460 428 921 945 933 315 959 537 669 583 848 173 978 240 994 281 481 65 571 100 271 477 80 434 516 639 494 513 217 316 576 896 373 755 90 855 725 462 833 760 392 9 424 30 16 76 870 923 136 786 668 676 966 518 217 87 809 706 73 773 433 215 886 269 93 889 225 437 437 824 746 841 706 96 128 447 970 780 512 450 570 376 278 913 164 463 117 627 365 306 657 578 14 239 638 519 192 442 300 209 854 429 980 275 218 339 115 491 942 303 897 115 710 886 101 865 431 86 568 657 982 708 350 995 379 488 822 467 206 353 260 106 432 810 468 545 559 429 957 885 345 117 848 482 193 312 685 526 964 601 302 707 86 957 94 354 647 11 236 470 10 687 26 58 403 279 125 980 539 719 698 298 545 759 399 879 526 681 375
515 5
407 377 176 704 166 838 527 92 671 807 875 734 855 784 359 477 468 164 552 336 997 575 136 172 211 564 574 444 437 381 283 941 792 743 346 288 200 318 270 778 882 580 7 437 237 297 736 887 26 200 659 664 307 798 220 857 448 123 873 453 195 185 595 71 169 536 438 265 72 226 42 506 126 190 114 634 531 592 671 546 581 646 140 499 337 193 464 16 780 706 478 487 110 83 495 837 302 426 381 166 754 205 775 226 233 888 877 351 206 286 933 218 471 915 180 611 354 594 715 182 432 449 967 322 872 868 187 720 195 636 17 742 752 181 213 8 618 830 975 457 634 76 266 178 22 882 801 361 312 125 526 179 182 63 138 482 434 584 488 593 609 903 322 32 487 845 904 18 729 688 929 719 111 631 270 334 750 362 252 853 628 177 117 203 489 51 18 750 947 637 829 893 73 107 223 850 247 216 318 397 310 252 161 397 959 956 689 778 191 487 582 916 706 712 867 268 233 821 782 290 588 820 248 12 840 611 421 529 418 681 976 183 815 565 607 214 54 759 503 824 682 449 268 2 527 813 419 290 399 944 61 276 157 697 730 307 699 955 514 325 489 151 403 116 249 490 436 639 302 677 981 395 345 653 377 879 878 397 774 682 547 416 522 475 419 25 284 45 951 710 281 561 79 396 811 213 7 525 976 132 383 611 209 185 601 651 467 104 894 833 862 238 968 340 989 767 519 438 286 9 159 874 477 479 550 496 789 404 94 72 344 318 743 503 469 374 887 734 488 876 183 971 879 286 199 85 763 92 134 113 391 652 374 324 874 574 257 847 759 53 722 492 792 1 303 657 786 893 461 463 502 541 145 776 816 545 342 103 228 153 266 769 577 54 762 779 324 570 488 230 849 963 916 49 676 780 427 844 354 675 876 587 245 788 4 903 295 535 127 392 361 193 44 286 731 209 699 69 289 557 128 981 153 554 602 324 60 359 899 973 765 941 658 15 514 295 792 165 409 809 699 706 122 550 769 119 246 826 983 44 91 329 281 170 742 807 26 424 302 474 394 486 613 809 553 366 48 14 138 75 734 247 497 563 896 441 562 527 635 478 947 411 893 663 923 853 958 834 832 428 590 358 136 10 601 191 615 58 108 901 828 107 750 583 226 72 178 632 948 384 128 876 785 452 558
417 7
913 21 935 924 330 803 469 863 641 211 493 730 681 212 422 718 339 609 943 221 838 520 173 174 890 720 664 97 351 794 748 221 950 101 204 601 78 190 681 419 731 296 276 611 338 358 545 925 250 728 714 319 663 31 576 79 749 731 179 507 943 349 939 318 688 608 774 58 676 859 317 357 223 874 412 489 437 767 218 580 548 624 47 164 203 180 557 62 913 827 92 63 872 244 68 147 424 874 591 189 456 821 755 365 841 897 955 248 937 901 870 67 371 517 980 545 853 413 871 882 714 325 165 799 514 326 591 967 538 391 838 863 862 305 834 995 287 760 716 828 286 207 322 887 165 136 564 567 53 618 551 446 994 167 938 280 630 714 888 234 954 344 213 256 470 906 638 287 616 223 104 277 376 440 867 123 99 142 367 178 796 209 733 256 87 469 677 72 670 943 513 476 931 873 507 16 621 616 994 756 35 300 723 569 174 152 823 876 148 611 450 513 576 899 697 76 296 25 691 548 518 584 283 437 591 684 692 594 491 407 975 89 277 137 860 418 2 200 28 765 689 929 977 737 821 220 935 604 615 41 362 351 533 411 651 280 195 589 268 601 793 813 981 580 341 376 96 170 678 565 577 73 987 854 653 968 114 295 175 796 134 230 467 164 992 829 292 787 422 842 554 857 828 515 930 899 517 960 723 538 340 62 980 217 52 748 62 101 699 165 623 882 21 701 578 766 125 191 26 1000 367 216 653 842 388 815 574 281 381 131 814 371 692 589 641 43 550 431 799 561 733 966 911 770 319 534 511 319 735 858 620 239 132 546 385 783 602 744 812 863 564 482 556 740 827 517 199 386 858 791 652 453 861 641 50 153 23 618 225 138 352 844 70 330 56 535 984 683 856 73 121 181 930 409 141 900 11 722 203 141 821 246 605 704 799 614 586 477 326 649 148 3 601 866 116 897 540
449 2
421 960 391 276 281 629 774 935 184 553 209 195 568 674 419 747 265 155 769 225 211 254 752 61 553 660 378 485 34 246 555 891 946 537 455 540 409 635 760 595 422 969 421 81 590 153 328 864 314 812 968 275 581 640 657 545 703 611 520 340 319 251 359 318 882 890 482 152 644 216 182 837 741 428 959 503 55 720 579 277 365 84 414 795 346 474 477 153 824 387 52 24 947 572 320 606 568 343 465 84 996 34 184 67 463 531 139 166 946 371 984 341 171 808 806 763 567 982 652 972 297 129 149 781 7 969 529 201 609 465 477 535 895 274 639 782 726 633 236 150 379 49 361 524 393 405 487 327 903 942 275 823 3 668 237 904 600 364 958 801 205 230 806 889 293 788 906 955 552 290 700 199 941 187 210 704 375 654 394 970 138 521 942 877 381 465 495 576 912 879 121 547 139 944 336 762 296 215 203 651 375 503 835 559 787 376 883 865 202 689 113 361 61 757 190 207 137 83 562 699 962 326 652 908 762 522 415 28 541 820 785 525 23 865 899 342 392 370 107 770 685 432 454 268 9 94 34 877 73 842 691 764 24 228 451 170 588 34 701 585 212 833 706 415 338 505 127 257 284 197 115 124 437 677 107 879 913 29 107 340 270 982 583 285 503 898 461 920 995 473 562 679 862 261 913 827 309 843 708 755 267 240 752 430 15 602 294 915 637 354 519 903 569 474 273 757 117 945 893 861 148 136 426 717 226 550 460 328 156 824 449 782 352 445 54 886 741 391 160 187 792 469 865 776 817 898 272 186 701 35 15 768 224 895 20 303 644 905 809 234 540 476 494 798 125 987 360 621 589 349 246 359 639 384 181 427 673 206 735 964 575 221 332 86 12 118 681 969 761 195 839 184 294 888 833 300 143 509 998 896 554 362 120 806 854 711 367 204 698 491 910 410 680 991 343 710 481 202 249 950 300 915 49 911 527 75 245 409 556 351 767 234 411 555 704 547 134 101 298 259 203 920 178 386 870 924 729 92 657
10 0
569 180 897 747 646 371 715 835 738 193
390 7
780 901 25 213 612 569 467 736 868 131 160 210 654 308 580 351 228 277 966 488 965 827 39 819 18 340 317 714 755 919 803 111 850 251 101 739 87 428 785 602 483 912 642 876 490 801 875 357 620 884 486 567 60 24 229 319 987 584 582 934 251 677 539 441 179 827 512 931 442 753 43 41 922 369 541 808 779 733 785 386 612 750 775 618 469 302 279 646 614 489 970 76 948 131 77 840 307 498 440 134 735 994 417 548 929 122 251 910 741 607 125 269 900 192 858 374 759 77 429 414 513 882 267 895 404 675 770 132 480 49 894 560 386 636 400 189 690 114 203 471 901 622 700 588 205 373 975 973 54 478 972 295 620 535 63 596 864 797 615 813 760 938 117 959 142 787 184 924 159 13 238 121 191 969 511 203 996 566 712 629 170 944 874 344 155 367 816 173 719 4 509 608 202 111 31 544 428 579 443 215 571 875 19 200 120 306 438 622 216 944 441 492 269 794 947 321 350 686 755 697 139 561 402 998 960 920 510 832 174 433 926 9 233 330 854 962 854 665 539 887 477 945 141 660 457 19 799 304 445 823 892 909 279 413 784 156 611 670 906 353 566 181 949 348 76 74 760 585 183 686 950 236 70 22 133 862 708 54 608 224 929 151 455 627 988 113 949 992 463 165 460 547 235 30 569 322 489 204 906 630 163 317 112 47 350 457 601 57 286 875 864 966 808 523 662 308 787 790 591 44 94 45 364 759 721 954 175 724 934 788 937 588 254 144 127 649 780 684 22 220 328 746 386 630 958 89 379 918 981 35 50 866 296 297 153 660 230 839 675 206 128 821 672 998 294 96 258 112 372 840 812 988 688 66 223 263 544 151 223 194 117 996 928 575 975 91 231 46 200 34
231 6
584 864 93 853 802 994 670 965 683 972 697 198 934 965 430 59 495 260 207 390 649 894 632 808 487 698 896 441 968 926 90 757 100 850 150 900 394 81 598 873 813 774 763 355 518 144 81 241 106 461 106 114 744 245 867 805 406 341 971 8 224 503 624 422 772 206 904 649 323 180 242 752 307 23 857 532 625 267 511 985 264 512 842 704 805 645 68 606 375 434 289 632 781 950 453 774 474 531 56 42 303 44 315 362 244 404 531 224 580 969 484 868 838 398 652 826 425 37 627 812 956 9 822 724 604 939 255 502 926 970 476 727 281 69 587 953 679 967 921 946 879 909 28 495 625 606 725 626 543 308 98 534 280 16 708 152 90 325 581 368 797 425 952 427 171 792 516 558 368 894 75 834 741 247 825 395 570 540 934 784 295 671 813 115 62 320 689 827 689 502 93 272 118 877 63 789 72 92 665 337 765 751 397 828 362 945 710 985 612 9 679 654 473 457 514 509 724 949 102 880 562 661 606 738 374 246 957 168 281 42 929
567 0
745 952 906 36 496 255 650 249 500 724 489 574 893 868 317 480 603 345 407 950 772 658 622 340 489 221 914 905 189 929 876 465 397 992 615 801 490 34 724 991 583 388 98 841 663 175 350 520 964 817 637 496 651 351 26 829 168 496 646 542 858 870 629 78 521 292 293 255 165 244 33 948 51 701 207 825 604 455 722 188 416 957 313 10 268 946 678 283 304 179 484 964 659 99 632 529 142 685 821 410 973 914 395 221 263 943 870 381 931 675 11 911 40 964 704 242 872 316 868 923 373 597 764 412 463 40 770 455 919 688 890 345 9 349 924 938 836 489 50 420 230 705 45 920 411 690 975 847 991 190 126 939 569 245 902 261 912 324 870 544 797 379 908 942 316 329 452 235 352 31 834 711 379 330 746 949 266 105 499 208 512 876 872 745 747 160 780 722 914 214 156 85 105 398 319 49 216 360 259 354 711 501 792 957 909 141 176 39 515 698 490 873 656 479 633 460 97 449 69 605 933 229 932 598 819 409 344 995 875 421 385 292 284 234 735 33 43 300 931 366 695 696 965 604 15 275 682 736 703 328 650 659 783 614 80 479 804 324 120 260 56 332 759 475 713 848 771 475 924 628 661 336 675 45 581 130 613 660 121 192 356 996 816 156 497 600 531 115 187 635 411 859 427 780 110 209 473 154 18 849 359 750 405 332 189 30 397 15 518 628 676 783 805 739 217 126 111 662 637 134 28 261 573 512 250 441 280 817 374 160 886 865 350 404 905 654 593 70 824 370 530 8 334 863 840 975 761 593 159 317 341 556 721 287 84 463 406 325 443 443 321 459 87 577 595 981 601 15 803 521 881 323 189 17 940 373 736 434 272 743 253 843 155 42 343 517 228 615 67 666 863 461 542 893 286 624 385 206 843 486 424 989 180 991 365 237 135 212 25 132 964 498 686 524 844 760 649 589 905 586 768 444 977 375 112 978 952 148 967 721 824 955 308 807 12 788 260 33 690 22 223 134 658 432 663 994 228 436 7 294 910 635 689 976 445 561 606 179 68 481 677 843 814 656 543 451 483 788 798 624 700 447 427 533 287 165 964 884 80 744 465 889 557 43 437 651 4 916 937 899 639 492 373 504 459 739 867 99 444 731 550 746 235 459 881 22 456 813 67 272 769 499 75 591 629 102 233 670 938 415 190 582 305 352 229 323 361 850 959 580 146 107 234 251 391 186 802 970 592 23 152 626 65 196 159 457 108 964 490 953 191 752 359 76 317 51 621 581 655 17 508 424 781 455 447 787 922
409 8
814 720 326 442 285 814 232 742 572 636 42 277 398 188 385 189 786 355 524 239 364 697 726 590 871 667 95 880 925 959 642 186 607 275 139 195 739 274 918 476 516 101 377 599 814 657 108 104 329 864 881 929 242 68 78 701 626 976 206 495 946 26 922 76 405 995 848 28 137 952 279 420 46 0 329 206 759 998 644 661 440 854 541 891 788 884 352 236 982 823 669 571 900 740 625 802 842 458 644 627 267 69 671 692 695 919 978 869 298 547 105 949 506 174 851 887 405 226 462 371 15 365 146 520 202 631 748 473 600 529 549 384 700 614 779 210 84 588 673 355 67 348 344 256 296 821 586 619 667 605 984 520 965 222 10 768 707 929 223 849 879 601 559 289 846 542 450 34 922 438 308 192 501 971 16 219 57 610 989 586 646 951 330 690 860 532 719 534 451 828 884 578 266 929 642 0 332 904 902 121 380 897 683 518 856 950 857 448 636 148 237 784 683 951 141 529 528 560 291 627 981 861 69 407 267 567 147 10 641 452 154 882 964 43 866 882 674 211 729 168 399 914 257 681 17 243 903 137 244 52 278 137 777 5 467 144 40 315 397 60 895 720 673 861 770 585 365 323 225 351 136 184 746 978 446 615 302 818 660 976 909 938 449 132 49 999 929 607 826 428 37 240 152 541 360 357 872 411 39 537 553 449 697 906 824 705 171 593 533 841 107 70 123 203 450 211 650 881 776 944 717 801 251 659 485 485 181 578 233 838 255 874 566 630 524 623 487 961 129 46 651 956 947 312 888 922 104 356 549 919 497 288 469 613 159 56 682 15 313 174 2 323 502 554 680 262 136 38 177 904 568 630 728 9 553 324 274 982 525 928 17 874 687 76 932 424 233 818 174 493 525 170 61 262 976 380 719 62 396 227 443 12 607 300 504 831 66 416 233
817 6
762 454 717 558 76 295 750 317 84 910 269 19 349 771 819 319 744 274 913 794 333 445 752 715 140 4 741 52 669 280 659 466 216 564 355 874 93 154 991 94 529 789 850 481 291 489 42 81 972 746 304 690 120 484 217 574 964 521 784 85 776 820 665 348 149 441 484 234 618 21 767 409 772 848 126 900 405 379 513 21 894 534 726 689 541 609 818 210 333 653 611 686 68 246 624 932 158 971 173 857 814 748 182 709 28 316 572 329 944 791 339 276 537 952 787 356 283 62 92 490 648 51 214 51 523 888 93 852 785 695 135 317 731 881 626 983 579 723 790 28 536 7 137 458 739 238 454 98 170 268 143 682 20 212 937 812 152 938 171 202 529 36 375 698 805 88 413 279 733 369 900 171 868 236 964 634 636 617 448 264 681 426 633 706 567 225 613 918 305 684 98 207 501 168 223 381 704 599 167 985 680 248 523 501 565 940 354 99 772 112 929 876 873 404 601 363 443 359 618 734 779 867 127 269 979 837 239 377 837 986 610 16 82 619 188 514 365 337 223 203 501 704 597 695 381 820 940 159 160 137 765 759 349 291 46 76 478 306 417 940 850 446 193 259 897 190 573 1 986 841 32 669 8 607 465 846 916 88 854 614 558 295 284 82 286 11 692 17 277 357 398 657 393 140 956 828 819 176 398 657 511 910 495 776 31 262 380 673 207 278 459 982 673 810 747 290 961 989 720 920 69 247 932 503 592 544 817 37 994 254 10 624 271 52 144 718 865 724 788 757 475 855 260 977 472 21 958 690 645 309 136 126 20 128 52 939 439 327 224 621 451 973 710 962 513 398 977 942 660 763 766 624 85 276 583 805 216 121 564 664 160 694 421 101 753 359 418 507 489 508 987 857 747 428 335 601 677 33 287 604 418 700 890 718 893 364 193 33 259 688 504 904 454 72 720 784 748 534 310 509 412 221 395 81 498 959 442 130 118 670 142 476 438 704 452 127 617 323 243 669 93 199 321 236 886 968 120 183 808 23 183 996 925 440 637 418 327 252 804 804 881 89 263 740 961 374 649 477 632 219 802 91 427 555 692 364 972 429 248 132 985 55 5 799 982 575 230 978 411 303 718 763 455 585 676 998 974 652 177 722 505 450 514 661 170 48 300 802 209 503 560 14 116 817 27 301 497 966 516 577 350 426 929 86 82 120 772 26 443 401 813 151 512 106 52 973 384 325 469 637 303 248 433 816 235 367 669 518 78 615 640 591 437 223 650 612 549 300 167 974 930 820 832 584 708 88 214 460 316 330 811 610 420 960 206 413 436 577 781 824 632 379 799 323 502 576 813 584 280 938 276 147 454 508 611 991 596 334 474 51 973 244 989 674 298 429 295 129 959 550 950 560 112 599 609 350 939 238 806 284 125 401 302 927 103 795 895 961 41 580 770 870 468 255 504 432 326 847 60 600 192 613 853 400 990 982 150 891 642 164 290 677 361 716 918 873 383 274 349 556 451 541 356 213 305 597 168 511 431 642 448 976 256 564 126 238 297 486 981 986 161 317 129 239 634 327 473 19 471 583 381 671 1 105 12 324 326 887 812 454 522 503 202 794 844 102 498 447 752 405 103 563 688 804 750 57 863 658 583 752 505 353 960 83 758 117 514 805 697 210 832 672 168 330 437 657 41 712 45 296 782 221 178 154 981 394 282 975 810 916 745 41 588 373 172 86 420 666 417 313 790 26 469 685 850 70 326 385 843 577 327 357 925 410 953 402 721 47 897 423 556 831 754 113 3 747 949 3 249 440 457 476 521 216 904 883 659 868 801 767 254 734 275 253 85 535 213 918 308 131 691 440 171 996 337 584 422
298 6
726 789 573 410 950 37 598 713 967 557 67 310 670 446 998 611 745 16 260 743 218 732 138 159 245 930 654 538 562 505 706 58 177 879 348 251 928 726 783 802 67 812 897 241 321 639 283 550 547 622 136 32 171 452 303 829 706 665 150 365 526 722 616 680 348 226 529 836 429 808 867 421 533 53 453 215 658 63 277 2 597 286 802 789 24 644 424 955 684 331 944 36 972 85 424 536 341 892 320 400 492 918 494 834 602 816 99 275 502 207 779 189 106 664 926 120 923 574 247 12 746 125 236 476 149 920 1000 761 116 3 243 599 845 39 261 858 935 851 853 417 166 909 755 802 276 270 828 985 492 538 371 187 4 872 431 797 201 683 303 0 934 127 614 345 545 523 208 722 405 50 223 821 268 833 379 470 211 554 188 469 832 415 728 672 595 691 293 365 141 67 897 83 491 590 514 536 79 397 730 439 28 278 90 962 729 176 309 49 803 389 849 500 175 64 600 857 401 470 407 523 78 44 12 13 400 47 226 979 84 134 809 236 439 758 40 571 944 339 849 378 970 912 458 342 795 370 840 603 267 188 900 325 725 985 489 854 201 987 345 837 51 856 47 181 898 214 262 80 587 454 553 506 498 345 999 890 694 679 929 587 677 706 376 255 930 993 699 948 974 906 448 584 358 171 797 370 779 181
590 3
299 887 406 587 464 874 257 425 495 60 888 75 329 602 857 494 805 45 476 825 559 888 955 777 467 623 761 469 1000 192 976 109 153 458 145 559 816 948 338 702 514 745 722 991 383 363 739 14 419 313 647 142 573 712 424 371 743 835 798 73 43 497 482 699 564 359 476 394 126 191 334 684 113 961 15 18 144 716 573 954 301 844 186 188 337 67 355 523 966 293 483 112 447 252 769 288 691 81 539 208 514 78 1000 831 487 904 699 704 425 826 840 875 909 605 213 166 539 310 626 229 618 265 355 182 182 31 14 874 500 419 744 498 461 609 504 730 211 265 504 374 190 984 227 859 842 664 591 383 981 174 611 541 927 797 74 274 957 306 133 492 215 237 623 391 775 156 685 594 337 766 232 386 261 758 68 42 76 445 107 346 181 407 835 14 343 950 778 980 501 718 941 641 348 816 476 627 96 596 82 264 615 679 118 735 779 598 986 145 192 504 786 363 380 590 755 178 701 911 154 845 955 117 848 302 379 706 620 719 275 333 29 327 833 30 359 349 222 167 552 686 123 776 919 898 423 16 257 420 969 258 819 238 250 814 615 193 290 153 336 800 431 251 262 355 662 64 619 551 497 350 580 72 270 94 237 807 644 376 384 87 665 546 201 95 561 339 866 349 395 714 396 268 786 705 972 370 457 494 608 120 421 652 740 679 264 917 172 770 542 149 305 660 371 791 425 733 421 359 926 389 732 400 546 3 282 284 590 422 792 685 900 706 870 947 824 196 810 960 877 422 617 23 624 474 974 380 859 676 913 313 264 194 45 793 290 550 517 26 987 562 759 479 258 719 851 954 479 183 808 756 217 924 581 894 588 453 667 807 403 746 968 474 924 410 915 690 213 86 912 170 742 387 285 376 573 190 845 791 2 75 288 178 651 703 714 622 772 595 398 731 730 971 420 638 544 950 119 751 591 280 437 295 628 452 571 524 239 436 805 821 636 810 296 557 366 77 218 175 80 450 696 786 622 131 456 427 5 97 819 569 59 159 462 633 881 644 345 60 824 881 432 931 173 682 795 959 365 981 971 686 723 46 121 186 22 464 903 353 720 407 547 446 996 191 240 855 684 975 498 957 27 511 561 925 40 812 748 140 235 467 901 669 180 354 678 903 955 735 505 767 250 615 374 781 787 38 540 339 107 144 87 929 24 616 534 0 726 209 277 179 312 915 649 968 791 819 594 218 929 671 113 973 974 955 751 571 645 674 781 707 473 383 199 194 791 631 318 488 473 530 326 116 572 831 631 914 553 975 467 923 578 875 848 69 953 941 643 361 366 51 522 344 997 568 988 527 576 292 542 373
679 1
804 337 786 364 317 381 124 113 117 710 75 670 181 326 797 676 2 12 603 544 680 866 243 832 689 465 175 569 527 0 963 461 850 170 40 830 200 29 679 925 188 152 349 930 736 851 307 79 964 489 930 144 579 540 559 601 838 997 88 583 862 179 374 455 354 59 283 145 520 773 604 453 762 269 789 253 788 464 82 879 988 104 742 217 175 315 497 770 35 998 422 648 808 409 550 93 95 825 136 616 682 536 740 732 394 510 946 208 154 612 127 741 860 136 917 613 834 426 967 601 864 414 506 511 649 241 999 98 330 684 880 120 461 689 311 118 153 261 260 803 866 105 890 219 460 769 705 523 366 19 538 439 791 80 107 561 851 553 683 253 778 307 404 432 862 686 753 546 133 586 978 369 533 492 812 165 302 631 997 931 55 24 958 854 468 587 932 225 591 347 321 311 834 691 227 406 293 858 978 350 714 222 493 304 412 107 670 333 935 456 224 136 409 475 196 776 389 130 762 262 81 317 224 352 299 358 558 384 155 362 293 873 159 78 772 684 422 782 869 787 647 444 998 739 141 839 262 431 353 557 189 313 717 582 406 129 970 565 198 252 185 168 22 233 781 736 232 423 556 903 760 778 67 143 648 396 476 811 565 756 643 320 76 613 792 367 716 960 15 465 494 766 275 601 664 193 799 591 414 70 174 944 459 618 824 281 115 322 452 604 339 635 508 898 683 209 601 841 630 184 780 964 282 695 435 272 490 934 367 678 19 626 210 74 396 704 538 359 814 973 902 470 480 518 255 149 795 877 444 650 233 142 441 528 887 142 929 228 518 669 978 498 599 122 730 834 509 426 914 631 748 584 371 695 598 721 595 75 120 623 339 453 190 410 532 49 874 313 372 854 762 260 588 147 264 876 298 722 863 294 579 851 730 869 979 923 913 375 268 786 171 608 525 770 858 790 993 214 550 903 692 492 384 495 139 231 431 242 742 72 853 847 3 890 248 393 153 105 690 536 732 504 594 917 401 675 588 316 607 61 659 47 939 350 659 594 409 89 28 671 408 935 800 814 723 351 444 770 548 742 764 435 951 514 391 420 549 861 591 961 429 964 61 223 978 484 39 82 659 135 997 355 205 552 220 866 642 916 890 210 127 901 333 548 180 574 27 114 689 763 399 892 879 834 630 405 588 501 8 23 62 142 766 407 751 591 799 329 312 601 346 10 288 301 312 232 801 815 559 845 376 491 707 552 832 998 664 504 596 953 566 776 853 72 709 369 418 813 885 268 135 989 354 414 334 368 16 87 584 84 438 196 560 503 708 212 572 282 221 405 649 782 935 99 964 498 647 548 819 259 345 64 160 426 908 123 262 60 78 351 614 365 24 5 300 822 287 635 944 924 408 563 259 576 72 675 207 716 877 793 791 75 659 326 997 894 207 305 691 891 200 492 9 337 312 689 319 172 4 973 31 595 433 398 952 613 730 474 433 516 894 976 13 209 11 778 718 734 553 959 488 27 941 953 2 901 932 338 175 505 495 495 567 831 339 696 737 114 438
898 3
567 398 85 545 927 689 93 837 467 183 322 828 211 153 170 454 564 427 798 438 931 589 259 747 947 530 997 192 775 88 237 192 427 162 198 91 629 294 735 222 474 750 336 335 372 459 572 328 0 671 931 152 879 793 541 6 47 863 714 471 450 357 254 317 845 597 774 551 310 40 43 794 923 569 491 138 425 107 193 917 648 704 910 127 40 910 754 122 376 933 368 13 354 754 359 220 839 364 21 904 904 852 322 30 366 579 791 146 944 953 461 379 726 47 972 202 817 971 401 799 221 507 475 507 886 110 564 443 33 594 508 62 442 246 677 592 698 882 501 945 447 476 476 718 560 389 64 388 563 882 542 42 458 397 409 188 606 803 520 849 588 854 245 589 882 186 559 962 549 124 292 898 841 451 257 400 354 567 728 246 518 71 821 971 805 284 585 415 965 389 259 15 9 262 783 377 830 410 167 168 380 999 218 999 50 401 457 493 402 233 122 503 141 552 146 711 534 228 24 383 380 574 188 700 512 45 947 683 961 93 348 693 517 528 371 472 913 974 542 778 559 435 253 499 668 815 43 358 757 55 748 2 210 510 492 326 110 813 630 264 330 753 292 991 832 15 693 125 327 998 811 97 145 744 647 115 321 93 14 670 121 307 496 882 953 517 788 245 633 607 885 507 993 58 414 770 290 58 182 988 882 493 290 60 338 997 911 378 679 253 352 618 343 822 140 494 478 189 78 585 249 457 101 80 376 687 935 139 575 642 420 67 382 229 396 218 412 928 586 1000 366 724 187 960 661 742 323 225 480 195 957 699 60 452 777 40 652 213 530 512 447 575 845 23 0 862 375 581 486 46 709 726 548 543 339 197 332 987 400 43 932 364 105 747 910 186 893 465 855 114 955 393 755 427 685 623 162 27 461 93 513 179 353 967 869 597 398 439 975 590 690 241 783 180 164 410 302 924 949 327 664 591 631 955 472 283 608 206 242 93 759 142 278 39 154 350 360 556 900 324 437 775 566 670 765 771 4 482 598 637 212 555 497 810 250 503 234 926 908 970 169 311 620 148 790 717 125 826 585 898 528 865 792 818 439 709 311 57 801 972 450 956 200 577 338 745 582 800 770 617 717 491 74 751 459 36 984 358 877 738 89 168 159 510 440 285 497 450 28 650 521 493 869 272 35 403 100 565 178 516 451 894 39 57 595 747 1 189 850 397 122 596 803 660 447 134 30 300 498 284 336 855 487 424 749 635 869 757 319 54 716 713 50 270 808 686 203 485 814 503 95 104 962 514 494 595 405 403 333 183 983 716 913 494 617 456 305 353 799 452 218 739 69 445 26 225 265 21 393 398 598 548 728 809 932 919 941 629 486 310 340 846 316 60 132 488 22 402 960 733 41 38 228 458 556 664 130 682 499 728 406 266 191 932 28 511 663 20 957 574 795 980 835 192 630 4 320 760 824 944 309 198 413 72 74 297 325 583 584 480 35 956 737 275 463 493 186 399 247 541 824 712 290 651 878 236 257 53 279 734 464 303 178 614 31 960 814 681 470 394 720 830 409 548 581 481 116 333 347 375 372 604 654 338 387 72 709 175 446 988 665 997 178 864 667 606 430 831 123 645 654 803 12 377 323 106 589 165 956 886 663 29 739 557 537 394 505 932 834 354 268 586 647 986 821 463 332 499 588 470 619 33 811 466 29 132 612 42 170 278 234 225 285 908 200 583 122 857 988 864 432 245 75 678 109 407 338 172 134 765 28 571 180 581 755 736 786 767 107 108 76 992 281 452 333 334 86 372 180 542 240 49 227 530 768 971 135 801 86 421 399 971 114 450 969 114 737 307 839 282 695 805 582 830 27 188 704 618 398 584 836 464 283 751 423 322 19 493 931 435 276 37 59 461 674 331 926 569 639 971 565 463 764 831 250 373 778 647 902 507 6 608 911 35 316 123 144 848 280 326 667 46 486 924 228 440 33 708 133 763 709 416 425 578 875 541 136 866 627 133 165 31 792 970 250 650 755 762 232 262 463 0 597 95 946 143 785 650
599 2
713 920 882 402 550 161 642 888 534 951 567 756 242 552 306 684 857 721 779 133 153 830 900 337 51 9 366 165 775 864 767 952 942 203 724 433 822 643 856 918 469 368 760 58 508 423 259 306 964 651 868 705 605 713 485 894 118 832 833 249 462 483 509 516 708 744 579 477 536 480 458 630 794 341 358 219 346 770 450 39 781 819 349 300 793 289 868 795 183 373 346 147 873 681 531 766 46 908 24 381 97 612 916 835 568 336 381 219 502 242 294 361 531 559 420 122 894 772 555 365 110 813 278 934 317 538 625 901 994 440 818 445 239 453 32 916 622 547 588 809 183 868 447 816 549 133 883 506 555 151 980 538 157 371 787 981 349 754 218 353 321 733 272 910 404 164 567 2 257 810 971 884 712 614 812 203 570 56 806 540 419 218 809 328 670 538 795 36 414 570 438 140 795 129 617 76 149 759 723 107 512 11 841 195 717 694 550 88 284 954 151 517 185 492 850 87 75 300 869 410 196 287 241 199 736 522 560 46 288 634 651 132 658 646 654 540 374 486 253 163 503 515 760 175 692 57 99 970 830 628 327 524 631 845 901 607 393 445 22 753 255 67 240 963 399 983 257 548 923 573 313 579 547 20 86 55 106 419 878 401 383 548 90 510 525 5 671 393 162 921 268 6 491 11 208 469 389 624 810 787 709 335 18 263 563 441 387 426 344 94 978 285 304 190 254 269 351 207 575 964 547 724 863 810 622 697 443 462 576 477 339 513 795 557 601 348 249 144 483 653 979 806 420 35 915 261 438 900 51 701 1 46 940 552 710 686 921 827 439 700 568 47 158 7 676 755 458 356 175 455 229 473 99 977 480 311 355 277 987 82 218 643 937 698 447 885 774 772 664 573 934 751 300 270 628 958 752 741 801 610 743 944 213 178 488 719 126 553 130 637 954 335 555 866 117 429 143 589 929 161 258 874 261 642 63 544 670 981 577 506 675 580 513 749 107 444 963 591 894 33 606 283 442 707 203 808 597 700 6 629 108 134 753 971 671 635 566 422 275 632 419 734 144 361 930 329 305 115 298 340 890 450 209 54 676 405 223 260 85 99 371 282 763 384 866 326 956 520 659 41 954 689 185 491 182 734 950 456 66 529 519 193 725 708 960 344 882 521 242 374 252 826 673 119 556 625 282 469 347 903 898 56 508 373 801 331 849 493 957 205 904 425 613 565 301 375 458 316 132 142 672 871 938 873 361 842 587 274 362 327 288 470 229 241 342 334 232 734 3 89 208 248 323 193 584 360 839 64 290 234 397 194 306 626 120 536 716 672 502 217 51 885 499 334 919 561 495 356 498 313 9 445 314 590 20 964 179 139 103
596 0
167 175 619 996 526 671 439 563 989 905 685 471 862 611 811 501 787 635 711 663 397 146 785 779 983 292 594 42 423 265 86 170 50 222 523 902 24 13 387 853 511 133 130 152 60 397 641 304 208 293 229 974 342 307 645 415 208 972 890 463 787 518 510 919 879 127 955 199 892 482 424 842 958 641 551 293 239 152 634 432 246 685 295 947 112 696 427 638 204 613 178 938 801 56 354 33 781 721 719 633 692 719 444 258 90 3 963 618 283 398 946 79 312 351 671 152 381 531 262 400 54 443 215 575 805 664 471 677 452 620 960 381 848 172 56 956 681 433 896 714 595 414 174 303 65 413 488 930 727 743 522 18 413 891 501 444 450 633 38 936 981 575 201 794 19 931 366 491 162 155 46 547 265 241 266 758 562 122 820 682 373 730 187 773 707 9 314 77 285 394 622 760 162 627 94 729 578 217 188 927 575 538 922 221 116 675 361 225 923 762 493 69 708 987 374 115 191 844 670 750 916 265 118 219 451 299 432 621 692 690 236 91 76 528 668 617 982 161 322 823 229 233 476 604 513 452 325 32 732 197 504 627 238 420 309 374 721 815 726 38 399 546 104 749 575 31 33 486 673 290 740 857 805 938 862 210 139 357 253 708 709 667 82 520 464 742 436 541 335 161 991 509 730 981 953 478 22 389 48 308 492 4 66 826 910 469 799 447 896 52 249 983 739 265 486 195 664 204 21 757 980 136 20 131 873 655 974 533 24 879 829 652 926 161 824 343 440 481 205 625 656 362 485 613 351 899 16 785 228 925 223 292 62 389 949 361 285 818 942 979 540 849 817 932 847 632 359 541 322 829 68 547 756 307 167 198 411 324 382 962 613 190 990 57 867 206 40 402 152 746 293 732 24 770 206 454 842 230 537 795 75 23 17 478 378 212 110 200 267 269 304 635 134 865 92 44 911 789 802 967 811 30 404 941 846 466 875 155 72 388 440 784 616 543 606 112 572 925 1000 502 186 248 814 120 357 429 117 506 232 814 712 380 922 300 345 485 944 410 600 194 238 445 764 14 772 915 848 361 711 21 208 343 344 137 247 826 554 759 476 785 111 139 355 593 286 654 748 95 33 918 822 763 56 911 472 16 788 686 193 104 613 522 219 727 452 315 14 233 278 727 348 310 561 493 483 384 767 280 763 481 558 107 552 621 422 869 6 543 894 56 207 908 779 246 809 568 726 346 147 97 187 906 296 507 315 626 129 687 303 221 155 792 89 629 262 16 405 518 880 374 514 613 141 100 16 582 85 579 107 690 121 86 525 191 56 70 502 126 837 560 679 507 400 61 882 511 981 758 587 795 445 438 291 145 151 885
263 9
449 999 134 730 796 139 362 881 147 158 480 928 843 65 52 358 516 679 818 908 726 463 803 941 883 118 631 525 868 12 504 129 864 622 422 819 694 611 442 612 692 473 479 936 429 957 616 810 307 671 242 798 563 417 637 81 361 471 117 266 482 374 152 596 301 447 753 432 896 119 624 786 673 421 859 852 226 933 550 398 959 455 929 387 815 946 719 968 170 975 251 247 157 288 259 394 313 882 887 3 507 133 827 242 974 697 641 432 96 890 482 234 757 708 757 59 834 499 359 193 902 444 212 503 990 318 692 740 524 960 558 880 227 669 793 822 625 894 279 60 390 332 810 957 192 57 436 538 519 189 405 792 144 537 784 628 78 480 494 48 154 985 674 925 525 251 953 818 839 596 489 777 17 775 574 203 720 624 675 141 775 535 635 563 787 815 178 771 600 334 267 553 159 74 116 47 490 297 78 730 839 440 581 25 448 543 61 74 612 709 548 499 808 420 496 162 900 837 572 585 206 455 358 349 732 479 266 969 674 663 600 26 226 67 636 615 464 243 794 465 514 849 884 11 827 360 863 630 785 156 20 118 533 836 239 945 13 427 633 146 77 184 779
9 4
375 601 838 278 737 867 277 224 523
940 2
354 210 638 725 589 734 855 668 531 857 453 111 72 500 80 120 515 891 241 580 403 178 845 728 107 774 893 574 143 904 403 101 825 630 697 700 482 77 484 668 868 861 788 895 432 107 681 686 682 414 778 178 430 308 601 554 952 368 930 910 327 956 587 327 636 339 612 427 641 294 329 883 161 701 52 145 613 868 938 944 62 652 942 992 107 382 563 700 702 816 783 903 277 818 799 346 37 342 860 855 220 476 169 650 265 282 401 132 929 456 724 714 834 369 635 676 715 168 430 202 190 985 946 614 268 578 385 354 244 581 406 567 465 262 598 729 779 389 860 880 33 158 773 275 586 28 550 356 552 762 617 239 680 583 400 907 782 61 257 733 717 343 224 56 307 290 637 207 196 363 174 509 740 386 480 427 957 589 136 26 39 424 212 236 88 570 523 277 969 936 809 269 567 607 509 725 735 667 912 922 579 128 968 723 246 796 859 289 28 294 883 377 674 358 646 242 466 617 93 998 181 596 240 826 213 452 187 522 41 269 324 140 778 852 826 493 598 946 742 802 582 181 270 52 181 263 933 788 758 193 411 55 493 406 157 88 75 375 533 421 108 978 633 172 690 27 186 729 982 527 244 20 94 703 860 641 774 418 327 886 284 663 153 598 392 500 34 636 916 735 832 73 443 133 186 99 282 295 595 697 674 388 994 125 379 83 242 627 155 281 406 160 380 45 917 893 313 6 788 368 266 1000 334 404 826 947 877 165 316 559 623 661 365 671 519 356 730 188 734 539 297 467 41 276 71 929 679 949 361 549 630 104 7 831 854 983 654 573 778 465 228 903 732 726 305 380 432 598 713 753 0 668 369 687 77 457 14 341 64 199 68 192 391 326 795 237 94 273 283 475 147 107 709 509 785 229 769 138 358 826 796 475 711 324 812 105 76 365 471 275 801 434 341 666 419 126 466 162 659 135 698 201 752 509 3 54 606 657 227 656 124 159 981 713 184 755 161 166 396 383 525 535 893 559 99 775 36 449 954 588 661 129 364 84 948 830 624 787 531 850 814 899 579 609 486 200 844 225 879 526 624 123 950 976 668 700 251 529 913 959 725 605 310 769 444 689 669 957 961 895 944 408 390 259 792 334 770 569 810 803 108 702 668 192 736 926 469 287 712 685 612 910 908 289 463 295 207 921 639 179 103 252 466 650 134 381 83 523 385 364 747 888 271 543 49 640 103 7 415 153 245 783 965 161 322 31 125 382 111 231 708 301 340 48 290 685 974 794 806 599 839 782 793 409 35 122 784 733 901 911 168 347 872 604 995 622 601 129 665 46 939 318 376 388 607 472 544 376 970 849 357 902 422 403 410 637 912 410 880 463 244 651 244 232 45 579 993 854 272 768 672 506 123 128 663 940 318 740 91 4 525 604 60 626 43 433 67 632 811 451 981 437 845 712 551 798 582 295 220 629 520 370 757 975 665 796 277 594 973 670 135 740 881 975 930 90 992 308 851 699 751 360 348 767 151 343 606 910 892 202 128 464 328 737 976 586 951 689 139 288 982 322 607 326 982 992 791 434 860 74 476 885 234 333 464 478 851 60 16 208 477 503 831 782 259 152 687 240 925 327 198 771 204 739 581 845 771 711 756 283 707 645 863 126 108 281 612 773 915 869 472 620 400 183 437 775 584 759 566 680 538 888 78 138 326 399 730 68 965 850 958 103 472 409 569 83 367 855 416 470 553 853 700 447 837 801 317 764 766 329 716 228 542 438 628 718 795 729 233 696 294 367 839 531 137 735 325 593 281 278 922 773 108 29 511 790 843 778 128 5 680 249 479 127 25 535 608 42 753 733 338 127 331 43 843 942 124 928 934 487 375 125 144 42 952 263 177 64 960 421 376 739 997 854 708 968 259 112 794 942 41 108 714 726 516 147 549 282 650 233 157 125 534 964 76 390 822 900 671 994 796 259 175 216 188 448 254 599 571 968 684 810 987 181 374 68 699 675 705 587 538 738 269 747 323 984 484 157 819 123 494 951 333 622 957 815 952 849 921 59 434 601 30 367 236 780 510 24 184 427 836 602 331 876 748 172 19 142 918 585 585 609 277 548 71 759 869 578 883 636 993 261 103 596 498 304 893 530 723 903
359 1
573 866 12 590 527 443 200 509 564 392 614 724 167 86 301 153 974 757 934 445 217 970 148 360 662 517 380 164 925 354 242 784 84 924 880 356 104 600 510 592 928 199 104 527 566 210 433 874 887 503 732 740 318 651 485 247 182 564 843 328 975 440 798 22 747 878 945 995 353 415 861 880 182 849 413 404 382 248 668 332 310 989 912 796 769 938 634 907 384 510 713 149 135 288 175 819 521 266 179 531 459 743 591 5 257 62 641 727 273 274 647 819 977 817 880 810 944 528 224 357 364 435 764 878 337 147 82 213 18 36 347 760 619 355 603 286 630 882 932 494 666 501 163 671 585 835 489 54 394 703 121 464 564 417 965 223 425 280 619 762 432 435 46 459 629 772 165 700 796 757 656 952 152 582 152 176 266 547 161 915 421 216 469 424 870 621 138 393 809 297 829 49 491 942 44 44 442 404 749 81 817 516 480 920 38 60 204 452 157 418 223 37 811 694 325 410 807 396 585 267 322 386 688 454 176 997 628 195 821 146 797 949 224 335 407 72 623 288 497 597 353 665 166 593 700 137 271 655 345 649 122 219 436 854 898 201 55 543 589 203 285 684 48 976 33 840 608 664 625 888 679 894 667 350 963 815 932 611 816 65 802 447 527 795 665 966 958 429 511 304 85 220 694 943 62 500 138 304 977 507 30 925 303 211 300 490 182 634 397 450 692 65 960 484 42 89 551 366 341 733 839 827 620 102 26 14 487 386 120 14 324 524 678 806 280 33 619 605 613 232 776 956 176 809 784 567 196 612 402 529 686 639 344 707 65 816 535 235 11
435 2
369 317 198 496 500 704 601 83 394 722 187 895 562 994 856 773 101 374 618 960 845 297 432 528 897 230 605 149 44 73 110 846 678 134 293 979 839 125 215 470 501 560 756 588 314 43 555 648 233 35 318 897 726 373 977 756 218 946 743 493 628 342 592 710 593 944 308 951 808 823 483 390 950 608 839 130 378 851 471 93 468 406 619 838 951 963 725 934 644 558 333 984 203 531 654 825 94 210 605 78 969 854 172 289 56 483 302 784 981 612 821 243 438 455 968 134 60 376 925 750 738 66 682 990 136 921 628 248 390 732 717 462 165 445 286 650 44 352 735 239 858 393 111 990 314 15 141 748 877 314 767 313 155 298 201 215 148 160 870 563 525 703 644 218 136 746 319 649 123 893 709 302 346 523 15 303 116 332 143 132 445 901 79 470 713 751 247 1000 834 488 879 342 407 124 945 275 334 119 813 433 174 970 193 340 70 886 567 673 175 183 271 463 723 170 243 926 41 713 601 264 573 997 761 509 521 742 760 126 501 481 243 296 233 730 967 65 881 962 378 765 80 945 340 48 923 970 335 560 484 702 289 231 837 407 801 302 727 906 510 480 874 595 607 512 185 818 262 781 462 574 903 244 970 664 87 566 913 0 246 946 174 499 546 827 956 698 82 616 120 105 362 343 272 480 145 592 799 64 463 667 279 556 720 420 886 903 247 661 616 442 92 108 958 772 986 940 174 855 962 255 912 427 296 799 62 2 482 91 38 613 579 443 386 307 63 152 360 233 960 888 977 114 48 890 739 670 158 417 129 630 260 504 374 594 439 82 510 376 432 353 618 250 389 30 15 387 834 883 763 824 431 212 35 598 322 80 383 53 912 153 982 670 409 916 224 751 114 141 499 601 858 129 423 29 555 775 485 141 527 570 358 483 818 153 596 819 800 31 681 338 52 340 862 379 490 479 857 676 162 266 109 403 6 636 800 338 195 185 36 791 326 42 230 969 71
434 6
754 699 554 558 292 995 696 345 466 772 626 277 17 845 683 413 284 291 200 214 622 10 469 896 928 370 259 309 463 531 958 375 256 43 538 0 958 844 67 366 703 475 161 751 291 611 724 961 308 679 236 973 411 932 964 569 576 782 76 790 798 691 333 914 425 978 477 130 688 525 673 390 927 995 642 840 197 494 987 630 930 658 945 710 914 995 744 372 579 369 73 810 666 574 542 517 61 282 731 229 897 838 463 897 766 759 851 887 957 654 394 622 845 13 265 763 580 20 313 941 184 678 465 863 789 892 246 888 784 655 445 45 938 582 544 885 453 102 302 381 13 415 953 322 502 567 961 651 374 772 139 618 924 726 20 744 416 709 29 929 752 542 936 969 454 739 397 19 376 590 296 837 156 94 813 245 19 888 246 583 128 481 571 741 228 961 689 199 699 950 998 566 583 962 349 980 435 280 913 352 105 854 52 18 410 396 195 76 745 444 531 700 931 254 426 179 770 765 331 144 981 650 564 272 112 889 297 57 991 842 675 574 80 270 441 164 730 518 362 378 438 13 690 243 357 771 466 692 936 170 964 193 861 74 932 812 289 667 437 484 725 57 368 682 842 384 583 565 207 518 21 576 781 20 458 310 263 318 802 464 864 380 717 428 651 402 354 768 923 122 148 201 505 260 115 6 68 588 757 256 581 187 19 828 157 209 502 761 739 755 479 368 361 723 388 711 257 914 830 288 505 375 434 995 9 670 343 1000 580 351 654 876 406 88 0 7 344 344 157 187 904 56 184 513 388 694 486 621 917 977 958 635 396 207 945 490 549 15 879 463 325 956 769 922 399 911 613 998 707 330 173 751 929 256 52 194 762 933 861 478 372 634 948 333 908 430 35 890 502 376 564 9 630 54 898 552 732 266 925 424 659 863 649 673 318 176 813 530 3 940 594 578 239 919 317 217 167 358 379 525 648 212 649 32 441 445 51 8 141 666 434 209 971 480
844 6
967 211 516 343 566 584 724 828 304 115 821 90 215 856 58 489 270 332 832 612 795 434 332 234 699 54 274 974 546 683 8 81 60 957 677 55 621 919 764 573 432 109 641 104 439 777 657 511 662 215 394 190 563 618 745 442 898 627 347 211 411 103 26 381 989 903 632 154 442 302 373 69 693 575 272 456 914 299 575 571 203 101 405 474 163 417 407 236 718 239 488 533 461 198 241 474 327 885 975 490 325 566 977 582 854 499 406 959 633 869 829 73 106 328 46 254 634 189 30 996 929 494 260 69 133 423 320 591 513 286 894 68 729 891 32 325 460 985 827 741 562 447 293 289 964 583 357 24 942 129 883 375 917 862 815 989 130 606 938 266 12 824 885 897 309 652 677 242 5 979 448 274 340 430 165 233 698 900 614 49 332 154 770 512 834 7 918 269 528 481 255 132 634 537 264 332 377 281 102 337 28 981 674 681 785 730 534 723 706 781 463 160 284 791 556 382 792 69 110 360 601 358 653 226 569 758 440 745 573 203 190 878 543 887 557 732 232 810 848 457 812 837 957 249 830 510 771 377 602 50 813 552 128 810 898 547 470 834 507 316 959 16 800 349 646 542 812 620 988 826 969 943 917 87 644 358 788 598 691 310 423 77 50 378 515 533 118 263 263 595 417 404 935 607 571 144 15 413 984 900 732 298 505 849 182 808 50 35 997 169 505 908 288 426 283 991 129 800 916 724 896 875 667 640 126 597 815 48 212 919 439 986 99 438 779 711 264 667 523 827 540 628 917 139 781 190 912 415 450 782 626 757 707 647 433 561 472 714 920 280 973 538 756 722 804 530 662 813 906 543 132 825 958 657 696 425 359 711 520 702 234 953 747 821 556 673 436 272 237 841 300 888 164 691 69 607 709 511 257 365 191 637 743 999 636 515 141 411 421 694 768 662 839 807 362 474 651 322 209 144 141 949 147 914 665 367 555 497 762 399 701 39 997 866 125 740 604 526 88 841 339 544 449 462 208 821 225 598 584 529 346 800 517 323 866 458 562 200 483 344 437 383 914 903 151 295 487 324 477 243 747 466 464 898 804 914 532 526 938 393 817 295 578 657 887 594 907 260 60 912 542 491 367 127 630 296 289 812 168 934 934 797 654 434 556 497 186 3 224 630 324 924 928 579 490 345 782 61 544 189 158 799 54 359 121 884 333 549 317 149 606 725 1000 171 239 292 82 869 263 286 810 292 413 833 217 38 532 426 750 608 826 146 519 554 870 961 77 218 991 480 933 627 606 987 426 148 613 860 719 186 863 846 957 738 863 439 170 517 437 58 508 649 138 485 833 397 598 63 435 303 201 204 905 913 370 630 173 148 831 311 563 469 349 192 465 567 850 355 503 601 542 230 15 597 896 949 372 789 206 333 925 936 337 161 261 132 387 288 535 157 83 639 544 943 128 857 884 229 167 327 320 608 170 389 333 87 661 807 372 99 59 561 998 786 102 669 719 357 267 579 510 886 977 930 765 583 650 831 361 420 381 544 208 348 195 330 743 461 902 620 57 795 17 494 358 350 727 584 251 898 284 768 255 644 640 922 147 699 799 824 281 145 950 704 104 426 778 720 992 733 591 553 293 643 240 820 309 212 396 338 656 827 364 372 173 384 605 309 557 864 844 4 534 96 182 762 894 397 277 405 455 66 621 892 466 70 949 118 898 789 996 10 950 69 443 740 842 784 413 944 576 600 68 668 494 956 22 288 851 651 358 173 748 446 342 363 874 860 443 902 484 393 742 316 365 489 270 61 621 819 912 538 927 746 856 469 212 634 407 397 249 737 346 226 895 105 97 809 607 883 332 349 202 589 97 187 771 321 304 664 721 82 91 256 998 780 851 922 531 227 988 905 616 598 798 612 980 731 667 746 739 45 640 260
267 1
327 975 237 189 438 75 272 396 703 869 965 800 262 908 474 664 341 267 617 502 450 525 480 442 953 162 162 391 561 19 714 307 255 855 969 23 216 81 997 551 823 263 294 432 504 690 207 776 383 978 410 39 776 632 524 758 790 300 301 777 380 928 497 251 659 743 438 145 364 502 93 764 185 340 474 94 952 639 201 462 445 393 532 18 958 61 1000 650 210 79 591 225 684 190 534 349 174 400 258 495 569 573 178 979 852 251 459 971 411 432 629 219 435 124 150 362 48 592 668 698 391 717 758 18 535 769 385 195 875 21 478 665 424 299 321 672 819 660 66 180 718 216 337 305 105 50 636 801 720 828 440 100 143 23 489 810 435 653 230 5 952 557 398 511 39 725 972 598 289 883 0 207 654 864 490 531 160 229 420 191 163 660 746 513 485 53 886 55 444 970 24 889 756 903 871 11 384 303 716 287 186 375 127 671 297 709 183 93 594 3 346 911 544 698 186 668 229 886 798 414 834 712 346 505 218 129 300 871 88 915 779 311 543 515 517 376 699 521 213 804 414 919 844 404 890 56 168 949 999 218 876 965 413 966 907 330 335 903 149 675 232 639 398 84 609 270 895
63 7
244 766 746 752 155 986 303 183 996 437 425 919 620 874 175 504 297 361 463 189 616 448 886 45 234 25 120 158 996 805 405 188 189 301 947 436 858 179 925 658 305 234 361 417 21 567 35 949 534 887 879 985 551 531 251 853 932 129 843 563 463 304 596
