6
49 2
159884 283649 411769 372652 460539 145305 91737 485114 837398 33108 416971 682146 797813 898389 317839 218493 786372 555294 596599 519953 381873 45321 956002 696312 427283 938244 988030 485292 28274 555127 875413 107745 785750 698844 247053 162338 253082 797052 61996 712758 984576 767530 551520 824111 890780 948508 331591 3809 688030
19 1
288105 892436 68162 676216 226310 906213 388781 288954 21917 185828 299827 381225 789002 42043 764093 90673 597609 897645 225280
30 2
591537 565278 336653 640540 38553 199896 196242 154301 107464 414537 47400 159924 851800 46640 732273 750316 175427 275283 349217 67677 905561 394948 906606 831779 411054 59947 875881 208987 133517 834483
50 24
516430 546013 762142 741722 396353 86108 600569 781241 877871 610195 795657 291374 418237 584587 391555 722230 315641 459274 348617 46693 478709 278503 759955 27649 363951 206160 857777 934285 610941 90766 185677 111804 819782 748301 118690 137175 985040 184908 44675 683415 623571 760249 97108 526840 202865 256816 801182 814628 575673 754523
50 42
196645 483730 117427 913902 332311 252054 783115 613296 107877 719078 98299 264492 213222 16524 435751 151150 810700 69800 950467 120562 524329 774997 852483 597297 943132 863474 786545 765355 515177 432858 287106 61579 157879 361312 641261 701943 971536 579907 277045 451545 325967 820475 122564 659560 559907 313088 892642 822904 965909 252218
30 25
611778 634778 216380 749330 6694 308808 243339 774998 105575 705892 356454 954186 604832 854720 335732 762961 859865 607594 621706 130282 397928 290181 487312 907192 570102 264067 598608 271952 821541 684427
