10
55 55
297425 107205 766196 384008 93196 622254 779980 345015 942154 521555 982153 514733 306178 840220 570652 643831 495273 168448 738634 899796 411710 117484 427002 307961 490405 128543 827768 529447 341459 313122 366338 357688 868941 710186 533556 75709 463375 806111 850926 171998 684106 987404 716439 757163 559512 19508 23728 61490 984380 830316 961479 458198 885312 158533 420681
53 42
696561 335760 500643 252362 950368 847319 420912 909897 410576 214000 310198 953115 72753 421958 648192 101189 472901 921936 343142 136565 765982 447704 310656 95021 599813 513637 924453 281126 587169 301380 933197 207483 126853 118112 477020 732170 524698 42537 181329 958928 54391 178089 47136 726104 341498 614483 463301 663530 159233 793980 929289 166961 661199
78 21
973700 929092 654626 253129 29308 206152 615281 560389 273517 329543 739442 150978 854443 884930 618698 987016 476706 517639 882281 59650 80500 991283 127754 777482 915093 644393 209090 149321 428078 825779 807447 867217 984012 345203 758470 894990 814879 373640 225848 49751 845747 264159 125924 744335 185970 346519 313064 617781 286912 96189 400468 848800 634907 143577 123835 993944 685828 696338 358871 108933 908857 879310 511646 773527 345082 119082 597263 90897 304728 561437 983905 903375 53067 618112 398088 767616 36576 25452
100 2
121237 288418 714008 363205 552212 857487 879651 752583 594103 540167 696940 653611 978061 758433 938495 809805 400199 467790 331813 596878 49304 630040 237396 344282 350850 467992 872667 294037 156747 658116 759783 807359 721 794792 203448 969876 852091 304388 161405 273409 457687 962928 69801 148377 320675 285848 329483 396937 631878 370481 513952 540369 928694 132133 208856 603634 784665 513752 315864 44203 82336 297512 168023 924628 432623 789377 656666 235337 244432 649819 37885 441809 31924 230060 12047 766708 76508 324739 274647 623059 592900 818943 488504 579774 740331 18687 333925 967361 243449 686421 809148 588821 560775 348482 193988 268355 748975 599881 466890 705320
84 7
976127 78865 652318 967958 921124 380110 265635 707303 132315 17535 182554 490190 759101 423850 771456 243252 4211 343277 732136 168598 657431 977171 160443 356438 28215 628850 846183 62333 936692 503784 695064 835341 107860 249281 70141 222131 352936 118535 13685 361775 282264 122085 557348 896148 401064 476718 366273 105573 286572 166520 124821 955011 713716 460781 532527 769894 460823 270369 975865 855819 725959 69271 615395 132202 768785 40201 530606 128981 309934 829370 842395 453835 832969 260007 8273 770288 523801 998797 72640 448228 521317 489422 498898 883129
64 31
343974 11788 931109 32215 765336 64310 129221 676306 979448 683859 275973 589366 476561 648307 245767 211832 664793 634216 866362 174749 975711 249992 546789 464294 948266 239810 885862 144857 339293 616238 830 252059 116027 863061 870688 454227 721740 810402 596052 639986 829613 934316 483628 724620 745061 99455 366357 513999 243934 519705 292829 602258 206223 789830 296604 831007 496151 503568 119812 441351 185245 556362 751450 694997
32 6
920435 179503 383267 973881 323065 115412 231041 529823 161612 781037 950117 394495 76346 151212 138396 984432 374737 921000 655908 831793 545081 859974 251995 480473 724353 871701 482711 535743 726653 202230 139126 814859
43 10
690722 561768 870970 551475 499856 687273 598938 633360 416820 31645 189967 219699 73713 116881 399857 16442 186842 257681 686155 582913 409954 328301 273440 667670 807987 801106 927567 433834 561398 528392 924521 31724 642434 929406 271071 90131 412334 583678 815459 629845 703803 27005 364584
63 40
655081 438516 601301 467829 59525 278096 82633 468866 487627 327300 678937 170127 342761 510111 122616 977667 876838 268878 552310 507743 389859 906543 198427 731120 908500 815800 790920 826960 943705 713751 749570 457085 869183 612039 236709 713394 666706 921557 734870 194082 264198 298989 976534 491528 576449 182650 249868 902087 525231 340498 804145 922117 13769 872215 675977 776690 387519 163976 271238 414862 668983 692752 728696
48 15
657673 914642 436248 740104 671504 693346 248074 391778 823307 827808 819177 999758 945161 169407 511954 504935 57182 697213 254218 27460 675877 138134 475407 308693 70978 915390 194010 500350 419601 667623 763649 947901 366974 695361 810665 53151 777290 62528 395775 420985 91817 192841 279932 374280 120910 416104 278689 560407
