100
75 45
821972234 905860601 651608664 346066404 476284006 894383693 565713856 627346663 865237477 405337750 787428046 146054080 531838351 624269177 859527952 494157906 914691006 157882779 640803787 853290149 824253718 343551014 984289133 346496540 161023446 849148984 201288268 148011552 627626132 728662600 26018038 204021984 570619617 577656278 756126691 51690292 624417800 170603710 180170356 243759721 215821542 127491071 122704529 1902410 748567322 785435588 418682973 260982599 445117702 349932847 409241224 792599764 222048201 118231136 84892070 590140999 624866141 594909727 335142769 883026207 143040586 848160119 350310538 259856637 649557279 308650735 365141587 693166000 303283472 994013155 722664059 338455872 38423503 279027924 532592199
57 12
677402108 666447649 271363739 787023901 201486468 432060784 606366868 582302147 230788430 76377393 844978045 928843108 484236979 402133415 361086576 325616547 177112916 384262412 376612344 664221026 240239622 958096078 646305247 229844593 158087053 880950745 291666673 591374139 774418495 736568796 411389848 30820680 99909618 990377142 847066885 53851392 66180406 639626988 125920615 512354763 447990614 976778998 716139706 104653910 830055444 959786383 953737523 928800587 413404582 464998284 723386688 297558130 279891565 898664561 536796685 76941288 901154504
100 79
23524553 163026479 495774757 944472327 855872813 690383814 364751134 334259996 688489390 635477859 391635314 326410297 79396702 698929507 292593570 69670029 190294137 26398977 907437023 47976377 267922336 818784533 328420668 530103396 387896990 182287675 47565989 202196462 6466560 860513655 806305044 623315517 870148901 191348280 348855246 941154383 304350816 370677778 463492526 236874626 285563914 446081454 692078415 700393997 395783381 241722186 862378227 455836992 328924131 836075086 680805205 785707689 216725099 577889157 706705325 902667200 168185067 47596963 617284918 150472158 462089610 487641400 492224756 998177431 337625529 884185834 627054281 227087 317327123 421218817 862332072 569308520 543967298 181115458 922780237 33074134 310774750 241175929 332189209 223878975 899035396 318552739 783602148 296156292 68664772 995264402 304887852 762097334 866848032 308682357 480720674 401225252 23307144 189790629 345399183 585913969 237636626 629335149 254699130 371304059
87 2
422579162 671634833 75877072 631251926 895347082 266695230 545367949 817219081 496326655 647807651 3726829 378236452 221034947 36754942 795489090 884162821 288485800 374497727 941405203 712109488 231180384 441025605 784956511 911031179 882233273 779730824 171562899 34056382 990125937 62128024 819486051 356592270 202988330 735158195 279832503 260778374 658531343 98771378 834301692 771489117 316769318 506805149 508485596 716103550 585552341 177743769 19762005 244254974 132471333 125656711 500265342 648125978 670092846 474889251 191475656 694942793 71871480 20256774 713365283 832717401 675394085 680142408 326864620 668864062 763715080 845683776 413221384 329047504 64894879 419493294 216452513 268671743 58970662 55482495 156720989 578416981 713424915 257433052 348124586 611602872 896141923 415374153 377717351 945000485 251921834 469398063 149614042
28 19
262998072 960560019 594006476 107306372 542639462 521424389 361698454 692659528 386698712 572235973 2558153 712893900 702113781 601390436 838095209 940424755 478990601 853974159 31041208 837669515 807121653 870141315 664997303 957575880 970671093 9308991 30404315 635968421
61 22
302016638 473517812 899524390 441703 634372945 523124786 920824186 708905322 745061050 737898987 454814434 330178375 387479033 943578579 594375163 189148931 371479621 763104783 859812451 359068440 875779759 843822172 503677350 944622266 485804783 403870397 303399130 887057456 953122064 514011496 727152364 102233177 380853896 704297966 614240278 627268632 168202592 172140122 714553363 618802910 455850945 773097356 434279728 840833019 860865858 582726024 967979077 613319721 994750954 681788217 146225428 308025584 307501630 741771908 595394869 161176874 744433869 559356263 732061983 847346493 163326655
69 30
105990470 337495435 600037962 226932397 983884658 723926286 285624296 103945984 701035746 559094570 689563645 215501433 236729180 647884746 197354253 933049565 683058825 575106231 499787129 278012093 645348696 400935070 83896941 121052182 849737374 605201524 416235551 275249612 199525916 33009005 340727068 765457443 860473644 348964770 488709312 36336575 647453632 462312062 995331922 164588567 80082961 524041745 304261034 795188194 408913115 895454886 971164394 559255814 636273345 648125377 872499471 854856586 871584048 269883561 519259865 955572549 140023699 166882429 870551995 357698301 805395555 906477473 724870922 373818630 620950866 6085698 960496435 543695156 7711761
72 27
836146891 367142438 680835903 734233266 809743155 738187790 24608356 977514318 233875954 845205357 913242490 418322670 604923248 88281494 776370578 794594510 645084739 452035987 579393005 9515756 251588733 453978400 513198541 898263040 168757806 774894492 758596284 789532656 464807238 100287610 555656019 446487365 594127998 305629758 553210043 597254605 120686853 686249950 814857422 461448608 615956768 566115491 869950077 319271756 540727198 478256569 532397130 663500265 384367223 457559140 499845623 512578449 860130165 860536563 951280995 873243457 812660440 518034953 372610190 937614267 908528849 694472823 215258027 136883169 970339075 826867167 757366711 866109501 80674442 527546481 901507293 252251668
31 13
900644751 628301363 497601300 272394992 347851940 171157914 858099718 567893722 739671892 981459188 420191516 203562955 418413181 434479825 558274127 161793398 828291777 680502755 96369410 556730542 211170219 471300912 290789705 738015167 296310235 365455681 772007518 210696040 445565126 558695212 5967935
36 10
641897438 825393368 129475428 478225252 518758595 6599089 700537973 775018523 695612283 161024019 438974174 772679278 934503610 48034086 449433674 852494292 554953673 833521713 673407546 35546164 707553909 819342740 830641435 990626878 517704530 805940803 14398437 616297144 599767704 70605106 259501975 273571593 710703802 882519431 577955357 770959584
37 22
684403503 903421106 178424677 15292191 353056100 350431089 965147149 787878855 674612392 396470571 724432853 241379682 303813008 327756873 184147998 44520258 628759769 830145540 871423535 588983781 79260851 65996320 59100534 960584352 814318321 109169000 757303278 849369109 211201323 517084968 986124971 880999022 90017277 705473321 696273571 894004557 304602067
45 18
763913240 981246272 108839337 225202648 337121515 172292938 154701675 299914152 344066014 624040825 344083242 453287970 810528127 192994481 989626022 731879869 454281163 495819269 79643640 808454734 308451373 577528603 187530499 899858362 230373770 831812576 761052447 770222759 118768487 358125894 502608858 395085467 390816220 537395696 869028290 502494064 527258569 280892123 802779845 251007661 341302656 313865159 122635796 972425811 150398969
80 5
945076106 499749348 409711732 227354256 438147715 213567470 344065102 22537666 225389424 305152701 621200896 205584019 621551668 516111870 236289580 145715564 945938029 686344947 251530285 922420430 780851586 855658394 519799051 527005880 812143397 820384528 951591174 593085286 882016752 545986253 706187489 853522169 775597362 963553148 670638632 888193817 655382217 31261374 230906845 632880323 911827069 19217211 690024541 839766989 883127730 544105238 879750433 175414630 234165263 707857983 707899622 75060496 419952342 805378114 399592770 896116950 678583225 625140203 350464097 333878368 442775019 442044627 221598229 11374407 126609234 544336947 361258957 417619798 361439951 919413974 722206131 234977740 265252787 993080533 963142858 250867339 523366341 518053581 891115453 728214238
46 9
575647582 433479144 507066991 119061239 885920972 648372013 416085335 102970871 366218224 932438204 232311744 309879866 376273183 205566870 278445117 73020015 994792277 282103609 675101054 841135922 115070420 810529060 684470098 410366905 278120591 584664971 572322414 616825912 771105821 993612072 797435178 861236105 626613111 559058839 387585349 415391997 128957225 619340578 668993418 398076051 627287721 116895590 534531979 419180140 418484633 521335877
33 33
1749647 815590604 773710422 253169986 648404381 693163049 814188787 26694649 48353834 496363963 583863428 800356513 560475276 700027867 93479536 288757791 774074312 963579666 528297250 886765275 575383970 153948262 421577145 524824179 324529861 557475957 114749519 571943781 586367226 391178302 367567433 951956151 397760035
1 1
764933780
23 14
813006216 50471427 751305078 255247813 662571070 146278554 349681964 824103719 450802215 22701480 34260631 317955916 469886680 342219275 456828696 385230178 484286632 508383513 320219645 534348737 78107835 489277341 679143913
95 50
91309049 301835416 875686929 821866014 172341910 257667131 370595011 698500222 400891645 1359601 583307475 805629753 234415444 723465412 964931546 854484245 93408368 697470295 50231642 922291350 604588671 99147579 788654506 790807527 37614240 245500619 373723915 660976977 372188894 681875470 826851700 71298055 654603541 955491743 991325079 438216124 600197567 444317902 673477964 928912483 809731989 624440475 911887269 698417803 903390081 421322850 426486784 759952981 131609269 447609039 981938163 287363108 829371992 898364532 727062059 825693873 538429296 865002127 459403507 293593382 157971389 519518446 148047228 893879432 392956200 636170969 322382573 261843809 555219488 234463051 949994265 630943107 897919134 413328048 735312649 884993913 246548299 112803707 867257137 584312252 361530962 526854612 329731396 221129874 68153142 488097157 635206965 150981409 173741950 651843693 304409568 918788428 728860965 905082905 227261525
71 51
574312063 68236837 869083510 660988429 233751843 780957119 482238948 848038678 170533550 654091981 219933158 453989541 86898721 411151586 695345056 162363596 440824859 368270974 14924537 133376342 947690489 916124458 982011763 580784755 483253202 313467992 336428222 242283044 196587585 29429990 363898326 524338469 48638357 266788008 330637251 257349503 829423495 487730513 692773322 359488599 828094279 652721939 397135790 430398547 215177824 159992073 970488531 463085236 573544556 985114525 12143108 120013994 695553618 371919010 18289098 881070560 242425223 179440324 133816696 852623321 147394852 41488199 613275280 504490694 638722886 484914501 575366038 754359436 110941945 665234674 690936887
70 55
110106355 60225688 477417297 885026946 401295421 145809625 3743482 706284984 467326078 413418138 987080916 365819646 522491575 30296800 890127891 534940119 721771223 964800351 237501676 101138210 257223426 174358237 74928947 19949740 991002323 906936732 138859577 799275525 202420574 922756039 295047132 509807872 241580511 391668176 106103251 783883082 790054002 547182662 811628061 752949997 469433060 476371992 409242155 126164959 314697855 53460889 548042986 5877979 414437282 598095768 306598171 995808536 191861551 243347470 517701167 615732430 249911790 39277588 493589269 702115346 206914610 823591091 644341751 635297144 412180993 716235388 207012514 514405633 978869661 620041927
55 43
646643091 72057068 608443210 267272230 333669251 58017987 835995803 441490159 978974824 659636701 584749511 190832987 418464688 883643773 677576963 133719684 552833516 793302585 73980442 800685051 853361594 586361535 298100568 573045573 827539056 291332362 884512596 76623819 98682136 39616142 467736091 822228493 284778899 597673448 136250495 236071467 221976995 887313348 948609942 141371011 788184343 283810289 733266277 158383734 487400506 301359742 691458824 723357615 183166481 263012222 756060063 14413319 187572591 934280702 881182491
67 37
541251990 741467728 216103504 321916477 231418119 896996924 449233453 978825201 381751576 295510277 781241903 609702197 505137235 303536515 213621464 194426821 35255470 975873483 707679708 265412981 689477800 845306711 708111458 424155499 666338819 190695225 284544111 924483421 634365797 11226083 907254086 107948724 717145337 393398266 390006609 353743883 260548309 521126071 74681567 839160130 896742824 107525161 336875929 691350138 31287097 185106552 362267174 138158789 816568002 634020015 828275769 134043100 557110528 586100770 237867215 760320863 289684416 417522686 681836381 808312129 932378249 469367412 573622074 79168237 453646251 652927758 814513902
100 50
70837319 350886378 856493414 217931496 317418148 687132246 373630804 122006968 614165069 794854739 25354763 885517987 464760149 618039293 856706926 42407044 412188593 35344282 251216959 824250985 266608376 63934223 566863948 43077155 313573453 924994001 345774198 452312455 115978582 638696963 377078250 321827855 660044922 551548219 492898247 611486901 885161041 601609261 574367066 779007674 896967041 330421474 485046311 438572614 2310485 858568419 623946513 515289637 700722007 654819711 350022487 444971297 919195283 665668326 291033736 444771312 70316138 69342132 124483526 178151246 511758115 546045023 955164469 871147092 254044400 671758905 851099518 721644760 244056611 274234586 456087940 308423445 64841550 897248762 189485894 306415544 746004234 339748872 520042639 842924341 899157527 801823949 688714262 619658666 221084646 132410950 687806670 982311360 686912221 59435266 943517022 931704841 594414336 616183996 673695914 19509361 422220901 929878373 27852280 981560286
31 20
294883375 327140177 895050572 253434717 968784475 739415718 401689565 629654079 529193699 753421405 972516956 740614620 695341909 463690292 275307040 41496757 313708263 681980613 951253043 114023814 928634468 503921708 219815466 652832196 620218847 375643460 533662315 862022066 622094781 824808152 878556208
63 33
989781612 440087934 87663753 155993532 574650419 120543356 977653201 670949205 754473441 807568189 916891024 427762427 203178287 168263323 249717252 764856442 954591884 575197854 693433365 715352548 806679864 43297602 561735082 262328346 649201199 173447460 188718960 5526529 115432563 148113720 873049740 505058072 144457525 371886678 91231558 765926564 631182980 373477633 501717915 266182081 626369168 352448485 907691777 877996814 628567540 873577014 916454197 248614323 835112433 678762858 616887639 61261539 812357247 5375872 972789272 893161450 736564239 195839416 461586364 374773893 257707530 250778923 615528893
99 8
109278582 725696136 374697724 910650542 237897825 715588169 55264668 130889766 739089578 355761200 878995255 720574734 921496112 855981170 30596337 944170062 238067973 324261765 708209822 171582691 513112239 277230968 154053894 225706927 459341719 411842143 928642306 596942700 195588862 490350577 760290345 149530292 280085267 548486019 614081542 68173156 290620707 716029228 421369602 864580674 33564206 164373023 839556951 853739414 406764869 423853372 919275476 510330465 12655966 959896987 81697027 569150711 261311471 818398382 247220646 478630630 7532242 137685811 49251986 429260899 965958525 259222982 230883907 540451687 812815969 526917874 149803911 574280180 869936172 797682022 59801136 638333507 17146721 294049880 205412464 277493078 776779586 354217960 924544215 490212282 376714264 517644222 139632067 692678284 446197336 275255113 389290900 766046194 450579353 919813664 866633443 426157481 606167499 478612241 531099405 90562538 548046152 960093522 171785210
30 13
45194886 16522352 924839751 735022595 920051822 604913301 456200486 598510421 133565990 231565652 746594839 203832231 155452894 206884824 222285479 837349925 710191047 728440380 158581407 605830065 450943259 290057840 493865763 245602558 742359753 842936119 91327060 273937780 884378760 993568077
73 26
865008664 345628644 5641701 648223246 747597683 183200953 180942158 580259286 777856501 844171165 283748324 252960990 705585104 937009463 832565566 157889609 468187628 348605830 345612558 76106978 552103437 497250968 905418517 671814564 213320913 21952042 757741423 966411203 23520242 666863931 405568560 138940272 471004088 124507706 357318983 80104268 433680719 826461732 75157261 37121275 765521343 465465663 728668924 132327847 972384195 547102596 753705464 632890702 954839612 196049704 522145245 14613710 561075328 554706005 60776872 604633775 888856818 986947517 909082101 830103622 220678812 536675949 355064581 570312736 421854869 444206211 984735305 504205799 106525678 546971321 778667886 334222468 243116726
49 12
899336167 623193982 57917664 190449797 543294273 77370562 14438985 199565210 285382297 247670529 469408800 356020684 206953968 226617321 430988574 854653371 293936351 514689543 34289986 705306182 756563086 77982830 523973419 391479908 971246736 494100144 170175707 93208915 293296547 41965115 128549708 440928502 92376904 859584531 109794801 460469027 704607726 451670516 598595958 640967423 303492284 341240250 983193394 465922293 900020107 839897328 122748072 44436968 863756579
93 86
838609828 735371345 32924680 936866654 817789937 483873267 673307242 843322372 282197519 452157262 358880469 448011936 247132958 882772983 795828518 893985936 365310972 125257912 997226692 859829080 894828127 578188272 367757369 675756641 184687400 530004068 794696082 700631410 381858546 407174776 850725022 143406720 703994206 664319279 366953953 813530275 301369377 406101808 54870383 833965815 797985020 321715142 714819638 901869722 760002510 438681807 632689131 33385032 642497803 982212185 266054476 442553807 455272834 498338781 807291942 801834054 555727583 944422068 150604149 95218065 204793584 301477707 466667858 400560054 227133338 263078409 872537762 87211768 286274353 207584811 969977193 499570793 616974139 51158371 305046515 621954437 324882947 784360646 303297438 830685574 387025463 289289280 392207897 591643121 486019393 273958698 133219597 443554488 211585479 251643071 520446747 798786951 364595298
32 5
895350870 170472034 484599964 886674813 556306297 922803642 650223773 663918304 34894570 994078112 270951457 833412787 774684499 546407379 761926874 936945386 618824122 213622891 965469978 283687477 206151069 667342261 888009784 285031634 744608588 631583591 502902987 562082359 391771250 469115956 518531756 854504010
76 22
568628924 660703771 117397149 592445035 493069235 46661954 879991402 156401052 341978174 49126132 32587045 602716346 893333924 872284944 640979648 193790379 690028314 500629554 20207186 321203191 947471914 262887554 700640621 298560634 473489648 647410498 517080235 439827735 682061628 97270749 862794438 641103144 269034211 171898117 812699723 475171249 298066734 176407185 386043696 288266574 479316563 886863144 256834830 845959095 254659378 999866533 167840916 128671737 549360832 448391138 430604716 48968354 612066815 355122195 506157577 512426762 865479882 179646654 277704983 171262176 286582237 260102075 868879428 497926339 830959472 668941668 557095677 698109168 122155358 355187860 765315194 173269590 229229035 815956250 376928939 854376771
73 63
581832582 916221581 801551135 129297545 543416345 350806487 528957972 43454710 439513792 447042598 891506486 541787449 709121911 842220583 395082284 50009108 82393799 232907215 846145622 563986056 450875057 577034414 621445824 390271026 457624458 28611430 615365657 400932241 215154581 529188228 90478593 267138367 636884470 796094315 539955351 784023435 404029027 389022118 276671333 138339260 628116969 283971687 659050604 402893306 975387365 814797386 46234818 966836697 145436334 486979843 502409935 584609623 602594095 363016687 150899154 721934774 111423240 428636153 164821575 403472704 551402186 55670543 492478625 868653113 557819081 946339135 171729340 46967903 258159361 286408073 776362698 774585805 246027498
72 59
917834292 107452205 425469390 411202458 807794419 568979077 930792608 703022873 492737369 646425666 464089473 194046156 563379306 477334826 788782083 508330696 882495516 448935274 69361391 870299365 208356652 303809599 917636592 160127554 224611399 967909811 766112657 625261169 309990614 910524089 232698975 482090397 747054404 800262737 229517581 716635777 691124292 662321323 510579560 552182527 178639529 894257391 473435350 584902453 37103294 831755502 833168747 24968942 657013923 840588575 600404777 110129092 229066569 883732741 474883654 999113465 547672458 797482803 395067119 871100305 623918471 889333512 526093451 618421525 208850521 926170084 855800679 380453642 363778126 65313979 311351774 340980032
29 22
203153796 205284955 644246099 70864374 211783596 355469833 477954544 916407338 833409182 134689908 738643397 95823656 745639588 291522803 875009435 992115346 90091693 258401765 99777229 77634829 612300270 340773471 404872525 816178365 551762732 715184627 336648754 863745153 741141537
85 36
55168131 161544423 742267826 181430131 488831503 144447313 53679643 205426738 418074032 338574613 292674410 231846866 2139881 914979411 166893253 836463864 151013529 609434590 578103914 358856909 310137059 367726306 907318230 253332288 470609792 494448903 786680654 722795156 358537877 635542310 16353961 661124177 748005959 819326139 901546867 297665740 95565326 162216770 240737489 757537602 56795763 420764695 414652736 448960278 163372270 826874727 376817580 360670984 883661922 293441456 424599552 387778969 824498903 886253096 473647430 56939048 837966193 726079640 973892843 192871277 974328015 336430826 309266433 918266219 605125993 934704514 820302298 617727670 46113914 45396852 197883977 290759535 514629657 593009148 9747272 877671142 897185907 831074466 900670644 195173378 994021278 37063041 104760726 564617631 705378689
54 17
590301795 968169187 174101150 693005839 757829935 448211975 981831675 76211598 698584685 368621246 1032935 165529744 125351277 460400903 551674693 713269261 779615549 837586448 460023375 382936271 650472993 170728016 416987798 574512853 239312212 418092955 33236664 485229179 411429956 191519878 245956099 958977874 567190063 156822338 889943367 613543710 688174882 753983157 19285432 25030591 838714875 950541928 464112670 381177761 710061967 996385818 330845438 229407988 906979840 254036209 225550204 720465764 594070941 28511681
82 55
316038025 39098184 465604548 575597054 382949420 430773163 356550297 960682371 330337390 804416795 780516386 933176362 524795030 69904739 909955688 160366805 797665444 328352880 840711802 707927480 841139510 123391494 935133734 449839741 662617672 326145331 311815905 669887842 595286713 944190764 837808005 217391690 242007274 909237890 149311087 480562108 357323018 787737831 658287154 917196726 853192611 691313227 627143391 194063090 792963445 411530563 242104441 738070093 644979109 501004427 827781733 923924003 871621515 64487308 488296963 552609170 394463916 349360030 761966704 326674794 746926204 412046135 882975398 41881126 338616858 469615076 722229949 931796656 172964788 845535211 133584192 665575635 408500142 113693121 506642554 691967868 263029086 29863480 556387276 240327547 844549312 425924684
33 33
656268128 590744656 540363818 338101487 63473629 403793288 144731519 528080462 50761617 319990034 567032882 948542302 442222772 397070073 345814499 139347948 860513280 337394117 48705770 419913882 679490745 802463531 784262036 905196869 541646884 447169495 717322705 28116556 663418190 286557379 239751471 625815788 622741115
12 9
43307049 937509008 961194790 648926023 666538284 920028150 537374841 159194810 233696463 384025180 414869071 792355583
45 18
661859930 834236443 875824414 579347332 503169765 684007234 758051564 75964174 865746518 554023597 889999917 919951463 429989524 32422395 124087035 773135008 672054327 99846787 961782074 689231412 327288090 453688573 1363546 970166418 794878808 462954754 989783525 455027616 60761665 322229598 715052252 415624633 876198638 980126974 153643648 145187469 67475439 840181242 109597865 918257947 719859848 267400512 193156854 699020463 230688740
98 78
216342928 899583806 359438010 461429151 382232299 830776673 212780283 29998027 90881424 75420526 741436842 881784899 943611602 686477585 481138043 740804815 660614352 709235156 906489925 695448709 791098416 92372773 594741128 684384908 23023635 840560599 27157487 401129184 21702962 957922900 100937695 951883814 383031576 267242407 260973776 978133713 614925731 982712716 881933358 506932165 684110473 74221475 855527914 856697350 596163014 838659951 773458454 641971230 274412003 120838872 445816422 843691482 187333818 373079632 226954392 519115617 746853090 493702954 916018180 91148289 738598224 471656684 390078971 751942939 429405213 112030659 270225014 99400232 888356810 411546666 510472312 717245000 42411069 745188274 628097928 342730127 370374918 364565024 971293663 899859791 402263659 272451240 593582477 901263000 547176704 479881465 146447138 999609326 379933650 374189212 166490772 560239080 391505527 704617405 920663101 143272781 898474922 564441298
4 3
181681723 638672520 373748983 56299554
47 7
402409283 127903719 738817448 371884627 534105331 24476670 100208740 977992576 120715895 30036811 462044547 586189426 287851541 513168774 9226583 612749518 856498764 438432658 395054028 799372182 911556607 981052303 738909381 795026788 556089047 617427949 704010797 726166769 133443744 127922846 12042018 49064702 754477048 252074225 235017845 876880844 289514570 56413031 785616406 957755352 123551674 220820220 726492067 289141960 908704202 683870541 841840704
61 43
639670104 575794268 516997986 925683539 49054546 870905802 856791653 509055665 385611306 713461041 25727361 301484317 992216724 679170799 418026540 929216887 235224478 757048217 446377309 272554427 551306343 575144241 810223083 906534077 15812491 403146608 862351730 140764793 524419035 82561778 233302853 87356136 833471722 163971167 413903258 731379758 271819752 261380527 345668957 425589921 508244909 939656146 86661446 603785374 277208513 902958860 481107161 260637102 682567005 716456498 493421387 16063741 47977866 641962052 377929002 589316539 577097397 331991243 780236013 695616351 33521459
77 1
672718006 313613179 684262234 737320313 32851183 36141134 705002254 669477203 734872954 552651361 825774976 875864369 22340395 429706135 840554911 730931819 407623554 583564419 647620103 554311512 871994346 622454641 403872101 559764608 900082771 90756347 399233765 33105205 772699192 565224009 272491192 687755983 605396328 53001968 36201563 192291916 957407574 879380669 796856895 288405620 907665918 307236403 915912568 937291443 971917186 237384146 786310407 127825033 553086802 261796120 634152677 332794519 330917192 922671511 542287111 926525703 576247189 605640813 694492844 531365280 336198063 145989435 433076476 401026510 168797154 150413765 659021889 359796958 615553935 189128872 718299244 798384574 587891844 92257515 68046051 463691471 187034321
47 11
815855416 859546624 635524764 991005389 162499063 753593892 288289156 844436030 251244598 275975478 243341203 265280311 259616920 86944821 978742120 654570089 153778987 108075639 268363875 519033647 429740781 651337485 90677148 12770334 913442487 349680072 881016938 236114272 888113250 68318621 342421794 143085060 455903371 622644907 427708596 783494389 477357078 231554499 930090785 496714138 391925481 617265590 198414259 276886078 918507905 998082848 917384126
74 58
628200724 875354388 865498874 752375153 270358257 910390220 767814128 717264074 526840955 486620202 892085234 927453421 96184541 830267099 693131302 696507282 108330455 952009679 331550685 975083927 289131646 498689245 94441461 371232310 872741435 89141967 782086577 83215710 869403043 793708604 249886925 703115638 954255621 192361341 883026171 696429886 960951392 944722172 562365500 545555781 562896725 326317382 849829429 460076603 677363188 344976437 526071521 473253476 850190880 987479917 414449389 233014130 210287381 394579272 688627393 58787931 320988807 874285128 699379084 466700128 975858361 607247502 403755382 372272718 505028947 765843508 170659045 224806828 762403556 38559058 725354210 250461422 92790853 403240482
53 12
551551993 918091285 800930409 707225006 918266268 261157569 295883021 830025057 240346178 346693597 870922386 587222752 797552075 99938304 627909817 463537660 163133651 192700225 32623308 843464050 151602774 541845774 408817407 805296896 767260798 766368240 451488503 700369239 502607546 400057064 18200871 426790564 63352951 689964623 38795042 824751912 744551139 356670861 144860486 524760048 778847583 631065997 150280488 949154954 52247115 185756065 5125016 377870110 307592991 680643313 180553727 369665169 847171451
63 58
288914240 896047626 736080307 903309604 738066756 564945498 949485577 894420227 992640037 750392718 268194457 765647622 324774934 464028742 439417398 263276208 56877812 676992439 575342592 980432843 296978187 869440221 145078917 177161185 461107309 790542412 571441308 361660773 978816408 907749318 716617401 884393563 274947783 102924954 838368773 940554394 815128592 711173197 848077445 661603126 105738528 120501131 851792390 402809914 511494658 835084292 690656986 89670321 173960359 511596533 504318996 426385294 310661508 486598122 86805993 228808515 211835823 388749121 253620551 71615179 388337165 162781761 209458402
40 36
466771116 487022340 260912088 969380725 840761126 234192988 257775323 911408196 812364043 103121861 838201187 404200161 246697609 324723480 636687342 447568389 147418210 563027666 755384643 607966904 319632524 169303500 929888252 222521146 649184165 401095652 344992416 940078714 76853767 411771834 378195315 190107767 728917991 124326988 688521930 984554589 618204546 413438666 734973243 153098900
99 42
287477950 806621600 131656250 14850054 558422709 934623140 798135432 736823601 108925754 580001697 759704233 53952614 530029198 399870747 707713806 145821260 640452692 112016429 820566548 121585565 263439366 200740187 951644843 912319407 689972591 899348839 208804915 13166868 646921520 923570978 96266689 340699312 874039718 804682757 703001354 64148474 685339250 19604580 141150467 615719505 539823924 318772809 229042878 904979873 531592085 857468536 290978406 570466751 543450230 290114913 894421040 892572328 894508876 543996481 171731116 299314370 317266724 262200688 925997815 389385371 537917147 352294582 427929523 263473449 653066168 677939660 323491833 98640248 517884096 157956929 606131581 223908448 780354265 380161490 152947243 358449145 980598888 784730114 887690142 593163600 54604198 373595489 78540434 930082845 571085542 941820304 442618471 254486638 58123166 838843918 108639338 528679817 549531978 422033851 97997305 544106395 581637938 693216885 649848333
44 24
936857298 75882565 90459467 696097725 785460836 280100273 194958885 342990568 148181710 898414237 67263059 468615409 265876681 602940870 387956188 412603818 111957726 673304628 376945909 953999277 211030386 810600336 966349020 663374793 188468861 525128666 798827864 355681656 154376629 780616943 872380927 910974749 798597569 538523613 26490950 441300241 679799808 877123793 743383453 779614161 520053315 426092017 221966229 154487532
48 29
581472944 607493607 358746754 168379785 683623808 17982026 71755108 411444894 753762519 226812383 819313076 304647331 464781370 792042250 173788800 703773988 44635483 830836619 563484309 343814689 632551818 83279247 760212753 393155633 33941590 823491363 817195196 836266325 955028348 201592191 118002617 258636085 240236272 512363683 867411679 315975100 322079470 590323639 864360789 964829821 781587591 655154269 262615325 678407340 911114511 97667495 783838650 186001978
20 11
423213085 293602749 701428811 321144186 801566034 688764862 459654600 233421886 544340054 525267250 779390659 443051443 399598341 933641607 416357366 498234522 989185286 301987855 580741445 814082936
78 57
228873556 90408715 369922593 463013697 945356817 257272743 621552437 346378831 860832036 627983104 678919983 417258931 174743875 912379102 360071532 297216872 820082720 951735528 667083742 185288981 441091315 930482512 770725086 535637509 152990416 385920954 692699632 876127326 274027033 645004585 669360919 58390119 648380156 674208066 33353299 414368980 420771309 577582909 800414677 665272238 527250743 542190512 567779949 314171817 593598232 12227345 327921224 286103066 252924344 558192171 678172398 322222944 955963202 652947199 81135483 689297878 388015247 646336691 440802738 515443540 519478324 567747240 867916394 883315733 719407487 326498411 864506155 886605728 769711623 437270179 287675624 611955944 225532366 682791731 207666970 409825611 487272870 980872126
78 73
732620909 150125761 600804412 469065687 760339417 700617261 426361106 552101941 757292483 908457676 603263351 795309103 296369140 714373717 880107137 775770056 913221918 969429243 336465298 211281528 701453951 501004874 590703645 86886228 19357821 347078404 504343060 976768293 509622393 757566015 656495655 735277064 3213252 396429134 357163988 296092551 360534546 147201637 472689177 407442457 882747981 611093486 603570523 52137992 656023794 447455952 397422534 823915936 699265196 881232032 808287863 609246070 164025229 322086691 23835336 437123451 696867683 116882536 439996774 557095363 341434482 981263084 480825622 428026468 430483161 397160865 89740079 768780753 662949235 372372050 487751753 89128451 553556881 346469623 60682114 1355475 140118049 798423443
4 4
366969083 616346713 53552625 749011355
9 4
623913378 676116331 611863605 490703600 600104680 801319644 344545467 817653843 972797945
22 7
187630703 590764289 458172577 271521364 919166146 865151437 786663560 622230413 414291798 537618531 46507270 783623314 554552231 868259987 909886161 59871606 69405349 167161608 331911180 601757557 343972047 327959820
21 21
120929268 293674172 974274014 950478331 968299824 234941544 589792410 274682048 259008126 422239222 723507570 957990348 14701216 799439322 624580689 543229703 919315058 386159372 769755459 101727003 365666698
91 47
258015840 511997887 63118793 835206424 488525342 287616259 489144516 127998854 485791856 364416900 999926000 864744756 832377835 769025714 220262960 128943990 441679323 690479457 467958392 237345748 965646999 851334469 956935862 646893756 674924026 447978518 708928028 610770302 662313482 926028922 165563939 594145625 464575259 731831868 488791910 61267009 668198187 45572043 301916560 781407686 99279776 495201285 892802497 46986884 286135001 665383979 817555166 760593536 59984874 685504774 105654908 95797383 126538095 13220695 926240433 44310024 386526287 634617473 412510845 574603652 342100071 968818247 86624789 60722465 183564470 675273891 243395430 245314559 510589208 423583508 435790355 706092753 950080699 567670473 963973128 704694511 579242753 290157487 19827271 6606511 743904481 458448128 230471229 469369467 989448726 322789641 778876355 604678382 605881491 955169662 971939364
84 31
71508971 33240388 955956952 415820507 856921245 891742200 778182036 286484674 6908968 962657416 280972872 864914129 58752144 211959278 212985210 204742181 776935001 491126747 498395604 372672166 359973946 57461234 411322901 861801134 654633574 679284468 494406744 860596519 67767165 898996284 934557775 651126148 908964650 196273655 883239782 623685573 940846114 5193537 186461562 751316044 761013106 589064950 32902160 483863118 612115163 776761722 979708904 863617450 414383672 395859686 93818365 713457291 871223286 343421530 3745538 330495045 664517760 974785695 732388290 790135392 41082097 584563976 760870740 819588937 555464977 800603742 212495840 580093628 789460107 470232923 712578091 952136444 517816921 877977762 29580480 959861566 849546436 877650803 550965073 444233428 657122242 37246139 730117099 990115
1 1
424113960
39 15
178279532 312474994 21626181 715391362 608680420 538487780 221133485 854465220 504173986 174970047 169444227 928820196 198249485 104681021 816210433 666337362 821991873 816110432 394070070 40100022 521772580 497141607 720064004 701911665 717741777 876566789 981597997 730896005 655445213 730649984 684573561 86001728 793183084 24520312 689366898 69165460 21819976 259565135 235136006
70 51
80728839 662894752 853862882 59532913 944040061 800565892 8796570 610206442 899234143 24014616 554622952 992366190 841384654 264569322 456026818 16692012 886071479 371607602 741758738 509998100 970018093 342748078 123665956 42494601 205224693 47219757 320469291 480873922 726502052 25621174 373246904 186850035 680260293 297688834 230462828 98583683 56056488 281008969 595451173 292894755 5448190 660359503 904576227 16489045 238127396 407807843 751982171 84444579 788707928 875103392 526123968 143991217 617726623 561048954 73459418 209692718 438112808 957092881 682404832 307129413 102682256 616789867 65139413 610278767 715351635 234034884 265174412 96390939 173671662 85351278
9 6
91584691 716430903 904720046 872354568 258437453 881802938 763761601 927069846 158175085
17 11
93926742 692149114 630298672 84837499 71786469 79356640 553160088 898656559 283917137 506649082 128204323 779288292 233050984 844306946 170305287 590247080 861324533
14 10
309862064 167884262 299775649 376600038 820121128 723082970 711962973 325381691 818338746 947904919 902507014 775200510 724435324 667201812
2 1
798664483 892249125
75 30
213650805 555232028 38189310 665926029 834360939 577104211 829369361 950897914 753362102 542603894 299987402 264421369 291398584 889920224 869443232 939751614 930508776 235376361 858903740 491647312 933145637 458555125 557113593 80141554 574127710 502903237 749659794 475626593 160080259 718690668 121789400 388478084 36080481 894284268 323436348 488897622 760527388 441377077 261538471 163027695 128040491 831056075 590071126 182695212 441996608 380598423 668439142 856436751 923848616 4530878 634623466 717801252 243868256 278386867 986882710 698592945 177608785 333815723 108345085 412503153 903395184 862872880 118440405 303210435 247782224 59910715 988164627 97068249 589221270 573663907 776930987 580676962 831205088 646796028 690139661
65 41
485527169 427889202 532632181 15046911 137129865 889226544 701268710 180420227 983494799 394844884 210471482 546882559 120905057 202550227 77871988 360594659 207421817 977102827 159705030 306118942 98914216 181320865 155109365 114281122 464169684 522793943 188330388 497386611 93757884 121310286 555947483 684830595 443447380 237892728 469572546 54963140 347324770 675874602 48567555 696862066 547476060 677671779 877700438 518198469 380020894 852628050 937132346 809266939 361500590 730432596 2675711 923062880 770510370 449157716 944418619 640155314 592979681 971648074 443249139 459202026 459091827 402737755 65707951 408035748 983431844
97 7
945521817 893144110 462807539 409871822 470761041 448072843 417790135 987850224 213142429 203958120 7847265 758853586 921116354 341781804 90101473 267164022 733742819 746758026 795508953 954167275 668571142 663475997 346957769 731061572 124423756 105025405 997020721 89916653 438250032 866241640 790000865 357784754 675434125 418205171 327466000 659110087 291099762 660144323 792256887 332911212 80699020 73862923 39692250 659879620 738438031 220312028 307659825 91860138 681193234 497980474 778664470 694542431 371191236 264395042 641407776 650127854 972386411 152655908 735535589 304863560 910681936 514696154 715198396 435638285 519772711 102062890 158530835 702507360 279045343 857563944 653594459 626906373 359327623 888727988 501796056 415809920 814009434 229520514 498814846 27294360 777620725 138547054 787602980 656180278 70625457 586614608 933355775 926128202 87446256 369924855 339774532 151180910 345262501 50188984 917296815 497227856 24253588
11 10
829341440 269255192 507615529 619575805 718098358 875923663 287784419 702184222 553268661 123675389 1250129
14 8
596030559 54745119 744598824 13417035 579570444 103907096 138238970 576284907 192658613 23418075 304630298 923693221 913784859 604007703
62 34
907472835 981239095 898064098 626387039 774216374 819007992 186359621 295804497 579947497 254019121 532933131 177752169 173011314 904894007 923541590 468400842 684035022 333370906 93789334 883660355 819705035 434216182 454485182 102134678 634294162 553370287 143863529 717151393 992048348 912772950 214667620 666408301 344954178 47039766 957363238 7376183 816518074 109219203 150115711 414987883 471951529 583558217 460169409 369995816 886932863 970327711 331014911 980259414 120956893 489009692 18235737 933213080 327859727 184897731 929381260 349709184 626641204 913817081 491013125 144681281 886415946 49360856
15 11
183620911 40588620 173874027 347309285 882659031 893121637 598127170 385555713 994483907 154283379 653809233 582007535 237080271 463731447 442872868
92 7
454045952 984012245 989740056 165121649 992642450 591484327 999622120 664639429 557589900 581503821 936756456 955378004 596379273 945843792 754566801 670099117 911983898 807813078 232328668 255653744 368858848 195310257 223425612 847357536 789865512 290069559 73614648 906266413 882460753 956189085 714858280 148417550 687064789 783586974 104926765 988259393 610066890 123166329 438041447 670949167 573665187 499988048 327068156 610966026 877898064 373214439 480410251 173629628 752090183 923552932 378218192 230787618 672637047 707681537 512741227 887894948 365675416 91356939 574310497 583021417 875580896 201190881 709896126 234719022 7911670 295372701 885664150 661575691 788058545 974340364 208420301 588021034 65180524 206297830 631643273 229414297 320130418 918095118 814700902 687656293 621401718 805497387 983120547 674730723 537018009 883123415 63949885 518697481 597686503 235143782 952052366 838202542
59 37
398747450 914940409 839209505 178693796 859406255 90074627 7495083 329005997 376864958 544138312 151208837 812046501 353937137 220169496 58204821 657904934 644707170 284202434 689393148 520936936 37649030 795778469 377842008 102203348 642728824 833981074 152415047 824213335 294345570 446121712 917796024 893471795 771767166 319776749 47892797 402091795 833370083 644919404 669931887 128777370 28467182 77351872 801164280 67757906 286394791 683339960 571581031 599284602 654830931 307312741 935338892 447546779 282577899 35761204 297998780 784554400 336517652 483232505 16129003
13 10
89850856 845300289 863801898 321559281 940786958 171175794 300799481 703654353 783889354 949862047 236577477 127630569 652193728
42 7
295537711 517761790 308302790 593238132 710239511 461080779 47847991 284179374 176709888 521209412 322273565 913065842 155496144 504352711 981509934 694419960 772701555 132691012 975740458 274599091 627493204 796521941 593660037 816531891 925519159 863807320 765302487 308049550 326813781 935807437 645460006 39115949 868232552 303149348 298166254 730436152 507414044 438279740 460836117 379773828 232831509 153289191
52 25
44838574 685515786 591442258 504939015 450659406 297282415 736688134 468060496 31036045 149446585 230122131 553789286 641482405 153619531 322926649 981003312 320785541 436813927 80162788 545002565 175794759 765304512 110612061 714462038 645896691 344781192 911989536 987043170 449575150 424826033 935909368 828012436 391056424 326285852 43160975 149239326 301585040 204142204 63184659 856576760 255570289 575543614 541821259 882488483 301509654 578331460 227325853 867965451 315979403 929997032 96299958 533072792
21 12
347716328 934934447 369728250 608532726 535204915 411587950 338297469 395798699 6659311 335254228 8759451 786740337 410627103 340175983 883128261 183044364 59200095 883155413 228255583 774051087 954480937
84 34
240539735 841889283 170373249 987163000 301055 217210768 70999333 493172766 844771549 168685745 783658340 756419377 248194878 607291800 646224789 903996045 512513994 687964553 1326579 59609733 181949124 574017059 612146565 254018440 459932264 213256114 867877390 10088325 412675941 560562202 712038027 583860572 276110524 928702682 53931945 812692852 963240043 671135958 70502956 819626950 891701792 894611841 287664312 618789484 432174462 504502519 596145628 377632800 209546610 546187587 961086031 436046530 715519578 316741086 574622907 891060467 238888504 682772291 718602941 188234188 218255141 595885286 671974990 851082329 600772039 804945761 223297963 603937123 439540144 146866568 258494359 478171026 891598195 974020800 77529674 747459499 869304732 872940431 263536528 841209922 404373356 226955647 261226196 423907528
5 3
917431679 590811126 548404375 14212588 767437531
8 7
168035312 712987306 374780547 364100983 158483282 594413777 715416423 603263530
4 4
894156153 532389695 992815030 791206205
68 7
790236002 10971848 560398396 37771656 847428209 247895869 448007560 815013635 39741896 140954858 813216696 819973769 760311205 131349527 450195454 911590220 515189348 316626668 305253606 314248830 226735369 689103554 704946402 96454908 757383703 305981758 686041606 430066162 601268457 620565951 550361716 708059982 918543898 561404054 155371992 726770255 990255398 954580213 251253649 79962024 644987635 510511985 190359028 297959030 296568675 790123011 707773426 290992377 447844035 311718786 571038469 438748961 338255511 849988243 160882291 816414876 869546438 821536259 638723242 675310851 985892605 908511051 180254977 653095775 968484974 927579457 587925118 838991084
41 13
300394796 88659947 17063489 828646095 46520809 20098641 301036507 940384106 995944637 11539294 354324997 549447472 689050373 898571669 590409674 544230243 864182392 196699805 237747847 904451726 160378976 658873783 23423594 970318970 518969495 693168963 418516602 684551820 688432687 993782788 158362833 143236518 791073889 934574723 400201237 736213697 963305607 54066697 284948808 264340591 689375913
55 55
724960110 474238472 520435453 647085888 140348995 474000577 197324407 490042014 309474080 56948539 62342639 690395851 264784292 988786047 849322235 700077032 10564163 977595852 917634754 451572216 841604458 796881669 397909981 811640709 799560928 491546269 506150832 595930248 771484277 94957489 296155315 389993172 920038823 329058660 963803972 937381068 375958649 802376029 964972737 467725816 291299176 510944272 485152200 77542089 989313134 984372626 854524497 870655489 168724279 392440526 842830347 323359444 81843469 958744169 860885817
98 34
278931306 148630846 661143116 578838539 35147509 109072053 832933520 699326648 984743131 650596598 441197382 558635320 790736455 573948096 373724264 195612579 62833363 546318487 180350473 526749642 690649429 617478342 201915002 409234619 897117107 242607063 227314636 536058639 594689969 341777297 989704244 413280101 1384771 272392332 914266940 908471012 700650399 248277433 235329398 744859643 348041172 533936117 866583756 997021964 650499424 924268361 672187022 973771394 350289572 671810112 300723023 554605194 326467291 871466812 189400965 269349072 879905498 441446329 824883902 138709434 574059369 295652725 217942565 174181690 269625301 841699162 709290856 844648523 965526234 265477487 934152717 163014769 604569129 893145586 500513656 574935877 347431119 662404363 725575225 317660421 167561995 886119749 700784999 969471066 744055122 982791836 940402918 552680618 196354877 575834960 207996886 733511054 220598936 653240058 104155109 734819375 963953051 211961794
17 10
202630376 440257961 487993643 907243996 518316036 556290132 832146416 686151952 319996346 985936028 302507430 324617085 898922360 467960559 578469385 981224348 928746031
88 70
545545577 758133478 93913861 462488722 762455449 609744949 910442039 487981931 726076009 173541179 130121940 552744236 800838033 436894924 643725383 767762240 426772539 645409882 599844942 393473643 217987497 762533204 6479184 235745787 992177980 825225161 177541567 554080593 967241514 794571056 677996716 717470317 970300681 159977249 765123130 331967731 708629306 509877491 259125761 319761687 154803393 921907149 313542393 359666012 84001942 869410906 918887662 581929060 362165886 101017625 823935043 115345144 462228649 859605730 611498069 835389692 903485856 200477863 664346666 21114868 20622080 29230686 90764077 594477412 62744484 337102644 419335133 309339790 65738825 768960700 814061902 98186824 244117799 5257096 233897837 787979570 731979921 379047213 153113214 198488327 53790883 976860502 131871956 34755218 127166262 427508905 990669320 594579227
55 13
579205281 565090301 125696347 612654068 847893541 587896052 13222082 631598240 666045398 321956802 793658843 763592720 259728500 881259266 269503233 228726726 99372119 725562405 81877144 153007623 691094273 826346398 467096242 911621727 635090698 149221353 76736149 687412311 278921830 608201346 156539740 313752828 762281504 176248460 869378286 88739130 676782538 5538335 276268051 675046744 746496049 445995667 35780489 594491072 374372928 454737947 105717535 376573515 431229030 400000430 360542281 791799658 233908438 501723092 728766602
32 16
828028678 162981094 291204687 348723362 832564140 993276860 187384548 117419964 576418380 540778999 870166307 399138525 212488686 622091154 399815933 358792139 144164295 469097394 925739523 197676604 821237057 317171081 660876987 76608182 310295320 88630275 736047102 613337838 736651306 154468036 783718266 534174037
25 5
106310318 551691436 855094568 434334506 300483369 984441834 692413867 633249582 870958027 701654317 894087111 171588453 14125763 883135582 235752542 435442887 923717827 907227622 498692239 860566378 710676658 428163812 124404196 285534120 121364281
74 37
254966048 278439692 960156833 72015137 703831479 126110347 670420963 21059943 671405769 347552141 304367091 603462656 688744193 943872866 699080225 869337353 70418329 959024970 651567831 256964376 975211590 936975074 717226956 725042044 119654161 34220338 635429999 415098915 893122259 575262250 770521962 409926237 188832202 314665467 921618090 624567347 505098710 809829437 259320823 449618737 543330472 588550834 20841966 805540557 247660376 339271146 467166710 488999733 664092498 446050161 124944678 228304114 699440471 581374122 640689806 640803777 637320366 232025767 64685639 840526090 286573827 827934722 365063620 884072893 534688198 903181901 482412981 638612844 695781578 71913447 285348516 675208976 510795863 180594716
71 4
206325369 647375737 86443367 656386062 577031206 485323665 264323068 887697765 722204422 99505493 702345476 871327779 195072720 776645405 931108158 267316608 358515994 829103643 456408357 147919825 637829135 315106550 544366009 799546700 41050397 933509402 541288724 863945423 29418767 280792348 301228481 291092682 369973156 491416746 662988691 733635252 71281184 195178359 313079983 834965911 928622945 596885044 536645584 434245921 955278246 670868223 23686138 830314526 705339602 841894950 284528040 626619050 979181603 926714672 466442946 310049788 418874048 196880950 497988690 37726842 349275370 12757150 622759881 612755724 530016290 813838698 374755722 903217999 109748087 602994514 227772498
68 67
847126826 808042936 42148078 823088883 806621228 122326909 300082533 686631170 845629087 117475270 401086622 546705725 545077088 345630928 419241083 655989076 802834244 930650497 732529130 622549442 399830507 582380619 791153388 737371314 763309138 961148125 735031528 683449156 315645031 16213608 840334324 30726233 950160625 95275767 547943331 150073595 761026636 77663301 937393832 128221580 708060625 475385401 414870130 72109531 613464370 724139240 808180120 546962437 986780599 851902914 964562602 103454198 257363902 331559681 912538106 638664334 753644042 766887602 503766095 120921181 396126838 787940048 145189324 975398695 271821595 768989880 108896691 431274745
1 1
820919389
