10
204 85
361853 805519 947346 877447 248130 789625 952846 141764 885034 823168 546962 693602 245805 82590 979773 437858 174187 217602 102048 961553 793896 733050 679280 949952 970551 90468 37699 183801 167567 743299 262018 315701 416251 336521 695393 794113 125414 885907 512953 492554 837628 903905 306231 456391 517594 553688 476401 148224 395055 19228 692416 497397 180260 119880 222228 914051 28609 800453 198949 974244 759027 171991 139617 815357 869116 886467 72365 333696 651481 895585 942605 389639 865749 907214 90104 433139 671267 815806 55229 410764 941871 223299 209422 660550 612943 1226 730354 454427 173893 842257 990063 763838 282015 860961 634726 125094 242448 478026 627550 147126 581589 698477 76553 373443 475182 363914 50683 786560 952408 4826 111609 678692 510842 227004 169241 735016 997363 12395 583105 698707 275923 112279 49861 363430 524054 217764 934487 920438 375267 325629 304840 603370 468219 408110 564177 366994 492722 590484 436846 36222 59640 447908 872877 725531 756776 94481 256882 565346 574129 671961 364540 653761 4974 675616 929187 432166 991663 714952 356237 485311 812601 848920 140995 461262 894591 746209 364315 134896 575308 476405 64177 674309 255515 544870 668080 950720 395001 291470 592090 91580 629076 46861 308489 417939 542713 204327 738999 486936 454609 623157 123555 320250 884887 532721 545079 144695 937219 256335 686154 110025 600178 845991 713495 802849
393 252
385627 258721 967223 379199 346553 898653 698955 177505 11691 409816 796282 412371 728194 342925 180130 917450 257269 43315 87476 984557 608718 855430 645431 235775 738962 698935 71822 468558 534700 929181 176897 291660 676467 743697 596038 741891 294407 4092 674960 364980 885854 513532 193241 778204 646286 221466 939448 186594 778085 372752 533346 5233 309076 459864 241045 764314 597946 688973 165299 229260 387458 174077 448320 307657 587064 622580 373337 371971 830996 935235 590875 307684 201697 924233 683777 765948 654416 583195 415306 715088 126755 413686 771323 666432 229306 614798 239857 265400 709097 443145 893176 187904 686386 646605 274133 22080 514242 589936 594517 134245 501825 640397 643786 884400 265578 181033 109091 122221 281927 704404 30075 140067 502851 657998 134723 399247 932035 342955 716015 831807 471385 961288 456975 651518 309217 23496 171308 151101 541466 750270 641419 297863 925120 793554 465585 962050 902272 720117 616782 121056 627848 896547 816571 136262 235637 230623 694150 250770 515985 714407 298041 826960 533575 519214 891054 18338 614642 246084 492678 871960 758577 533226 670020 960157 322025 520169 305288 226397 994658 864193 687740 852802 110200 21226 953071 143851 982143 901907 559495 502653 126501 35195 494059 444112 983334 239804 310339 896938 971590 292145 915350 992346 98941 66809 515657 679109 263443 185846 545716 748210 280290 768192 964360 471401 470575 152188 326061 632292 764126 79380 820109 490951 714238 649306 983273 775989 27753 648031 241092 340531 614178 899381 264253 664149 450089 141038 830129 164340 902328 904590 335160 794452 172002 483595 622063 409904 166548 652574 853679 778343 818126 1467 523003 30798 500520 157259 49468 66432 407883 161523 109861 915519 657817 961214 637661 122217 884981 152508 169169 86088 475618 992536 18839 256094 47000 458920 321192 99045 223339 583692 118422 440612 234901 409249 588442 440149 758938 269846 70015 286627 45302 315487 889072 264359 270549 799728 304325 264388 785076 151910 440965 552299 152687 790725 865230 181508 186726 570953 988359 737729 553112 692254 260899 88786 113839 506012 366940 281648 827509 106253 515220 50259 212601 603653 4224 497474 631553 311910 248099 885937 549105 699360 190272 323299 185832 346439 498149 281597 149805 676206 49826 306781 716423 464088 656015 250249 671000 585851 807451 458959 192966 735897 701263 286378 262685 774026 194648 655965 524420 34341 69914 199931 224440 826625 451973 739346 546573 414217 154156 956437 95156 173384 119904 256034 323306 298916 357035 143558 578962 696643 851201 734899 363677 626539 70976 864605 857755 364934 779630 423780 633677 106239 642014 514669 873030 686367 53734 976027 765770 546649 653744 748639 881006
162 111
45170 215091 262403 380415 907697 891052 277746 87284 550534 303533 136661 309616 161992 942182 982339 847424 491625 986125 171962 208900 772553 570599 828726 405956 462162 330046 563312 573410 510922 830560 13473 202102 286711 186673 720085 20769 216362 950158 279227 19562 492952 408436 467945 226768 751338 994542 634565 965702 330189 958445 177403 738563 414281 15710 21599 907589 613408 520624 607557 333731 571415 496633 839962 466943 484824 662055 673894 443938 233299 330681 213009 707761 22807 674361 362 203736 303604 499876 990211 334782 888451 830215 778857 33873 300893 977215 388250 867278 859611 843169 560121 448859 172832 849155 778789 830382 224169 771738 322939 796726 283451 510426 38208 3380 535038 627172 878466 84062 773763 977408 990759 475043 54830 282144 174415 468328 369115 550340 217780 212508 337157 497332 141893 523495 152862 579801 263416 571640 768832 469168 878080 412719 540319 1000000 362287 438182 827554 192465 675515 177303 913496 945149 792993 413877 956258 673941 283737 364786 931472 929837 68843 886134 419402 6279 22261 167143 447869 840569 593762 302045 456161 765366
296 195
641125 171540 538245 204628 792705 852329 950066 981597 911958 554405 5297 88169 735008 47039 576290 392441 592969 328940 109760 279103 306796 308125 107914 677536 853032 650579 381352 189887 971268 986859 57682 240869 299675 514804 334115 419948 182855 438852 467307 300370 964973 371382 103767 742992 399902 399126 411510 122968 820297 358326 914743 451958 322356 726532 940688 590115 289725 593329 454576 936083 675253 395945 504509 869925 702103 802283 748312 465261 711384 255489 215387 266951 450199 363889 234647 470991 191266 550238 300649 886034 986117 240793 229032 401491 56009 285442 645679 960116 722778 366128 37087 632990 730804 47177 993824 360557 208038 308668 143794 996389 501455 191042 941853 167478 172078 565306 643517 883255 696413 994607 353710 907074 960129 306328 378913 118158 871957 783641 306483 611513 720311 844669 702232 379460 245460 971878 796325 572233 774218 118177 359769 848716 186995 174285 401452 696840 309613 335915 731890 830299 314869 791485 762549 731401 734757 855778 225387 787867 503927 71457 879474 789628 95995 456046 663809 411024 499878 788658 170801 590340 730308 145194 411127 381540 849794 587189 290356 433041 272504 347961 248252 431287 690273 412365 259362 31460 892485 544078 554000 372497 756275 457193 408036 447208 477808 616243 732207 884237 568719 669775 825121 287262 518413 131146 420243 903449 243509 159239 599901 704556 337805 919982 833 844330 588845 33133 854474 139881 122041 593394 498329 995901 128330 767030 225283 358985 570467 127939 208653 242691 737260 740568 559809 982597 115601 777813 203383 450772 264621 134612 4153 192053 181068 574823 374139 453873 380161 510623 394030 735063 907226 182224 233777 670971 964392 609347 748392 196256 641614 829203 805218 452144 71561 631692 522580 352969 517399 95332 684438 498136 301436 535096 415842 219659 505601 453422 444836 846226 64095 467448 499294 466886 28993 870099 284033 912994 219331 850334 924961 154921 893249 856109 198724 577077 474174 984962 495045 311055 676339 686772 738087 937857 626219 960881 907277 136716
173 65
136745 80943 187634 870548 66828 182052 47252 456723 145727 860707 400105 641914 357718 682014 412339 109513 898280 804530 28557 722263 798635 752131 329152 265596 675623 125630 879401 151190 482665 602019 884134 49539 309033 921120 583563 640952 27714 15 721776 641346 102151 8017 374254 552650 544559 744290 337696 689665 289503 770588 815644 737928 500765 776837 54690 451053 938763 737992 536089 329465 356226 276697 431535 257004 877474 377095 946605 369270 786332 946558 283776 192910 944064 257634 782617 154018 239120 464435 839685 732492 210782 772643 769431 197489 637870 560256 198173 278951 551864 872848 331283 434963 457817 78754 246583 159453 285856 766735 432337 861012 662468 728297 446807 975999 769701 816017 807423 872153 466298 13255 695651 181835 992083 13507 397722 656492 984518 469003 260408 879592 477305 500148 406260 687489 620091 887109 934955 183952 737711 708319 6786 846051 524575 541357 569797 263863 855692 598591 353187 644121 752611 237287 559593 672365 434438 835402 69119 539731 602620 299232 823970 253824 131834 67341 873150 69269 636903 525074 553374 333242 191532 5823 764797 450400 116957 272802 775906 169592 279781 453710 323073 485300 974981
448 34
492793 910037 653562 396684 916678 226847 162355 683157 485530 703732 383808 176117 769020 740031 851948 183120 514681 247421 420326 761836 416756 834054 206246 131148 565435 860448 534959 878399 481128 233928 865926 702699 745607 814602 178851 994554 592429 209743 896964 584262 739177 811911 177946 573325 662134 894160 214487 510085 774710 167922 571490 884846 261491 74794 518928 999949 64355 115072 268374 221681 576190 883834 483807 398981 423191 268962 506734 189666 323176 104711 594495 718877 424040 126788 306404 51766 39512 379428 478594 178159 296739 51948 655695 448258 282092 3869 163146 668129 641607 5377 380072 245392 105671 971370 705953 771660 224818 746773 860179 331117 337230 617161 389498 174916 511372 817320 817329 750789 526037 829027 192287 591938 126296 10886 654579 940609 149761 525530 343789 57012 568610 947615 614038 300169 327411 502405 976898 563000 731169 69908 910491 917314 906331 317846 473119 532201 98953 135973 998859 250049 830149 201779 724903 551955 943971 980079 804125 980770 890677 744535 775232 611447 721610 753740 548039 407780 340526 933806 222705 499856 855576 254236 873706 300871 7307 668852 882861 406403 164475 787105 130448 339007 517186 673089 770518 39945 794171 902936 920844 170509 6737 624394 717474 234093 358990 867982 146626 400994 871549 94240 827079 594940 213731 885027 566213 97015 314398 291250 587895 79008 270250 575558 870249 435734 256268 270533 99015 423340 355296 499245 450396 791087 486310 638008 612075 568643 164094 172460 682693 919065 881011 169887 708353 452728 40725 427932 736470 418196 392370 383864 390208 891136 193367 644307 615819 988819 50916 655750 543589 31455 546011 507136 787382 350596 735682 993943 639534 243596 770988 916263 386596 836797 300399 664218 862303 528866 485839 147867 495402 769269 930345 185357 959735 560204 535399 554499 40654 691797 478972 293592 574880 918674 96994 642878 842522 444087 901665 830850 847067 61596 561697 666091 160770 814262 159153 412982 972622 953383 898825 76893 964299 476782 477410 888349 524137 657905 685522 570136 421083 350264 390277 301974 674107 978010 924846 144206 982582 850023 446022 990203 427761 197309 760879 465943 773030 852967 552090 998580 479696 743265 718113 678971 813319 139249 576031 953057 337136 841392 38748 840614 708334 127986 758772 78528 551451 248731 106345 910206 760192 978373 958669 240682 163163 65455 151404 925296 951656 587238 237051 771614 919128 212491 10971 780499 816831 500826 439058 782954 33907 596930 48968 262448 837105 785875 199611 137024 683363 831610 935471 374432 18956 951350 600173 642054 393647 820597 464016 453798 213987 77865 965877 558725 995483 784774 698847 124660 847760 476961 901242 692271 577584 735814 979088 433751 190126 466484 674907 752087 358389 892967 757114 530218 778808 924617 702858 189173 620016 113554 129876 422631 784631 112002 902977 9084 472288 427709 264267 203745 195783 980659 426454 424069 814372 476828 680566 513106 906426 803737 809957 542476 142593 843110 378676 111555 707492 16994 591634 537499 728554 869552 655244 905618 359601 903382 958074 846156 834859 43401
190 162
401457 337980 394132 683816 292757 178175 762294 310742 40345 790121 446811 181675 89184 859828 535317 193794 268976 291390 580915 3771 54464 434170 19679 369203 212499 400624 368496 696911 247991 666929 660488 940136 4005 257113 424015 28322 827356 237706 996810 784697 496891 828239 300242 426502 499309 546692 377876 285675 836321 389321 881266 341495 809310 463204 56695 154006 200773 797440 910698 351010 837083 99630 201957 984126 5703 189484 274900 697899 454768 655338 223566 330120 210506 429875 670232 118788 637551 491596 95205 181232 654745 790449 394517 759231 365871 1313 363298 648303 81963 127201 115150 653429 850261 58782 114596 75334 93247 665073 506637 117789 743606 200137 744567 934728 179713 471448 981410 404497 804515 973629 302171 508077 275823 2783 610612 374786 700948 557392 768667 166829 904752 991641 530374 34240 532138 290104 807696 586352 898070 410044 991780 193548 233545 553874 83859 851403 21228 152214 263289 827594 627741 406202 603423 511647 880121 4305 403778 262269 277103 240634 928958 539066 775922 369939 658993 141400 412427 124878 889223 238674 168995 927267 419271 717519 974474 668920 671677 450546 553736 265817 314904 262903 250627 136788 232108 705309 735132 413100 527942 892268 292232 722432 21424 918518 651459 476064 762989 112044 864111 361289
271 50
193934 302680 914285 196783 392117 394195 754057 15427 463014 426418 450090 375844 905137 685150 698179 816111 91176 671490 43912 306548 233735 201252 918028 447401 849484 650228 439922 635834 383216 552524 592303 103918 483379 443132 171089 741753 592455 826584 167353 653641 133652 642446 681569 938812 296340 814709 25938 657491 690651 421161 201636 554339 458948 635647 471617 100845 481957 581944 479320 804454 488952 179294 184967 130687 757486 600720 754406 243147 230381 390748 154831 618409 868099 434314 250929 501119 250924 416697 434508 415126 646002 402418 370374 171891 993275 23329 686602 12458 314794 824593 679100 466725 938913 129037 92345 78490 316057 354970 538590 677979 149690 409144 141111 535905 736257 663909 786866 685391 359787 518010 198333 819716 975539 216168 882175 504559 563017 695054 489181 760656 230786 637079 946003 93015 452804 419586 881460 50652 745461 413195 384267 232504 134059 776406 971133 54646 398399 795274 907505 560886 151391 251455 102896 613703 192710 981251 894294 832394 693159 411469 363242 562286 32192 300017 841889 204820 740906 133188 579436 9074 528219 912978 405426 766406 363095 201194 299961 653724 984504 847980 76888 847123 774065 89674 195898 752311 698894 137655 197996 639235 817580 803854 562798 739170 342027 121100 256392 273677 406863 888088 16690 218623 882198 973055 736631 103678 151473 968813 544035 889491 616820 76834 981826 215598 524459 308293 96433 376650 322354 643044 562476 964730 31703 567897 117100 270436 457771 228653 53806 997414 397278 376951 393406 198111 577536 512159 742966 191296 966146 117725 337553 732818 717951 113704 250457 584737 855855 919917 547370 321106 384819 247824 322194 212364 168069 910325 518697 124528 199573 536002 994695 698354 989791 934429 351853 691971 597945 508032 690314 201117 581010 691423 479917 804060 813592 623843 743089 327292 430694 575527 810093
496 52
561864 311829 982553 981282 77365 132112 269618 538967 758120 99390 341068 953316 153107 269860 388840 988926 1929 574142 117036 340496 538464 634454 949062 339885 461424 772221 487305 545649 872955 79644 190653 665747 342173 872104 897769 760004 143575 297599 31797 635779 135648 516933 337843 743399 620167 30334 246836 906798 674964 197022 101523 684542 823716 840976 782065 805030 582692 540223 532196 451949 217154 88458 181906 450711 350454 93185 647387 663594 950431 30349 577022 631052 277736 682790 832348 592884 653207 563223 644594 993832 862036 972513 276110 508802 825655 235499 956900 953145 828214 412178 668667 471091 479342 373892 749521 522251 589652 371815 242164 292331 728326 737393 780408 673745 646801 709765 668365 259842 973473 210846 699075 5600 217856 577715 774503 372596 94917 154926 409581 515188 899190 134159 844239 47330 888391 932388 106393 609770 789660 733883 840519 250052 337153 237301 640494 46785 925460 240341 890251 45028 83097 109442 905765 518698 925810 829298 100199 996567 887858 697782 839779 398625 93958 329769 268400 50847 891597 816912 354050 691322 657792 967297 218335 939696 28489 499968 192704 152795 350514 777937 308014 404747 591417 307619 129712 441926 65150 947997 625548 804931 233826 675337 464737 150299 527780 935415 155328 475006 54466 989406 175445 473605 470907 537616 376945 154300 672620 32890 77935 481404 77029 405440 553879 954608 628434 731551 551240 897168 331457 279028 27566 962100 487481 495872 873092 132288 644916 343508 522492 96689 990095 630679 753524 695525 822443 700512 944791 223696 716651 905029 705205 653804 56807 355473 947182 684166 737291 600639 809391 252582 770855 187136 824177 247265 476759 410584 751354 580774 969483 331858 107965 880342 130871 727418 496409 34408 243379 796602 910099 126336 329997 295277 701128 75567 342584 237775 848334 110087 541018 521936 416485 773943 546709 445274 592067 789309 760093 255412 971612 700421 29817 612177 725949 952222 125355 431533 431928 450386 464475 23900 255739 424920 412871 16062 483625 587303 942 689857 591775 924378 319710 645974 654544 158760 760760 545991 824270 872715 504622 283433 674473 252059 539154 645653 728694 537859 646024 214370 327496 565446 73791 193961 238605 780886 198319 187249 619791 78534 470415 812776 534666 505615 674990 345670 348027 376602 149497 933375 682140 855739 800095 835863 325547 241634 682915 142876 273415 417519 765528 608870 48978 804947 533711 102412 442637 453478 69851 495348 496655 932056 643397 107733 718407 224237 995138 983225 349608 232639 547809 803856 384218 411281 34572 751802 926131 420089 942781 193340 116699 200450 634436 655071 169667 61092 322889 177704 13265 255400 647443 941251 952358 778878 862010 156353 267437 977048 234351 282629 406371 692533 652031 934356 677082 587141 230353 45692 37601 778639 677204 676022 17608 454153 151192 983280 808654 807987 569393 732216 410902 991835 264597 331974 393151 207808 653165 532316 907340 743259 310288 296378 905272 607666 939774 770842 698669 21259 481410 200950 15584 28778 724059 138381 242276 206517 511365 46008 885722 986508 616087 496431 972441 992301 994210 924471 880533 191517 169264 674372 87466 959911 54340 82383 584740 45247 82361 151036 211068 641121 94340 37774 846494 577546 210170 986378 721469 824443 39818 261914 400015 72180 876569 637335 878214 958876 657285 405794 74818 517180 71198 256576 190767 983723 325316 196528 155626 363845
202 4
774453 166226 325114 590642 507202 202446 967535 619079 251441 107820 522508 352261 391299 7896 700262 700213 681515 54728 464055 60795 372352 441377 210477 615555 126385 775192 860869 424255 742599 115609 366871 448646 740499 579942 132678 17381 489342 818386 683495 205493 220569 335062 550711 155933 52134 673335 805914 404630 105986 536277 749526 504873 310185 844686 670281 966908 204814 152719 921875 981813 392322 615405 360548 125053 695860 422072 930883 69971 927039 968517 328533 447329 800266 229611 463171 396310 281772 521775 744098 481168 835669 8847 979453 859311 293565 855187 609910 391954 314334 839511 760143 563412 561017 685628 697042 126517 762911 731781 373687 98355 529799 194973 332190 738139 174767 234452 766210 679734 368711 329010 961600 748558 450241 138411 944256 595159 976595 705148 761226 912250 127000 721181 673285 373532 962033 548994 278327 940574 879895 755594 731661 565460 352138 486209 232729 776515 833377 812696 199367 625034 848283 551357 881016 850218 573090 974037 363839 517832 310623 450983 804829 421598 671583 804643 564560 408117 795746 209486 208309 851619 201850 78458 936661 97248 690242 107004 367285 263545 748946 467604 132126 831967 312051 362609 139363 315623 445298 714276 623382 512860 841852 275197 584813 14984 136426 14625 62249 23241 412675 611634 167270 108789 554112 466155 773062 126386 440620 186090 902818 447424 30631 926971
