10
363
286781 110802 432932 3850 107424 47570 98799 27972 146211 742962 528562 307738 707738 950825 846181 308508 239004 889700 303322 509850 568824 196085 483721 820703 363797 679319 853310 580159 801294 854803 17902 982942 215704 335289 495162 918010 175268 542818 591978 286900 595660 566070 366806 981584 282703 830023 17197 555691 897334 928676 307485 727759 62870 275459 436686 192411 124518 297286 836735 590140 690022 386274 240443 438710 622234 37560 491654 287842 858300 346289 594688 18671 511422 991195 62178 218782 531459 479203 160895 314681 33300 751741 484388 885570 572318 536512 943350 948570 834623 830263 796348 222843 82854 421372 964683 647182 156293 701102 303305 937276 520219 17826 685941 310310 561365 230609 515001 823233 573036 3488 985235 251510 801271 121985 558155 32788 538663 459053 621899 525842 895286 681957 21321 551821 195298 404018 81791 127236 267720 902268 244746 9806 466476 841499 337920 625300 242598 527619 360784 750039 100493 321433 50657 22955 552923 820631 422534 432063 604245 528620 301058 315718 31414 600169 524316 889999 263632 988680 437226 999744 560473 735193 971762 208821 969745 410632 308465 247503 492195 109832 26278 66165 302068 124767 949290 803429 542597 129566 392199 233805 161884 912500 130026 382561 238116 538609 766097 327612 993173 319966 898619 715519 661588 332157 131039 167599 895917 878757 199309 143049 525195 610396 801054 499148 766649 965343 560767 928794 209505 606787 742567 847567 681156 3475 659911 199748 388969 985896 492611 455943 378103 349638 548540 50195 455170 198790 381130 867588 131155 42228 715597 281556 582992 353032 672119 894520 652188 729121 345470 687601 638525 776160 477124 181431 7681 841007 952045 295775 875908 155753 534624 520044 486125 261459 331828 779815 865853 170295 92118 215699 352196 511554 868329 790701 728388 952243 121299 682374 956031 492600 878003 496189 972789 675005 503219 103976 816490 727089 324646 534794 673713 930753 117207 645325 907191 309907 905817 831147 566998 804977 983166 806520 268954 801220 134529 652375 337481 336001 998557 824258 761841 556416 367108 204395 925425 213158 434497 835422 525608 724450 827079 823366 593120 453293 155441 188528 776326 72956 139018 527726 767168 401802 528248 937862 337554 258764 807491 666433 156721 496095 804355 434345 983160 156112 222112 975084 830985 668712 656414 296769 40678 398997 939155 665718 475969 166596 950071 364195 915362 414461 323648 484139 553387 419672 680518 689385 322705 647268 836466 274053 152999 49515 653630
267211 662774 823225 59179 650739 944379 218802 908953 452738 371315 851425 947237 545556 693477 893530 988213 819825 8332 412830 968461 939335 175088 488214 927215 893765 755255 479076 633681 340254 223722 296978 92560 931762 223324 846141 604107 419817 740250 233235 949679 44250 288903 263541 824392 131270 497267 31919 732893 431052 348419 845591 853091 159313 682933 100501 329858 315898 787377 176002 992602 434847 63843 302938 711906 37400 102230 47146 161337 843508 47186 63337 558631 516962 362238 468933 36420 571112 972457 779597 571395 225635 980418 143580 436408 726087 778865 567030 619126 913306 824518 194140 510880 164127 725690 556938 336366 747144 254486 140922 295210 939856 887731 497234 453546 441458 362831 411241 420228 167343 483139 224574 7425 46697 313782 182138 530014 631285 143382 140181 832101 3737 184670 24979 19553 947642 4034 336178 875997 297490 202592 982869 471688 278859 34255 126062 662262 157273 849084 82451 237357 614860 662815 664382 605611 707812 131840 232889 287965 64121 553347 860782 357148 145272 343110 577548 296553 695198 567655 392180 45137 728897 786418 851613 475694 992889 140878 586095 144320 334216 399027 621015 785017 217378 614552 436075 134267 753793 54706 728638 701927 392831 25602 278355 394939 116599 440071 729928 977693 733222 57622 586289 592869 358723 137359 844362 867562 453685 534542 102360 566717 531244 969081 884320 87574 974874 751067 890527 869434 415063 30263 5096 456162 22163 864395 281985 566792 689046 603898 416765 844785 2905 282598 568889 806122 836778 273929 764360 190446 419853 243107 147520 52923 783485 487021 299353 793861 224417 323627 608857 788040 441833 757196 598343 670145 312269 481231 191051 697817 92964 387018 529725 627515 62280 902120 827979 297558 877941 245977 698085 999619 753335 124151 513999 696508 854838 539335 136727 680918 949747 762686 892520 578092 998617 218455 366101 628594 97367 636283 179536 640230 2468 92515 342146 599593 325022 299761 870961 49831 513440 432952 190713 594884 193696 440139 370231 248661 394727 274744 625721 222911 883033 948161 191765 415177 985952 190962 933223 775433 728191 629233 474134 856219 18700 26934 74435 492676 701364 255299 353693 181143 486381 443486 750611 486982 414517 658245 79561 910969 163648 619611 281768 799161 906006 630865 560923 324653 231022 194578 572362 9284 24696 249203 763666 420220 49474 511545 205312 179633 705587 598117 295201 940333 347579 621840 125393 880088 344480 22792 718582 738623 146651 792982 925453
389
67196 880345 571311 457064 190990 22743 988142 616055 690643 242436 26597 136885 145393 873455 215054 58768 120557 56826 128427 785964 595435 162632 100728 343560 727270 77288 61401 350455 571678 938416 441143 930526 505544 640945 726187 14835 332574 642889 454056 801709 168795 64959 966377 191616 660324 331839 175609 558869 986054 475392 269632 648481 637941 654821 217883 958785 113673 22401 657183 145910 912106 872004 11813 857927 651415 851609 30570 458720 272352 349109 916687 712299 995234 917425 276485 555123 559271 739654 706189 724518 763224 578053 475421 552740 561115 582674 134798 147717 579969 175148 483307 114209 568114 840879 796636 907864 152452 143799 757336 253691 805715 439212 962773 471897 648963 902550 140954 891907 796222 210857 635523 864750 900075 930859 715611 159623 594777 78711 515707 737216 837037 330263 171898 628227 118424 796279 863814 216840 179042 533436 545240 247175 370591 690765 226673 306363 285640 308906 394320 579677 868885 278280 442337 6158 494692 222567 360340 282477 783688 418806 538312 974473 945873 68505 698145 843255 636801 787402 843742 163607 990502 292778 914874 521799 110821 288618 178230 851771 841937 708933 843634 4670 8023 156376 416012 153490 584247 558163 804284 636156 255832 185605 277264 366760 480369 567219 548580 442023 935436 498431 368887 253069 963047 517736 701575 699038 216632 178065 654414 847907 158010 276461 819704 604971 663752 498523 874984 654243 808597 144165 870438 894785 38731 558324 507057 168790 265928 739881 753928 379804 530720 228657 767983 98693 325385 112477 560056 472554 757276 206719 110948 83505 799412 343604 859779 667742 373389 887978 766533 60081 653767 607708 652493 80836 205037 347605 665604 336835 563192 905154 72567 74927 982925 35177 522930 853458 11894 677313 641408 705936 976287 633838 978505 665166 175204 614329 862699 471246 846782 160388 721047 336069 60063 553033 948739 634459 111362 310808 635348 239945 98541 524385 27296 718578 133223 713837 165865 658640 260489 514301 38624 144381 70331 635628 774532 941694 800775 323804 314082 991031 43667 648051 714275 234353 571657 872696 508814 870503 116802 272441 779617 329225 167798 120235 109962 983578 575177 488866 278816 731299 983744 871109 53881 413162 416609 138238 855374 731929 758133 339308 791274 738764 78076 930857 962143 898644 624574 109861 263487 233654 114151 720239 723631 512769 652975 839929 32927 872803 275012 967289 917693 150317 182898 984910 103764 111693 687932 418575 606446 26138 197391 421468 341983 734031 819412 67800 410512 68452 620407 899374 897699 678165 442514 490769 184425 661634 260638 200549 576675 583948 524768 646110 773189 34093 666812 754199 940797 915398 204258
655232 170307 29003 618138 36705 868696 443730 280380 240016 950117 110965 729401 111628 562049 728169 187994 5224 167393 653371 144829 539547 827838 236827 726898 102104 151023 527573 841518 260735 335649 805288 370848 108976 829068 847481 349017 44409 43685 994572 327813 553317 103500 252154 531068 780928 511716 305082 574316 427553 210665 170377 344558 675862 913801 263357 545557 229135 678103 810527 621297 781649 373240 184584 153028 623497 447377 170745 742222 133345 538392 874658 331411 766961 345851 647556 242060 268460 740848 687741 580128 83886 926021 334479 540707 567986 447004 19792 558103 19180 481585 640775 399590 247590 658072 239574 550006 305915 653491 430314 211176 89285 477987 857934 662278 755217 985105 129102 796322 215754 538379 130048 731420 905133 876299 321180 111857 762035 205424 199814 692250 908223 609260 961773 277230 776162 629449 870915 613257 658854 425307 847680 15412 580843 344535 523380 310007 72938 587047 919844 706045 766886 445502 961028 110044 966759 920235 848001 693922 378684 5069 27044 262989 934212 963784 2629 983227 491096 428801 170091 302572 602453 441894 513538 153154 109798 346198 632135 182863 644451 30774 251913 103777 530998 892332 529562 462553 495290 201890 863612 781741 509471 652303 530241 666644 105888 988120 303571 151918 859298 602470 366155 821371 357281 924220 734801 939149 32088 542786 38270 974050 101179 539240 170971 854466 744423 959214 908883 77445 83239 422620 902842 382892 21296 206604 22708 496900 529969 391609 474881 181410 259146 765657 686429 844783 950680 456930 805254 493033 880604 674550 148631 981119 544306 790709 983740 15584 2715 403073 976671 431545 392296 479630 972625 413013 39685 316681 78798 452382 878785 789102 917224 25569 822105 990331 813213 834554 873054 258833 920832 469683 229502 286963 36754 401251 426498 574766 293269 320184 310253 612769 194065 422154 60766 65470 601384 689138 805003 591662 997400 212058 637782 717241 477208 250540 511675 477518 900758 106693 185056 916515 272196 876473 218442 122073 602886 865485 577639 858298 821472 206816 183512 230031 417437 479597 311583 177347 603807 578502 545313 835673 702202 431294 818890 645959 342051 301941 63964 729163 602816 580947 481681 21618 362034 592994 395705 137548 926096 481550 756648 854021 135912 105350 53974 709506 120519 333478 571312 683796 905868 243296 70641 247374 570658 402307 321446 241747 177545 966723 880573 683314 622434 675102 894300 483576 556064 912092 876697 853799 481058 793446 832573 915650 965947 454294 935416 784200 336185 914740 142497 530399 69966 189169 44920 391245 559309 820847 317761 508642 88678 858008 740191 283238 421013 833032 717637 490137 113411 739185 406705
374
628605 977740 46794 377699 426641 485412 480149 977637 979793 816696 246404 531472 37678 254138 676634 577616 164710 157249 703103 229409 674972 897643 804253 172369 908989 877127 839625 899088 410460 996702 823848 593747 211830 979571 173963 103351 589706 775763 348733 229192 484581 180015 100669 253720 741147 333878 715991 295573 448428 161024 90791 741111 14551 125932 454119 237958 535308 353667 914952 124006 721630 510793 694694 649247 399475 850402 731360 85790 619388 25393 420345 154450 201310 260292 930097 835754 674618 849747 69645 919727 991554 384631 161788 505153 969104 600760 788247 701897 317427 935097 846699 329580 683146 685515 661679 200795 935096 418091 782142 840526 723283 549285 642235 734095 259218 73050 467599 465115 490870 297791 153152 795781 817265 380960 987339 883938 18261 881325 186698 999598 460650 778106 75945 228480 720157 165150 312183 732636 311775 465558 982022 178883 356115 207656 324010 764071 424689 265785 201641 238568 819624 724761 653205 843124 74076 37952 544607 883500 835049 209232 390047 456892 402263 601634 732077 387999 512037 267884 286913 395663 219362 247701 838542 244550 906075 235636 313481 867277 201020 60036 691639 593176 133590 329598 840712 855950 650433 709978 841959 773666 97388 518298 321696 757311 415349 403085 395474 595413 920865 452348 206163 310646 122658 56824 38145 371431 915510 157735 573134 617196 107470 732133 816518 481120 99900 198177 966314 389404 592636 723721 743036 3029 101106 99961 820897 101719 69911 632950 833834 55083 34752 521766 487729 140698 85776 889630 219663 263768 57785 619028 491079 684578 950502 965332 971065 160376 752207 668128 765836 767638 673549 117994 637314 453527 614995 789175 433914 407902 560416 851353 282496 397528 537049 485586 533377 80174 381681 151256 544536 267836 382281 352540 336450 84903 752639 206765 132036 454022 818653 148544 502878 220996 54947 564147 171013 724846 589110 528628 410216 779389 245705 16297 590616 426232 379261 184205 634665 20446 156477 344207 182052 417851 31941 935600 821112 150990 353478 328039 622703 846206 171254 180872 437921 973269 89967 224970 151788 356009 532112 21783 672088 768277 517506 677613 232906 447464 271906 23224 992712 205396 850197 866617 364035 501389 489465 914106 246277 95334 668832 481945 492227 230376 97904 460720 617329 405228 32157 649330 308966 755478 923523 122184 182132 484332 657022 434875 97028 716587 426628 14468 866757 76400 252551 738761 945594 550443 135507 878071 414321 586769 87415 193125 936875 26428 924639 636710 309601 609869 194055 691532 150038 304313 530799 447018
813835 831426 75801 69413 228201 546398 750549 255113 551300 980843 36036 174031 530521 255707 568630 537655 585470 129624 613874 46094 276860 315043 640664 607240 857889 527661 853202 779415 196117 801309 428817 269726 41158 194122 523640 469704 917684 559166 926184 10715 191841 513353 9269 478473 963790 303549 8674 795184 595273 260779 117139 866605 608014 648214 18535 190310 378260 329786 597930 869333 418528 621000 447857 347515 654192 634542 750009 549148 268185 962279 490262 475210 186437 879914 803346 454008 143997 563632 239583 933301 13682 30988 535634 975959 557567 387288 42982 20366 337073 589472 250416 460927 785904 790462 37910 361420 170836 188248 655662 649670 73857 667577 90634 578364 82827 607614 324650 21512 269873 462709 566736 912067 528765 592713 906079 489222 770842 192782 412809 668318 1032 361210 568412 803035 395476 457391 123701 999101 263578 483977 214546 65567 580628 924317 389702 158225 522899 510140 7762 484406 208524 843393 878349 168057 888508 632365 137631 930671 184527 371664 211413 997965 784320 84583 614902 594310 579341 298578 259354 815482 401309 559184 13344 444975 37080 493422 398953 182987 854 124467 512053 912828 754928 282167 603311 205659 630696 717399 314153 989407 616007 865545 995000 955575 114577 330317 974576 704437 584141 355010 820127 580109 160967 485734 945726 793349 183929 595819 190639 366001 416622 963608 365558 373193 376952 889530 862761 362608 903387 842350 999596 977769 306212 25633 987445 517411 499739 816074 586577 487453 444533 93092 476619 179880 134509 341476 711312 816945 933958 801371 285045 99527 410826 604060 197495 562023 459888 516271 178228 85539 366853 900713 35328 230143 124476 486950 381586 458845 364612 472732 892628 881480 634693 351008 784696 543319 245803 938636 987100 849223 332082 56317 659265 771254 315564 978243 608499 32406 823199 167898 686535 996838 37662 678749 263028 203026 643995 892233 108959 89920 78020 253307 914870 610372 820010 909398 156353 522759 983790 160644 500403 48901 886496 955792 497421 121614 379317 575514 153988 532351 620246 867093 239881 121508 805473 171717 113206 145393 810595 571607 385250 749157 942855 174923 950795 616539 740541 528617 278990 655941 973027 652126 531515 455487 360626 728643 937314 287875 873737 343523 324626 210188 969666 793992 838781 38067 210049 781186 403449 156482 630993 72326 702564 889725 371811 253385 963975 4891 86265 329384 984849 164208 43550 790969 322578 166687 53935 150417 637458 114496 346777 238759 911473 274651 995539 594567 773978 189506 287758 675579 884801 515097 540950 483232
300
274199 177576 300366 806941 799922 124857 205590 487063 169565 936 633008 155255 863146 43204 440128 136817 689309 155164 533954 7495 977568 199542 602666 410371 335549 821082 988711 724450 689269 60404 783820 575182 945029 539784 902371 662675 359731 240020 641655 254108 259474 742223 221247 714106 657431 231806 771589 849561 576178 45385 922919 454159 845686 201441 761902 61685 511707 394005 255141 108876 183040 512153 198481 180248 618959 739054 736397 429562 546535 1464 263447 594290 908825 182009 989357 971316 4501 243634 832726 123610 973471 769554 431121 237206 714349 65493 595584 366220 379760 636134 748613 267346 792514 319905 264151 896541 804230 651888 745250 19330 757755 109340 610458 281628 140421 420591 818178 195306 469357 281008 498000 182931 786775 910702 283886 47662 197429 326436 80569 100819 305400 780293 609459 554208 228056 667322 611331 430464 858534 297116 237327 293838 826996 827684 212390 913731 667880 947849 332143 145400 699769 695404 645053 983825 566235 271073 307374 658971 177972 701676 853328 76900 411821 196201 681610 248778 793243 452436 35974 252046 801971 724329 674656 467519 263788 902294 787182 724130 415188 559710 618290 875106 995369 564428 101856 544797 501489 339021 126525 295491 529044 404091 364 629612 928484 260789 563059 620346 561800 470685 925212 238746 963755 846991 683343 244921 52653 150188 4092 455044 200068 568638 433022 879710 594652 717382 714382 92007 118581 76263 739891 65591 890485 586616 838141 509082 798173 755962 412521 815597 709060 210494 575963 768627 958961 502673 137776 785987 633008 92594 773698 322655 926989 25044 524379 853781 768906 418829 790925 599778 302211 304233 637723 250290 961356 655450 516745 253389 976428 640512 733945 791049 809178 888277 299131 69918 649069 556261 822307 190786 95930 501656 100073 60217 51123 485523 273219 177019 789432 715817 548127 80289 554889 817105 204186 502524 888140 674128 339347 762653 638733 802460 841609 138736 708355 96811 27530 578502 550693 738624 834645 643616 255716 627944 74371 982847 359933 244425 543632 644304
998409 561999 312974 97089 116342 577698 666141 18036 958618 541785 105075 730194 320578 379538 489664 895445 85785 668224 653389 9172 542704 566054 157954 500732 605962 841778 298987 324984 599782 772265 47330 578268 93179 16552 353098 543314 823092 969659 725068 673898 57880 61381 313818 913518 571531 897985 65004 129701 365668 516140 456815 323866 822411 82614 576775 312963 471308 118007 482342 293903 963478 895697 421153 83493 518027 972427 44232 452866 557243 296136 490758 795206 162990 869546 902226 412550 586069 23455 589365 40115 138627 580221 417493 958178 135232 950390 378147 641727 611533 527503 300570 422330 89658 807209 616784 610386 224171 712280 754744 169789 208577 602150 620490 710823 955505 282564 830051 308857 209220 358283 272895 169496 80154 654899 94420 203353 575811 753124 426374 315543 292181 236857 935403 509995 223730 878918 793369 571941 736262 426159 724025 120528 106385 669823 806755 154898 33727 836996 793689 371982 11353 650842 645297 681385 390451 954861 492806 521583 800269 663253 103825 380571 441269 115734 472019 87442 447917 421527 5951 86811 627703 788923 759880 608462 227287 902224 954958 815638 907808 718269 437836 814360 307960 801789 815096 650346 943919 653996 738840 222971 210329 67084 275175 873170 808045 317026 468186 794262 614927 619665 667407 39400 324733 867928 64700 351678 657166 144199 528245 251193 418041 282698 607359 411881 335158 947085 355742 388120 988524 92258 983067 328436 606842 149143 301917 763330 263117 811883 903687 794966 472508 936149 374057 866791 81942 303379 876379 893980 638903 771021 993724 909500 75558 247651 438589 136762 588456 545243 602759 216799 170347 95767 998644 137805 958548 838469 150929 213234 612459 289386 296209 106583 329535 748450 36982 787713 378058 11963 605285 807630 232316 963637 718442 362371 320333 859567 989670 822100 758421 661345 918900 909629 83618 596908 399970 807990 863812 744001 637678 851620 513371 612902 173440 816731 928658 829562 521939 549584 375354 366811 619490 473386 925912 430460 243934 598414 710668 705166 918671 623508
662
503488 709327 4418 963225 512459 417799 200924 744747 891702 211025 740240 932541 228557 691061 776301 691229 899558 400607 458182 68660 66057 802063 975931 890603 40292 927869 55844 947730 655939 871630 980779 495603 915575 669112 869493 554550 558539 707255 796568 582667 783563 594797 346687 362665 58760 600584 157702 984139 508696 852276 77520 929296 877262 836189 580075 321160 539995 697626 279068 646639 200702 438700 171272 653502 193788 163459 384857 500254 816100 678379 97176 515077 682284 164807 90231 34596 109224 321356 621333 458478 923384 278412 953823 204325 234465 573865 871586 330074 736889 357890 502510 181450 218363 932502 47501 352201 356088 118906 994831 560946 201961 958573 557807 131697 407163 479379 436034 404934 364932 105181 439291 45026 43712 799415 439364 263706 300561 223088 825523 419916 746804 717502 721579 783157 823012 514060 599586 699021 643011 428984 604418 240671 44701 961651 722911 162715 556456 268643 667553 591462 412079 669059 777836 851870 915046 217850 957241 609521 205745 14548 883918 962445 950375 840261 165093 297851 399004 991746 685350 393419 510289 792950 560601 441112 956156 281374 546675 548233 451086 313369 750663 160345 363921 806390 304169 794577 672195 726966 173580 54857 540829 568215 854584 410899 722363 611077 399665 226239 925454 876948 461582 875933 355198 928371 353375 398578 285194 120642 216788 502635 763837 656303 978046 136542 922562 653966 838205 524023 704647 504363 861599 364578 137040 187541 422255 446401 666349 254235 484556 904347 821466 98117 635676 363391 243824 981185 307019 564592 423315 32192 981498 644281 519275 49851 886227 181541 478899 374887 98416 612242 379863 771891 333247 633270 699027 543518 4138 360894 994391 982729 517469 207214 777538 721096 816478 424748 16376 89076 346563 864742 696760 510496 306629 152437 40440 872282 782439 240441 791925 226211 388028 500959 996581 355542 83659 621193 36934 631632 721236 189810 104172 467237 274791 787293 782870 972720 560127 813785 635498 226271 791199 107394 214585 351073 707284 70480 817479 6136 888535 743485 999707 911404 367637 891451 304939 363581 330054 486286 482642 734890 899448 930459 365069 337314 812401 962887 811401 103702 545399 362993 90627 524648 752623 32457 760207 101269 82803 631127 670768 83344 330449 862366 668595 742713 469962 734845 538850 118028 481254 637657 219902 338511 991079 87624 247184 58884 925428 169500 669414 215440 414481 596676 488427 380803 754340 259787 99149 149809 29722 329096 171889 849226 363299 529814 261967 83294 487729 761783 874602 327968 736120 696065 22049 87916 593030 10163 996869 999164 728443 874272 36593 942199 394765 598537 267607 641567 899236 166993 407711 891958 150713 223896 542555 637047 494835 244851 592982 43389 117667 773899 488777 542158 612851 511328 361376 53020 102915 327547 174242 185106 160216 154783 966935 470011 28421 959666 251604 604179 569248 280115 660787 631067 106282 232826 666253 895043 379313 999975 73845 376963 346757 684693 239010 662862 447993 509546 503146 807881 782681 974965 189290 269800 164266 62037 566840 184847 933264 101963 159290 460433 744978 578645 674521 996008 90763 623428 597632 431701 306070 282330 676645 296166 48957 742049 882635 444577 301999 768383 380916 29403 115946 42522 13072 97081 245381 500381 716631 732973 180958 101996 701420 388346 581728 427745 107206 226409 922209 713362 945292 270336 330619 429337 529034 792727 382480 921385 343407 560704 433553 21711 733551 615639 639668 704708 317558 599889 450407 621401 588132 559754 15452 773197 234174 26086 194965 447286 725467 98478 865469 557823 904402 490100 511218 288749 355731 978708 27654 735711 63611 89574 393812 247282 858482 662962 329091 132415 80228 22572 471810 65158 720583 473990 176722 106104 78850 375688 301794 682988 928523 472190 640067 298117 717560 635773 906410 627627 329066 640642 687358 512831 336927 377856 465650 505581 177007 789771 329570 681990 787964 157450 792774 422737 208811 18235 676029 159066 952560 902949 794782 725163 295530 127127 188419 282772 238845 594014 493975 946005 316841 184428 149480 609622 569918 894674 524796 847054 894216 354769 897716 196844 237274 316838 974171 691109 503818 903334 960506 274669 843617 460261 267472 625244 141837 613530 194366 887651 618757 622790 581919 52678 182686 690587 659729 848401 39418 865940 855741 746239 335455 635621 20891 301676 542047 997018 331766 594457 95281 580044 637712 979547 314631 880235 224688 656083 283732 831376 649883 94944 943158 352404 782668 694835 286547 728343 916563 870529 718432 751274 288257 462418 28314 937040
547614 570191 313187 966734 291918 606948 657518 390039 611716 449744 764798 582315 899223 383101 319311 905248 639581 587753 938971 872838 196403 462589 721525 183639 814627 209992 75974 918931 37640 606620 719026 153844 261953 581245 829610 608962 794279 816550 194454 229345 281106 863296 933335 146816 990515 268547 533265 400414 786543 779354 907145 257886 110856 893807 530911 429990 419885 323585 135504 704468 138218 44 911262 800884 238007 565843 671141 15507 128732 108943 474416 504024 937873 865251 124834 494532 880417 926151 552895 767377 61268 534053 83424 842490 301314 917798 556807 158927 26657 498271 206678 862256 946414 662971 119451 922014 619412 724064 29647 586078 947639 341143 840404 808223 631713 777989 403722 717772 24024 104035 902072 745804 736796 130843 291196 735218 193214 769852 525338 862972 485220 696759 804624 97140 562098 47392 533555 741 150661 265823 452920 556106 268234 976527 550375 150220 795997 998917 337369 691083 347328 820936 584618 370086 575225 148546 577920 904169 35566 868521 490705 313778 372078 96100 731484 217705 609269 924323 798181 766361 140681 240868 93811 398039 292431 637190 913560 286668 603289 861389 824123 657809 823747 194022 971638 306858 863196 230073 926027 304741 484171 202292 731269 144123 604797 786792 92072 721818 416068 672228 397582 290517 144985 475076 196848 252280 213094 809875 108505 282979 456727 155975 391521 913208 499157 366999 262981 966761 602768 251754 895691 21792 386184 423500 46741 202919 53692 56290 492617 567486 731018 763175 371312 242439 221110 873914 724568 943170 226184 484887 306523 418883 952673 287478 348171 118013 345234 425850 186378 91131 80019 777272 120852 452769 293548 663511 805647 26219 594487 773296 751318 973384 458201 388280 133849 560771 979403 183812 785492 451956 6649 437178 611758 991872 985288 74874 502595 592758 353769 294287 267201 557161 567911 115192 621060 948151 935402 14935 178909 718156 39567 849873 197408 463943 627536 195999 630637 825831 588955 620831 212330 584820 2089 108640 197349 179669 633928 695575 358334 327473 228487 152224 435127 986674 83409 818603 56927 344091 670141 347738 221377 675082 77409 839916 414088 628455 483798 276147 584888 174108 102233 812638 963935 800267 526202 776229 691862 261066 483465 566080 369963 173228 74283 809160 79215 647421 573175 27512 82400 5499 565708 649375 381940 960399 157737 706360 579368 38406 654961 640397 555225 316732 280168 295459 280178 490804 71324 619056 974655 188983 355810 483973 484360 714074 399187 121117 998372 34178 130688 270993 668503 850891 164391 362878 58091 441762 961107 520949 470558 591829 787931 221022 131987 907305 504897 960317 545118 55701 555734 555023 579007 313164 564682 956781 310266 694614 487500 614957 497947 601669 214848 7756 78641 649676 127147 579629 732073 861845 65911 321565 758242 18357 447220 811050 536272 519442 628313 933577 52995 577593 657287 940628 905694 90790 885393 502283 156483 486691 875509 250663 903637 106256 650317 697649 470691 915376 801880 415105 146753 156413 776369 382803 972419 331670 491462 25528 368617 401343 667715 836178 947065 389028 459419 83057 858037 669881 185248 837940 480490 26396 176941 176733 870675 988222 391373 99311 527792 260663 982864 446643 326109 845604 130127 384678 525071 108168 353989 989250 168961 342616 336520 777990 573209 750974 400044 170340 29456 950411 286130 367586 13568 452188 672642 42400 470159 351216 382673 816668 870427 429192 536649 832381 289979 89371 257303 881936 548838 120940 819743 230755 685409 721027 443507 914270 154042 288824 270954 847080 214853 966332 704968 184306 726444 748515 803206 613916 344914 791172 443657 763776 21463 964102 543912 695327 287657 830293 981830 973153 167493 104275 266804 914166 738444 694342 166569 767140 292679 140397 307636 264070 399112 122072 341832 134373 614892 207234 799452 845848 505753 165111 901926 869758 70575 416445 649525 925860 9069 214372 681134 878322 24218 942795 814763 508235 598603 51342 949871 324038 28508 672462 607589 131806 383303 646322 85789 549153 850942 563914 648176 38666 67483 508282 319533 626776 549808 287023 715286 630556 131126 731486 553881 732089 851431 998726 848726 246029 465813 421829 542610 953671 952617 237085 562753 980709 122666 729661 901469 601503 932941 979502 30479 982616 819215 572056 948220 123443 885642 835766 397126 979816 951148 872225 459687 345682 88101 149006 42633 291677 767856 42512 447626 360966 759452 624391 762685 757340 837637 138544 484869 888160 222789 116787 971577 952075 112649 626001 43506 476763 129658 731818 393606 226177
601
801148 835229 236781 697178 393071 184227 202668 423351 278490 990871 972792 14781 695482 104129 751428 320072 387593 81819 352517 587734 558004 942960 706764 822835 438806 928957 695450 431573 613689 709446 467485 781573 806251 4525 331445 478543 199120 922049 424490 598462 813050 835090 389726 976993 789615 582888 21770 345651 85894 480737 128954 436515 39299 886292 558024 543424 102756 798849 587800 603974 324722 676061 995599 982769 174794 196100 31298 650869 51721 92021 138875 701314 741081 711472 556105 309211 250978 387944 385756 519283 47807 299344 316913 761652 585096 123471 448946 571138 725019 215498 303754 120278 73625 616606 480295 218935 551287 742855 732214 9442 355153 300217 225319 364133 560327 333861 210824 288395 129342 878133 728093 920306 818161 469611 631519 843944 516859 145967 981125 357756 126286 553082 758084 34118 952018 936687 358822 834244 410804 704920 791350 224947 7083 50387 64537 304368 929753 661089 672373 473608 253681 488123 332392 700688 543799 261032 826778 58598 137059 200448 985671 948537 797268 834688 768253 838084 616039 461652 182759 453808 690464 953775 130968 342648 185566 948392 490476 218758 306610 248375 697208 975671 919770 624083 507756 192961 108592 299984 823629 5125 682700 449386 435735 470127 913741 665308 788237 149479 664718 233678 992396 30361 250009 377040 370909 349439 207869 180269 890516 14264 28462 301160 959376 792799 120482 732453 550797 646830 316760 209470 100099 630618 515593 291268 859054 90230 471236 405673 912364 854325 685804 896951 419367 501598 677914 139389 984502 632548 308341 817880 819117 67821 133734 385756 703139 838364 593431 993649 583700 731458 979989 168685 971947 748560 7353 282351 281744 885930 482404 93104 620408 104812 878631 531826 479370 458307 993440 277609 144982 856123 746470 8909 770239 594976 163888 369635 70807 358044 535853 790200 569022 310420 135316 130793 315285 143594 57564 867495 272287 984466 729805 715998 614857 47667 664315 331040 420591 402250 235202 357241 421529 382134 106598 844545 147445 863862 828526 988929 339388 693484 380689 829485 323845 335451 10741 251367 792543 832699 467087 649936 13518 540196 448532 816726 949272 651823 35157 558219 851342 659998 831041 132329 956053 673603 583457 44133 562227 705029 497365 846002 568446 183791 957256 727557 621444 465366 570330 393145 565186 811615 417529 807609 454825 305265 542389 653890 516508 958236 339785 489084 939066 354056 153369 86055 495677 579267 468008 816108 259590 647864 67949 250105 930211 161305 510493 761765 851380 927879 272690 905503 96102 864218 638869 614122 809385 25316 256353 548431 922143 812718 109668 332681 510727 962062 457983 718466 656812 485381 980036 662817 396665 45919 914167 433390 266586 481107 106491 96755 935643 761004 225852 372457 481081 378384 936005 866739 402309 608603 329364 314115 552111 603371 324926 13218 673477 710694 71193 685836 106225 442114 564113 511918 396807 497314 644275 883560 681008 289720 126237 996988 842034 102909 212302 659762 322857 300278 267790 682877 162097 767881 145020 5205 4094 418874 492087 947641 349128 636472 527487 295129 223053 147706 510020 349896 445094 925252 500403 917454 563537 249214 468818 701673 981866 631995 709398 160048 979905 776659 507061 489011 990136 895582 633176 271252 79831 483317 806158 233460 181288 547192 124071 906865 989806 366822 260146 968779 632755 567585 369011 771199 698817 512625 436844 518603 740495 121590 451589 622194 218653 341829 719003 275800 308285 692929 793578 424208 484661 656642 74925 819327 523703 284684 594903 291748 271762 886775 765072 37513 187172 473828 177223 423477 285697 29695 809011 943926 430199 832545 489444 854416 764347 143876 667221 262145 329230 847049 163431 837305 853145 994646 2046 592808 282066 79912 325849 75049 432171 69454 648172 872069 984860 298415 90532 800840 219587 772515 89914 856823 324632 14816 960482 871917 906681 880418 965755 950805 97479 257980 49687 112234 732213 166589 685650 689208 290560 211123 45988 701109 430031 148802 44378 844170 24594 738747 945324 696273 977699 60451 811182 673590 518854 900076 779562 193551 491580 67926 281278 987685 108384 306697 39727
411631 218103 89580 350553 928752 815411 824529 642636 431892 587226 616643 390414 704932 407764 245624 864024 465316 896140 55458 756304 64757 453452 876845 703955 717299 197381 939540 432529 616332 917672 494345 403710 852140 981201 121911 370557 738155 51979 976064 132481 74716 250295 912683 611361 171149 86919 613698 324396 224517 974439 37660 593809 605944 276179 812432 472546 345460 818860 767673 768986 962229 278595 913790 78979 316581 179177 194266 127911 195407 60840 469255 339419 219450 442230 949281 715310 243236 298255 737696 625705 50209 416819 634983 52303 317409 358903 53917 704921 484479 548457 319969 313644 820973 415837 492408 288816 960972 929518 729713 907189 940504 522762 768131 263691 608387 929447 505570 9413 189938 885079 408136 855513 688561 942830 894831 70000 75955 280707 495762 505007 57233 305460 813373 397419 31591 421978 919480 338364 925763 914731 310094 289504 973523 567430 765446 607673 695564 392448 536418 68378 29823 95884 574861 54251 171909 688805 239896 564189 190260 8163 117203 280845 215122 734325 275973 617833 443543 280739 436104 821593 256326 98255 258036 496849 487209 551571 992960 344562 406168 202276 541211 929172 759965 224000 735602 957777 276152 683586 132292 653124 893062 842675 984578 341332 836168 796136 274331 506284 274685 585571 626165 864582 939343 680044 730433 180106 283041 224627 213408 397418 303120 726766 634216 597564 407102 23380 27950 21245 391717 257974 998790 336154 798896 420887 723741 291303 128854 733538 429139 550071 377177 924417 494814 607193 728204 173217 628863 152811 281400 167252 5341 692670 745140 219375 938554 953411 426936 744310 31578 428591 708507 749 110356 677682 504257 540063 932670 443163 461620 772948 35352 372867 430070 687309 676658 207558 177370 353013 620489 282021 120591 246058 970146 216393 824876 785201 515152 294303 809314 151701 19545 777003 443240 694766 483442 555485 6528 155900 757845 625265 857723 179857 522970 490363 335195 725942 682497 826745 527408 757835 406617 549201 912263 356670 633601 852846 989748 586467 592865 512525 899274 293126 924545 879348 287266 865386 181336 259149 271597 712709 658941 567191 89596 804279 923780 16929 798980 984125 499798 30500 192731 107004 436102 523266 904405 271656 94932 891431 606032 766847 656481 17016 764855 979295 939418 315619 820448 905585 401215 672230 571891 585838 395689 879553 473854 334704 899610 838520 610724 457159 497922 757087 214533 896084 901126 670879 944006 238071 532935 165959 439580 991198 347098 205555 791777 759334 917058 323422 766386 367283 158349 1376 849518 503062 831736 638731 519431 864057 119179 923445 1165 582896 221500 330464 442200 646751 113288 158890 767824 105524 503393 549122 216418 728808 230989 759850 648767 899248 56452 962664 476987 190509 698149 159824 78342 943774 143359 798925 60697 386610 209448 513740 368759 922002 911677 281850 584138 928736 832222 863244 79579 806864 956896 131931 335473 428293 775607 968326 697538 15502 385700 370274 726525 356129 83998 155802 541593 144394 287780 357714 460731 832210 714108 844790 744104 663369 178085 186035 505209 206388 13912 681229 467471 399492 228538 264759 511322 955115 544471 741674 735255 330732 40224 504537 271674 244368 176051 247209 678771 101315 569304 328594 484008 282834 487432 653125 774911 830115 65547 430520 501029 565902 95772 699194 548903 215579 951494 488190 231788 678826 66328 817652 369010 653530 398464 326079 931707 752384 541499 509440 336005 805097 925831 523780 749540 780086 472517 154641 352200 956090 105333 888583 904340 274800 885002 247391 679164 64582 866771 935183 672753 364431 693401 969901 805923 302189 502617 898046 79962 329814 840070 504832 952067 593743 781983 659476 527621 676334 992793 286535 490008 334677 421300 96817 960529 686313 490994 966256 959755 318996 317373 63073 802021 736136 787332 585675 657440 476603 62715 315733 216436 26721 929994 167834 343488 828154 486302 309774 218017 707748 283522 410586 452959 298684 552377 717517 826039 512005 191784 7914 179418 192899 224226 924920 740524 733107 696253 585224 379196 14905 339869 149470 177787 348137 764798 965822 770286 802152 282737 473425 405479
872
260458 412571 27235 956082 754959 377 680261 550109 293382 711153 27745 531120 420083 207183 445736 483390 458804 857354 186290 863837 464005 457559 613876 483011 250957 763522 177389 596095 415291 967852 698059 218727 549664 412173 883863 175306 420926 482043 523698 550409 840510 191579 292529 440919 278705 858589 82018 827574 573852 234967 544761 264409 410091 32941 593619 702896 101079 395702 265656 169507 899470 561648 387174 967093 892318 24821 176840 176619 4771 783543 582952 730519 158750 244751 398130 396882 874100 906198 112476 421800 942978 808266 72727 703041 455184 305386 996424 128517 238338 720150 862476 195643 753111 254702 452032 117116 200960 956499 103990 833986 126732 376040 114382 888816 550896 710993 9863 93376 127162 486604 635884 949214 25632 161695 654174 16226 134244 320273 789883 890522 12280 700536 936493 126104 67971 300765 580483 620840 398277 815350 688859 900676 729537 752552 238001 870874 659411 76996 529522 511922 981330 388263 748122 509757 407438 386758 251989 686402 902272 898356 43510 7616 380302 235552 436846 401714 372988 44832 814545 716801 264707 786559 847437 550486 928431 872669 91093 790387 849033 184258 369854 138395 723621 839049 862378 847244 474787 838846 728522 541489 570172 146151 409972 956022 694348 243992 854004 459115 89644 626460 485615 871536 489641 106095 483222 491281 164702 844435 788133 611391 638638 800875 38654 630403 916855 150435 309941 344921 45809 913687 812129 271013 472698 297280 558695 487449 142966 487541 344698 396340 425039 581653 447537 466344 748251 41227 450363 792920 997088 358882 197578 505891 44293 106654 194506 761495 238233 248063 864369 711904 849134 135689 581163 585873 83927 810084 344418 665059 853126 87282 428422 823239 828435 738261 324208 641658 535049 660210 369451 827289 960676 277519 821119 246349 302159 514779 767040 721678 297818 878657 272823 436937 492018 358142 6514 829994 414815 984366 703554 694591 390543 375871 909874 23213 289225 162885 260700 536275 161148 917365 760236 429794 867299 899298 195468 497032 520090 700962 98369 843390 188452 60893 424097 505149 5133 538311 792756 248617 36896 694622 387869 493803 644581 558360 91241 363400 422393 254710 872250 357835 598163 213616 922813 32500 829516 746738 756515 899121 932801 62489 93181 212840 260981 823224 705565 509094 7771 813746 139098 563112 540816 500610 20539 572950 734322 628405 357137 618997 17900 940032 910699 745322 362931 961426 556507 301926 452706 703774 25936 146211 528068 311167 837399 863356 313080 113842 978398 884011 271755 73083 792756 988354 112761 950383 663370 508896 892833 574644 982887 854305 347753 140647 310749 235287 355072 872491 919264 521326 370730 646439 870267 745929 297874 361666 528949 325343 735223 970459 487993 878441 310341 748919 399334 274257 391061 96003 949418 811557 801478 10958 998408 735174 33602 540069 594199 466483 991197 891640 397715 48914 829495 842192 201321 653681 687553 529419 933629 502960 626067 498886 4530 182562 875932 446000 921856 532430 421959 899518 655056 51614 74852 267375 975690 513725 395002 476556 500549 55516 927830 807879 917364 898552 208137 384361 190517 10340 809387 430933 831162 380004 679333 159754 537103 508076 609273 697541 508806 385278 601759 23353 525884 307452 360768 994674 409638 466461 570315 360896 224115 971406 15517 130141 838009 899994 1940 730405 811881 279766 888850 608983 591502 941461 905884 673880 654962 997573 142021 923913 849117 591129 309116 290866 222387 784421 231133 157114 974775 964113 61754 149864 139479 791798 749086 869094 566004 348135 973664 530451 828728 293957 743526 396166 726147 393292 844427 957674 278081 980129 195353 998398 21058 40286 388579 289732 518233 923701 584397 115894 305357 726080 585345 641437 534382 722300 357664 423540 734954 155423 639621 67195 687739 581521 67113 161054 764632 201633 577696 121840 729226 224906 955082 568631 284489 776029 599583 50587 529999 322847 612482 73662 922497 559712 710759 205026 483111 974446 300642 759438 685127 488450 999179 269798 157257 814496 990195 687095 874462 693024 628481 371797 526283 777466 854311 863120 949823 815534 999150 288296 880976 903343 214961 718404 705675 149263 293419 181654 317104 711209 43177 691677 547361 796899 925232 758767 664458 479845 611541 84392 211983 437003 129433 904253 571121 28787 827968 658766 761168 358337 420902 163873 170951 485759 738682 308706 677504 1506 848099 710435 139932 556508 938551 398170 738988 413282 176304 259329 854295 614943 291513 418511 858973 180230 315464 281952 974492 213119 267854 446612 966815 171838 945145 448440 722324 225174 838243 272279 464020 973734 997860 480323 361178 196400 24988 474261 256361 590335 42487 32382 895585 794410 645145 131036 129359 197696 827387 583499 305043 849714 184588 340044 145174 686169 565807 540519 882482 928470 901420 71504 720530 737839 485237 345826 55121 903405 837251 780721 918102 81199 14745 60872 62972 126033 307472 213336 812261 297135 542457 921982 982631 11592 429657 467863 227943 77419 175012 829747 951138 674142 133721 820314 138680 585076 571913 125493 213870 962204 902187 721933 198148 958462 62698 683503 438703 311441 695651 805338 656883 946306 526893 726830 758167 19517 880456 805558 338521 453239 779617 31286 349316 844538 55449 323078 279886 476914 958733 556181 996649 66610 633819 737102 619911 586868 495335 487478 33443 211568 682936 764364 8114 623599 858353 603614 735944 711979 819830 998337 191572 429818 903210 609823 31047 329614 493658 937300 649154 395258 526112 788583 133753 64119 267073 345829 249776 85358 150310 356759 120086 288533 940480 581798 471352 896781 616400 306881 859200 989493 173913 205719 30784 656914 13865 55366 257160 662197 767137 407595 468960 699847 405068 432443 920844 12830 318228 564213 217284 191026 204782 577844 100494 628944 833534 244462 438110 411325 127033 674707 748965 368639 256573 506944 619822 265111 930772 717061 991436 833256 470742 566942 523060 881999 594732 120544 85745 502443 199624 89281 327788 824986 692858 741152 134095 176904
702528 496124 214748 245632 453873 616951 220479 824991 395300 313443 26001 388662 411960 279901 409783 941741 254518 250382 162339 714060 793096 482628 90170 629833 281368 758899 82090 387505 239781 729009 292849 473182 141587 433262 934637 205727 341764 981612 211036 555259 921082 212860 244447 550721 430337 401168 899716 399984 304097 375994 453238 49788 656608 359746 243699 144487 945995 538188 449824 756076 207536 859942 772100 849481 659841 673287 141849 991081 550191 120475 703568 897316 956377 692321 763160 561708 743811 970815 59545 376795 414499 495039 660557 762318 264486 630433 362647 81218 542054 707122 352900 316667 710831 832524 984597 222310 708320 370758 483740 851137 12722 726542 508518 146095 68565 174521 146685 644727 424610 613366 936978 257341 191477 390628 660938 640162 549135 99934 584202 951781 99179 319150 592146 981170 955061 253452 28966 418215 46849 131994 660983 617072 995400 284744 769712 592921 381377 664147 293855 864212 583731 630733 978946 781006 203907 553643 636612 739625 71949 948321 542673 248744 348465 938944 88310 218834 525043 85462 309206 749677 964319 238705 413359 835630 594245 403947 95835 294288 676780 718008 766422 743823 102855 715077 93687 196328 891778 230603 726577 177841 597873 160172 763799 469911 134702 901588 294302 297436 171498 380901 874759 239522 104177 969451 352441 466574 916031 944881 73437 76090 309651 45856 791481 538560 900019 949294 698944 948913 615913 704431 140431 121059 432634 652691 828052 440740 95511 894237 310331 556867 151270 735895 254565 975645 831580 971742 496941 519374 190372 992305 185507 807124 95862 815276 699854 866929 251481 904332 754637 226806 861436 875852 692334 730002 757287 830365 449080 472788 754339 555140 375418 734358 432343 989937 216581 372087 498024 900240 30830 229101 79611 35407 292201 904813 333872 254834 920647 61615 339381 209344 304556 477867 982716 549070 431678 160073 323843 435871 990748 365739 303662 181241 264882 646154 735558 411559 254931 684655 584414 126609 385937 633437 782936 889581 695006 293152 411257 148187 230198 608244 513334 340053 940852 551881 192568 18549 562454 285551 557433 989108 606457 862479 4471 178761 257229 690416 151023 319744 492031 744471 855570 383608 4485 910597 788711 686596 6493 256441 168270 825077 38769 543549 250622 331438 257742 392428 776409 113957 168725 980700 757520 700526 140164 722307 29480 351122 656822 626230 645655 45584 110945 255118 627166 787061 846341 423506 115690 776901 515991 41864 659998 736972 342524 84803 664610 554789 235296 845440 360509 511454 664338 976250 220430 266529 81245 223866 370272 201768 341056 725297 368271 803286 955065 907686 825984 170600 481644 630401 208280 452023 361860 568394 118075 599529 456781 495849 159157 307357 135463 207372 577823 477013 472778 701637 234762 469279 478199 849124 147772 124371 296504 31641 60327 960305 799442 286615 670513 329928 735933 735407 381991 505973 178185 348978 638256 177158 450057 274168 254651 97231 961965 550704 310647 627247 425638 574 546652 475782 197526 177061 143820 612455 959320 618960 523385 660180 496549 845392 750765 188366 811483 502306 901310 135345 96535 959221 687076 80916 198175 870154 411117 435546 447093 83543 114138 731461 785490 118539 852780 496389 538061 331293 635453 886145 842493 134628 934888 942494 111601 315177 718 322360 797664 477833 798558 943830 677634 557377 150006 510696 752648 923822 669962 493871 680629 413629 649098 571774 542271 875093 719809 82133 758181 97146 162228 259456 76462 55189 853528 822617 167024 471495 764068 222974 656427 818193 853320 376436 311921 20658 788018 909243 352972 736222 682414 643194 460920 144190 825384 333920 571417 366823 567757 153589 185144 974880 33343 926479 997793 236501 471093 366623 865389 919370 367390 991709 58837 653268 813647 601739 83433 945051 85158 447104 909440 15007 657889 97544 590976 25433 945190 260892 625424 614337 888252 533102 773628 308705 946876 517807 706732 329925 49459 947114 696285 212688 887072 949359 282018 771325 891772 792089 911271 274268 396953 891837 97467 445619 981093 16835 602384 342000 411132 193371 979207 569646 825585 771672 734637 877520 747706 97581 292841 703371 595247 298212 677540 307894 325707 508803 632350 301970 286945 426949 880507 210990 62494 274777 921524 261152 622115 792152 765098 513421 179051 458398 258000 736276 313785 716729 301618 419579 379737 82363 7643 424034 712161 664642 729457 489962 216642 824910 265454 120046 953794 518903 721630 307529 806991 839957 78253 362318 743920 852668 858252 238898 683386 737261 364066 311248 645022 762971 465460 331268 829947 930170 956333 941592 380713 382515 494553 502721 791412 491455 657280 413920 977803 367606 925225 704308 211656 201054 701997 510207 401394 904909 68201 272246 447953 259540 759564 153776 509091 609783 992678 827496 657113 43440 685379 277524 548437 341090 377450 601186 564800 344971 833119 615782 294166 452301 907960 791310 888990 486829 769510 240691 854970 882454 672108 855507 809209 335452 392515 198285 39618 967042 784043 807926 543156 498750 355505 744568 164737 976109 490970 620916 815893 494707 104735 889987 431339 604270 391420 358654 932779 234053 399721 343625 445204 624521 710284 913748 42676 416389 897700 940958 996845 148355 787720 922580 452829 328699 751346 940399 38490 348314 831689 344852 506348 267629 422814 793294 130714 937386 496882 413810 500329 932004 776354 214117 164873 392276 833013 132416 717627 343056 213780 180413 156947 689217 545444 990213 518697 876512 507104 947019 982391 711539 297306 985406 288049 588151 448813 436608 204416 563362 154771 528784 742435 428342 770110 51096 408373 243228 847313 850035 444993 385463 487177 922165 795044 666481 779865 577888 861751 295125 648761 209278 73833 990972 849852 542691 886395 371585 469696 408795 585412 66871 91266 52101 732495 705370 822539 840994 931773 117872 248868 701408 322258 334678 8262 552474 707085 314205 598444 143115 422858 948299 779774 416981 204418 203771 37938 948636 5517 432061 657186 160380 746561 172750 722482 548701
372
958450 58289 907028 464612 401008 293593 437800 297548 766105 307520 819993 203628 448367 823243 730056 524633 532695 475249 183892 327331 298610 131999 865253 986547 246624 662259 36304 289923 634973 974058 376525 940899 67076 697832 246860 782643 160426 661712 901414 476466 379054 692202 310190 347197 599700 218583 533423 892507 310212 337859 914248 261532 212118 573518 237292 687471 485942 498228 995890 50696 707652 388052 871534 306139 744504 454232 737161 770572 417127 367770 51039 947041 16766 690844 835429 300833 631996 539451 110112 27303 46381 672186 385587 524684 486249 138575 740884 468409 997903 808586 976908 166278 464084 160555 206194 977405 605175 891972 304883 943961 564882 997748 749107 561590 734418 627209 240832 703566 899264 167281 217817 605654 786447 882982 700798 336040 208983 234871 890628 767549 808709 347614 806075 151774 850179 503575 592937 746839 694789 957074 896508 766715 238396 780669 722941 592438 477934 758748 157707 227423 218714 527553 674017 499665 981569 298273 769350 882249 748460 935273 8242 362608 350156 735354 283715 47057 644813 224039 39368 383656 507036 193092 843380 586914 460868 50163 711450 235306 719726 445387 951017 745796 832531 693167 635420 372115 50427 997424 667923 634967 582071 582297 213714 413884 702987 535696 487552 64708 531208 814523 996242 92569 122617 562450 835188 325453 565807 141568 557233 340637 390231 551146 833895 444528 749865 491220 386607 923666 920180 790308 878754 379341 762530 755007 730382 748816 63815 880721 796686 154117 221683 947378 370303 86060 827627 735811 554182 764430 860759 737620 124455 731991 124831 825208 464649 41956 226535 232260 698802 545768 702847 952906 144025 91560 742370 607574 329086 8325 108746 505759 995773 542529 740667 548738 625433 372592 480591 677130 751759 875117 80602 238770 226927 22811 247835 816701 398120 593603 673629 526035 365013 565184 44390 371050 661225 467983 778984 906497 523411 305368 488109 540680 864226 567359 894957 385475 977082 956195 681518 991417 8218 852310 155270 213501 351936 983850 916333 347037 181405 257354 916425 653764 825693 264954 549127 632461 640012 190228 259624 863167 995466 341349 421955 272653 285215 238148 554670 923508 432120 3626 451010 37289 583047 362161 5151 968735 187092 354274 519422 399586 904090 137994 106556 772021 262734 408486 326141 672471 817000 693835 90112 281116 542533 550395 372231 581165 848938 229652 988719 441493 139367 402507 336042 5198 218269 116910 837526 239800 140421 92747 841974 679112 844352 46365 762884 200063 315790 34813 44700 252622 429574 931595
743743 217669 708932 953169 230489 262409 289994 964048 923663 325304 985293 954827 32897 220211 693278 758836 933592 51054 301622 286332 861027 976874 989121 298496 53304 300037 897006 327786 433430 970154 250872 685144 239935 659113 849924 315489 480385 64460 477421 69873 903734 749626 559531 27063 227329 555766 751222 714238 92802 818135 839894 947836 465415 65085 53669 352633 257544 939499 143412 977106 343153 222033 331817 892183 883378 628031 374364 433194 110745 769906 572782 216960 669828 298060 813140 758774 909206 984954 293668 792538 644115 554081 612786 354155 701969 885507 967964 431434 677547 254501 31865 352921 445335 910902 395327 172758 876506 297398 239151 552163 84290 81155 930640 516585 874178 729107 888223 634950 932937 346589 410828 704792 969155 678581 452386 884830 75389 920153 321640 505144 704099 445332 22651 27605 601102 460426 800767 135268 578827 234755 598711 422180 992859 436010 599993 427924 469678 453466 404033 20081 176004 556000 358835 895620 374570 90362 669204 644572 727223 166139 143397 818477 855710 585575 112854 280877 249686 201076 237377 329033 898312 777413 241374 198787 428356 403172 977910 105903 185973 553352 776595 561934 393099 273034 83645 301921 590933 756695 936051 957827 230901 595892 485796 278602 720217 177998 13911 98041 174476 770607 22790 294175 637846 427695 705533 516537 883460 306021 108087 757082 443243 196374 527449 50189 511384 368851 556738 212449 941496 957061 882267 986583 668348 700317 79454 957711 754432 984974 860037 835928 860088 804719 757816 657108 29010 436909 164548 226699 525586 815541 608627 719942 544676 54375 550731 370815 907368 253609 564704 378075 496123 520189 485422 357471 597156 797603 820168 344664 376661 598157 359191 803073 185480 440395 553809 608413 958734 221183 366343 309906 81677 489331 379199 132947 522045 260788 698910 179575 248540 70575 341107 869925 509054 408653 584378 168848 944892 98298 641282 518613 734492 974838 344462 166630 166286 918906 176514 26221 128792 266475 636243 493601 528835 784783 631741 1855 399632 496475 30744 566829 987247 216718 219577 249048 788273 320434 534813 487041 735283 733385 211907 399457 696623 49635 937194 766887 669197 184101 594672 132761 386464 144663 761201 186205 359530 181787 284325 4450 717659 214610 307889 762887 758355 620784 468606 575252 222075 76072 897656 99700 795980 191681 980513 233062 614471 592676 516977 323756 468871 846416 334338 440270 90448 312486 85031 644743 225296 143069 376215 186286 118172 417730 146624 105079 5792 546678 470038 217349 441463 153904 222612 444251
115
151660 969698 924512 352670 688434 387175 109128 593273 794637 504696 689832 222021 558399 40473 940500 540726 928014 92819 637063 476056 951838 793311 77158 391080 927235 768437 723308 85062 908782 482896 729332 366268 975176 811168 589086 992802 486067 216162 109755 492849 326552 359758 530466 907950 33085 370379 342540 785993 733426 733444 536281 323009 651897 669459 36134 929845 747019 694470 338674 377754 14653 112582 432378 223542 765484 653354 898026 886651 301792 718851 394068 611219 693516 141036 386078 721297 872754 293466 420079 800019 68107 253209 657764 376159 709292 987551 246430 77228 988189 101731 722435 333988 661156 243828 208487 576745 789632 800051 315414 965436 288956 876154 579659 867899 944647 881549 989542 236651 485905 50261 737693 304450 611881 430763 715377
824288 275444 896695 496775 311162 276743 578978 816145 809235 952271 933595 732590 236075 723722 400432 788007 557200 114745 606320 630018 433064 166302 129597 580363 875877 891205 229182 991859 472432 462608 57026 421723 416687 841070 103512 801660 716513 548454 362317 24687 745272 370753 357859 720400 296102 30851 7878 324840 621960 97868 86848 196151 786896 98085 346683 443248 285535 316120 978683 809938 26698 4850 73395 15087 542757 142952 564394 126116 40446 938952 68823 453875 397202 104316 27869 452698 825759 881375 469674 217606 287034 562274 208339 11370 583776 41319 10665 72629 917695 376048 723457 197836 478029 252966 86962 100631 355284 228475 907700 622918 648829 908691 418813 666127 251903 852314 655964 817523 395043 845967 105354 600061 820403 917433 561239
216
997456 56414 142101 838003 74951 523385 319715 498286 77356 293025 502196 880320 321214 204355 681882 398329 251036 951435 338234 169955 729162 247844 130437 374886 751485 331885 678469 267657 606922 741634 32119 412652 220242 857421 89762 901574 54814 438799 384570 787853 602136 210450 402706 532552 872552 185149 741570 827846 722305 367700 413218 280254 24111 767175 226755 305131 95372 708577 852653 864362 454910 180509 552965 549637 223533 948396 984039 529600 572645 823605 777194 476830 569578 824822 84418 525543 429795 177194 369699 161336 399299 631734 270730 794657 798287 351954 233245 602454 996362 534306 158836 65797 454285 443083 282620 639358 247239 50540 908009 475521 370318 280829 292925 842609 871300 58799 639416 14782 819690 578229 381142 471355 497672 564933 552224 196012 277408 510136 376932 787809 311801 86741 836156 111196 233216 296457 488345 896552 204105 359332 47581 210148 918006 636003 221304 969447 74704 485359 303320 891366 121236 984373 522224 959978 372956 273837 870286 97057 953603 96807 230488 170079 869055 697601 379632 610386 626364 707460 357890 834047 403926 928264 579625 684685 114490 347939 755956 741421 560059 406579 145391 676249 237616 143601 725137 263242 392009 263508 804670 222662 335155 469416 529771 555963 66378 290483 526068 709223 81738 145951 569008 477406 869982 866224 933344 847278 986738 926320 965991 108579 53944 735571 737394 10872 386168 194786 134383 773403 951062 517785 959142 787306 623833 363202 66345 311007
15406 196613 156799 717813 425183 516880 937623 303916 154602 752661 697005 916484 798464 375600 663476 668846 409146 789704 517253 5868 791442 494612 875058 496636 1358 575979 880326 693476 640134 734007 838198 231596 992670 493423 593374 655625 718684 865055 822844 172810 206239 299134 388020 217289 293922 555537 609262 669064 595899 624034 77535 469476 478875 522796 966595 548362 357230 514303 362811 682018 960758 627440 470248 353212 711072 868796 380770 876291 616651 574858 518703 932422 186552 966094 85100 740522 10861 675954 363227 47906 737468 898523 809434 7748 928013 353688 567859 822214 415843 690417 928489 491247 553199 559389 137127 198938 661362 318866 506545 340915 221267 195737 471408 662563 925975 688229 395497 483394 750393 77831 808717 323561 51390 968273 679674 790808 987272 724911 497335 551089 558043 32396 535189 821231 551505 283805 357490 190982 242119 978644 988325 805924 108961 16160 988890 775972 421181 744445 873907 34421 405177 371011 290981 439870 740733 655173 296241 84539 251300 796629 634860 956467 21309 84025 764425 607693 562250 554110 524981 826735 938726 368515 773848 103553 781011 249117 285862 474941 714940 221166 751046 767029 513040 725410 648309 917751 215614 956320 693246 841828 396515 285373 323126 323740 446859 243972 976452 505583 296578 21429 335566 230659 213838 31068 461675 579667 274731 444885 928331 117586 296964 712409 92684 749907 366433 106432 249381 518666 888385 631958 216465 166967 426311 238063 589539 72670
