6
20
907918 68664 576127 462621 606802 486260 691013 262787 721143 602731 868041 19426 738540 679247 535246 887067 136442 212306 506020 127963
620525 14074 118606 20581 755873 614476 19851 42364 968626 113365 570933 261062 296165 176936 646405 665320 326310 772383 114709 218586
12
55859 840750 612557 769372 550794 866643 367590 340908 814160 980574 379160 797081
606619 690585 750523 92828 82658 327288 682023 23851 730217 253071 905741 404757
32
998494 986317 965709 922937 62709 784461 178939 739105 976532 498214 774750 685629 14051 513996 384202 92993 46479 100995 864064 130584 130081 567719 632150 850390 512703 157126 807109 146583 749932 821751 907423 192247
564989 725235 491594 229852 710278 693340 659155 637794 197046 351595 382373 891477 714805 794127 186312 106215 865379 258038 34259 764651 544048 470963 1311 162973 887987 747796 666232 483075 719095 51178 102152 830071
48
468257 60266 454038 909491 888155 722120 498184 752243 700804 477372 686470 840893 593715 447841 583896 77247 605242 752983 663823 998869 814820 653137 295747 870185 210373 410790 292553 875536 97366 201990 597971 170774 367526 686492 74777 257165 831063 155563 666465 399998 977634 454190 701641 984144 207400 25358 447486 200308
173843 287105 417924 720408 91041 591393 533290 687369 692546 100156 46428 499779 428727 313962 157350 930079 873339 64967 435209 940212 378210 110871 30246 14238 356916 30785 457927 150984 83005 59069 554407 402858 541481 290351 262145 223730 448506 574262 851371 589611 213784 54445 961494 732814 127106 851428 584367 179160
17
310814 560042 129053 952081 966247 469313 16848 771394 999335 951054 164057 808684 478229 505172 696709 512613 127756
356226 832905 686756 136066 522983 922389 382416 869902 322170 290603 90972 747226 902963 551564 917200 273229 255792
7
532291 28467 91592 265406 847973 905239 899972
357965 184754 478850 651226 833406 158469 601432
