606804677 1000
331733996 828611829
29293640 824534840
674181577 112843933
979430026 47538754
131111123 506829598
752720416 262140349
749908034 849242590
536933233 302445571
650906478 864904361
573315047 788621565
415738494 351355524
40103018 364355392
39295665 732947927
902836775 923808872
296838001 74467561
550941042 426029370
82909206 993434530
32524422 398479182
30979909 725466727
192695711 983200721
714299523 151374978
975551917 229831986
935683942 209222636
352325211 105942527
770567080 729122628
568258195 639995944
532395696 48579161
491442654 761673554
382511615 342552195
476044223 66111166
545760931 609388894
455822181 520944641
226291861 950847548
940684993 800770606
197138484 461970454
780696431 553720984
464808285 798992822
636958325 94208338
629049597 820862628
806265536 58608436
585907741 509760635
529397789 847866089
504322749 238748899
911289460 636364652
872085682 665503587
11324232 226050415
965663986 950846876
803641218 581108449
742625481 54416924
48360690 142355666
73193854 381645315
910975501 298651457
240849508 392557585
295488734 218396638
779853443 878852883
349639763 216992230
710200643 779850832
183859070 951203520
389443747 595601432
4238737 437882835
517323885 752732812
592629394 35981498
464092751 938072869
229089176 929622515
499863302 909315426
59147690 77322304
319910914 473310256
583844855 728972636
671895895 192199997
123080973 306781841
864744685 847178819
103087968 178938870
924645217 294791299
699078978 677348649
377439937 585311684
550821952 852140345
699274457 757503920
4592542 42141743
381013506 2583287
794516365 627826784
323447040 407393394
579914895 8723577
299799215 233616019
557131583 14065485
334951212 578920417
872671956 186760208
452428730 739822058
501862759 21264369
417787329 691910200
943319496 562366140
490288249 844467018
751837587 288846761
971942362 857812496
569524993 743168506
26519417 683769960
137011378 908436021
763399031 924958004
637503015 634225830
645080081 405146860
37410698 749280196
120105560 498637037
213221935 96244600
206283265 708492839
329242951 276418533
770868789 868233511
347076476 246940338
701589229 517179844
115069285 349299397
357378293 184715756
385423888 537358457
463624984 280035134
405561331 741264259
173108563 246432229
943973514 633479632
36707172 609292634
47702791 68307905
787971615 83433737
950128698 935113971
283082477 330118448
249373251 32822825
600610330 490158388
369308459 717923370
85743362 851966230
626501313 725513871
835495676 806596010
292295445 608970175
467013675 486251510
351647375 424103832
488334156 535361097
7308213 393060810
112088650 192545874
628723742 596267545
674760415 870344968
266127666 826120165
627494656 669740701
306680921 174002368
365817716 756248643
959438672 990099047
465298985 446939790
928998289 589638428
561621372 492284920
598906465 536104994
748432619 793528373
897470535 699829033
985279442 789816193
627372447 51240352
321924377 740581292
173783617 492329760
834253421 43932224
36267840 306429468
463297514 965502005
871992019 376421535
837934597 167829635
621129168 892290643
313727543 756336754
261485950 751011743
782485750 645690773
8121544 662358195
875254636 310904861
446373126 604034048
278960827 831059510
711411830 823514911
827011084 456713417
501421206 420927786
964919950 879751903
298434717 350710309
652191533 193876743
810412814 844203188
676275241 853023911
996865549 741492450
165965615 273267309
293611505 888286211
879278302 367942559
665797523 406073172
678665448 480688912
950504851 780904051
994314201 359503946
422268719 948189658
18725118 77551127
350825106 74025945
854434477 791044092
31378453 204879877
582202829 7484549
121864194 995528130
644880690 32543380
777673104 973640381
985775471 585432809
609988437 287882862
193416399 366407840
305207655 678913666
144317754 258477282
891096469 854021072
248258346 302219562
594724062 656264587
205090958 466963340
812796819 153869267
147836899 147302323
303271018 352605981
984609722 900984925
886315431 175679373
455585354 799882418
221590499 694829194
99026347 962573704
190581610 909166033
461160317 389348177
151300135 464969879
1915557 170236767
156701290 96822904
974287468 236702557
711062980 978869587
333206088 442194591
235858355 418253022
142964496 216086676
88063545 818849772
352030180 670211793
279432872 708824226
193280263 765440038
144711380 728996251
434740907 962008222
384827513 67273565
689456729 757287831
859801869 619952041
397556535 986757812
372823210 597366222
598724233 611780184
303869931 236445192
246346143 546371098
321406855 480458890
702952001 453909868
333259459 800885563
455125717 261326273
585486454 201402660
118466433 111207500
527438782 839500849
933332165 187386887
198922334 749628740
421536901 17078849
971571963 152340529
317016125 575364719
667953353 644309626
257634692 921975227
965793665 538259367
483964316 468546744
903495935 160557546
321333460 884362022
852908595 751161174
349755402 391685869
513899560 662221158
653356038 802641411
408288588 971904597
820400220 917078084
413540402 607279361
286469817 401953862
710783016 210272242
893501218 877201835
82455125 590865177
189735958 568079262
683518621 214145034
994282880 411610156
400996488 37066126
72677484 633162863
939349709 623192270
58511894 814331956
846824266 339815715
416571773 417024946
814147879 981825174
45628698 922392210
49009362 235517270
474798978 911969700
272970670 919699549
769071380 895934773
708801398 480841308
554426736 386716974
211998814 22800992
256721961 157367908
840578025 491833111
920363558 554467251
66327196 187460161
117889348 314339058
55507236 778578853
274007623 395625607
302880987 511419799
688550307 891530366
591035453 827746559
498747390 97329534
121537411 299447706
756946877 159968058
602022152 398870251
37857527 566165498
43518664 870741420
457036215 149025639
754726362 184056426
402418407 22602631
539217240 129003573
817693633 493517929
257658755 530872236
627404328 924556449
793430938 772280204
60095410 897057913
14556374 23777777
866498660 814490810
674217829 605215309
887527050 823822574
558910870 13014867
24747772 987215810
409515550 980410781
504858085 498550559
610889267 424252846
713670992 623914145
394940527 333987678
309890689 564290991
922277419 941329916
966498023 326646935
461305489 915388618
370000777 711347313
407433366 344455215
24253034 202656574
22073679 219728594
782873889 286450582
544228883 743983404
92098148 527362469
947348345 700938148
392783126 523200305
137512228 408974308
658735933 267984254
343445855 63185096
697989153 629433831
335441567 64665637
913852 224658294
749020294 348170193
773524798 291927407
413405218 744379327
646852488 399957806
262958636 88294131
143162212 615504419
503884246 614148935
933489761 510961390
937848351 582674615
64494863 729618422
821915640 750310108
355850156 121855811
12419035 301009441
755221695 639196984
589116441 12827819
900875250 339445175
986171267 35834089
540958175 362552919
973635975 283949635
633163053 239066993
697365903 54056555
42429596 11760184
711743751 441248744
41854814 847647035
833100053 193303243
529840930 144205000
892781486 236429226
422369209 406223043
755185337 753380334
904795430 284163806
338295500 739374513
744631158 617681588
170266218 297774842
670211436 71399724
753658663 138276826
433256760 253548540
330769828 656110850
277429830 998396876
303029575 407248339
95307814 275234961
85573523 821191834
969542548 457944999
769044200 959583029
565422328 413849570
604005857 472749361
280742678 84439010
261744258 819477953
900918789 845681022
531609625 263278714
764866997 665798273
161981564 782771001
115452598 59625860
165654103 377119663
35576484 672899536
992742715 261792010
146037434 835203673
705079741 857289987
190375381 540503500
149198168 687677049
35174463 313594782
999732624 459727688
840060812 29583640
703819632 661648557
392910581 576060161
293257287 123417352
811811612 145292491
491422153 229320886
237082825 278052957
52948824 366918200
256853941 355325012
986184523 157382390
838799790 288290664
714740077 629341738
649004986 423892007
365703090 984689224
653439555 745998297
543077854 335011573
591463812 734804756
443943779 685882751
843610508 760864847
626365625 555312196
19258906 594514934
557266706 80122405
933194124 5316733
295513145 227269125
990064684 934183733
417391305 628598230
899133526 233713867
854113324 960896814
301418350 338841774
773278042 997931410
536743205 343353624
883724931 233065131
686901043 913719306
429456365 922772774
487927101 495712223
101562640 352247186
613974047 295728030
564992063 313587928
530288300 416327752
277517054 764811912
977641962 445838932
236502666 708228269
16355352 113923607
703793757 613508354
629821664 891064918
595974705 485872071
352139147 303228468
664030408 750229852
799760474 319651972
160703646 146608501
75032970 113630567
32799599 392162182
953283064 525755443
173677237 997998877
931674918 709172772
837634300 621352934
575908132 415492648
371552048 853485084
851265892 999561556
143553374 717628904
675448789 863764379
770524662 356882636
481930366 224452298
216661224 386258052
603999823 768542174
669325953 446793437
208357581 424675393
337398852 442308623
532854418 39744614
486420407 412944548
240369456 302317463
210407966 944675231
111254348 694088327
52857520 925020178
884535423 177783570
548865332 590247158
592473694 445749196
391725527 653092531
332153370 782344542
778586994 786171441
818669867 989902257
941887767 645987826
368948593 869045242
473886742 266910645
180212746 148944259
66662056 435231207
873260888 672171750
984383398 846431350
660144839 303234193
45651658 635506348
139663467 991115162
747811398 433597101
111861606 619002541
756135351 436191245
721789324 28072573
704451292 722592540
451149035 336015674
106850031 337479613
107356001 899355754
883455427 986467087
330336374 358103480
302677684 474386279
972603479 162111895
478771648 979515688
869962948 343103657
887703338 841182729
420898027 777899022
579536126 868799484
562440585 758341026
852929836 127341322
368306609 901053385
137871960 406427202
878839865 536374039
274221777 169773925
74910674 165400279
260816011 4335823
433179404 53341595
847469261 954724434
463721641 804366249
562625669 473478034
549733434 420112833
293076887 978637964
808700975 227409466
999875473 869300445
4447882 73729940
372907654 358730988
178296257 421632040
580029783 464966157
730626399 364150632
824319971 107253428
214670786 875835295
287514553 979393909
605202471 968149966
858399452 206902762
628799497 335510795
732046205 199644432
34332847 170099237
490083099 97494050
147672497 131575589
746508142 406366533
986604491 196224576
908473572 434562938
880721986 193279215
261165275 18618048
309708159 538018487
959572591 525474664
782217883 91281794
588462327 923117311
580808603 638829116
490400531 242651722
857282043 621451041
380985906 407532560
392823501 578306904
645355615 51961880
894784393 839793368
358696068 742160210
457775429 72195326
930838722 196072526
293424555 244616335
544950531 906519763
713044472 149554263
371372479 197101703
922084270 622363497
519801577 836442891
408728475 377634208
997201501 825144328
20333265 852296777
186944261 889929306
519780958 994283081
63514200 645515396
635640052 911795893
699448064 531912864
407858617 519747130
920510764 78381177
199964650 547478077
192136914 330655688
605477929 877983043
546432415 379066540
605360711 878578789
837616968 10574979
851900948 744034696
439870500 374730496
111101409 459697865
674850168 441247230
191351588 895115711
127120856 605063897
136001964 521364806
895904696 290975545
341342342 299719130
418687030 917684671
114102071 392934129
124871247 15890773
563818943 297793070
928375715 449333582
31906869 695136402
675948830 300415868
640016257 174585024
977778392 29701421
288149357 304449452
305572879 378868784
542120427 585332617
807487105 697472825
814501270 526627390
41179999 172648155
863189796 841710144
917440417 584779742
759880639 419315061
81218966 779457355
885055356 312798914
754622728 250895773
533028300 779694504
242262342 625359933
121218866 584610873
919413436 264808794
737411682 461313063
734599520 334223633
561239770 496401590
408906605 169650951
184528777 425299286
400813882 651786906
281127378 751608334
302867976 869321748
644423260 364972018
874270116 619309332
882213963 88125568
681455214 557114023
95306244 69714392
386246759 959807797
28899088 822208795
110386944 382331754
20526849 94212519
642211385 565332940
64140567 471753182
676352369 202792417
42447666 920664170
642492470 660566988
60759625 984544236
571318347 469654607
13214012 5156296
508701349 737732593
10683916 646741025
387670007 775270306
925511204 755449777
569058780 963223440
799899576 819495594
212584598 206952971
803919856 212218843
68751851 42643986
392588627 990711087
892340029 796401651
725150999 121163914
173137736 216160055
4561307 951504143
501710727 3692976
69549855 546309301
631877595 670717872
709533428 690230752
783303944 7252810
848179948 187684387
892008124 966953413
397546504 971868392
396114685 882303505
525634649 193947638
984080184 749274291
454590147 404417664
528366606 81126237
497978002 835183223
647576320 959041020
769245626 66839835
376231940 929978448
793891729 299062942
950245204 299101879
568511280 171432892
317630879 288996907
935439114 26647711
802089765 548644567
682838781 565051425
179484617 308303804
343689347 34275913
810936464 528907484
108591111 732547988
857246147 464133416
703225348 963537688
60720629 986017049
656476895 651409725
67324428 984142592
580698953 154435361
879351716 932207908
691902136 387517467
421388873 491124214
736898556 12505518
943638346 562669864
562715753 972982902
536234550 420247627
181253302 490305203
607631829 700737736
336448515 504588921
428740948 32842566
842597706 251001634
779595899 960331247
47071554 765422960
718808505 81613873
797934658 980530588
920144199 398475180
715103866 70015224
224772223 950447223
477033486 926625311
133834727 371160681
941897166 738078579
371157947 591590549
950268183 624279920
735309588 24577134
819663401 93113775
892242203 560338114
173868402 408556096
712284386 312114992
715544865 126587656
620209732 220609281
466796764 299035866
172438929 185346951
381597478 900083241
102102600 237532817
613960031 511384725
800454762 478480118
930360311 705654440
85182409 922743402
755055009 778094266
55766874 923043576
786124325 18909716
186207935 610478994
516348270 617838284
578761360 298415500
251179980 442941413
705428757 130983258
490816099 636068928
624852059 330236706
486550857 422030016
230859475 786894993
162881757 564541092
807892644 674974372
564902209 28657217
772222205 410564224
123880113 255835565
845747261 189269628
456880142 224949867
913378391 330935556
758588530 159331860
514510921 673557257
204159647 984735081
567279832 896389368
851053785 324129194
723143793 16473167
263716045 744781959
359838396 530302527
309248744 356543506
693855092 274518971
935222627 28270372
963735117 479752299
33045594 41294032
101558017 774873790
936255679 969843279
364486692 391293491
25566355 448804225
577884078 272851708
543348584 959031442
332018330 221438263
585198048 399285402
568467278 426637734
863814337 70663309
782227321 451239448
509439837 145733803
239465715 154396441
173027465 529832247
983350977 426962763
279516233 186929684
371088448 600610208
198124231 558280671
299059986 942683161
199501709 52112267
34600340 256413152
154551523 803314779
39123823 428344621
960871078 587216589
115667010 453049273
377633177 394871356
297009115 993887855
277500528 359670584
200049524 494719423
472915540 496778634
515132251 25829996
678780435 601615592
961732197 140333518
577359878 627895219
687153866 921813796
257061539 696286384
671530950 632078831
217580670 314740865
573861363 681169182
569231139 571254940
666184950 495100269
659772692 671181765
660312938 639433989
384650274 464775658
172092192 884499306
194347599 119663770
986370997 703016394
242156743 982374768
772853320 596437154
528911059 586708194
119270455 701774746
269836096 664273836
470595241 73345492
424915788 537379132
835430939 989393961
918563164 174826387
190410557 888404677
136900277 117020256
894009913 146774746
777047920 224506431
392243522 181743539
403985377 390876760
828921190 431579240
233924511 178226515
574887566 468368029
840493962 741286555
537575898 37597360
392370281 207883367
33166234 315858701
626102472 423524913
24979488 715121322
776960786 394178097
273308084 409107492
461233407 282259354
641026757 967535665
930011920 562312836
240901371 536676411
829531292 337870353
734424489 262593596
643592477 970929465
309847710 607242790
476916351 173888252
192131034 510665026
375112083 935694365
712125394 277495770
234829 166417665
506861254 253463016
355430963 114962019
908627708 33995886
547207779 784061760
674938066 950454783
613943665 713084975
897543294 348229955
894717939 980452297
674993156 275292368
388095950 22159161
602045106 492117600
654521634 856942399
332444482 403718425
995845019 315973773
686795361 854208345
22693764 126852493
795570536 246325259
675309662 1852595
899854050 571479809
853420553 259638951
460458521 635728147
662665715 655527391
103284123 828210399
661179789 429763615
160963105 759011581
503243294 842940405
265005882 990957442
566794319 314681503
402548844 25760102
543579400 91332429
764187369 588135148
515290951 773768543
858059405 881071205
1897939 575107000
841943454 830000800
434567067 465159048
874215299 377295413
641235019 775888499
528655088 17421457
547729633 86306878
458014695 185889897
507464090 318498053
350926093 850345152
806081404 264129759
389604350 619328993
950771426 345356139
551883485 21544098
889280765 784947212
756992658 891879686
345683025 194716637
366620958 194271030
748550723 160148598
712547669 212976446
927614287 405010651
906242116 379412760
327057167 363679775
617549423 327208607
687869704 497495385
360570671 867360016
352167710 635707529
248152738 643517565
692062415 89937825
649699783 134594309
43517226 686328812
459718665 890530945
553753108 569122250
635818943 933755704
504141172 512807430
111392086 546462027
84979310 636139188
70825531 980290062
639972804 467748821
610355260 427412918
542820659 567317323
373905063 325472714
973081921 598307397
38295712 224400351
376391425 928801312
970178238 952035666
31706821 922655446
527258025 459647360
937648927 123051452
337413600 830887806
987938315 116390865
242692405 709275493
357147659 212499482
871238720 268416021
588862381 149464088
376337553 675412671
368951086 929431589
964229934 986094576
87846782 673927080
857991030 917677285
14149702 849425735
203504624 533043492
256567388 859726211
628627635 532599976
172135288 432022747
697297899 490322986
960199404 43355833
599116378 378551764
815709376 857788434
114905455 856310750
939365744 104330197
116749283 453801452
629781907 790112064
272095973 953576247
171262531 683781946
523519705 38807693
46680441 251623593
10890982 56420412
833095296 125506484
544013182 899692571
287249672 652820519
323085112 189451009
145046891 433949187
903061473 761597437
363761798 574016589
144328958 634595061
614220751 604846162
317020976 655731528
333437635 69775065
206234378 420093568
188187841 794909309
859003710 468746987
141394121 170199308
41547361 307741389
446474819 676798819
583438165 714512334
442820326 808400471
250675014 906488395
56014230 883212883
756912972 52736998
977620133 992970163
284525766 93825359
476718254 408919970
130272227 912388521
883793717 484557752
84249546 167485870
191242242 745207714
73001377 837624861
678557279 2040496
572754871 428711547
482654268 944471798
725262494 350456036
184680968 231397827
9716238 877785811
303600688 284812575
671598384 922207155
286506357 661803480
841529118 173121691
136324989 645963703
679028243 277394216
247377532 681789138
724904388 101268777
159156251 143039961
690196931 974523053
300736266 91127227
185176273 567728772
817124267 500554442
423590919 433270480
452793 427054145
633090167 364945520
112809194 341216436
588128768 557812810
