596291184 1000
395760643 10123256
972012311 710444084
858837092 495657435
608884206 872404907
220466324 554986938
601598554 976976733
202043231 422792856
893104026 365802662
440726834 664062943
857427002 585369943
961340904 894824783
304918883 300108685
80636768 638203636
471501768 521752501
852125957 43275416
430597662 741041397
988831662 161556529
231237278 583093671
801786310 25123670
937263316 17143244
922463390 927267347
590453454 125210347
739877194 78799011
353123470 420466689
80163318 62263232
987706207 182381750
878826903 624963191
492879283 60816589
6577566 957959420
441080875 781472427
395925948 607610984
48033900 700445260
144152646 679040469
13385944 459977402
819300045 572267830
706909141 91852312
445862226 256646107
424676891 221548246
512308617 204256935
458523596 589566470
382233689 96513289
384596467 94790896
963215698 716255359
151979416 347044850
344016471 32001599
929173624 523178021
638017511 168316424
764972387 37785478
154038270 233752063
92426702 766855835
80805432 790192453
869487149 138486873
501267392 727294061
152271897 290312363
863693811 640744664
79888866 554595903
632532976 214377702
917149814 838611608
995578565 916900708
405829506 821764559
820866634 450611308
955301809 705731341
344148994 949536472
922885152 943074714
51544433 462877005
987891128 853132565
617507421 480668985
570233402 850172207
437963025 807748557
700628282 283531906
632788987 332805859
982414953 777445290
233870473 874505666
496700456 612197009
677216970 899085484
816893451 698004309
285533820 206401927
211948695 129647946
622185715 662478209
903399347 683315706
566450772 675403327
697264217 268578067
173318714 896222463
637929221 550790818
642036395 204483052
446132508 542380534
941971926 728391493
107188769 341124905
837619474 293009077
626952627 825879819
649480052 848264457
823193514 431805109
474607660 310737351
44782421 569292008
623905512 117458665
619651860 268227172
664264603 713562621
710794705 924634832
901233979 408081267
953762208 451613634
824550911 87158936
338579016 849488701
732479714 947545502
532599180 921243339
512055701 653658848
577373284 686926889
395961850 289005789
601161160 417541854
866412154 592660742
162934604 435136389
216677458 360539564
406738326 261764052
842466651 317694877
10852276 319914114
941246450 714242483
623002232 360746297
172905647 393684874
25844142 357482273
188918902 705861691
497065548 693937770
299268798 990267828
817787158 379114948
621504375 765922981
682675470 841089387
284532796 900007412
746307245 116634984
722363187 451843664
268071867 907788240
14597996 375803920
753905978 104244602
721618869 722921306
268500081 951669555
939500977 17407396
509062424 771223995
246894990 268518616
30728387 84579265
523370261 957449539
689715474 891615845
194753159 144043059
874651121 920287425
129774504 565487513
31164832 847623242
510628749 456999797
175437063 77900433
846742308 520886694
465647423 835997967
535258215 452293036
670901727 369417519
699226108 167530944
139382533 476212461
311425292 752011010
731311300 515008777
519904811 969677036
851984949 979581927
865442165 28460224
940141119 783177102
639205595 328161615
359638520 929314234
673402833 760183336
291604337 778885797
163085212 92655931
259166667 976342890
220482690 439995729
441216939 769410392
605534012 612664920
740316485 176581145
323250787 10207427
852524898 41265361
719708109 158590391
274221838 805403451
121191277 181891201
941108185 32525565
155470070 58952045
132095858 125008775
977609071 309586920
231142304 672361605
453950038 639291562
296015085 937680334
906205451 706358805
185069750 668815549
625075955 954505892
647768762 355040915
143969215 526428586
837012067 872892590
963137631 104303645
278724992 407607130
67343595 437285595
574886928 578809766
834735389 619685617
13995909 647775715
23783596 967530737
942415816 667619539
456028707 987321329
24505545 485611282
360891803 109291922
156000110 745726265
922178266 345661333
608499730 542548141
171197014 16067137
642925928 38432274
186753710 629019671
953020897 534837010
169858501 256511643
40278558 600136815
690022475 221183596
669159160 401670983
425532741 810171639
980589684 126054737
751693377 865685824
393506912 315609933
739840810 218338802
915058831 287830482
899328417 940852037
593016368 689198967
233046833 133361874
7565558 819041796
772320217 126039132
69808539 283360348
531256916 829960045
714470253 69192930
281509155 831014728
505016083 258119160
464915757 864606572
728351017 435793684
842885441 383468831
797114288 317235418
899733275 752563324
83540218 746488061
693838534 73610217
545662157 810594658
163112857 632364423
729057181 229642682
429371189 523200860
202648224 159757924
117367583 288619116
706774239 498649448
748375653 960585342
654140232 720408026
914116507 935001340
501652276 279160886
528396261 937867455
542193196 831676711
740668203 480465793
768861182 659899140
252556449 974704018
578026500 498891016
962981664 868106097
545976428 415457852
477458293 423283161
581160918 215481303
403367000 98229247
418773893 141116656
590796928 210998987
88996598 136365196
945683962 723347558
382510483 828274660
220736991 122054572
972081922 707477095
15327192 555720954
357048312 180656437
393266058 787058970
22158821 353777679
403405605 526096121
687252358 115922771
107482353 849600268
220321007 3063184
575092459 444240572
171714323 83821651
665189829 536786313
410839986 992551314
951031783 389423996
194785613 963561780
230262286 892749999
38818678 697718253
55698105 567958883
442790260 644955209
81361870 32947131
314017472 883826643
520390742 41567134
583748974 55802290
520127103 928082904
183673230 882882315
822589239 514003657
255713248 532324797
918444061 623286379
407649068 45418841
587805550 957461067
605920384 969188191
527848792 500721824
408216810 495533791
239758604 142660202
84416071 794627585
585771663 120492450
744452862 902683609
355489198 516742397
769674075 270044931
504089157 389999608
534689350 52485508
719718107 738079527
882471247 38682584
87757474 717007707
703391314 839493877
677998006 733324377
99269861 122032110
763342881 711446744
123880848 656809427
564472504 894766637
570225336 844934329
5555989 483177742
742492070 949432836
374899533 846468951
456203007 146142565
586241950 65232293
222627621 906391555
438322622 113802608
467527166 713549732
55816768 818055834
464792394 461803367
283606613 631250552
619720389 854604487
950892470 945243781
518880751 200053787
49039778 995576796
976046823 660191532
811164050 233258345
60405238 85655628
108827707 269581418
204492374 708609199
665228441 345911205
571302761 87318227
478084046 763280394
228752831 422939098
729376015 684238613
664654735 458210104
446400221 244364071
96251281 464719101
319297022 184296244
582705159 707618572
358365372 801640210
555940383 89681991
314921953 548731243
306017813 916755246
821005458 291791659
649540369 933818382
969766659 763997764
694704380 808234774
438484383 980456404
384787773 873910940
448050009 487588862
277555164 614085562
535062181 172055488
17743114 856390189
671818257 654303676
825505747 931181026
160539946 394039948
567806988 916424090
383222997 214991214
986860555 213525707
338476328 487750252
885625794 693497874
348244634 628778280
320101812 378642958
772279411 327771368
823510930 411986164
177123045 402275955
977594382 283810111
376062362 394121545
399850726 669736609
282199427 831200866
631873357 509962233
161940061 97805640
824726817 476957200
837962199 498255319
611923792 99156385
25881535 131021875
661021770 865628065
220313014 324756765
412359745 165252381
574855432 365864192
662200457 14370340
414716351 495055600
872623615 533226161
994901643 396126539
173363526 414517951
10514874 724391639
840050467 150157304
986429430 598899682
926113252 229119471
52668634 781756057
49921643 661814114
58394626 218494935
995544883 413118458
642037982 9810158
662603171 493392833
323712003 887260452
507573099 87178315
235826212 137260030
631446227 376919336
260228738 679884924
261459897 780339014
36408214 441247465
351638281 707108762
971052523 967526166
228517743 854771399
927584287 506436847
749424450 931832336
261821670 640551901
64240147 426777860
205149638 180581882
755705214 267248831
746234353 245604382
214693039 200851666
98716310 242380213
740791529 800073461
597072080 955766489
170838113 358074270
407485449 218159973
684181211 858818423
409932414 745310454
471232820 300346107
412628799 784600416
442278714 851620771
266948568 120000305
261324466 196101705
778224186 120480896
238447821 909003109
500924174 78629391
435508618 98896677
950928843 948514837
319896135 486345774
854981367 77644602
975032601 279061748
495520639 256407388
227636306 969705915
523238113 408947461
98586043 10863177
663583043 653338860
798725607 928815221
176337798 36226894
265026497 555946519
183508944 124735502
788477194 310047933
173112719 284614461
557592851 106672277
8181670 923021310
417352666 244124214
831661944 920092294
990453196 190893407
969065722 798279100
2067033 276078020
16548603 645946280
302077112 813379920
712001395 550115719
430884815 668258746
123160910 32018276
755417701 988019309
341897653 456000853
410076033 355702215
741191555 988779996
566834036 18020647
218519053 615319216
131059442 640147646
724893901 595833069
629745516 313718726
497140433 968157382
443613806 12084164
182965255 121128722
181584975 215612238
227593376 687203951
653515100 877527145
595839580 842929116
129768970 525349201
775040477 976667720
325646212 606313829
724057876 786301294
414257844 482199948
323394578 671371493
986437192 634438991
420240164 670504434
302547577 327579396
218753344 144229014
79212781 55496283
479280174 665298684
615300372 543431151
562209973 441810651
818092431 921076240
147415263 376495159
841842065 16811290
450459360 940042391
687181987 792163471
285214869 571466185
699235639 324234008
567241540 176287644
215161473 494407146
652534049 96686863
187734459 872257491
572222760 955417925
466422788 817701014
576135300 734579731
394048340 212797371
122119249 275659263
912851319 613608923
232619354 380720989
467474115 37108747
627688491 727560571
681057551 138549691
148824615 998832843
737279955 571406880
879964303 30564659
615058141 61740523
113897297 480534097
543380137 701730297
177198617 564065209
802043055 97119908
776081475 189436469
531859068 350936142
296925777 697857589
849417307 113091440
971693645 832218934
409700500 139803213
528939166 807937730
382257627 79740497
716990888 780969871
855349995 701599855
925801909 290143416
304377897 738963052
123140890 226076811
688134598 528801541
508484437 665572021
254664897 21338124
325081599 517589746
342237311 234795272
806774229 19197538
383784428 775521290
671346534 467227158
953809570 895741497
142329492 894586960
443753214 972109612
82399099 537663216
357394896 422018951
815246006 33466584
50397538 924107159
598896486 506918167
645158119 92142437
865811955 357422808
446333132 772972131
493813024 688959855
816761636 200549991
969605331 980966131
56326198 475989632
853741993 434654651
513665830 249563164
203452593 755472518
913885465 478923129
773825304 523630847
50879319 11784125
371149580 496120091
179513554 320810883
366493012 836467197
275764168 580313153
405171962 488753477
197827956 820560743
946598862 446692402
477729840 816040877
447727622 529169916
169191566 263620864
957667157 14162783
437178956 582348663
990016433 791707441
778752515 933104277
405833221 666511143
912709357 789371493
662934461 506489388
962491862 918135327
98182532 497927062
249960482 403607534
104089817 959072899
867542865 433319753
582993750 832854245
139360507 954526769
34801172 945003605
590930018 719698724
748092775 991039511
906243920 489402714
644973815 103728204
986233364 492848326
844034541 748100496
399170652 897275431
153962630 83090608
528940804 590322504
625430713 144735596
529754225 578728107
82841086 46989721
295092166 397920149
213098813 127924405
41024586 311520129
236228344 356490585
458233764 69656534
966550266 821314610
759322539 284490945
493337196 798681765
622317687 377424786
570202076 346270129
338294880 670387383
692641118 8473185
316454227 546564882
197100367 313652
311564944 405730862
721800118 374569029
574021274 443613836
701072051 801872588
276306688 305179376
570262926 979093111
44435918 348820531
252855114 815562940
821484464 440008261
3704105 487198067
473437778 740292188
832784579 653288361
205082101 679713670
802413504 150601066
859914093 843966292
279618221 482857713
469024718 158504364
148983449 947160761
411782522 61558509
951269215 408050235
157529196 692255826
302710069 492926347
365643407 615895255
693100557 892434617
787306626 764970521
845868606 449481368
53661673 634574225
866466220 227776324
624106487 507426884
440135956 525563050
325944450 877249413
238534950 309360317
490747106 944616307
18531374 822922955
980137235 489791008
864783074 842418782
409347291 564826394
702414327 705314743
976956584 306623001
752429435 739147075
540853135 144794329
601111710 223094771
669285910 234931179
583332526 782420542
654903425 590170632
675156110 885189628
133198103 887042827
346678356 470216951
540984551 317139969
289320833 924300317
23203269 749402685
504392871 188707214
34535462 994513857
917834631 597280869
806704356 432075231
94147600 855581215
411367699 603996368
57667476 996030593
683221761 789343907
709148298 10007849
220384877 884542781
151457664 934180077
425479343 121169207
74454157 422943950
86541975 823413870
931113390 508465352
726060295 278966426
261545995 23317050
580163588 459146909
263400738 55026494
512942523 859442802
683077179 965619330
948430039 834983094
576192429 479880368
944780423 657607232
386125189 660900239
975697146 458172371
657077314 309202820
894668763 590777918
527466800 524457886
955573191 95595883
92911244 38077413
335589407 645758773
139203872 965935998
616902432 542349916
746179709 702640599
237811946 807341504
354765374 439791123
979380612 518782942
623562230 321046530
292022943 289408686
612321244 355282369
298058752 785579889
430626427 55444075
760569125 472758275
285997024 323476554
702414423 184364273
277909326 636202319
144693474 189752870
467985834 358758293
610805070 741723518
149568891 85203286
971526733 954845069
341189703 844470736
987532613 317612794
229477545 729667825
610330115 835607799
981971673 645019860
391717141 192750886
439252407 346531650
478510459 546007241
129032579 222569317
332202289 600345690
290715142 359926587
656035305 589836640
607794527 289696830
2947123 482008953
58658037 771195705
933242706 262800535
252797448 468697061
223893627 498709819
799609626 270760407
854423244 801634765
452140746 556422078
278751518 904445930
7758075 622882482
352161493 438222021
736417434 82776209
564960672 693256177
702508526 819245297
18292025 82460809
559376661 711163982
754928246 25276597
863282475 954903656
632651718 402944991
482761425 831331530
274378729 551626600
812467881 557270042
966644153 961036948
774973161 967254963
383816417 733047031
672405454 474713009
302705937 335868441
958919998 111433246
510122282 42059333
80487716 20157221
952975724 878436992
348919109 110394950
643218106 973086341
777225844 723753556
127155693 939619855
629440941 630788122
843683746 551532193
124807914 412727288
873928453 328831824
822753700 800006303
19597905 311023329
865849385 430422695
164837146 790416910
215022467 120554608
383905768 832458291
882855904 469976480
702567359 779325328
800195389 724459665
54801429 929442771
762779731 183908989
772716114 577363869
443863157 959744390
45883132 126093132
530043599 919202122
513177397 576887376
922663592 343110850
631564 416871705
91584329 245414870
228876669 251939273
804082708 836947352
395926869 443579864
534925859 862057684
303336989 577849958
830796989 748779716
147612101 152448282
388767064 22969574
192433809 542930943
673489423 865802710
320590762 81125712
214810355 140233843
931239998 723827379
499894779 248762014
721670690 484112787
141588025 624736995
828590571 419012611
60858156 141643233
40465260 699058056
879958499 418547698
235396701 368003721
50384181 183813957
679462093 808100878
267966008 429483322
856324023 106981904
647675448 617404903
862990291 65532435
697387582 661244618
494379355 283064611
151579684 791454022
53509516 309308677
782618119 930404943
427329951 909429264
803791848 336210048
919187329 721439729
763168987 334452807
414863212 204756009
172576477 438806143
275255480 26279401
735635261 429910082
325006534 602231081
552242921 632472017
749978408 265081859
817350036 202148353
725112917 403911925
417070949 698468105
56303820 332795095
727409103 494899041
977652587 893927963
102290744 579203096
32133615 338597868
541543016 292081760
420066240 331788244
478642200 102852769
22636156 819174509
538451748 10300069
268660842 474213759
741567493 202339993
178467897 506752049
834615609 441222100
387537681 241982812
192504843 235675560
177061161 164516257
327185576 415703435
269423321 243049807
702163341 533888989
448933776 356550089
13339557 58064537
491337524 236390990
404058706 70809058
948097999 827525916
594087608 794392209
295405201 101657345
987690161 377823537
118116080 550185029
341686697 185943622
183603453 779607225
742711061 631009624
761286940 599105637
634177131 530456650
824431347 943709592
275919931 884732427
575264565 403206759
976287072 949709871
346527982 955062350
673621522 635380958
539805753 938722265
38767988 746898932
704555817 653477261
699743277 543353793
20308599 467446836
401398535 731117642
81237728 36332421
921140379 87179946
64367111 267526851
992780684 194975878
835146168 219665247
73212260 92810643
369939254 858729906
150744738 235477546
762725374 41430559
916200907 912300578
992081273 32175707
851386170 488952422
457717037 55720024
901285502 37746686
785545836 798648843
736800746 14629562
330250697 123594768
754226031 427256398
646075070 446402781
235677888 736618052
755231973 783469777
914421811 954164855
694493671 140405691
642761121 324212281
384278628 413626995
173376325 531246042
820992739 55454262
512225678 19093006
711361626 136420707
814476110 372989937
230324352 195470365
938011772 471766114
162756997 724431816
943013509 374185912
468885180 731224337
915101133 790565377
54941485 499371633
360904993 597316843
102235587 999880603
310171673 462863452
246517797 380664931
230974824 915386032
440391648 798221714
330706379 979784483
504642093 121798755
777303492 235048580
663397456 928671416
683077171 390932857
214713969 346616956
889710616 553075961
907769563 510340589
719717692 363053319
312449606 109764600
238176727 4202452
902140639 747500553
432471054 986464902
56146201 303849858
664525409 607267282
736633239 174981330
613111391 305280796
155038194 40134634
425007705 735121169
124495634 153422655
564102123 580892824
746643247 613307356
911538949 24683472
862497493 71472387
978454117 892303277
676157857 379255950
785292495 846972036
770214175 654845910
832577858 707043395
858609299 100179284
23962161 320691632
147860516 35485004
706116387 69063412
348521149 762613984
457459034 927785746
456812770 540287120
505332923 638699430
718909929 426011000
105012326 406290925
570236639 294498125
607090092 508947528
216178614 229056308
829427159 576843420
620722406 515309843
633800941 650829121
528061454 958480267
290515483 617226320
621933437 60677745
156360056 423719294
71771884 764203379
162993909 177613547
972001459 583279102
535747842 438743265
102613466 28253325
939443417 631580643
539863620 478894696
834383601 620903441
904663549 682806377
363798723 915693322
724616794 849878046
262537782 814436606
892831038 560842995
496816043 805575870
901296542 80312064
534198614 238991019
828551790 226514023
380480554 227128373
596658594 27317101
67590863 651694353
775095213 813817868
80514916 233751239
792241396 949268672
252002053 3408031
529691829 360536517
210670517 428832917
703757225 870775524
19488669 95008410
841942419 168927297
15484763 839763779
876996369 97239706
592016992 870246599
213022040 801062920
909439448 524627843
527143350 544887425
