914341888 100
464558474 848780127
127280966 5897436
792831772 746481657
129663041 59311948
443713408 298777759
977720407 760615282
447544494 832238738
922883871 848508984
132798784 361478028
477753535 927487224
296727570 874427049
751376930 797317115
792676006 913755186
252801784 97147564
733146100 219532745
203893716 8869636
934642681 328600421
289070827 955702818
537921150 644996420
605011522 531306750
683658339 797664031
123443054 776177167
870358188 22888993
758495325 620101119
787297992 852402943
522779144 308620670
556909485 242108882
346476849 563643952
812526582 177510604
71696575 675019153
375991800 654873511
487363518 277693753
722172389 926477427
340765497 284950336
188146305 879877918
473038676 541085202
612875787 117020385
414715016 452426390
209984466 813930346
90136589 642376549
724383381 296951633
735999365 205412597
507262852 865207800
369975063 11670075
35452014 24743635
223536966 956656808
78780583 671730372
884044806 168220601
47125293 587725051
96671738 814788582
187154443 664602153
517893535 215625026
795783453 493799352
395184125 886360035
647508470 968876564
766708160 459090740
284518174 285411027
517593538 71961629
585262855 688521973
216533899 242942576
855257229 79638574
385661614 586925742
542370191 711989745
388205212 410505597
254724266 93533752
98652031 903842510
294905083 286674770
913672720 996194213
794271580 173693204
466957002 890384466
154455297 846447556
836000966 717435175
816121358 459757501
750434293 377788132
994485515 903432186
819513368 140490222
262983292 621096438
586715119 315686968
337261983 267417159
921114944 994159279
758108155 795119004
519005655 512243758
347250746 375675516
537025394 539781145
392177044 779698626
862326101 4890982
784796006 397151596
632675955 669746481
359438319 243166343
272984231 314107615
892650410 160754201
210942824 750731189
298983637 942786420
813896496 641247335
709133744 133360012
649363165 617876403
932042236 110718534
97093342 472929705
997763537 134543904
751864831 375545616
