100
438152645 437694159 78010971 276717562
16784022 13965785 8531965 3372801
310619034 43107690 288675913 82326390
247749095 12707172 163081520 241662292
588266779 438329954 407294812 228615038
681402440 487929986 308261146 622320082
736505226 288526458 277467849 328346323
838073834 811295350 96953968 371394959
291072532 200943629 37524260 219601485
171840876 63557172 41473158 52544383
472737649 11295766 239935618 459422698
104065451 46675898 66164429 95420663
327992954 242780979 205768068 57259403
84505160 37953092 80271928 44985002
619520856 420599930 112549210 255303259
734459842 726514531 394583530 373575380
927543438 550515977 30275405 112069727
176808472 68557025 65023280 148535132
73481239 3853885 72695659 54425840
78552382 72898265 48634207 9381451
289197991 48705709 234111315 81580512
363736209 24182529 5832679 240487502
33864032 32732983 9585353 13121025
757906737 498830099 441982680 477862324
754581489 737484577 692345087 386212932
456794783 438385830 1846160 255827740
788797166 275752594 743873348 357410512
957395756 501679620 387186918 182221501
323033063 259504989 102150020 47295547
813316131 299792319 458229086 44691079
628956210 133020054 488081944 157736613
29206011 16201844 7502457 25965133
40450163 8101146 26963012 39435948
484509097 2009117 372822877 301938470
426012440 232642576 15730863 387849154
917268254 374885727 99078725 125768858
274480050 37564455 215912654 14609609
268587799 13711451 130039347 91433969
664774768 587312007 180648912 89032149
437399153 52849111 297971389 353914944
419159029 73982559 14439531 255677443
882434285 182902789 500587367 400805720
719823428 335177269 376130325 105501165
688646770 181388271 413034132 98170615
195678652 151730151 40991726 26512703
811251589 488986359 74502989 182077898
242043057 64901790 173005498 137692103
668092475 249719619 450105414 602147211
121106822 39650704 61379599 24984281
919941782 302136101 795183883 119911671
988726358 821198729 711946060 119351002
131086929 96465463 18701457 4093205
414607812 288103018 239058614 114066489
825020734 178656741 164891821 483613327
335177911 304993046 301584529 162750208
618874322 70353827 615439032 585245065
847773925 180065651 429871054 614606009
507678554 17104107 489647340 79720892
583284344 542558295 87155500 265610311
512356054 402935436 45174828 446014640
61931626 14302252 44340606 22593381
268727076 51936716 70951437 77348154
241220632 82653779 20622230 27777858
938526758 880757306 841329507 63644498
289657874 76808729 194449501 219455048
183506267 87727031 4152105 113430007
944990465 571318010 936063979 291793160
438628504 221854741 20663697 102867506
528292982 265448229 350368109 446333838
532780461 387911396 265611801 369402215
920048428 483221169 357291419 686664468
618434488 289379057 241961759 273339003
569079530 307465166 383670979 434224005
623345888 116549682 274857868 251936452
970873659 269967737 113389719 715996013
438816615 2549160 140700644 146168682
453263473 362412271 274342499 342852024
282431012 222439995 155241586 94166431
414972158 357931122 267883455 211220556
208960107 31346575 38468413 55587994
394026095 114927338 251521666 382719089
744243070 75045571 601823442 701447105
152788786 144196920 130551891 93933212
865001129 853866551 142075233 641006796
199225646 55809751 134462947 80385048
489440348 101547707 483646083 396947927
788809438 187951529 80295415 436340216
559210719 24481244 513105337 284423134
512226686 452219376 273423700 6436911
31959627 12348413 28798490 6478578
587581304 151473884 268138036 459266423
557026154 136574576 415562032 209582792
13917470 4841684 12115023 10728027
385462268 303287020 206839725 180965317
334812295 79543175 60295991 25822994
190607827 121351735 118417103 92200766
369753845 86064382 37147754 126893866
40230520 19064396 13808354 35773315
679160429 149841907 271329727 382560655
568506110 177163558 286531332 431012347
