10
419 603439
717293 84821 9149 145544 833946 221107 909819 792557 703131 200498 416523 358135 738400 410083 483195 231014 519650 42529 359047 316098 22388 767687 207060 917488 607898 184613 486219 226975 233378 689639 705399 685033 990906 944643 829114 716124 641755 16722 427475 560430 377767 124937 795687 418862 167503 186895 618744 880151 709833 484509 956632 455925 566992 552880 749222 601724 178964 588262 915765 733641 804673 317127 248855 995701 707615 391955 19035 293870 123298 166471 356567 362211 845576 167059 239194 646520 197801 172411 664634 885187 613220 884469 736104 198927 204483 241209 931182 772031 590844 996500 430700 992184 107796 525112 450970 623077 525295 708485 844365 687877 131680 623021 355936 303350 604603 712844 549813 555496 673605 884023 456029 730547 316669 892903 995914 590301 859570 104448 145848 896199 939783 353416 151360 133817 585235 205132 130630 260721 879074 810487 940934 699246 72730 903005 57044 551194 358069 234249 611609 315234 438925 87975 393665 420033 268445 541938 169412 70534 313106 386690 319092 110910 729660 748686 10752 830753 594246 687658 836894 67688 935033 406568 123386 929203 147547 234593 590815 980827 307877 273945 7316 122979 80967 51852 130345 168242 819460 692568 309438 260351 199294 882884 848520 198219 536718 101774 997375 325045 32680 92321 761401 221570 394091 875941 258310 710143 817270 101880 10891 310769 996424 953834 528529 230982 744555 635085 266296 327023 222117 487991 128890 260834 77153 134440 313206 375641 708954 215429 854649 660373 410493 653628 510604 27394 777066 632515 111368 11021 425912 955937 779913 940186 521439 782074 771305 462944 830044 907641 386289 587043 102394 854473 36575 978557 514584 358191 722823 363914 240230 274114 753348 287118 235279 225734 867506 597722 376994 476546 522193 985637 616071 12046 681173 899639 666477 99771 354989 827796 970877 352164 418595 323300 673963 146402 807516 900331 613444 36292 236068 729109 983288 358145 705437 682827 8717 127628 278040 938734 85886 769567 156911 23975 896555 412883 612274 166866 516361 254719 937587 691077 616893 286600 835584 187094 608580 941918 610016 574935 946287 632628 422166 840511 532984 995367 356987 720454 955073 654809 752523 504971 912129 870110 326463 290055 604628 546140 515029 651481 278779 791673 976878 929114 157609 402430 633090 503231 51072 353311 494675 333760 44248 35904 460216 565286 821001 130611 875484 794749 60419 994882 612423 838122 254904 92295 646893 766812 963856 641571 948846 52030 50280 993264 288859 330277 116902 448098 343319 248888 657155 443296 250969 53753 752797 273500 251370 614901 188812 527177 626384 715198 438711 631896 194035 945685 375341 916415 978809 549162 815687 46892 460870 47835 822697 864154 799098 758415 23119 24298 716514 160445 705072 982004 674207 641908 571087 882230 724656 562085 971188 261761 207525 100372 500783 986974 499318 16621 93936 955208 569179
81 3925
460293 734276 924294 692599 895083 4133 759618 647230 427539 931877 40487 119973 658129 950340 596505 728680 371408 30018 518088 242509 494757 793027 772368 245353 525469 310833 843608 856569 499510 842576 611671 910058 41101 887403 857440 534582 381135 502154 107829 848339 579549 973868 10862 929350 388205 186795 297622 825990 997607 305254 333919 107849 433489 579779 637646 781077 891810 992912 751722 714109 444931 559586 708653 605710 286653 974893 958113 415255 767878 108798 460918 939206 677023 207988 48221 512587 944099 614345 919939 846890 987957
207 183775
785888 648703 633221 648267 957944 932366 899203 148150 274549 557402 538913 123341 460290 815511 69869 589190 614558 619471 616811 164338 388586 665494 469799 173269 48528 369989 552397 959684 590584 842137 500729 323764 506498 679038 544141 37818 684478 300787 187186 384205 325726 128697 678740 593699 419771 74701 793792 762924 870669 286759 519396 541430 440449 82608 572248 752795 34919 792799 455572 317089 866107 925092 181606 203265 829710 260146 678981 642007 172821 328018 763705 651728 937693 445540 658109 440273 229952 238667 906627 538860 851693 787512 96024 163309 789692 525187 555775 303263 655854 6983 859043 962498 890960 743494 169492 501548 473372 622353 101006 280288 86937 944396 252282 194811 584166 222339 16225 172978 731374 271882 305008 208311 620088 549846 824461 375603 170423 564157 973780 755047 241633 389447 793025 953721 764537 850325 844562 502659 439133 457243 80032 479039 860419 778408 262409 407650 865766 389651 585973 922381 688887 778634 434971 388006 364315 288388 218261 798855 964713 657855 315381 956522 504513 821594 363622 437093 645550 229858 915373 162195 243155 510492 947440 192006 595463 53327 375432 673646 418598 277610 925596 392200 246781 103659 8327 911747 813737 681389 572712 284671 441643 236254 319627 136605 103129 239076 822393 210277 84615 433276 591043 434085 37771 729534 152218 323851 984317 896639 49319 502371 324373 965790 974442 485941 120014 643441 854549
148 476078
257400 436612 504049 597523 187183 996782 89729 117956 453570 796960 502965 5255 819289 651434 936890 699230 349958 640224 176930 724674 256448 532884 443853 508758 85796 983312 171431 120874 477995 172843 351962 420877 390962 767288 103979 523188 333212 265673 179191 146261 587891 357445 643905 834627 163149 930616 915641 828410 59510 662047 361649 704195 460831 355395 942872 493001 38196 842463 651685 841941 238976 880134 196152 64754 730481 401328 362270 201948 496399 788557 806240 336372 86582 861010 922283 659331 993177 433883 976348 544595 30560 947724 571952 876998 102936 322037 133829 217662 573721 211521 402442 244481 774612 817743 261152 366096 335336 994062 851916 322991 63719 83603 105119 887773 839696 84976 612022 248517 785468 550541 848614 120472 416016 134244 53871 377471 141053 837824 935513 667916 336715 234614 730701 763627 134671 217673 231762 594808 858106 937790 901114 647478 79423 520026 215753 830246 899137 558700 203568 777338 676095 320811 390600 21013 33979 312164 34431 665947
471 495501
60328 834978 823669 909125 490760 94280 93458 332426 612287 145289 175323 829373 837230 546660 107612 230701 141064 863708 557729 395029 7150 261428 848613 280410 363219 253545 405166 812601 439005 672195 946981 202189 662366 872992 998575 702169 213157 29765 703299 941799 454048 874218 987747 115987 480962 601306 897751 782330 486937 605838 465613 481995 973895 905670 93625 575313 781748 997932 854108 295393 47030 606478 504398 279462 229156 560392 155502 428701 921453 317805 672544 667671 478439 36598 368122 578116 417267 683964 741481 420036 700179 393548 889185 764687 73326 830480 928291 239414 634025 882347 915243 119459 11809 968178 285242 265309 526902 541089 866167 41467 360778 384634 889123 105451 786533 580134 63257 533414 245021 331180 895734 227183 623749 101465 902574 584354 12760 509528 109442 298060 516523 393078 66744 115615 858383 276586 832007 904259 911943 554943 604674 991587 648434 803985 661891 8271 834162 827874 796415 687520 641131 874831 603984 358636 108079 466163 551656 500018 595346 61022 15760 841204 368995 875001 26023 172891 901718 862414 673591 4619 54822 695517 854743 367713 698076 187631 856918 186172 756019 278925 715630 770526 758435 66229 956357 546537 759133 374591 607851 558010 291218 42552 144952 590663 770437 541362 576505 405253 755877 626909 800048 953473 67082 130313 135346 632970 573936 306740 94305 217475 458259 906869 557871 762503 158249 896882 117203 334521 515520 547034 747305 91463 811660 305778 458235 113624 664130 6296 703540 482072 642493 212093 180701 122217 717555 36051 393531 547999 720691 240276 414564 920039 599517 922623 657599 691711 57597 649313 198927 536501 788177 755867 468116 517036 802966 475783 771727 764764 165807 613376 774714 658351 665281 683233 185824 921346 21148 602570 754605 754960 396191 152438 390259 612380 51998 607413 248472 567462 190129 448501 171606 296367 404696 693467 96648 62984 122864 527117 323821 965577 209583 441697 546926 833678 806837 536306 481312 956213 784334 16416 522561 652554 949189 821456 116768 312826 501225 464236 450404 360652 442459 301427 242645 853831 103734 980866 885774 855174 253501 44723 904704 519357 86373 297993 484664 87110 358136 952759 503854 820120 511332 907259 852291 563437 123725 719517 452399 663115 783310 995340 227300 303953 84582 697005 606570 389408 178342 371018 607200 628385 130638 377579 223309 786480 29799 744789 610943 427503 541021 171867 786390 605953 85711 974321 932977 912395 343756 912804 664843 102780 33869 182304 138830 869374 428320 214705 205891 630603 911374 824295 12381 397088 404803 426937 122536 781322 604389 32278 537456 95015 352068 165167 926075 913266 833398 58061 466338 36167 89689 950113 971199 391874 895218 480098 228190 147580 857440 557998 563653 428308 714749 45673 498255 61595 84274 287563 257068 681370 523505 511521 698892 159207 81693 222974 809278 631113 777724 878365 464319 862292 958837 294883 488920 451407 726273 836117 911883 828491 846512 740476 494512 845247 252793 60887 487604 460309 425117 173806 993758 888347 501302 846623 42768 371787 381215 273007 476779 575112 307679 569964 378932 342740 891490 853120 840020 253812 925273 693258 492792 511355 564087 638452 683160 371268 164206 116983 284123 800462 378359 25539 165516
467 238567
58865 533530 171840 330412 627264 487823 246647 870276 212723 241767 82685 844313 108073 168526 980779 197128 827321 401619 923112 766508 795880 233069 740855 507875 319515 186276 956296 430623 292022 265233 395549 688070 43435 711854 15484 204643 842966 310395 774524 18795 298754 875481 581622 644321 430039 350677 301088 806953 399720 963145 445860 660940 782181 647603 198524 169109 220590 438081 193698 357246 656469 469175 165347 653342 424172 364460 837389 473961 484061 440385 586243 816084 846168 720748 347539 847250 942511 230081 831456 482683 31349 668199 646558 346852 797123 365544 485937 131656 500221 517803 964866 786066 134880 230910 553118 717593 870940 625825 806047 690793 912922 869814 618385 833993 153579 237496 713264 349041 335340 152815 439748 434544 278285 975610 96089 732535 557818 442389 591516 625529 54486 641918 448 833080 770227 430280 743576 562653 322582 340294 461263 916045 483723 289335 483167 183821 203116 835683 72915 652601 691770 719039 172590 175563 922381 439248 132583 391446 212169 506500 68590 18725 302257 722628 273382 105066 726021 218504 776651 489084 446602 398616 724201 242299 905654 818890 44631 830044 427468 161068 437879 195699 53127 199748 620533 187854 995587 66458 234451 949725 921824 991723 639873 907965 599833 19060 856728 330092 688678 573665 355709 886479 542976 535507 52562 887704 354967 147165 719941 238813 69263 728726 830702 741390 92100 462532 856453 876832 408513 879575 977806 464646 728082 742888 565251 283332 916876 846619 400779 918715 440320 595605 880564 211272 274394 862367 132427 939369 633928 332085 897827 335123 561935 225024 555541 576793 241429 471118 722774 838506 109061 148870 747441 342657 625777 762631 921343 119641 429735 594439 672132 341237 354909 658689 374889 438077 37359 310349 755109 850322 902369 464714 287549 88551 833950 604334 673429 922240 641050 941565 332898 15115 957638 627699 427755 266958 266226 655272 267286 520641 229910 413998 434567 952809 285914 373831 455790 699552 712844 275232 597537 898304 553487 479974 627690 279761 703549 532293 269538 350751 712401 832187 393118 98761 171321 448384 383590 214557 506585 916094 956762 982823 883992 382087 57128 738974 195290 237589 652210 449042 145472 792594 142247 121214 623015 180818 360619 116316 55911 527399 696176 912570 462370 206438 904653 73416 673882 704806 512107 335807 178312 517012 422198 787927 580816 648919 186483 827217 913075 695218 887352 702054 439663 790687 137500 283493 194290 527574 87399 32083 520239 822011 777085 52462 443631 842492 677723 187040 297428 781725 864492 806659 935097 489495 336108 48007 497967 203969 155253 766887 323820 10301 62823 857005 606873 831539 418841 294 80442 812556 145685 405361 345875 446569 662898 321536 662205 550517 327100 609725 782573 783645 544286 110984 535881 786350 721001 425445 910519 30693 234184 984562 837504 405078 286243 825577 506075 852539 578114 205542 864574 275992 262959 652781 860884 888027 206344 567824 510794 985913 600741 177942 642231 617056 171964 584334 73106 323814 525716 791867 811273 166602 962232 333455 744157 223395 753963 598712 678036 207529 772215 265771 912345 506701 171886 342961 396688 760596 861307 426380 390579 1157 819635 532322 426096 986718 749529
391 207807
216696 977749 715731 836043 618274 861441 488575 39307 35929 441699 942379 76125 302131 706373 503630 460018 532265 416440 499659 923076 427979 562446 759271 706357 912797 401321 256065 906427 6580 808101 837491 254563 517894 780027 238217 399151 127048 178494 421234 235426 140224 881087 966654 361741 120518 276381 869335 121801 150924 441583 63161 197982 798372 241997 246945 358049 537098 254972 526468 926264 473045 885028 29325 379316 190338 913255 314101 314039 42723 390347 631768 832164 469740 226569 977681 23395 472686 113126 522257 394648 746991 247822 939340 975338 496171 430248 822763 863053 530476 318957 170804 212411 91733 296617 20537 884306 722559 344949 572357 779173 883697 806597 181463 786632 9454 241517 53273 860189 1838 324636 137288 498721 444837 177607 971991 21933 416339 14044 119142 869564 458908 226453 982784 780450 219095 831510 953293 973423 578321 243463 56372 909360 714820 253564 17697 324984 219217 568588 153992 556179 260026 48303 348837 489460 96981 265009 239153 133820 451999 33536 467886 720794 710776 978845 225483 889800 158086 560268 768508 410410 382579 318067 238384 716366 646844 188065 607038 959969 724757 993209 394160 334182 493201 632523 715326 941304 662062 952793 426282 812433 153983 109969 645734 578635 693321 130179 717242 297860 184515 854795 277001 505061 531999 822790 648332 231205 462264 137709 232664 415546 663441 170096 566038 995671 213888 722981 524650 582316 31652 394651 959193 498513 161689 102662 215870 979784 208338 426213 778276 46710 585851 633205 562006 575022 623354 866490 950450 572644 633010 85961 192316 936527 112525 528395 474725 336590 21045 581081 431046 724734 535668 600254 395092 603045 253815 770700 331750 505331 276946 66961 856211 28337 310076 838384 396274 272032 654452 42730 744350 50339 389404 661066 112348 551943 26103 558473 965868 950968 930685 124402 37527 760958 909175 152189 608087 65267 918471 405650 470151 612145 386837 992387 338140 238132 120272 311186 13938 53510 336387 511822 47367 532043 73521 702237 774473 315503 719787 232242 342410 636115 245698 208006 882824 377070 442983 492599 421584 750532 144632 941323 718215 903047 337247 113804 404084 383280 888499 963129 515437 243382 745651 365116 860659 143984 770918 287954 913505 240434 939100 105538 447843 98675 994012 376936 865707 952402 846690 940668 351835 5043 513924 904803 811243 434301 652981 434290 499735 525955 363131 81593 118533 812551 751737 97956 843544 442607 185226 612574 576165 573602 933757 94359 556136 201048 850011 902048 123447 858661 454151 6326 899555 294149 647585 435757 76428 578866 844182 873717 181239 609614 579397 41485 513991 496655 222053 654292 828602 578187 76921 533325 471635
444 206994
218794 425369 795801 728334 628187 773732 477663 576600 257629 46159 535948 204354 944298 549941 266230 992166 495157 814151 156471 434203 137869 253760 115591 491175 238901 988011 21205 434825 528952 755226 632012 215664 461014 777762 252835 44079 970582 851685 398203 773406 243880 510293 343900 159284 177258 659527 67802 242299 414354 134038 369914 134496 814322 689399 649445 972238 170182 778603 299095 922724 603584 913237 28223 797839 297892 86491 359568 736401 542203 254342 125759 295681 938514 550668 906041 203205 758693 837208 735412 776699 533217 278687 240138 961637 582325 421828 155668 439295 854487 319094 570424 310942 617690 151318 907009 478100 559234 603210 6871 827973 872106 643068 985138 417808 861838 232646 485039 593588 693352 873922 91422 531234 911890 715631 720748 772545 724480 76850 538879 105506 558018 940427 709610 581617 38627 867514 418426 202305 684787 351248 504817 305339 567932 8452 215109 100013 539580 662565 295241 968220 962546 868905 478754 202930 68212 971464 270612 472315 691422 476833 419974 330223 68583 806388 189383 565468 87900 212030 767034 347577 642688 63865 525522 883910 675862 102410 396924 664453 897616 300539 520591 586025 845621 847954 329467 636491 850549 71532 676811 140783 280093 638928 962512 201977 391437 523155 206629 508559 124390 378036 230709 238097 388787 293758 59488 45201 825400 364215 80281 623023 530563 517354 577735 221397 699202 167773 607502 918434 280912 391979 21334 223127 612681 383015 117718 445136 882566 626709 208695 191558 726344 215285 57927 571077 107638 400906 484030 414101 908191 261128 730085 503506 423463 442298 347017 231313 665559 351557 827283 201770 958856 987573 563921 175853 664608 900250 242037 568432 715690 946023 254203 265947 348152 373924 736398 860629 801251 659098 235388 630950 70136 703369 191863 486571 825519 312634 796405 818754 121451 350595 800922 801634 758344 689762 718536 344398 484812 992652 383845 956567 985394 347428 370787 178978 518251 482140 107255 743326 102295 933746 963654 257988 320654 565444 837643 691874 774782 105854 772251 85001 667529 65547 220645 250540 744731 560085 890310 440734 128041 102387 887702 886439 255551 11962 260898 920184 995560 650139 542283 144931 68296 600428 170300 843125 597987 387637 2794 645090 511965 885838 289487 81744 364667 265726 757799 952515 533601 135005 218900 757772 513790 330003 600205 424988 475742 992293 136642 348 591801 157239 490596 417684 313490 232775 869762 219721 323613 724925 997774 838502 122917 291680 694976 121564 877913 168269 16660 162159 883930 772326 178886 240051 356316 312109 147822 464800 587460 310946 767441 643706 496508 584295 2913 944712 664794 16131 661575 955077 74070 603465 418064 316109 966665 952513 403468 602384 818714 47854 628283 403974 190944 535329 104755 831797 291077 315611 217829 678829 457169 460825 523715 349293 591129 578735 530918 133339 813769 168894 488277 837682 295550 140208 714483 60125 255387 541734 592074 299429 519340 343861 96613 902874 216868 843425 147995 620241 644633 396904 551871 472242 142153 45774 290971 775219
172 981347
202154 798124 903158 634454 59517 16 22089 820508 987491 645203 962600 209729 49217 528370 14494 801329 428268 675704 716425 81021 261246 41172 89235 273385 685132 901387 910073 272067 891231 928344 145757 103924 336752 965177 399240 974770 353146 671591 456961 951854 963380 94050 963613 876778 355091 906180 587728 359252 885004 814653 908228 137924 672862 528448 246368 208476 324891 453937 700214 775219 975988 644412 46170 571081 273277 655894 343331 669160 39609 196648 289169 869301 373896 485682 131291 845111 893872 843953 615796 92396 132099 227565 830676 42602 847476 461257 500320 643549 507791 875356 747085 358586 722183 999931 805187 757170 301526 456933 940339 977281 60459 887472 429081 509011 756275 981122 585209 623971 153902 627484 410921 693450 285204 653975 51193 324480 992421 108593 979239 708065 107038 534115 478520 704011 199371 146618 997796 10303 869631 718255 227639 639375 591782 359248 688871 247137 281316 33872 415785 597229 547556 188475 446278 906919 949969 540636 218308 209833 310749 650644 25131 946694 116692 644863 44249 21580 806741 903180 89129 107978 591190 45893 176836 306290 238745 724750 308830 951279 4921 136323 224955 126204
361 687229
33156 760288 649630 160414 83762 571884 338888 537748 804394 792799 749591 293958 947624 841661 674059 692852 269389 535116 507164 327978 375877 926742 388278 810232 860180 400737 181417 477141 351198 796634 983172 550513 783116 932878 797889 983053 968061 847178 488790 367845 237492 944093 242151 805356 507671 613274 749728 918310 268136 461470 32581 23589 510104 536877 813777 739334 701767 836498 328911 163062 431915 694144 608913 626488 563855 375184 255465 130422 82453 647989 923887 993065 270712 492227 265104 874061 156812 192306 134421 878546 680811 656701 986406 447554 678123 148173 743457 9668 428434 777952 458677 528389 698124 563887 133969 287946 578047 535127 11599 455885 755121 931959 997711 747318 403036 779114 57835 985227 324018 591171 997747 222116 3806 937628 74331 861789 469504 525034 481310 52693 314097 648793 68880 877719 650455 10325 195552 16762 887595 870760 423115 711057 600982 991722 840157 364265 74774 379440 196451 321138 896122 292991 454644 937700 646782 707575 132708 904592 683519 589677 293915 641891 229337 305530 233863 840755 877505 497649 119817 75161 119271 857633 925957 701318 242279 809527 676167 818974 374187 78544 968716 914046 18467 586732 76935 265156 238027 695853 946780 57851 619442 121021 418185 973301 701826 38896 940910 927634 839237 186131 38008 746290 15508 87010 891211 107640 733783 722254 466073 824705 636719 105915 764324 322159 813606 451612 438057 626888 768713 524108 790017 42419 115278 288475 31434 496404 321862 63990 602545 162515 731815 613329 264009 365040 199811 46965 662344 306676 308960 194832 997106 923432 666086 856399 814070 775401 439076 836962 429617 36588 25772 384411 401761 562548 527190 581973 163778 133015 358062 999895 40661 423983 509579 585671 696569 835679 764248 533873 126861 148922 762334 465754 693631 493281 901712 397582 500678 39290 569104 134825 926366 399301 114249 417970 515608 514468 23909 589420 592797 933720 608282 63473 305083 135548 40949 823995 702726 595961 970154 833948 51352 4005 900066 967475 783633 646379 865393 942017 302088 371098 425182 469431 354843 455905 272136 576077 622576 15145 350666 413685 181680 809406 591478 914418 117288 135238 645189 444660 170647 556571 849745 219855 527250 690444 541880 418504 882773 817686 639066 312308 372446 425836 345033 565616 84558 953557 447548 892543 747553 471223 908887 420333 365042 525495 565438 965914 615555 23082 149366 781916 829468 489842 441245 451073 90599 623014 683081 357755 342373 455540 997129
