10000 5000
591475240
367043128
267281441
870213155
439857621
416157253
934254291
810973661
947728514
549063171
231804988
635467443
565025124
209337408
795604998
757372679
241105346
953748037
829504657
184147689
560427317
50164841
137546712
977027125
598665571
779104115
765309776
248545750
917963765
289063804
93317731
199457565
449408099
891176999
719638956
220274686
518443873
463250450
641168541
761772904
671048768
823557526
304504405
447141046
787773004
156929880
813641861
221586291
244454336
383998908
670046481
883797175
59499557
415274571
832034295
820801959
217815573
578721685
951367230
214170036
991683437
35887719
957142145
326951115
584678626
436023480
837130951
900242561
147818702
988063141
653894259
796467730
911755851
455141933
802487418
196372279
550106364
784242149
559651586
391425069
706296512
357170626
969352373
324917475
743348020
691905218
631763
393709270
627145482
234187420
827998477
193234727
413059150
181123479
151900209
485198717
479585629
691669653
758162405
808740737
723588340
627924835
553781060
539894633
469052346
583588143
152427845
880138526
740138473
618548802
415521444
867491388
179011521
535073342
885543772
288814012
647298716
310694145
550456607
481067481
661587081
769714533
430458756
941682485
266113218
481245549
378041660
396390032
350330079
842870921
910621289
979576542
670527466
151078810
405143681
853231252
235057902
656619504
662344459
290642131
19817180
676534479
324110464
941391723
545472532
434652628
129093961
435171328
861846831
858313711
719565496
761896425
11468978
668978679
707268810
466009206
653292824
904208069
58635580
95326097
334514923
409206097
731256930
834251382
426028994
983514484
524160363
343761127
706273855
138002585
546436385
403100071
755994544
319970159
354247477
826026937
623839274
897664733
938496368
813725653
406690084
458691755
319430182
254497815
661998874
982304812
698067531
979850953
863733878
84960406
180164219
777171533
311695850
313133483
346132378
866522706
811442849
761772210
434810548
296003324
447948215
22081716
305332763
448394878
204446501
724886768
305004023
856314939
755514258
474702479
953493443
96265062
441730710
290171406
890676856
116067327
458715665
221126090
226001515
307912311
515669538
22163665
826030633
609475726
671123175
784182888
753161510
510438213
84640352
652115628
178048979
492760
196152509
553060625
208526336
225583458
891004193
470425930
33536568
852992265
523831209
383352695
311262406
923227628
100784444
836571355
445956318
695593141
254363827
373296123
792889496
163852524
131414027
110883593
416718600
982211129
58353813
77134721
616041226
706899087
76921764
134469889
594857565
996955628
83455947
760818133
591285898
999523648
69029433
379782428
851208484
125868940
628597392
111892030
863869818
781060313
240523875
806811264
447953591
924050810
407986918
185898704
634317456
466362328
427699352
619120816
592333561
999853040
249253979
69218105
474524418
734913348
305286056
965211744
584973219
172949016
275237361
206217776
680396241
363837377
61634797
847974168
218560493
640780994
639838980
793828351
97252205
596771045
347946437
745073734
616273615
355476320
166182023
933691823
922138897
638175920
313766665
949508309
416171555
418853646
840357786
735023828
794558550
613407969
442582911
936110589
29139129
435553841
906088195
650533320
420030378
477792906
725549322
698592406
259867905
707064945
107349695
390249206
157058521
978951795
866842862
840388588
424351407
578636881
845281226
463061529
676681334
493783554
103869627
261328476
423465486
706639315
617751968
360434271
272243904
502557745
550529732
94278780
431265045
367647885
985010497
166348858
759520533
926790518
773441955
433850729
775364989
839148829
620997776
750154820
28300761
980751904
913336350
325601145
455678301
318548008
165859375
473636903
713394807
20956737
939027661
145608705
354570673
764402622
466973612
939189838
502124391
343703593
359452544
324783702
501188429
167239753
496953348
693637631
229419312
55145653
51964756
780060367
40544538
812611785
258554585
701096308
17233860
265118011
24027631
20492129
570212099
449706263
733822807
958245109
595663421
176238871
933494374
935201367
992583353
293828950
171678384
206327887
904731701
611655800
233636352
53742649
646977412
588613976
357416791
26890517
414325501
50276910
297589157
832683231
777395891
914929694
80024081
749708501
914063487
961540159
958390307
928322298
546266527
517757724
457729504
720031796
382987430
361680558
699988342
248467675
336147266
48522412
656972700
184376924
324935754
138563330
721656046
159896416
397705095
45816349
993927332
906907133
797392446
593957247
581076270
206899332
425517457
529891486
521025677
45474440
655674408
400763588
673200658
861397989
821849129
574525432
41343578
87743350
55705249
298229545
13285314
890138780
105717525
532377230
678423721
437873279
395305195
817937574
97196040
691903612
538176220
245455899
124230444
464082984
666449834
11829080
903881362
628299650
505208541
635119850
578763827
959300212
500893176
337659
876985801
688555608
96081889
882380661
615135513
136896793
911175618
563995818
554416563
584895986
777044655
384967750
291562689
14695863
706826309
953217938
448695544
66119351
243309722
406673790
645823373
692602645
907606848
605821366
488384000
253999495
167668632
703613258
114920948
268498617
861020216
411681310
397843393
791561795
536340033
921090258
465886994
579475496
862852409
861821869
497691237
297406460
291576857
929515969
876468166
117680048
115429702
13981084
231047223
120190848
876367620
481311414
872447648
787042162
711964997
764786547
525617611
737773088
467457777
784883311
655318510
598419021
248874010
803188367
971893771
467803742
698231409
333201880
45418731
943037202
539729702
854598884
185908264
516375041
744453948
508106645
806248781
581088294
531132706
596370950
977836439
700107515
761433183
357867746
583633681
967824568
792113680
63681808
7140364
870316154
898343618
539517869
851125625
15881400
597483771
849379776
300215686
358447986
25978278
416599740
962198859
449843952
291176594
395543289
597056287
552471037
564806017
339083180
760344411
352585790
876453911
884752892
11106422
174378322
988428896
470570178
989715622
564179865
851385462
153588353
916602191
533539350
721217045
163072809
333183359
506929353
61430120
13579937
776653044
635614965
956332430
181320375
320083695
389532167
359906841
481539217
225740685
951900617
705104795
30936597
947788112
102907682
25431103
961095369
863693881
136367706
26527443
111587312
918009239
228358549
226632538
324975287
105777315
962562391
795193277
64554185
307853581
726581179
658263081
762673482
426122157
247421435
788951090
693209492
785645153
730578009
776606256
33426170
47139843
883071847
793641
132846728
190486582
82319273
51098044
782711191
840049801
816992858
754592736
43069642
177816473
455231057
246875410
501374904
641181437
598144947
903299333
100466464
154059715
807358799
633681431
50863315
61001053
695387600
664961379
591267516
899049702
501080072
620018107
361928822
690183221
310073366
181744177
77886316
926391434
804531978
638516976
42319814
850346092
750993653
957719432
71244580
356069000
978128882
373436950
321058352
387215282
414755541
518112506
430036104
53836844
934810709
846770672
116476871
719106953
769437631
747015737
457656341
619184667
171345725
811521804
156640425
105010735
739237480
375392290
567711802
364588534
723007791
465556830
970544304
271656408
426802997
479508391
364436102
234190443
54760562
434743879
31613958
473526604
362587402
37524639
566363422
448127713
285978500
348687821
597782512
680143808
488489008
89030907
552695681
679122789
922690220
909053870
149344666
469079019
783918448
886141488
209647712
210133956
502601624
575514991
564244826
10721965
108744450
944355243
469733992
616927741
574140213
608646467
159864679
308721677
855466846
830622298
501295597
97029970
882883744
987474199
416414491
80322838
818315605
237352227
101485711
413202925
166547166
911624974
81075942
701813087
809033160
224037946
639702839
904254318
696436290
89877770
376652088
923290735
530487124
728723442
344725044
614678123
986943865
502417259
783716192
536442128
294721865
348644584
110113088
403569906
577212593
418894849
662698584
256220066
958915913
274173705
462753517
720387840
194783985
542477305
66014444
623730447
276054160
356598852
265454568
903972899
245494660
761110481
303897641
950691901
275520122
174935189
497047809
858492513
452392268
467660699
749670992
670684247
771258269
199379585
502803503
570357450
168505357
397274555
291765646
644192001
718172134
404337864
965967572
530268522
228896416
297566171
217353943
797581112
642548014
759196333
248865462
833621950
285569230
110984348
402194278
473295750
979497072
113456881
276140530
533353155
899154551
771710635
971352877
465542654
389128258
19731820
444721974
211952816
945474236
603573216
817374042
121044333
9017780
577157465
325583182
727561550
306048514
710057129
796548077
855955208
154403712
658844933
940599215
59647783
894760244
83773992
913104866
748076806
890830128
87696047
685360479
187973019
367506563
889728959
312261576
147107208
468452985
493489817
378617637
947782618
291267954
937981179
151973732
301268082
97580267
223794227
936624961
57918858
358793552
100075794
541161468
389368300
595045754
433087271
663350099
314499219
153083954
403456348
834808851
783313127
982750580
641585820
922106653
565512049
88273146
226816660
527014542
420513451
58230467
121719936
886350770
944451103
557172991
853063555
508420095
691574543
609835494
500269712
501306138
842881431
591742882
34378228
179926817
724371682
652269164
734287325
709128616
21130783
495797566
591806276
710344587
288517688
713950097
645348672
440980712
973392081
822628139
701844792
419540859
343178263
749869400
313297119
490609141
519965901
235024453
699491728
694684088
599504259
567473952
310122566
872951852
235919535
794389409
704589582
754784618
534631913
73820628
958403433
254136406
741214060
566455821
945233062
867807188
458343406
483561289
670465190
90312415
516749528
529864730
980389709
444534366
728177122
472671696
527242697
360221102
612940228
182203390
156540634
875355038
972061403
636212926
398231107
223706119
861421183
372076528
457806996
847470415
49262472
686123964
830889970
718299737
33445677
51295729
33604951
965239289
467748118
301352072
568103786
876037683
23354664
543650990
313076374
922029145
378519860
58577495
453440982
583381382
739947075
329952400
617639265
90749614
112339744
662035999
599677846
954817292
433711941
983953712
565859797
306420119
535904027
585401599
210563951
171854800
545483544
637738977
34559998
144881836
940276699
611864677
23558639
331129217
342046874
797345945
585341667
871732811
695449838
774204565
124070854
821243422
70716625
958530442
557771505
505183123
328366927
248240710
105232497
572509736
179093085
838645464
178529040
583987160
754057999
272968800
877921068
165570845
336370252
405219790
574006448
486845409
767775759
313820669
871062645
307048317
365840841
597738622
532677183
38587066
728684361
285205139
558284848
13567502
49645526
946032790
247247259
238523294
607960142
765667892
412932460
813506268
284509050
290962152
571722143
473356315
853392719
881789332
876850522
706569693
928849741
849524985
271197545
195482822
592032505
689197739
244227716
385571691
736299619
390015340
946598124
844723275
52306759
794961422
513769360
39061427
225347190
706430998
999996925
824579952
104481211
184892419
329361335
407345865
165584309
803532484
497884795
201146138
415567689
107544310
736034383
637514671
246361478
418622990
274652324
586693459
92363086
732075689
436021936
80224586
777993393
252366431
543114764
655175382
661160930
362611601
789539154
961056017
1762156
93301959
347217649
622494813
425787011
114904831
376424367
143804675
152894821
764930710
773383091
749328043
7631492
21807793
707542257
517705724
674266136
714293041
388216131
947433916
379815504
12243444
824920563
57575524
527567585
472631
65869466
569889351
968613491
985837472
919624251
365026009
932870668
657473399
549656068
603722321
672873881
240937373
141923459
912221905
236225099
635838520
951565425
770017101
525374791
763360209
283615016
724421827
895752680
507656141
924106562
731505551
530012142
916158477
529237362
99638369
197155313
869684766
550220562
479696567
215924234
301112278
78915905
62748175
620188606
218267838
563721325
393407045
505764710
969276241
658350620
934759211
347752347
23922090
113006223
258451672
576914368
109650075
359806561
690312624
255309681
600131840
844570965
258034781
943179182
777899587
822176056
731594388
797162778
684705862
395867724
766058402
445455358
197802412
997675868
260732835
268899487
191785209
237645055
950552450
141496091
736969686
728473794
524629017
759864214
284022953
671324860
672155158
398093630
602468728
258368342
306067816
884522395
649282418
280792835
301585426
775812442
351483072
130595955
146219186
715688762
494997651
685750831
41339459
420302852
494954193
420405006
514577966
876761382
661190735
686255638
892657325
50635933
370856019
313509546
577523788
729607747
741563847
693711144
519016012
189506028
211011786
460607539
196592447
702318926
51335717
215963817
54428199
567456987
834821238
635609376
215979140
493616760
430820841
598133152
125170535
865613397
775010351
428842
917012368
77066832
185129032
585483491
128929698
471912389
88323971
137339110
269928345
155299251
686688842
748258554
721026731
214431237
987640867
460536424
973469596
974197994
662329180
80771162
224425688
55839381
723672361
528080460
736205933
448706421
409225010
597631537
50100250
354205792
504722771
360399203
316043887
1860543
289129174
99584788
424839563
134937151
194547399
129511194
957054904
959606812
584321291
790219175
917135699
702346255
572593376
917728281
751600653
476499425
123224356
698910669
967217750
459715982
693622736
734867742
164356954
701621122
574004849
936457415
606765208
738795430
27508485
549978197
863319505
488553767
134507971
478371679
758843931
92537569
330674753
72935526
165235561
725648732
217195462
736530162
640976915
35588187
302254882
504245275
354946626
348464739
621410259
684197674
480510289
960695587
642443929
196231855
507670271
376972572
867872224
926895640
583505567
33388168
845396005
463954887
312500829
864013206
250249315
421457734
706799646
825094489
688371249
421767266
244946815
482922045
383924832
596132550
592623473
990403073
684202412
137901671
125062571
309987660
376209076
25444845
838961661
601621274
121290487
821408431
557394313
118969995
71659467
524824448
230086463
274441785
774868725
945503349
185255996
605151662
202453023
557814701
699064469
902291382
604979302
977664162
534111129
258583950
160511177
861599934
615327876
224656260
779975110
775187084
4852576
765478740
870659738
557583980
531296349
509863049
474318315
837850083
686568295
430726802
663544833
726713020
163549830
114222182
217987699
835658186
886802858
513162014
216793216
270636950
196613531
78668927
269761277
607719508
803629565
196503767
533375519
318966758
546671617
559301498
579663673
752016675
188370697
332934146
898623774
662376869
857469880
749985733
89323289
8303502
10268628
912074310
604297861
414597685
687508299
548808720
195171133
729196675
279969656
880221569
383302565
339617883
811199421
691754540
263392832
444528255
418330516
557313312
799941832
435218225
430590135
84932696
699896135
772594966
719831507
555133324
527216242
669211499
25463095
409226615
641730623
516380299
408301145
740344889
231117161
995401676
514893206
226701637
240767569
687368846
452735149
770545231
71528028
120805486
189233190
155005286
182243537
557564799
422353277
788005695
64109341
531955740
401360560
944637512
274955351
375958463
383009003
525504477
905835744
235007381
816171747
623817383
953218380
791542727
449276993
383345702
45044974
546875433
900163265
185958033
831445805
175744101
337743756
807568907
561941707
485193351
552726614
314687402
357859595
17373419
652520187
891467041
829299609
162734282
345744041
297404207
755106793
705845311
518617257
29210387
610199912
747011955
880630058
185149156
713964813
57640516
405814778
407209582
275681191
466901303
328964920
190811083
614989479
964895156
946103567
908866477
959888934
622050306
518510740
491297840
759462783
315293697
792286026
133729000
781256205
50264531
38230654
409509729
3408893
866182548
849149137
495811844
203420695
611369171
794625240
630744917
902482875
354073007
746707063
793974781
908115155
958738269
277710001
120748596
269422197
637973842
167052509
295522033
203349403
931019811
223143922
934385710
581601923
663037553
458657823
701425614
192591614
902894746
591215254
96036899
159478038
429432047
555424882
402944959
626349671
897417252
708302597
874608703
851866924
360626724
116677423
5567116
147208493
797906433
688283188
752836902
673866358
940107316
136474991
306626550
174910971
739196192
540832983
882237246
296117481
468930960
261097443
263750619
387141444
959960674
533716699
443167516
965344354
25951837
123744395
432306321
24727440
258924893
547364861
766418171
686463830
95595455
694786613
192364219
320500378
844607633
853070813
936794902
92020170
733432858
564513895
139445077
784223438
418316782
506847615
463612082
777795289
497761057
366218007
192532226
688155252
488307270
594035930
417370337
943528753
418781449
814699989
374297440
196560106
763361952
42085316
15904435
908412223
833396519
184093631
142092095
558696992
962334063
67447802
430758014
593894985
598868727
689279521
546894111
685290815
675702604
817783516
158280924
843010711
385583659
86826260
222571537
222285559
632126713
31515710
383110983
1240340
267366732
471284475
401153200
814251495
707032897
408721005
888797348
842396470
266114988
667093889
182718802
174780141
243844438
371494324
995883935
384169772
583065000
91785946
754041530
150814522
578925350
609381197
814116259
650838395
318123977
749349825
866080273
402924271
504441388
258685732
770435881
374885623
147261428
30258472
894519337
119191243
527689695
130485886
572958719
725224141
993516506
464566715
204612066
461289381
414034961
677197024
392660174
811401439
418446993
702345071
439226431
719860323
18980532
308681385
98288398
432780266
946442142
736609281
340722992
769754997
582290714
847203887
899620288
781638296
41995666
271346219
556930589
719887145
51924438
654250187
507343991
951425459
424425031
758111968
357970735
416082263
445832298
196823804
389398830
592709635
531583632
412158273
961547034
241863828
306483949
467122880
688874522
304752144
682924645
21780023
189505869
292197497
97820697
805057835
307280009
439531412
956744430
649161391
581266780
426974805
431681067
357443400
963204546
709115979
847498881
466787747
652292549
939205943
888784540
300953507
896085137
892102595
179394302
346937199
375095313
228272114
578504644
41252693
424275423
385631625
79883627
799629102
106413
787692639
77901819
858760850
781424395
68592039
707835119
121588022
69221870
407296227
304770616
706948959
377123953
397257454
80711769
244365003
822078557
138342992
245270351
791036490
900662691
324415015
386255465
213494323
337909861
496046310
554854854
994987284
526850092
288773942
772474451
994839540
700215185
119367383
974629313
609592730
86781900
731654909
578264536
452294777
821146871
488998059
125857130
995024311
922352518
357450142
166119596
320642892
131136713
827016109
485234952
188654431
293158861
81220075
634403176
886757525
794103209
363786229
591697772
273147711
388695519
205441883
146565691
356764923
195640782
920068088
288754708
629939124
75490955
890290843
620328393
506009208
533808382
956596172
663135342
47379941
196157083
242068814
5704399
341613478
67337418
122368096
159861336
615016466
923360390
957553657
826062390
534315390
627996298
521051955
534511752
681648089
648614698
306956277
774807009
939348941
549121164
797349626
947657983
92710309
73263553
805879110
582722204
397423393
574541706
969109980
866064732
346556344
363479853
893532955
259101921
35982302
322938560
832571531
198635743
457640431
331358336
175622028
920171535
990024921
493906903
192730086
984627486
45032139
788392191
629618883
194172858
355958828
169583698
641030933
171918164
750505131
473068949
764932564
88753829
368282624
602334419
755160878
927874991
299146495
109602314
739073110
828633305
645720714
638966868
476449883
2578368
908536030
443667569
718038149
721553229
899473415
454787941
654794235
456060691
318180446
568967665
903616275
709489980
115232484
779630283
105302850
873848328
223820850
357989941
3764193
816341325
552931635
479371115
510097092
53987836
587862010
211482961
400274197
620350494
698362020
549507093
240696916
114636063
715458755
737402206
155450616
194662997
317911277
868216264
717589312
687966323
877478111
74290296
239527158
165971375
275657041
250449602
98093238
881430107
587334427
644986579
728923752
52524219
30019585
725921989
242807950
512898485
491780129
646629124
719159878
601302254
559714291
904023345
530380993
540207677
177248648
594652236
219990130
72412278
887172531
463347878
559758490
444267186
459787133
767097585
331473672
86912731
617711418
323390214
152162215
869880147
919296461
877669118
648074791
698530337
423132786
371002732
55088882
398558698
183054364
67888754
28432167
860812719
933971211
361557123
705033346
586413489
598596749
987629225
498893653
30353619
515151311
677721261
207390700
77711254
301887385
642629530
868299918
203404325
668163621
860361008
537731693
439393335
37674937
664849545
721701633
796775986
639286388
365132580
691480884
551447315
61265959
718797911
370753031
121408405
703736482
270380926
267901218
124833395
172285123
641812848
937292851
571669471
334124172
721104382
193411349
696893487
650225794
752019724
42310205
926205060
951956852
954856456
986043484
991298132
716958903
134387056
370004285
166110862
999754130
437818348
376194948
412178352
418670637
312092686
807972462
588932940
849495239
579189138
237838877
221964367
432468127
966304890
715692360
570749480
629214964
2057077
234431647
309806759
539888934
385794977
602720173
248557382
935390567
65285858
560947222
346657396
839974213
82452334
258804314
108512401
722021156
599494138
422441496
891539584
31524068
623551677
846755376
982797059
979505905
292969541
418155338
664144054
213569970
205550254
188069556
320872838
421585640
192831436
552308832
704463551
736150102
774750552
242046028
803824467
16404182
267703554
992605156
590541445
498131092
862691895
896160762
269085623
880532076
280306263
924410317
452953604
144765842
546884873
624550388
254510335
702077090
739945412
493394984
688413724
35430311
535036595
157153209
200617174
367973848
656713674
932219309
841017774
201903484
414114260
511508072
957493136
211009287
603708923
593341833
319713085
902984485
106529815
240230610
409978843
741824674
267959362
267542235
889061069
323371426
533426117
42396674
327001633
888839479
192894720
244373342
214884415
346592913
318459425
809475258
303960222
783718865
946169447
343906334
44183366
847627988
755044698
116956842
713691244
884352243
467567975
530715543
782140205
509934597
817284317
49263634
250591286
218053141
562000977
600115916
178039700
207031417
825915105
455510204
222746857
744708908
898014687
208624205
41851592
27982081
776404673
538929751
867952774
461622078
451483336
65404969
742865945
936940236
139102424
611181512
880894007
816888345
625761354
881656443
760885068
874164959
729717225
457264190
938394140
579917735
573041466
987162496
29002636
192315253
120355332
897980758
695683500
526647911
573167131
502071670
741685133
352999586
195061856
648865089
453965712
986630366
732337211
507610498
635826899
264929645
559689628
159931696
406794681
166989130
892463010
800967048
42273140
612620197
892694331
320280808
754041231
803369697
996706255
202045189
5536638
846803657
414096054
453945401
357959220
620838027
599724813
628951857
577189485
135527544
720656670
465538381
205833173
757775262
573090621
422307820
876436825
532817439
72696711
186036909
65123786
619198928
724632467
635709270
710780235
200255154
270217966
600301405
438128872
917277450
930448981
418606899
99202009
718010319
553810439
650391366
469576486
858026187
840270603
90768386
509084232
66467932
707378804
918131558
374742274
502111084
891860389
991011756
332990102
579179071
60862007
539880610
339423518
899145435
966693706
219429716
382548847
821946406
983014631
289447028
465031405
299519894
701561389
837387880
393494450
339565519
415751817
852094588
561139214
432460017
994133109
397964268
822929370
110642129
420793292
488660843
325644380
446003833
399867623
727324150
409612128
319326703
813217630
335173132
593130260
7687763
8877387
852796593
472143032
965185669
389964047
844815522
315456652
352074828
664934636
296935624
438313404
130135839
15624907
636290577
387249040
219919365
965232884
863009620
888588311
716824587
442278493
211139509
989308878
213363417
461534611
942939580
159382722
146662678
157651308
15746223
777196787
572129663
650401248
296594639
163951377
689136978
988990275
157660091
597247842
199911798
305244093
316053836
327259594
438651586
879198183
222882556
950866140
986522443
33465745
586632002
979940815
558821075
375238075
981256221
60644836
773788046
473288027
185170198
829098489
1536162
583882262
865992914
9538458
853410403
94248507
335106285
183168508
2393894
560375551
756779854
872887262
246432812
759980166
573417360
12241915
545461358
395732262
340930020
737509040
633665626
978188811
82347555
311366102
117015252
335694921
896792539
356460032
867873477
158186100
580473095
68246048
278990378
301133281
374587541
599592476
244511807
120077070
399773343
236840321
236112143
698131920
82142073
511970281
549509584
397917786
92715482
651881098
802596913
455928701
47611428
381563714
653506246
716355234
390469765
34728671
566728618
761774562
280157484
85077675
223733453
829596340
592505560
648863261
774402859
156594672
974551889
809262554
145214908
85141853
963581318
498071416
530013579
799980006
398999669
70447659
811551896
837326661
778305154
105390151
815289718
703238461
869041777
387125961
386998533
731545648
830122170
168865847
189458795
970575126
441458757
139558492
509125992
408076285
373007167
78584883
978466552
512253186
200602556
84961425
980339503
508866617
192491027
546296828
574883649
206654586
448840645
218170012
136472931
781001009
531916390
228324380
432633069
72848687
613541937
428651065
287458832
647505117
754309961
565257169
923626826
882144650
279261374
184044944
368606283
33740803
834117254
562805273
605954629
708027480
149358586
969837982
611377694
343567456
18498637
545977811
432927028
332222639
328992382
283622542
785252313
467027082
977805520
529838418
108483978
482494443
814810948
240430402
689471855
197772350
488474670
873887093
248890712
714380417
746808092
241587277
128068595
124755630
644080525
890935465
842861104
199040745
802533754
270045196
625148711
563326487
798198273
264608874
720629091
537540952
985432418
921178720
504235517
17314822
952750233
525065000
340974509
98719461
675192677
388613365
573331397
9778400
139397689
106603190
244080037
810740037
72422443
441368133
515150994
458180477
705766024
888091278
615540979
98556781
111503305
867523724
144679096
951612199
422726484
283205794
504233847
492413448
317690153
96049800
335198304
118016278
95428838
873622882
741975407
792315679
87149374
403966929
972297069
759619823
857626657
147764672
536738760
666586453
805703078
57369601
556776313
108816911
258809164
53571833
242783963
51527703
808724629
862131782
234882866
162205218
94930848
821926200
179491613
537982033
687115496
783262906
851457922
836858242
193035896
901269494
852169325
429710704
738137894
17651491
930464269
9508706
370698401
714142341
291593203
509143241
259923260
148560089
461798518
308182150
667979349
948651318
249634267
455724776
448139880
569959803
979084283
260974343
536435758
178741001
788635045
268608011
511400223
628862701
688578814
496681134
387796982
62418975
909117087
222277665
498597273
531192195
452971842
141676532
408117735
828354890
388478460
645743081
401428767
517322117
327316801
247203928
224468991
334337220
308463605
731135064
881138898
359557626
516868460
236892083
976071567
221092981
191787173
67725518
578088963
559358597
143369016
274539076
399867287
81423054
946446965
868418702
441096374
407775902
531580968
135568455
219803888
6562108
86955286
687392127
797193112
637975390
694452456
81596457
149043240
108519951
86712089
565560765
865786745
844897759
424375746
9355504
769984688
575252737
71115620
342292429
929413666
360871265
448587699
585301309
38380211
494117921
20016481
979299379
174070860
955765330
686740698
502590295
563690700
931633142
843017684
461933974
4702083
747305517
242466307
263615949
297715695
60614742
557547397
718003084
959876337
292289171
5761304
8167670
598910079
956041776
379540448
22758987
893944523
242608764
173938336
337596904
912892810
305167348
332481762
774385453
524689232
706176272
968552488
716193370
722850438
884454688
252856320
805993543
209625869
932824745
778878079
272204733
255458044
360234446
489585732
725650566
273370295
519307148
250560130
201477660
951182201
163889364
250072972
788275765
714363996
154436136
129967329
163518853
482926776
517339449
876928453
304605501
255313171
688099765
407916055
637264776
918735312
969880754
155559900
451702564
309429708
42999291
273735168
985025285
613279060
52439554
153094386
851227181
724964066
425232418
136936073
778696583
418625391
149454851
857718585
888807121
626194983
958055210
789986589
356527008
484547428
82291943
990351751
562975181
490183548
510812758
262293247
655633387
382690235
617475841
738882308
805637616
360036872
242444566
247745423
131665291
730217973
905552750
400774608
913843346
80026753
308047880
824639894
475811926
428831112
449634106
117779276
34463028
715609458
260300806
988216269
477350537
56509658
125910156
416492512
965449126
984962399
453944363
604244591
324369276
51338946
803842762
292252860
670799437
828106019
838674781
132250482
658355200
812931167
252948477
322660394
639070791
335431411
953151124
856931622
582629265
999767115
893905656
382704874
492462580
387387032
797955303
954071757
103301268
786495735
93821071
840247039
424290235
444235453
43494996
187168966
753291986
693413424
939050111
881049177
782994651
349120136
31866453
182119280
428644659
443020999
657252060
395193616
720610094
557586909
189349835
596925663
413981854
623886481
545878580
129104763
835691849
31450919
675128026
154123972
83334637
239884373
282177117
726382170
578689403
892695085
364606515
919338595
395804202
396581544
224724829
97666690
546424978
445780586
667547278
671806204
798472901
390900518
971750992
316232539
125825259
940359410
177931381
347007153
283523073
296134109
410082297
570940995
396779592
168233328
864893625
681108759
495858503
740552930
727768254
400409833
588395568
403101482
602633689
955010684
957944551
984074127
635722796
525896992
547847083
313583277
740370548
645686447
249657562
73701955
804217243
974924122
558494730
68263289
536707696
911116660
862885518
192412857
645441572
446499399
370299591
458997653
196923158
281109247
486673419
690687845
559618613
469505591
132855880
914816649
982961554
523799564
947536122
459525624
898584626
696512401
789388676
16727314
765770417
331249293
821639453
765054935
71555881
130328368
455407356
893124518
929194368
822125103
384536629
348015786
166526450
495235146
777805473
84810037
925412852
408983254
27922510
773463837
119084807
475306711
701466121
20021925
530253252
590008946
164337337
429145120
37677198
730442696
839854336
262662674
633176970
315934144
880736525
594140778
730488728
10736092
894170984
801746383
910604927
779289725
933142529
783971080
148667187
710432885
479858337
637910293
758804559
506507902
813864324
85082366
986144223
516586358
47511062
295039252
943048120
512123853
971707929
536688342
29436905
858207757
603212617
345582901
250935572
460188071
237142570
242714222
849897143
255053551
533471417
738883460
277762524
896586670
153469869
36598455
39099692
739505225
958768013
885389619
484316680
545924469
858199459
511481637
329683989
130457773
427995254
405572966
135886993
736769919
742426025
259556738
892048851
77885090
842100203
832200959
684712547
47426776
158973619
31141170
550276026
728540278
336644550
342373435
936489666
514658831
792372838
851208989
804123916
106439076
854089513
782742406
682452159
461698955
235319406
346280570
784229154
659185798
446301051
59352396
128913670
97979796
645939104
194722931
827279537
141856114
384034355
417444767
306103111
791118233
297569396
792505533
550136936
541396322
688061796
510616094
763534300
704817825
255325599
250206564
811939696
492829794
285473477
721512961
8336753
565836576
336077029
275392119
151410619
714068165
870562137
81673632
17652971
458538430
857477535
436299297
635759543
632392900
587493148
120756396
401940201
848409460
261081638
455605865
843998570
508979712
395200015
469394612
152808510
779751876
103944203
616773670
178852294
213014590
981149030
611038657
733918000
347838849
366219202
738348628
642603798
259296979
370910162
508259785
690895920
395641469
796061198
824099617
651757954
235770255
402215794
739699557
172747176
661868844
158662703
395531377
406093569
900102759
90236524
8640705
543279055
846604233
715276601
689591213
642907648
766081127
136309299
719398071
274983663
355189303
813773015
587581079
264526549
163537055
47121504
117040303
506283268
324422628
49408554
97376663
405827430
261821611
329714604
40544755
314790853
702087834
139204653
339103859
159592396
531175702
881738638
387964442
754772894
145421321
382695168
172568655
88461670
421209877
550382122
801602210
424198934
435073294
465912191
207758322
87204983
982835591
895732612
624672351
511041730
815394878
780543146
905826056
111138283
794761027
887766466
355115088
172024631
539522154
562760200
440204101
75638063
196585609
420642014
984362980
962359397
859171362
160532978
823933363
470212044
697930324
623151545
974119619
916111913
486310767
365191611
446283562
96927346
391684497
415079822
216657954
310886796
558576027
229241149
273726159
116708960
553301068
349254797
959014880
76107723
587296199
325799955
75755639
899922854
748103829
665314876
472679371
760269643
27574292
541726640
493216689
879568816
100913888
360672465
116435510
54176723
523469996
334897692
198395393
804491954
934933018
506084210
2002495
411185507
516576640
213655976
987087055
386201525
478039721
276038787
481379440
335435371
729556261
550552856
392171945
194847036
943030660
66756761
482313475
38323285
756829502
57204528
860699674
540513287
391307343
877665441
501848994
534779869
375092643
776792613
673978826
387514523
824574214
424182513
868871782
2893782
351235790
776914746
90042929
246106278
158574116
738970268
576517325
196956183
11797399
370442663
396598232
427730663
913110135
147078166
103491473
955074865
385359404
517494434
81089010
128966723
381207015
914572715
368017339
321989114
557152966
608835468
975251868
173891257
279374736
462985812
506528645
393405533
717577185
873996127
601033352
198053871
806061160
699820615
358312618
204399256
20148098
43285879
771416089
779516692
403776571
75361052
743694008
231993465
676770406
891584772
71255072
490524977
703509747
168332943
649744776
35304203
251159613
229761463
905899971
451452592
849256907
636917967
539899866
914469373
541976833
421669879
143369660
505727341
60497554
65507583
257408245
915768580
851912414
829554730
209356922
58988994
276554847
847610604
933176633
242801742
809906138
211475188
660675093
434471478
443737805
2245844
198934691
729264838
105905653
860730448
839215846
511127670
325568554
916281543
951211348
883278871
874761829
423053809
94343557
318958289
588292860
29761055
349285267
924589219
888380935
206941163
479027865
909908403
734367032
732690826
608144263
418615192
213801530
98430177
949152073
931945955
259717585
892575326
651751666
139358124
620477420
347735169
991616207
500749557
520812950
233335843
327526729
89317213
930899090
176225249
361417233
681334977
659351780
368091830
154626112
387955298
808455363
403328246
461455779
679929411
484523885
11826456
15483944
3417862
616741214
514443623
955898501
28667941
601227297
736404363
388799675
344083467
96392529
360426956
226239817
958723167
711103885
445346617
649061786
889224536
312204484
829082171
528744625
664398413
307183576
725264315
462960361
195237928
287041106
729509475
102645621
728050429
329888260
713321252
151975903
919141946
906111276
733627041
428652819
166049794
73982710
946180944
149490168
374468913
528082696
291170774
624374253
816093843
79496657
374831141
33066831
769309579
631323482
900805186
490592785
843515213
40947810
720176172
703158483
627493194
851501270
323563031
621998268
254374883
261201144
950204238
836204876
458929569
338951831
652822023
707021292
378152304
835430021
218518002
682021587
263575716
271329345
975917601
142288913
480992376
839217504
814286166
407779014
821196706
11849495
354277531
548136860
536105311
920461654
31161027
155032206
333781602
168635476
393613468
528646578
741754574
6064517
135137433
845430926
840850743
520410858
887265672
71986877
832625406
120755889
204548933
651923451
541772273
663712601
753505920
126405730
516010619
31768582
751866802
552786275
243766481
400942361
224975059
506100008
60449604
181855467
970872093
960073936
894827349
656395135
649751496
920167291
729725677
384979301
486813803
297849373
169488594
45829726
189245996
98962722
812099377
79863145
88388505
653347633
154933711
535270298
618023848
76731167
739687740
730834508
190138280
391074646
747485490
382408686
582678073
869467253
3676212
60627468
860403633
878931477
438973070
631569037
897182379
45780048
658669723
200257848
758668406
789319997
379138397
364560683
650779962
787048133
556620927
402604056
511150858
761813679
233049835
110203449
813967353
662702270
894099241
380155277
198339374
725943564
647090134
317246663
182807076
198972403
636408814
127697490
701376453
867700041
616769436
897805805
659643287
377967789
154188972
433243832
807525140
768112817
68757188
555737865
285132585
893476665
689934665
381352000
849552846
236810389
594010517
607326137
513320780
322902203
263759329
836923237
186470258
20517620
371091751
508847009
556591224
140716055
900535166
696035285
924884093
870497129
419057087
603522071
260164991
426489512
501980159
726995250
912537291
37277856
656823671
75926595
724679391
734465340
872584715
659742727
696618266
682265237
958544202
307569103
508526806
236843823
846172696
109277848
662482160
415405628
346993285
839297737
870076283
829352412
45951176
930136351
832826772
878950572
556203234
931249826
843950543
208240316
783860033
696903184
504070362
989084813
28624135
217051822
3101754
273497105
503125570
973446528
991698289
414677634
351836038
499256887
896721876
250555737
537371662
171502652
401536712
688682647
652203335
706859618
88899409
367436269
473886766
76012803
61703027
160979488
812970074
311230112
180615776
246105485
526732314
992584814
252073322
15877265
190825829
38408277
895836139
255341012
506407832
635070289
481690144
558725524
458252308
137563491
319541790
211653765
332166981
285214343
920313808
991031526
69536615
212889590
431092951
880420385
606292262
725203399
630234677
972883103
354143241
228635377
802353882
530383933
228079312
877211143
204373633
970841752
540304843
21886028
386159945
649450841
707721214
336261576
248334666
40136244
622347392
596371269
580686145
582021156
568959668
532884379
610918555
423676231
647051930
981241246
15430026
489004658
464181142
152203711
490727702
237402331
245771821
628400623
470930514
445812156
888472402
571613010
335283018
885132722
307587965
873413802
406712078
657176457
556753580
289098049
498604418
526771379
850994729
954589980
409547049
238329051
344435478
526561258
856082123
474497614
614997390
139450387
640448117
706144542
532498168
593462989
151368636
656887134
542587305
820395929
81970190
580909495
693613856
408293632
75074613
206027440
991524315
859681675
785749812
355576237
254111339
228124987
704551012
283889604
667764452
767518611
114887821
534155872
524824776
192711887
246434256
427045596
434996305
469752071
829628306
690096274
933936029
749035447
630290177
712917845
672795273
786065257
787109292
184392209
529157374
361546147
86184970
508698145
924297023
481177115
657619410
799950326
349116265
143797000
336694441
769784007
590940296
964503931
663527272
339801840
734940944
492277939
970543908
103720705
378235430
257863548
896920351
912244961
877382289
94987288
602905385
914996575
546791501
685687662
70144552
958048661
264096671
966675167
639485638
297748655
28855098
445048853
735584181
565297840
354798500
498831052
261534217
349620563
580190191
135801662
872829613
818973296
879105803
562428830
688374858
222647474
972583244
480176191
825843700
111814134
395006675
171880957
871034087
946447987
704853412
911640723
714471639
157104026
266399154
44499714
768309269
244897821
696987200
900030246
348470903
539753066
581623160
779023451
438510198
602692979
884610448
693086717
743488663
743392841
646914507
812484434
546225669
545321486
552075693
458173288
405966383
475188706
241325861
176016630
562401856
205929671
364839705
978884378
330946598
943405735
387284624
703029182
369703938
81138373
871699310
942372710
191377591
178584187
790723559
478762576
609730316
685903578
200458365
665470318
461868215
847983926
371311466
396400967
978830062
589021871
208178234
669301852
254536913
186508748
868084671
405063677
438741775
843444902
149153370
345876167
625390395
137801434
167842560
615320942
656019689
938054084
341151444
733475970
841286112
964315368
496592099
284411095
323922597
133393850
213859929
500974805
746237593
533146057
659395686
964441413
800832173
487833561
905994063
896012312
77359886
169060905
137134093
835456784
555814506
345602535
284713239
434659424
836375438
313185471
812946960
624167534
832674040
341565724
507400086
598051851
358010814
626018085
864310976
559332
221073105
378999121
108115370
422443957
185677399
362177763
933235272
403191153
76612834
962994802
264069771
555910199
619303117
810711865
574503118
729347628
988078627
569957729
714322519
187342077
174752561
392755380
768393504
937937766
103848801
739293382
156276699
293552996
545422013
440738386
41221211
412059902
834792264
928172623
157361468
255724292
29856765
576050432
643784862
315164090
55339005
507487972
11861499
783601469
292176507
851164833
815240154
811501264
464083141
665282826
8023100
549922020
534616543
169542168
658922368
893411768
521692150
206384086
869440343
524897911
174971092
178788191
747857365
428349771
230840831
314023237
629651564
176982751
195945154
772599663
589957024
233265337
333360012
280251312
135325195
71777671
921512921
120890936
277569270
553968633
30292357
426950148
642921841
573365084
588746733
35375288
902689608
995167044
85998029
785252257
608746105
613652655
711517722
609102071
504956867
412150691
184850946
459200088
392822979
716734002
68379920
538473964
601986978
801219106
175086187
544911510
905143926
463685887
173930613
975229534
223112617
941927525
884726043
102787931
262830344
787455556
812489015
607415215
16380164
89290012
413193970
269453500
346302971
286244072
248725031
810623903
845779070
737387192
287669305
271536711
758352983
92837263
758394826
52602656
207198591
484290413
108595166
576855230
299927469
397220908
249262770
553453177
981968588
667126120
962797069
984837716
189720338
94284822
191229237
557433275
837407334
103464040
549636424
552111191
156789332
668062978
23439034
918610675
578122506
41776369
777909866
903207262
93167823
340328579
150736958
461838104
518472675
127994631
844041857
570240886
213057622
88943902
299526769
972221752
830931926
336686112
675909592
556844592
697428924
831278543
152328497
74249470
10896605
237391241
284908058
107292281
142905799
942793097
445226186
179289680
216878759
227550635
231206463
685914542
565186462
407448408
332510757
69273731
229333910
103497450
176996233
831374625
567585933
347211824
679456350
44357886
694138602
665686906
626453008
165554958
812770105
886163561
70495865
840151272
144806555
305082672
331326543
392279916
991789796
97758094
138567317
640332245
145926626
197966533
274700061
457677362
780575303
754727049
516157256
386837787
928411100
65098670
934925251
920167984
935613660
389642510
713845295
112843017
170491353
417564487
312826584
877704156
977844069
678067271
380762409
205963383
804215461
957533738
832840835
906729923
378526015
786828533
39552722
171543406
610322840
202647724
298596389
703312182
891269584
884962206
459264574
810222817
934415198
845259565
224757435
591017664
353645370
720033652
519652474
935407792
174972935
861459569
692093417
721256178
981862543
494374528
699070509
484420987
564631305
637629074
974328354
919970347
428571146
302647701
62715172
831487278
577784029
725690612
140286890
522911735
155838166
990456652
702625704
242488797
469013393
7160484
121773289
214503613
991913847
829323872
463006
737417093
232120751
779756232
525787520
537223579
376912668
859641803
986079995
894181339
215862778
393187652
172644785
25117807
416873809
339043883
117479098
215730222
862016565
919780579
819782416
441931560
551563801
887076485
273049407
926027270
898618999
113085557
204780266
833190098
221722564
372747601
248981358
580670813
486720396
952621198
621035410
317390003
556478320
285261587
510729948
878096481
124793941
166034831
161585561
276104899
564743919
234066816
18204696
873194805
130500660
709442882
624678760
257563892
389726528
999857445
465485339
113251698
876440275
395172910
785848395
606363529
913573964
371634872
375506250
688554011
130443650
391126275
653971953
771658749
703538967
965706608
547967292
523535340
165972140
555649468
104630642
689761292
138481380
705033086
791031948
82202799
688384026
516582174
529158033
562879210
694377975
143452319
220754899
222059677
105369436
3135646
192701775
959768523
933945575
341455074
907325765
751154568
41137428
37381385
437534587
96063047
744289456
56797893
716308809
864006200
114066430
914790760
471785352
171419835
668360624
316925343
760021290
934657460
562686903
66964168
558731391
790095272
691620156
533596730
407688971
998896891
479467823
162375788
593444705
82294014
394149841
847335346
423540387
538619440
747581430
373654654
348466196
749465602
417589648
128616975
320115197
665678786
991821153
688545779
45422742
960281944
429922831
309326744
189083398
32158491
275505826
260281116
331826229
688386282
867885481
182724440
565862635
969218838
783675368
940011345
445418610
109778686
117666783
193704021
850651756
61745101
498254066
636205074
25167965
108664535
258674002
12475332
421865362
205931893
438497084
218892338
705831234
429549921
686991745
899568802
691628795
684950918
662261899
566837888
71111076
972375592
765717764
255844307
378684182
787671964
283074754
125586
310932860
969757010
699997464
713818703
259137913
538413440
340970374
730206373
749879748
1306228
930877509
736314926
41383866
917974518
464335920
711384340
48748727
670574117
666527125
182335741
265261866
860919146
164954729
326624813
525510668
528167196
79212606
729118509
344706450
569261103
248817888
270356686
547820331
280480959
451655546
570064794
918233882
725855754
887874536
295376662
710718091
953449464
532688809
455796856
910176942
442842783
250660735
673148449
673877904
710149339
979310032
448402617
784463110
766038424
81199813
559133360
54618879
253470643
286987884
197896465
981840486
897817500
670555164
501947863
664409690
386280046
350695465
926922457
285710580
945146296
943501670
924747561
965742383
291322443
404548124
595046322
43778670
180849457
572270378
937637161
672056818
128750603
279907474
141184004
66628447
374798235
896996382
786545357
370940851
374961874
495712861
114436092
90121297
639269979
736374266
984149969
245807471
466206980
243939129
880048915
386956743
917645740
86499113
127824923
863030437
269770603
604721570
930210253
531746112
426820426
841589337
369381636
566253428
212636469
822544454
729374344
534038153
925907889
886041999
464074453
831477045
497332301
103097250
237961877
86935872
96650920
871596936
210850349
871551448
537337125
917069343
769555528
937293211
500327661
903189427
45712314
708707918
92539558
373530699
32206402
363882528
691130150
910942665
312039871
927459713
408569617
899062455
294428118
15091387
59630626
887378312
595005559
50001822
700633575
853060278
842729387
612446635
58792313
197498614
557181753
166180823
961928947
758826058
949478101
915853158
823670979
398804604
927420538
603225467
166679383
110203681
120349290
789609370
336067788
55125864
413513995
368958121
72074969
847983955
967604340
547842190
464287062
960288512
295132948
88951870
275555684
598271107
93840952
667697481
402449809
637421316
346091620
356935962
578697351
353415049
510154736
120274244
569771894
795720349
70915635
223445955
357839428
343069405
910746628
437251188
424624022
468457606
59793157
259112193
841510551
952374991
214293163
377959059
996827524
616786014
633626926
652449533
565820959
454877617
269376602
337209955
855325547
413622905
734095578
224071577
88601208
254505848
670572047
298545624
884942743
940629386
582020867
174681494
968874344
164887504
44350566
275162709
324050225
895476057
917293868
704070697
787384228
670146619
27439418
975235302
101236294
190249097
711947459
212023954
238244185
952791002
791430587
33677230
191299486
243829713
160190154
317100019
813376672
14821811
535283301
963040936
992818298
854055397
853982984
669538643
369187667
699345932
215856609
655800635
950839032
375051423
205025089
1691471
19216966
534659544
836494302
787127118
878196965
150135476
292171623
223402878
551761084
457216809
786195405
98491018
834917648
183896097
964705792
546619867
166044903
647634135
560533991
927694887
971511417
754588438
971945691
816103555
164126798
337473489
304349691
445361502
401608021
181335684
101466140
291522013
894957963
343375167
84909074
315912213
903174630
397942575
874274253
392792429
986942335
211099570
104215453
609420627
1954331
354679743
118482015
76147962
160448509
178614415
380785635
796385433
201061117
239411654
699520861
435004644
410126316
407010084
635091514
546307631
809870238
49215452
406584740
731090245
636463184
981112238
382097972
728498505
716171224
156697121
753722616
985390833
884951821
666048220
240073120
556599451
460138374
867908668
260636009
880197419
406958530
65221486
804588593
821656206
605294188
797788685
620635718
584661395
952425484
801347738
738605052
50113888
853440147
712921204
880259107
101435943
533119809
107575683
517568646
145594804
161250935
709530518
292833664
477314579
828935312
921852698
931081144
887728421
797087123
430948901
687531126
154893929
80571298
890345284
452973748
624128440
9784753
852281660
59979980
809168787
688570018
139832648
906708038
642948904
375133197
692284602
533492191
282447244
340477243
822521379
294907250
10053873
838473783
200750525
54054416
376177790
568495178
816609399
758894151
164089777
646233683
373322628
826624064
285751806
28348226
63108188
394460395
915223822
688890129
497549991
649425798
983455161
105245381
859541392
733744254
482149728
974034351
483898244
680580875
872531574
78914794
179436546
560249426
284148522
109204237
62521297
78806709
140794455
465041219
676813504
905200180
219496716
533467361
359481969
257792781
502990198
515476187
266710497
312669840
256936422
125613210
917042744
993879087
924276088
760566101
698734405
520449223
334446752
862151679
515822744
231437353
872526702
643520096
731071093
657813474
268919858
427156449
62827893
191583845
543540611
903668553
417936463
367331763
583742565
512005645
967478520
592768674
290484961
113418673
323987871
699739248
84725235
699220812
610836509
222651109
909155633
914471797
227667604
471419242
385429474
886992950
11091066
143333212
463009992
311379762
371914623
533754891
178823780
896865643
53991254
522758326
834990082
681520281
596296746
57479972
185816665
681706976
260973833
247162100
212973783
89512374
187407684
429906433
547601519
926394232
732403110
966956741
66555338
828740575
554893219
358366877
115250223
897996954
638150157
194652917
282202812
909035634
836001859
704208294
804364029
190244019
208052810
57665733
408616446
832504462
949413471
3468412
248801939
850025519
230769069
686893556
407581466
931555390
571222218
277577697
702427666
315182775
87953600
866275874
154774643
849248269
464696885
549755446
403596512
756035892
70263307
433060409
994102280
225722390
510458066
174975303
419325313
872640471
597981995
418304068
75218122
220951880
386494414
303383721
938262987
207105258
290191166
636566047
159649891
216063239
337171118
27273126
627737656
504904872
13068262
678143587
291350072
369830539
998615694
67373757
134582217
490001434
981462759
45324232
418697702
596197612
268445573
279432426
868584485
391907179
216839998
894331899
626751625
888901575
423815526
659616093
245248114
882211223
754454720
914818454
701483068
636706543
869922680
284184309
768810286
196942359
191727734
506042811
318238898
852108127
432976463
981609199
815993221
771648309
899990679
581936788
686464103
782239453
490580515
777120865
823002238
672063892
549854630
260502061
973214315
813826211
706682760
287142036
257099607
544644071
416254443
629497714
539913296
976895490
950157282
551046237
238391544
120827649
200682688
147555040
784770691
909974762
769488881
588010166
57705580
999558777
209774581
180898066
863862547
508391308
260040682
761336033
83482144
990669261
920340010
205039200
723367136
644282064
697799819
243107548
308110615
310678463
114756673
186517598
74138532
534863337
81843864
357798073
645920733
83742081
679667831
972353952
108556709
185991360
10747966
330865604
934125386
192571815
554926598
346659059
436627521
406300368
105761680
995533434
408390492
434758129
810302995
351051322
839032130
459428688
776545189
435504186
33601398
127923668
624869990
88734702
267163061
660262299
699392780
13865085
745464919
621800141
410347223
349392082
441812556
483612174
416155393
313668645
891467854
881986626
555511942
47034346
861308103
881616640
971838833
609074993
806967947
464528667
276453021
385105765
374494478
426929653
780680624
441001720
106130669
199337739
141334805
826343676
405034920
479623664
548487575
220338313
297286293
40624766
489639505
854518368
756533072
916557599
955771157
765675085
134850533
550004696
326977086
81297212
719496961
1560364
210498867
683642997
493643581
983594420
825014127
283230968
525726484
362722065
701961071
188724855
568870988
980737444
602513794
273961501
203473191
167138388
406471223
280495445
163293468
973428123
872028357
875926897
241909903
911608401
194977068
562894709
916534942
506686106
381387737
633885112
501550531
9583745
78332776
835512114
809447827
524803840
135121353
37890142
358587134
209011672
929796266
416096937
293002150
810711516
723165987
702384489
434448144
902040478
851110258
847537041
100253291
738121088
465594455
994168709
599808977
272093015
464786345
600076797
338970917
402969447
630846696
504040359
234378371
224338186
438963894
555449506
432346344
218012208
32452521
4164375
842784557
144114642
309562784
393105351
788338521
176021648
872238555
602173931
49096501
381598709
9706789
895105352
868791102
335900621
698247691
247920068
377734160
477452576
219611852
11115575
762147932
868555511
323703302
778560036
312242495
384108529
112955434
731702729
40984605
610108894
122628159
610305748
850219862
742053840
724101437
761736157
975279648
140216853
898631182
905370595
853056946
543999149
35931268
265373217
374856464
349956845
215714493
496904439
583279358
147198137
803239469
178647844
396591041
420758401
637609925
416502888
768779922
392508509
563183616
826391249
980511722
128028115
142274085
301278036
24867869
916084397
920814322
943113310
685129024
54331546
694686698
36418788
726434153
701626883
817019283
957402259
455473845
799175213
527661725
284498670
694223101
313814935
679799653
999955081
397035930
216001484
289035257
234125378
159945437
534831444
126547918
529648378
465735698
638257040
69997721
667056295
497860125
493716357
714501618
135767806
861517620
674783121
351405871
218317956
176752108
248665879
396399183
655943543
211975431
668409997
293527026
227333632
84498187
27655311
285906232
722874397
697566357
720306895
742443491
230886464
464930569
23070133
739475175
436549288
965689699
881989473
262965131
542950748
353769902
653131290
70085677
313118166
783092496
936421105
636821237
146787732
177271566
126157327
107718338
244034232
273422796
227848744
27162353
563851719
758659064
887861463
646815852
44058926
164924050
609531214
631691217
803541885
816428767
731966751
533013152
333747038
997512053
187951278
405410506
774774930
34624805
690751722
961260755
247726752
574046874
975689499
338181440
252280298
823908895
769188520
845641039
78831209
888028065
648785923
383648644
960344689
458836956
346500270
724828093
794646023
253837769
442173798
228899771
682220391
676464979
192456472
541866893
753876646
462328162
465497617
18138367
72795755
988564077
606509296
987179442
524459344
349779705
984354360
857564767
388720984
114719644
74730430
308805870
907009967
940527222
224822970
541566991
483553471
490353715
605571560
785569327
848637196
166698879
109219425
121056232
108317655
272578400
427405563
742650537
314958356
882673518
870287657
459032881
842605549
258455845
72291457
25690895
43920644
127795571
851443165
884228064
62721571
316108895
15326180
815395255
741310566
431295316
107353172
291787363
669287843
956561077
68566983
320305801
64268404
301273381
707676027
306712458
77573400
524665775
974666471
629839531
808191131
100197310
538200664
625610774
749717542
308664646
485781203
577470453
834967529
879991295
991975318
138978598
499473460
384800754
828718310
496417641
461766496
778768872
321449339
16837396
571986755
93163295
61920342
629593681
522302754
44348957
791956205
880444204
71265507
677160728
462045719
604103641
454179340
736393877
275742051
22256677
155410469
757135097
328413902
725431039
471589651
226861692
383453147
133764491
501016042
248732081
510481678
514228293
284038662
39370376
814235326
273349951
505941541
818445895
240079290
874767223
448380444
120756891
686908414
516036402
297259786
197967669
746115069
172769255
549535384
76393448
359701839
769910919
46949839
204917209
737467815
928807155
997431302
653431610
710375617
111444678
796782152
733808608
912192671
198341656
915232178
3235179
32795402
500069337
514485953
553012441
579632400
894769804
563021154
665694754
275531843
21837143
583892059
690281875
43399639
242832560
854803379
61493820
870019200
389983115
278396945
300250450
820827635
594814586
25445825
687826245
379609359
668967490
152658747
321994963
457582753
444988351
695644086
186304861
830338454
377980624
938822717
703633397
678088979
60048641
665598280
312433069
558507588
105289467
503382879
215910803
390716579
263680621
992854705
390857623
706655445
946008473
888960116
232126421
531832164
194368871
442722850
730513060
406822092
321039088
352661383
879394332
929191266
6276785
99884512
516350199
732935280
819863092
622745653
455657663
470955817
485959003
87652122
640528856
850845670
915108131
709479977
139384065
947146521
637137368
173406921
497000555
193336055
580836080
30888156
918085241
392567533
20405530
356707297
918061883
477771951
546037035
837037511
269316758
744904499
907655906
562475213
744853548
544886893
577479948
252202039
169833946
845996078
328750538
236471017
383627382
679062318
123905849
46519688
929426872
291614277
645250792
431095706
644659367
983935070
789366669
190150479
88972750
85147483
233333767
905717557
954943727
425107270
648300596
932723572
934877966
794698809
150542393
47677529
860753202
743810300
854864826
919475237
297446960
444100406
768753238
231080929
418088338
736231850
614279011
198270869
477412272
678230928
321190089
911682058
429257635
504824274
229237203
204373296
555262979
845841086
843688935
597236061
187490691
312529560
978178263
363374985
634736703
680291853
322939198
211580735
107504881
952795989
113047093
183665753
846649703
434745976
278836162
109136228
543260956
820345878
945963397
388878184
166438966
12479325
919536838
661147554
361741720
353769783
364097175
298734884
312264824
650063144
95975994
87944726
839929920
842376229
235155892
617278502
636967954
977801735
731970523
493384368
582753319
762547495
816927362
626556024
25121807
22810452
974843427
847653675
471882064
969303152
409354451
5054396
26977447
485919873
717027540
930783008
258252430
418684166
881784349
147708131
410302022
819080352
448628456
869459833
79084086
177290252
608601312
106747719
502065303
930832899
707228096
140257793
669352186
25604336
939619803
638233288
505147667
434876264
367521340
743626813
374935268
311387668
591942915
798121586
36856267
843989022
245321112
852390512
926529276
914098083
267730480
605112984
909012199
982062508
84595275
267857550
623585983
369250528
893609919
332470527
397331681
545399962
145261979
212918867
417051328
756677925
825607995
39678930
196448767
316243557
515437968
870258618
496053098
760837974
188436124
649085218
262979996
558195450
232012005
85905903
825356018
875000102
649112137
513149249
361394410
221307719
221131622
819177682
729756579
360943578
333315182
78431266
934993969
722421820
372406457
464102834
274771292
566259403
706860511
533304700
711651032
807162633
812117103
883413914
305910839
746280836
106496788
993206324
162650519
734780221
728298428
799497044
114711345
993781246
874000090
204163523
25279050
87670300
177742377
448397366
319271590
267211930
363446225
102459571
445080805
860469249
752937148
354014207
973367892
42618971
660606386
508275680
255326790
875835597
740948110
561647422
480717224
404888200
157238185
962556417
4994849
793228518
220292864
846437900
599998871
970124027
48384737
717379928
50255136
155884742
953934600
804408560
24105942
607670457
788709092
510803056
455312819
188643454
783730552
828101176
360791818
826768039
388201354
566716258
57429665
366932311
840669200
324573414
318242206
729614440
83049749
729074028
849652792
576008376
135240929
448474643
623968282
690406222
789077316
982563540
474740887
426621856
43049260
677310057
456721364
831895987
7167455
464278067
193251734
801986981
202282447
586774131
15464834
615584697
356614624
355886029
182592750
71289881
984312368
113781114
603231487
732023285
391568361
294230518
280463088
677297023
310116315
191188085
928289865
707255169
330579674
553186211
315439229
416376817
797920411
303312148
500351945
126223579
63982737
112400010
420801941
766984926
659634024
845244790
766675426
705545592
534728252
193804731
466107533
941699595
40848729
882995452
99957245
549073046
736191071
143026549
704219731
343089654
895748603
805216957
199935734
634066562
603404642
560703172
705845463
856215684
670080648
383819534
398652977
693784572
452926428
612323650
321430414
561453889
932567011
779533276
362625839
346842429
511919607
738280042
18672984
767386218
371049529
95678673
712067361
130818210
287525731
66235326
984264904
462959672
759716595
499192292
303604276
552406866
560802685
80297626
892968389
19756514
37093336
232542730
237204039
744994731
555576712
613250585
610063473
402189978
871618550
584019157
236943113
397297197
998885324
774042700
359186024
826152456
923732088
139584295
434033507
835320512
115015110
615477257
800135102
388274714
724616659
614435132
832225064
377662412
493777998
56627207
727460090
402536212
396672428
549173408
216715820
440734873
311132092
372056483
340425556
666698256
514325011
378562555
868504923
339553349
231878671
462802649
947897669
307313266
182644840
75619827
792327333
786151927
356285782
375615085
344463508
316684597
8241693
720603479
427279352
518514967
117599948
837934120
985280539
456603148
117143254
966700577
248268129
763644125
647741288
48948115
439470606
986537537
971579988
310424188
524697232
474512152
905995958
418349225
696746963
46350588
265133737
598404680
926756229
430605403
762491149
288187983
581286205
438802755
306670394
335662478
76200472
592146384
884078254
230444344
483050881
374688187
864265860
823270712
200482985
659994237
382640721
384282594
940027230
640134623
691947276
330453135
367222215
955454525
833434985
784197110
173769905
42603606
800230451
142615340
569939814
762819823
766790747
695555748
65403583
280259360
366708380
44251305
43994745
255341155
469569034
121446653
825021161
979790264
256297137
870756894
208065485
770303291
928517289
573508714
969179288
305310588
64215952
223669700
375909608
916528880
215103383
473295118
178416196
937414002
498993220
937061422
259394514
482668417
432084975
669586448
300471800
528690373
535938343
767295139
958953856
283066559
352999357
129636809
172458333
225015428
467123041
751348612
468771233
427776237
118894480
819324237
370124825
598926271
514153639
337418528
873416547
528847326
444351296
293177996
448208621
171971535
975795404
348297779
618154156
876971919
344327600
48425927
574956148
538959979
54361086
213924234
818163552
983346334
611281889
522615352
659693958
732878177
510018747
997493374
785278870
816688673
148537564
11011945
772968341
835082370
589539650
754177512
811571804
212960028
740296699
558113259
458363209
896131532
883740763
887306670
775157725
388910940
439482715
164714304
972499102
683693601
688628256
90452384
27499570
877383274
221967495
539893593
208651661
991983673
979273006
873792058
393461914
167683552
16297532
905019744
826578598
639292512
897955767
345076851
932376240
68809943
145998587
764822452
806717334
456025730
283342305
179482871
950097500
583152279
6211573
107138839
123081546
120179881
488388957
165552049
118128534
260766495
666145858
325897597
646022638
501758542
53721721
345082361
320337356
480892661
321937048
518013664
235819925
865131777
259341855
421312780
842754745
466218619
917905902
792162739
433279168
272489923
44937032
572944998
110238310
523171270
19466258
411262871
375201781
893012531
281625430
157885290
851884995
111450041
268490661
134213374
158857648
365527248
203743666
479325229
680550107
988040719
139109905
692846888
746998646
322909297
365880381
913398426
441860655
200339136
995994900
807217314
376860400
773041721
413216678
340527110
157765721
755662113
254991413
427463864
54359104
392268379
597940376
341399837
377838061
459860188
260441747
569470530
682748359
696198017
711419424
692388621
960537982
157731259
990880999
253138306
880621164
746064531
688521392
259980003
291896615
591428606
957265415
638476045
74375170
860580942
21462619
524119024
593611007
704438938
122896119
415836975
121362735
73214613
310500946
600547431
66834180
793239864
570548683
783592529
235957511
344639008
291565395
117456107
212825428
322204488
434648798
182699708
696074412
884646813
741461458
855608974
356225550
533741725
645945419
332069290
980497446
827481267
857058736
141725505
817269110
397518429
552267139
991411216
769815159
623171006
413037414
830695944
694964802
316299182
749181328
773378682
45798480
753623734
404603164
892252057
483212458
857789849
556087019
391377904
566505721
299167719
445666688
455223162
419527270
224695232
936149901
706596482
524210252
571270207
45092276
473567153
403713636
491448895
564659290
276486478
660957619
648341686
842517933
117036862
440063624
842486277
778475409
289307224
323815211
287537203
896289792
998881184
282952384
650422673
562380488
720797754
346138060
717418947
20743175
936301413
373280383
158803175
645351010
642196161
453524513
792673827
361604232
803325818
287767372
538115355
927185307
617433923
795474893
900925364
997178019
822921892
220990906
37481662
878743738
316816473
63122472
481916368
773411854
679894564
115072123
737679258
179538491
587233669
485153152
879213443
834912979
960052417
36999341
242751428
10636903
108553556
978257000
222424656
936703007
995173967
481365214
449978320
967425807
939753124
54529700
268647715
237179672
749462568
144498679
594012548
459380003
98909950
365071292
274935509
206249985
53658716
399182066
840791606
519952154
230321214
324006569
537995617
162840215
825797001
974237471
680268780
540394491
776225913
549829484
978838948
180370438
742636074
288213572
332424812
865016397
265680689
335409553
341302013
147547289
4037138
966818591
17129157
15006120
74983369
562488114
499319279
56879785
751255601
771714778
701723676
33512995
947301827
8370791
294310811
364056596
652815165
90887560
851235290
394692537
296951754
281050491
264280386
713290499
480568098
695208996
203947586
475721652
793161090
819708014
838762027
923569622
154674575
84612921
286348757
209999834
418658975
185181416
981874163
639701558
282629351
182892366
844500657
31075745
95431802
292294639
793014436
416590272
636910783
168435108
140065466
489308759
381240396
358744386
538698422
312751270
412520353
369153447
264852932
923899220
142714888
350439950
675809193
663089337
842481026
70944624
950707882
18363931
462405302
77128504
605259155
756701962
999065468
169057511
188526291
402501197
360821964
9798839
664753670
992161022
920502825
702834825
995595668
553637403
545567472
653809910
264564638
114398826
61636158
543759912
2260364
617522325
603224862
764103710
750300459
968941369
347688563
639050565
889674942
674432523
762957105
643714826
669400897
483117252
516345781
482228569
372670903
62126702
300743552
329643214
65322567
433602503
796174486
732762446
722879350
76897988
926051731
16806969
441740449
173688691
975411183
976576915
626604506
211504095
836372047
873554773
422031504
142901438
157433511
114642681
775128139
425624732
995715501
801934722
557637741
565873353
514331580
929444390
598784204
392537728
899549440
703357062
768364907
285291368
108435974
795493477
783271818
631945797
484587966
850676778
148216255
892287020
4630274
464134009
870416401
706339623
99151576
444478100
665860228
31453638
957957819
458026917
562590502
388432280
310805926
709766263
291320277
105980619
993577695
103942439
771507076
717634176
269140821
643558140
639680492
213328740
356853756
736042210
888033207
94615235
495155137
396249745
375253524
777961857
637512376
150778512
110420406
507263712
275918781
54950382
681792805
912162292
520005357
574331716
886094031
948236064
681612969
402656543
993687115
228685880
554123218
690729606
898655061
901290234
528201028
469993742
862289983
580235417
495322493
773182911
959553436
715560631
33740311
988258228
35837552
250572330
362229404
905484007
695068560
950320141
629303911
721317252
589297003
700256807
482771738
579837842
176970560
289845942
946617570
529628788
942060211
69946893
363809387
240632896
218492948
557501641
628963890
108920487
586252806
648943806
340570334
729386356
513876293
362800693
402004399
150088185
699672336
588031957
578778640
92035922
304138461
849089574
797092663
432708201
468530461
673899570
515832739
123312757
568399840
218032055
741775333
322053157
335422761
537852004
389932960
155606685
404648177
408346002
493611386
149839401
884798346
647726101
163734394
780739320
774154159
372164088
61105037
930854520
780319053
525320752
400085982
266437594
606640352
834963424
708651062
161669918
661337792
356002811
985164559
767021423
903913064
858933458
465443961
606996823
123564580
586323843
252870376
220158812
948947348
215055395
265686382
754842302
205361467
119780866
38143056
950685404
384835061
88265712
294156474
19579717
300640894
844992180
445737204
611623826
770050294
53046523
264170124
923380029
357945933
345306265
789724527
331779281
154948536
806030249
475451326
947710750
425446714
89640274
881563348
901224477
66279063
977423007
961490133
745497072
457483045
616984729
921983252
33124375
745260306
675394167
669787073
663773102
589683048
220459595
617206021
437522111
572075495
618779782
874934757
310717064
393177510
434219520
85025912
923212947
152842993
427363186
995616004
842166106
453615746
515188502
830161680
644614660
876198682
142397577
413372330
65362168
858187478
479595826
921912204
682323457
876664374
671689522
68933715
296787796
830636678
41295850
452400539
454557282
64542764
537860320
372817308
108725475
387679281
1917895
695975120
933173872
997927816
81472050
168737969
43625989
22825624
577774821
781189481
248506534
810680533
915141479
782076760
588787544
598537995
491768272
985659825
323838320
267081795
463874243
327506023
710828530
587034721
528730269
368443623
679475744
980779606
139183533
679675112
426772251
321521929
236268073
559189303
482445
546319758
303333429
590426396
807977682
294818793
820452020
239398040
860493194
336534059
846270942
380219140
881291160
647303414
113276034
561265793
310431379
41037687
998737474
903134243
64332297
322757046
162721398
578734688
15418125
717052170
844926994
639433087
852105618
798125010
435557466
206249095
409664588
999699740
887063011
551658383
291938743
599628686
917481540
307351606
620920676
979824599
823468973
215521709
798006297
726881234
497725857
715592097
741652694
379153424
304083166
751994934
787025043
797534803
175041598
349131966
987107187
926412507
120334045
214467728
129193013
985094209
360893376
297938405
674268309
101330954
470151806
942566188
153266086
672346176
345471972
398731151
875872422
23235002
174346618
904952378
671449696
846240544
316082078
10232928
668629361
556357411
81037173
438235075
331736333
444783866
510208522
71237486
712920235
43650387
196425778
101218770
70258123
318585234
56239723
113768074
444271936
354466346
497979095
917567549
121491916
306222400
78070010
446312655
132931684
25766148
312881088
635600540
522540038
53141536
243921818
942051639
142120486
721816562
8288511
775443999
677816649
479860225
974845990
463349568
392953700
776548494
767228217
329647426
293663071
749412889
103047138
876384445
369270452
159025588
800636633
461144663
867820414
75344717
262319707
390194633
652897217
414945765
265416401
759620994
505629145
500339514
898672320
701807753
96930228
739192039
370351224
282514614
660001119
323068363
695876223
153906215
654636182
108944432
741887275
772078651
287634166
998693461
74611084
949438836
472824243
808774740
392566763
704767988
820891790
55188075
202660038
101386248
464048954
108380466
11629550
993189539
525656822
724208140
505102871
987929628
62781037
937817211
862810081
181515258
757166742
940862325
530687469
570519138
17892675
535346637
556552366
693035137
792022254
666245225
209223557
713567161
553343906
715931419
741253037
106935791
509314528
435083914
602337047
477856959
992003196
740158378
349702811
860447171
226953743
409691671
797479699
690940796
757888480
138870039
937184647
477870899
487054792
447265411
667466561
104987194
962190378
772259539
421153668
465682277
949597998
516337147
861063550
472925647
181034333
656971858
636407461
766019470
162320401
731390556
208753718
678838001
605136114
763296433
387648409
170819178
142574670
111091453
290077725
333964989
28737909
825664593
854248139
407599334
81554688
694048371
763394526
824190670
719618092
864449671
863272894
216371561
528620003
429167629
824129529
979563330
426680623
61889197
600205005
591993370
118559756
696770292
863520286
959885954
372783016
451025844
600673637
579393380
886737618
41436885
869303370
643403289
185297842
455103861
783734023
92789559
416717503
544235545
941648197
365270152
827470084
738592174
194964734
661387777
819469346
949690256
624436461
496728671
211485234
199052552
688974896
89959041
113193591
744793320
725083549
821565740
980461049
645026922
256576663
347568317
997812242
524353066
427530210
779116671
150334641
620255716
231105863
69498238
388621655
18346994
822961516
154994218
483156835
125025924
70208973
713369454
50823506
578788956
990273898
964120558
177343261
59514568
566646315
769652689
726670611
847242439
572061994
146734529
79624079
217182260
517529693
588780648
33629320
769012884
115941882
601837713
126585279
942337322
413842370
132589820
718439917
376416096
31105257
118360732
274096567
210109582
453238313
52709565
543133932
383675069
482609881
950410982
565351615
780482741
835340987
932925719
10572207
149267065
641024116
524001265
865056780
699161520
148223575
664638538
940474516
54996330
826055608
787629419
729343492
226556656
800754176
303436209
78196344
309069525
332340401
579042095
289002680
264870860
463254707
169922276
912389743
24815676
457471773
561064074
229422628
410055224
673781300
589015893
905573733
109341409
927835836
399005887
617073299
210584955
710416570
977803143
414595757
681287863
749802777
777339712
602045796
495879826
541502320
510952716
639055956
798138640
899783508
768787680
511016490
14332561
120397146
12870617
662887749
111726982
518237491
787930539
519271566
589457463
811652070
609290242
319961070
361319629
32145371
822349221
913965417
482919863
301999925
39472124
313423316
138215594
940915744
250603046
808261966
733597636
499994287
884698337
538142705
397901684
146190110
191294876
838003408
518349875
680639830
969433727
615305073
568186449
853818664
612437519
793082532
341285538
853815875
655809881
754380471
239759881
764888865
19287780
397995827
117858468
465150211
426973851
196824505
538851238
287343040
909283866
352467511
466725485
124422104
794980778
673313582
77133416
695060219
82538189
621731628
278965728
701755712
524258836
284090136
259158617
374213910
553673043
204597712
33258737
631263598
691639042
961485799
44889145
742570285
605616625
753924751
250484591
958889802
317896327
228567509
743654794
934669343
817468357
591517546
726939175
429479461
711284655
328881945
120840810
957941850
632472273
697717905
921668195
49889352
157945376
702939425
708717193
234784566
978890425
265968912
491327912
894847835
531264069
268103860
494090788
521893385
185632396
401835282
297276476
283808155
247594498
149574283
652386872
462613121
878119116
151708264
899907724
343203731
329502872
300720661
190688801
435079570
766519452
662154057
565466562
820101162
373646934
366413125
221431477
196157971
626268142
189099016
121880568
468836118
363171689
871040716
671898475
441807996
575822404
551772730
615744365
590070397
697983402
490729526
12374845
807563849
60166934
716971855
962695140
161314669
988883927
692577127
762596907
902156325
367630777
462408600
549784109
94240733
447298344
496032734
230408901
554425857
369266128
760119470
56842748
765236020
7875129
257513257
843975787
310745862
522727693
450801409
17102507
945558722
298466409
625995105
376506868
908240750
960519883
309932101
851338207
335387305
577516062
820264168
779303169
81012110
325183378
875339263
30104607
92259379
886793043
938076243
225399563
290587694
294132942
595003211
93889225
233560157
74611719
664244236
406841943
11830180
261221489
889226545
143013497
323560137
295802918
643362537
472591966
86260743
409603342
598272680
780944752
122632557
880480644
452547712
133793311
620774078
282438497
924757758
349377979
944854036
393292434
383947867
883298318
885882086
871786802
183391913
515412923
954065426
844066576
73406336
745492839
229036032
263754063
173727188
249539201
694167193
573570176
221149683
770498009
122712707
701666999
568012080
231452143
283390108
658366434
673572698
536207242
893258857
553631623
25155156
418966184
688005227
86389194
380202988
417238301
762950775
358106313
365041155
386040864
291732397
620250760
215034420
477296958
463777902
474182267
921104850
774973171
232473679
268727250
934644891
726447299
197201713
416653214
524207835
660039251
730590924
861167073
699247833
413786147
615032096
256599443
491147411
155895553
493856932
262507385
915227666
588642430
5276148
404004455
327637166
353685803
983045721
547665024
561341136
531612209
572618318
153529568
387641559
476499711
572805275
938788184
585630704
763948635
337855546
190935014
467346105
606057203
363994404
348381295
222675353
100419606
63712101
893120754
921156044
47754743
464594642
343526075
690019141
639954143
836741945
69246010
921459587
803015478
766280131
640747765
477422349
973498647
602968419
144832044
964506458
619261603
771607864
281183410
844208629
66182009
708101405
981451473
359592673
847482729
277392407
342824470
964590577
69238310
992185505
174885650
668911687
93070351
723563198
712912376
645698546
519890257
53402522
344850694
624564002
279731204
340084724
38899185
424903892
354334000
944125187
484234424
349409493
924404034
607593269
957047501
122344706
523081252
744463356
567885770
150935121
352037695
644231721
234641298
574884335
620113219
262950962
389536355
529948036
279562071
268922699
741042997
603851195
564220021
351888925
852346036
843289571
863304358
223132064
271351538
507553294
129770693
221767583
111057392
920570897
950540024
893649792
782942923
379400737
185233095
677502763
105711092
997907647
426965549
585654085
905071953
410416938
181551505
572764935
6658358
315706018
573160687
65644694
721755815
680929233
852444055
152530878
463950920
82505475
285927964
149852196
643926875
919243023
746204982
81116565
169493990
846489934
449881562
591982850
441052237
371531837
90254829
287260323
926722492
735066438
145393920
734613681
818457833
37078931
380181310
835677148
699606041
78898502
504147149
238674270
289949476
614710694
388795956
104367872
716261070
888092656
599127784
607561014
498643452
175088323
337648787
422201001
202603081
799914775
510138710
924191681
786336272
657244054
324770506
260284310
834794051
37595397
899480889
886369505
477584396
189917437
772303048
808630833
458008619
975285622
444355871
53277888
136629885
193700197
874808605
723730749
779299525
75940708
948704904
280410926
683564364
978364368
133557055
161327447
806104327
377658520
629844096
733196609
942840213
110849567
613848929
49074750
274625944
35931615
357063034
167132907
878501311
842351765
155758847
686973458
675824958
158226079
1541160
318321744
170796364
74979940
647407182
701121749
984754270
324759089
240498093
946017195
978076306
699537350
95304173
151929942
562621442
912894246
376580372
440544341
286974445
660399156
426942532
692175008
303318510
422022107
463741664
702792908
491347648
941715163
717837284
555251341
271466003
562609880
481973327
758931734
655297483
627832950
885100636
349851688
308103946
343427584
962051051
284228459
575685766
932675883
942790419
732311819
138641374
232481450
488634614
572163844
131602971
631749929
721564535
58289777
590218577
313867993
471333690
500630558
609719888
794185174
453843738
447724680
540735131
817010584
769657955
688131367
777497863
622343983
447737716
709479146
375205385
665290000
440112700
792034500
341675697
992891930
473314810
665937297
772765279
307160958
37233950
579555254
505844493
685460194
874717785
752625237
981979229
615182279
331979118
187296813
950879264
206803099
735737278
745262325
582696547
604271329
184938281
476888184
174983689
296786148
551407153
232345611
158966548
892037264
319566542
189196663
197598062
726659062
185457919
891141065
348627895
772909207
503980722
863058172
482687997
685178777
622084295
971432421
460591002
284023670
536690049
954537275
786844316
585709590
442664846
742058521
610778688
291485202
824721683
770370426
495694639
458668656
444145995
611099166
99592061
268377452
290521441
667033554
23773378
941126099
399962894
564772364
329835507
447683599
466036510
313163720
392528840
542638234
90033849
733667267
610368887
812003489
993675041
177261432
715259811
835699334
601263204
882806270
120973672
579671491
391321292
638761014
760161207
532416881
793478180
434126689
752674963
607165850
795986255
401600054
358286912
406225952
651949616
916190850
881505493
768564440
182735016
345315546
96861779
549954147
912683000
669104513
126223039
813792665
16556015
567535660
420284484
787767332
14041427
3231251
941470504
399496500
808447969
356344037
874169408
295422959
381982035
999833738
303504152
632573492
351058174
908554439
122283031
827884178
822129217
867932526
592391478
620683522
482219783
283345489
262221320
810056018
760769512
498790379
912299263
542356224
573331434
978849939
42705902
253444229
578985040
913778076
15146931
590438892
291884934
351822340
43735897
204971297
331627986
888054193
840164587
637132759
15456264
398505759
286642466
586772300
489140289
187739883
583711955
499106227
446833849
717210109
395532314
481141605
933537604
30478521
37380532
717944951
886620270
961563810
785948797
797874781
718501845
881772049
151220242
821301899
495379217
964628913
599073567
657384016
961707722
884136201
939686007
601129729
916095480
124405129
220693281
587465928
731279901
429603624
888094315
20357354
212958811
649733063
657657952
582783147
52152233
331943111
313887788
288029375
590362638
115142025
59047627
40722941
486465885
982248916
817299824
981321601
207893741
101898235
81017413
312292841
207634936
441188238
201246824
859699847
132788755
36831919
285292496
484134854
840471970
768055138
238590466
601268559
131369012
13878110
514847589
394249526
86011600
576444360
488715113
679808620
135268855
809803380
978591175
110397805
10051104
299178143
793199599
976861065
670690992
969937587
672897876
892855882
7235466
764429524
290941394
631337203
244856818
699378396
607993562
718214970
39893976
917248114
709314889
402180937
166438472
249621115
756189936
718367682
95782402
603485230
928703987
649166942
7612816
245006338
530810120
364521859
360991946
731560391
16562553
914253747
8698065
589069567
130770546
169251125
375315558
334158466
848987090
179714620
269777056
871803953
921545124
286088977
12168883
343142311
149773747
652656158
391150729
898095991
95588897
559584665
446195072
551265579
888261304
534264989
74479812
658122473
840642895
855817124
693849616
201132856
934441645
854603065
589422954
580530143
465645354
216676888
498952991
248323786
272053999
92653424
140786671
391272602
365551335
877588120
842858634
709177890
574619620
911414933
9021521
110884209
91630450
137923855
623451225
460260207
142632915
703962232
227161786
622489366
433365243
391905871
755634849
772212271
263468474
443264646
586508545
998231850
302796210
451570112
43484567
847018812
267702342
881082543
970469140
57177989
127123532
926242642
340477483
610495913
690111329
770467708
241359001
543867543
524204843
110081265
56549209
366533978
429078370
788978490
892467631
22999676
486956052
226928201
402079017
707382958
896901991
312262989
964114979
511489968
214730573
56031335
964732131
73490752
909325222
621590673
148159912
368954528
664583393
980894113
158218540
99261920
137570147
549459847
680928068
71123531
358969112
980853307
975492463
654644913
598440096
715637811
488510094
652427747
653867135
881990977
62148265
469500500
443721938
224551392
810199409
30143212
583700302
598012485
194067066
377536396
859287951
153028004
602567639
728980202
592273789
935894875
609648940
505628667
404300780
590931872
842281820
731484406
859417877
910237292
586917464
333323346
92561101
15121339
819282766
760082246
353680217
268030774
314270307
308241054
603715913
858358725
456201841
599086286
993753901
175906776
301103477
882745477
216368741
6208228
830691406
171138428
472565676
56678916
893115532
296210386
141143172
601728994
654268360
353670299
223744385
465471972
229318957
548429292
510231925
814027964
3785539
898700723
361757232
262899990
907611300
990537778
127026427
534629260
292255861
507764918
21569527
560663513
824850465
829283948
738211536
113843756
407705627
403322558
401455263
546345704
338779309
504760335
585184090
52218162
177222827
522802637
158335103
63093963
178957313
869068059
77605862
776234844
102340331
855253160
711141120
741350011
948568429
322960674
726744347
745581989
558590173
106700952
676949468
619882491
53198320
268476391
376156192
522022646
875783365
961212650
626914603
63250965
808711260
584296803
830741876
355284259
642476011
625296179
487851509
261940081
843446953
177141580
854753095
848536974
22086813
142264548
700014642
498343497
537968551
442556856
282650291
748883293
881672516
85502583
431544180
908972235
823144872
47682418
474331638
906898302
63677882
558205031
780293807
842228755
578385540
920299463
943027238
702159287
517213987
647958166
192511583
589870729
659348267
143474943
698259690
704498801
936091104
950085964
758032262
476848856
315914832
758538991
314421993
554488467
286390071
983307193
626633272
55665599
712984865
862259336
850836737
740543514
904454559
963749648
870905329
233245860
452977655
879571811
669251306
577512613
370671707
132093687
366788485
464191150
30779759
875202401
311061181
498469704
925176203
859138537
414574625
951808509
534102865
193017210
816001400
746956035
614244584
830656392
825793483
361057792
887649619
15864133
650654715
43037074
221333534
560423363
181050804
160680485
300550602
219459191
948663340
967986098
691022086
390188206
532153615
458910136
886291039
804121149
222458379
122145125
757503968
951070878
927416850
99115324
634737765
435890501
62058915
663216928
521743010
856408322
763863651
327817756
769805065
493919788
813159564
417208007
881516767
453921743
163313205
982377499
105686586
411330217
623138123
649656463
555243066
139052960
394176724
853578803
258742400
998302758
747896908
778481875
22917121
844565157
994866743
154098508
174939839
993977631
474778596
450921695
588610029
771431510
98649480
182325863
323982128
98852571
132752266
735260873
366088098
273352868
908108583
358619974
740015868
256551235
676385345
520315862
676964061
483020354
726694883
927230260
663570042
757937489
592986021
757032550
487151942
926171723
873255575
110954430
948937645
850440576
578393258
486851809
475610677
735471199
993574889
684953014
673417767
337810926
707319919
392936324
267627349
838451571
331630754
964137709
683659372
209130156
989739263
672004085
605544259
509598538
711652703
17412999
812264519
298337412
761778757
943043053
373027794
145952893
958162291
892998166
882528727
80993330
624931907
570545514
443420038
370950625
268875648
836416283
608486647
635332332
598783519
776404703
612770628
38129813
243162798
848153054
693351238
721271419
473335952
925828004
800303504
127630956
302293198
925431439
301362255
35626081
36059309
589069776
852536025
551932117
247836920
828127901
143430174
507384278
779432166
434074147
105160484
555532211
201579112
657335803
487978563
391567746
195145245
972646920
547697238
748232402
130581678
265046102
443173593
646318469
763862571
539461395
206102028
374237975
637526687
437273566
109000309
849222848
453293112
635862019
571473953
59356121
398497692
27082264
794166140
195383261
118087819
333536288
722267454
920749996
404637519
880691524
247870993
807450761
660455279
462941798
435251171
355581378
760288903
495494804
318573472
505907712
427573174
558764089
751876199
734244387
732790202
95697201
545292325
743791195
6613775
328964281
277857720
893301458
573463789
838171990
210589850
122253032
708121217
643444219
559991664
102565025
856823969
105769157
627463268
300445192
835452187
127273582
857376715
135504165
10543522
238652457
14979258
361455899
187069120
458307368
897141279
566875310
118571869
817865076
511544476
454080423
288419301
240080258
652325684
360141321
53365756
725523733
922076237
694026344
890810630
860364389
713147331
771527048
509462858
344566330
152476946
936412720
613258628
152380709
72863643
351994717
51895994
338508723
973995393
571184158
830572353
830219823
283687116
680407070
948152690
85073045
876692843
463025797
587765947
264766952
110656863
118629281
905328029
506817297
557528652
255224559
954822520
704066950
572418660
346704241
306383214
593735060
200105529
664043648
674496222
421408089
124043742
973609004
707190984
513277788
353126022
719237312
707975093
283726266
782594847
64188753
519911325
936179207
382957312
688851717
233515828
302620302
941271334
998407041
444594103
973703248
172460068
993138836
592519602
313215194
177963016
326913791
768197195
827862409
647641338
181904213
395242653
602019038
481093712
476364072
566709041
625629449
734927250
395738722
446179458
248784251
216778111
664924135
323824095
757406331
713823003
67102269
66708476
261404329
756460796
930670785
399249225
627155800
860168349
832423988
450858945
785955846
142207638
912664545
117411368
756602012
610224794
592125153
880088743
793837781
89438877
172795220
66858754
316211412
865913125
534049410
353154403
528189725
419738551
423174184
887957013
535035459
903561780
324088688
874523029
305211088
915627132
164223432
478469071
92378978
877658160
497809324
886327521
199485103
366440338
183907839
151911479
653672966
56468165
318396597
16345667
442482317
268269816
753274728
329360725
71189448
361310147
584512312
585281051
205773028
819956842
106432548
918058490
207580028
518825689
199203406
165804997
726990502
856581563
400593422
53031836
493418160
929763658
402596220
171509864
560866433
862082352
767027279
516853948
863565738
694669303
134512499
920683319
404505616
171426041
241962639
735499045
983237188
104703765
398067745
867731070
776864863
29991184
432356856
264222053
942177253
936622019
929518265
982937547
897152198
347923515
418479095
572232512
71706214
879874932
851408261
837918063
427736439
762482011
632810234
294354032
377304323
670126567
788697135
122820270
656472515
552038678
508557315
336317485
338991569
376660552
493265569
910714119
899477969
896455089
924410131
315726365
285589592
45847296
198170960
705757994
939306512
949050396
17921374
287908638
861329885
267638099
763072420
849049545
329282443
444652222
107076427
588616078
518967739
299220666
225405772
775082424
407061878
39319500
570994065
702337790
259625849
992080654
661587399
167558350
454511919
196401973
574931963
466516716
459767727
242463730
387321326
227569196
640476932
581406198
498761342
334135387
686074860
450564768
18043301
346313338
556383718
296253265
669156791
544590537
72039953
895166610
638185857
117816981
329416076
407065759
226896063
869707457
253022116
552949168
948269854
365654513
900599836
597789401
262448377
313820952
330907853
921510005
678796350
904901219
544054605
671033727
600755601
279451810
678089294
110478657
237880542
723187908
50911619
915520520
562975542
974271369
910451450
832375455
682655356
828397804
4395242
244289285
842490087
23256369
690037148
852513533
125459684
839107647
98430645
614684983
715465966
712178359
323481249
953050383
120155249
52511177
217839381
179701688
74482411
957265820
701509569
827930570
37137293
654673161
865667122
996445087
753183525
500191853
737892025
331243734
622103755
627486419
168971361
198122225
953079127
786602470
50397909
172374826
829646396
983895180
634849282
336986393
360866263
45174589
636941937
444702607
984051704
984218428
391681945
336017324
334128661
557233010
8699208
127348628
159216146
29570785
248413219
321629913
798243921
933710960
161481344
225942303
492393576
608806541
761049078
174172136
780756457
747360808
523656667
741532646
303488671
545593608
109195023
96020042
482977660
940233852
755253152
176167537
180887634
146997528
800859994
890360257
866438019
883962279
550326859
259312505
591842667
797751885
595236822
796956071
157856425
337276151
526586874
273680364
29289899
742464123
617117085
93148184
505270217
463958186
82239126
171247943
31181576
132465512
253867679
857795684
204727022
726542957
79370925
639287977
151261253
562568427
828318220
967220543
966733797
373458830
536353100
667758173
264804297
816298777
753653616
437797363
303001041
334883758
578522316
4693784
821936916
644279076
977818633
140197182
193306702
709758622
888995212
890102745
814755317
95686441
877418903
969877745
770340050
594315871
456715264
225809724
622417651
822385270
46082755
446854489
482203180
735863101
197443503
183722451
274815768
337051254
600221239
564776042
241144396
775600217
576375223
162005934
620549897
506615478
782524750
28546234
211815521
287695428
505208866
110542101
742850994
844665838
754729766
687043740
139911957
13644821
731978802
402264850
228679090
179072677
269644310
964563297
436207844
364255482
316198933
445777616
432054320
679823230
170699844
957373000
735255477
12512065
448253076
360901621
362713839
843209783
845200842
695142946
245027354
614936400
580523397
155461191
22257429
326283002
905272367
603513190
939180847
131351244
477574510
99982749
519645915
762115600
787001889
968729887
785245584
78198292
903207276
816254978
584266160
398129297
894541999
835249217
22826027
845682503
226728567
850965773
975784358
595371009
493089520
55453470
123597768
573982912
755487051
57931250
64100511
448405771
612353427
254037902
338513832
418456688
44062679
550365888
648929321
30681851
755911273
595379734
602844826
799404446
360665571
520709081
77809871
298186861
866303348
85028763
777945018
638625348
156984510
152604594
715364727
325078921
603786977
643372118
805662114
649391419
771096850
795737163
354359982
840690201
828783364
80474361
350569647
294528946
503663538
490208679
208611089
63702025
869665502
549468373
654864716
547768021
837838142
697931379
900864301
386965262
260767199
186175147
89210718
274312568
526305674
527131312
206461833
908326584
626667627
449250105
4148826
723561909
869363986
228353847
561169420
428246681
715954598
512440194
603003318
816284782
584270660
766803182
875078273
948425700
16238761
660093731
727203442
526070094
358995974
843567345
48441708
630431816
90827994
267272269
13631195
589909823
419822069
785415630
43390488
642772363
809117797
708727737
624277055
440570244
480981665
766300838
63122267
295240007
253646224
720099714
799511836
229716992
644625044
324343208
746621207
293642787
982214616
350820703
460451824
849693237
902861915
259203386
631436678
663677381
462067580
427803675
782092995
873816902
859901703
831828854
699780992
976087403
596843432
449717557
63471096
88006647
935285157
966599928
488024063
977361459
918644849
276724919
86310975
96716974
736807037
926927171
917006835
39552648
244018430
309853387
909550105
692203447
255572886
950680717
345240712
199224174
243624442
814806956
448012044
84101962
154883552
127374843
918682927
753713794
847954260
806817793
590054435
523372836
141178672
186934287
383298705
342968146
357692181
659463711
796092672
714157368
439463576
252275960
17017311
451023443
437674368
850030007
23305747
728509093
386072330
707816745
490022505
457401933
804386040
637428271
22581748
978266745
341919538
156727227
526373016
285859888
379732567
588901168
297548354
826740069
159211517
430424611
755759448
310332785
699628266
353354503
268754469
795539030
252860553
905638979
639873
337196627
743888081
875772630
149694895
771878637
593916536
466482079
998900536
891925530
343735489
882386095
726478880
964678389
646920402
392968005
645087297
711767198
663606778
914271203
208194305
690969390
278709146
900924098
323500787
789644954
856510073
333237083
386635276
59222566
753678824
317363739
795678340
522768812
290020449
836487686
170543533
815643249
798018930
129182502
259203461
575523749
254850190
516052358
599749196
918653257
885177124
490851669
252809219
43546656
3445251
943544971
633171251
820303761
702652034
454283407
618100088
601569814
974245189
19726699
433069486
291803983
789104476
681806664
37043658
571329960
737269411
638588251
159278377
326026866
330092179
415053769
870289666
222792616
789466536
314612164
709617108
547348336
538934835
863194105
37628682
832179431
621017177
871803581
665692938
602468068
814311348
308791846
980253060
619532061
700129057
620880705
347865177
216160057
559497291
723560407
686207415
959058079
710018058
428374705
384806580
947081531
661592725
841996812
991708141
19902125
309588135
483718848
192202957
103950544
834276413
368891992
39858904
773001335
679763181
309899192
41105638
276317630
659725942
626502556
710847782
755554569
392236673
363696101
65748464
425815757
504960361
33658739
673927329
98526215
5967118
512079609
301105400
337212904
512217676
447256994
535343059
322671374
277959952
781891698
773319510
959797242
726701929
233880991
904174919
474686906
990123702
807263457
647041213
757664026
110881942
777683822
366491457
983322819
235173253
847706293
530252949
446973907
445358703
422007808
960313357
389149713
765006676
113745759
754774232
401750142
359009705
429833269
393737101
497951109
208775955
494612596
207242328
984473298
537911951
111678563
11202398
835473343
652547356
437040528
56798699
976907194
722642255
98259786
51393193
806580947
404869558
138729648
678807102
202656525
659388
971651661
371919142
349424068
833961094
319819366
724315691
675002605
557479299
574701002
47505539
493192414
