1000 2000
5106
5432
5696
652
3591
9009
2990
792
736
2716
1888
5554
1169
6177
1745
5639
6172
3749
8299
7223
4782
1302
6905
9904
3718
5205
8490
224
9446
2094
2365
8237
8995
8336
7525
3797
9843
3335
750
953
2918
7415
7518
6443
4250
634
8039
8969
3247
479
9930
3152
1785
6146
1679
1803
4175
8609
2494
7209
2709
1485
6172
4831
9124
6040
8103
9708
4982
8737
8202
1640
5280
916
8465
7419
4468
9273
3323
6073
5248
4972
2185
4271
2076
3486
7469
3613
9238
7475
2309
9875
8937
765
9443
5459
4394
2348
8830
4682
6031
4807
2288
3518
8403
9324
8398
8948
342
8753
5131
1104
5599
6231
8991
9346
3079
5134
5818
1946
5739
8212
3652
8570
9376
8320
9975
9746
279
3283
9803
9513
7215
1956
5538
2546
9776
2050
636
4829
6595
5678
2365
7925
7566
4414
509
3398
3560
3127
1497
1869
4342
377
8151
8003
6220
7586
6870
6283
1464
9574
5683
4088
3886
5673
9589
1407
8200
694
2308
1421
7954
5289
7961
9785
7506
3033
7002
5357
2882
6038
1282
3828
6849
683
4892
6203
3118
6825
7252
3056
2506
8301
1663
1480
6951
5264
5974
5883
7272
5537
7820
9487
1651
9931
5989
6284
2406
498
4210
3259
3586
9067
2401
9183
7141
5710
4209
9572
5750
8664
8896
2426
8976
6547
4028
7758
7186
6383
4280
5256
6451
2197
7106
3432
3890
1311
2624
1743
7421
4128
7464
9141
9219
7640
4776
195
1080
5627
8022
177
1301
3412
4487
7563
9576
407
2588
7738
8147
7640
6912
5500
3637
2167
5447
6242
4995
3382
5042
7341
5795
3765
6515
8969
7127
4788
6408
2254
6962
2088
7959
2270
8343
1924
2026
1181
4486
5208
7391
986
6801
8569
7386
806
681
3930
4956
2215
4181
7512
220
4615
288
8610
9407
504
3088
1678
9383
892
3326
6902
8087
7591
5395
2903
6637
7800
6420
7434
9145
2980
1915
9315
9626
5179
1691
8438
7883
4026
4206
539
9929
7858
1422
8643
970
4389
4287
1493
3032
9490
9926
3450
7059
5826
8787
9919
4691
145
7661
9656
3921
4528
5738
4605
2292
4061
799
329
7661
8598
8052
4385
9773
6974
561
5172
3511
4703
8594
4273
102
933
1771
2074
4880
9498
4153
4082
1399
5736
3789
441
8154
2253
7231
7031
1651
3153
2515
6568
1425
1567
5595
7400
2119
8197
3110
458
7064
4021
4274
721
5141
1911
6234
9579
3625
7144
8361
4751
5613
5503
2787
9434
4142
2337
4539
5990
713
2577
5494
7039
3288
8666
8450
1614
4101
7970
7357
4478
4087
943
5752
4040
4177
5161
2527
9592
9980
3517
4506
451
4270
2244
4300
8359
9250
6196
9563
2842
6270
6256
7158
6754
4555
6852
5741
2390
7303
7387
5134
2668
4046
6039
9919
6091
7255
1614
5000
2397
3828
6130
6359
2145
6029
7493
4660
7767
260
9425
5149
2520
6933
6291
7452
845
1895
451
7169
6740
1182
4187
9755
2643
2305
6355
892
2166
7622
6674
1106
9348
8432
2460
6244
2848
425
6261
2654
3206
9561
4954
4027
6814
1393
1563
4403
3463
4159
3689
7739
8668
7615
6906
127
5299
3566
9158
1730
7281
124
3602
3760
2410
4816
1606
7730
8770
5989
2898
9927
1880
6186
4687
5602
2967
821
7241
5975
469
6211
1957
8560
9725
7426
9202
7801
7865
2609
8781
8292
7112
9416
1358
4935
9105
8228
8280
459
5543
8020
1398
7745
6165
5836
5135
7112
5182
3362
3487
4636
7848
1423
8932
726
7135
4729
781
3630
8038
1794
5522
1344
3804
8491
1363
4565
319
9658
3242
1125
2042
1179
8028
9471
7849
2196
5485
5339
1458
7156
4835
5863
3839
6088
9398
9860
3443
5832
6857
5109
3233
5437
7835
2284
2869
5114
8642
8225
1835
9611
9190
7970
7763
4275
621
6105
272
4490
6710
4476
1699
4443
7657
9179
1862
8599
4462
7569
5745
7578
9858
7897
3968
8072
1124
7911
8019
4656
2643
6292
7821
2888
9193
5573
1165
1188
459
7434
6883
5811
9950
4460
7226
8528
916
6453
3625
6037
2983
2276
3668
6178
1758
4350
5760
234
3357
5082
5113
8352
408
974
3843
6838
6836
710
5515
4670
7875
8466
3317
1278
3195
9256
5200
750
4530
6202
1907
4597
3221
1222
3197
8201
9640
9679
6497
6747
6529
2449
9477
4266
1998
5837
438
3702
3385
2843
5091
4953
491
2096
6822
223
5697
7516
9502
390
8442
9350
6501
2690
5827
7646
6529
6327
2145
2990
4240
7317
6548
1665
580
5355
9738
6751
1867
5748
3624
649
7520
6506
2447
9735
5002
4441
7521
3826
8800
1368
574
782
4495
4262
7930
3132
4886
2943
9375
1521
2223
3617
9596
7354
7774
389
6106
2525
5258
2200
6711
1820
9671
9110
5420
7087
7667
9450
1301
3777
8636
7838
6341
5308
9180
9905
1025
388
1365
1532
7571
5964
2311
987
4005
1818
3527
606
7646
4744
1059
9111
465
9294
4962
8845
1977
206
3467
7720
4518
2141
1437
7891
8872
6167
2831
8835
3121
3949
8002
8215
6513
3357
9035
5256
4681
5682
5905
1805
9544
1796
5475
7469
4248
9797
9863
2033
2126
8118
6867
4716
2612
1272
1980
6604
9083
3410
5289
4668
5812
4479
8165
5817
6467
5745
8670
2120
3512
3824
5053
6294
9456
4708
455
9801
8257
5626
2637
7008
3969
9052
763
609
6456
2221
8792
3028
3904
831
2589
3493
5442
7968
5620
798
9490
8460
1213
9487
7153
5949
863
795
3280
6103
6995
380
3493
3660
1622
786
2368
2517
2036
3568
8407
7557
8983
707
9445
3460
4908
5003
5524
8820
993
6660
7942
8331
2601
1475
4864
3899
4868
5774
3898
8982
8956
8461
7337
9806
7144
4614
9587
6941
9302
8228
5617
8721
4085
4770
7431
3166
5446
1874
5165
8908
2679
5759
6419
3300
551
7533
8556
7348
4340
6497
6473
4583
5945
7685
9551
878
9160
6479
2401
2036
6477
2964
275
8637
877
7956
5308
