200 400
8074
1772
8044
2165
2739
378
2820
1491
389
806
8585
4201
6869
207
832
7860
1485
5745
8738
534
2340
5888
3294
7106
2112
1918
2689
8054
7426
8785
3345
359
6016
4509
3255
4720
4873
9997
9103
1168
5875
797
1924
176
2269
6903
4490
2517
2561
7780
2801
2188
6387
9917
7563
949
8421
9423
2812
8259
2192
6498
3801
7820
9447
9495
1998
4326
6333
1416
3695
863
7159
5538
3236
276
7271
4789
3366
586
6335
3401
6098
6327
8042
1612
3988
1678
6311
2590
4347
9224
7736
2045
8981
644
4511
6238
4377
9100
4089
3733
5270
8165
9424
7192
5888
4012
1209
4785
7059
3212
9176
6353
4905
3836
9562
7125
9709
6157
956
4488
9248
8138
3178
4338
7149
3805
5597
8793
2945
657
3042
7792
8140
7501
9379
9072
3523
5112
529
9657
8508
2353
5767
2729
3070
3068
2040
3428
550
6936
3918
9779
8979
2202
7017
6761
6562
7842
403
2223
5641
8069
6265
7571
131
4257
8910
1867
7783
8598
836
5783
6515
8654
7920
7749
2549
1000
9014
7806
1697
1238
5788
4964
3371
8685
9087
1970
6145
3480
8307
8556
1304
2071
6430
841
8635
4262
