10
685
335906 288472 821090 899242 913681 579300 157488 761501 40679 518503 397292 831156 467000 184751 735937 873034 48882 539973 717317 457625 341096 758996 526619 611099 825128 849947 877609 591289 114399 642685 925985 662406 326021 904880 705885 472925 298525 477377 97176 6545 858540 736439 251656 102808 50945 789784 582458 707391 374597 939552 37505 36854 49724 975114 861547 540108 109725 220951 748643 771284 78392 128649 726553 508606 788120 662519 85420 520215 868887 669183 22238 292297 509860 838941 386471 512100 190579 570030 440352 291140 164084 102579 208645 786440 292531 443491 868272 106477 148711 865597 544349 610859 196873 453197 79793 36936 592872 574747 674747 910209 214863 777001 28218 596097 27170 292274 917914 157143 926945 972500 667450 897319 341272 514005 696634 258806 858467 943044 449294 148894 950709 885975 378467 134468 486464 962615 192033 300387 784568 306136 378969 342238 480444 551333 277294 578036 9511 851370 406426 925439 532296 283262 343588 319938 923530 843558 930916 235164 87213 710693 326175 868613 177041 233533 342033 236083 857449 100261 676713 483124 416041 621372 90618 686800 372855 483289 656587 701559 196322 464262 956634 219841 56818 152625 817524 241641 740771 96751 111441 30198 224377 214664 294148 507785 533458 757692 314009 871677 437010 789923 525413 654825 967370 800053 533660 207305 923209 268373 410719 760500 954913 277630 632700 524164 229174 213934 945672 515984 879312 194606 395072 364691 454470 499766 554670 164333 918642 263291 880661 306745 351314 242948 686830 283824 594275 718853 666330 905238 909648 995841 161579 80210 593984 26430 149579 132743 788852 885380 437186 959957 419310 655556 443588 812732 878002 47142 437033 760374 147408 443813 75529 553856 625920 514574 108575 963373 616243 413392 262168 729702 431940 375313 363204 127725 30428 224698 334636 151924 982274 281359 699344 272928 905905 25125 791542 568081 628046 423378 538770 481208 303780 217371 119688 541015 719079 709129 335176 147016 340528 996686 453643 692597 477210 689885 56085 532353 919778 584301 791791 363215 763490 369154 593899 416585 622330 497294 79865 655903 542949 662684 501412 770060 174524 461552 469940 94955 976144 216426 536530 303026 63254 422501 696679 984496 77348 932577 838642 581627 616342 322971 34451 371879 183236 547144 643312 598202 340435 514588 220982 962996 576346 579980 295924 756507 704627 765109 327114 195450 610115 472439 613044 448448 552993 110324 420328 833028 269252 553494 236944 285919 728162 621079 890770 162362 873590 564578 601268 127541 407112 523069 212900 950197 457318 22939 663415 950695 658416 380628 500687 204848 30954 30627 516049 425245 805144 640445 792550 696716 464253 151123 286097 592596 477199 736335 807310 245969 17318 513454 65880 184835 498002 44386 252527 439919 395399 328586 90559 125659 380284 681540 159092 912905 294536 93966 711752 122076 174244 97481 926050 321965 229079 905335 997494 111916 628139 497651 18946 584845 819042 783799 906430 661426 343224 62276 928223 156789 935472 822588 655301 819868 856774 250117 701614 219807 669398 629110 90136 741641 755753 344058 988677 931862 955782 581217 267646 692887 762402 155563 760309 221840 418694 945794 385827 51969 891040 905325 381032 437859 234470 108664 675783 562543 742191 62756 153550 130604 93306 870872 878621 692262 318969 201037 900018 645352 787520 872299 582306 351495 659927 617642 987184 343787 670771 391284 440640 784958 631803 727159 127422 133178 465721 4509 752720 999777 410652 779222 481467 259694 154540 731587 539836 116934 243330 738331 541769 916376 633774 21813 773276 487893 208327 16726 153089 104663 298912 349081 238460 219605 625622 56152 363264 23565 482880 260946 259700 353255 530518 214570 263367 522586 205782 23133 219588 558375 599234 216526 964423 318689 607971 406319 480474 885681 57777 209755 465095 342941 265551 744922 421694 648019 879301 369814 252695 658635 946350 204508 882434 398536 996989 171237 690723 414740 893638 181479 320523 521230 336203 807508 621828 627195 335308 661178 598037 658722 781041 903146 380454 787982 370298 704955 10934 413914 38491 998967 550205 431192 695610 541721 526403 775075 682935 310923 927164 383340 236403 160725 879860 589898 499824 570628 971611 165829 30286 37720 80028 300049 891302 682137 260916 160945 593643 233965 835939 367812 518834 204988 879749 866200 955973 597961 740556 882855 393102 793082 640300 240984 744884 733715 86328 548507 493162 731863 58920 993944 542725 972390 710502 478851 362492 155541 816776 721177 266564 223455 990021 868179 323080 781139 172067 378610 320331 411363 96661 480389 403536 204998 322648 703680 301221 512312 274213 504053 132523 894844 997599 779059 261250 800248 299450 167285 717914 310768 853386 467756 428927
177
898041 99812 54489 898502 809679 877142 601751 631674 613220 819703 550142 61609 140848 39150 210051 824069 606491 653261 365827 818675 398216 184209 29704 922851 387207 999899 586202 209001 627844 407990 291867 861610 677802 700364 140116 868695 767947 268485 859392 899355 757987 616778 36843 74384 920955 26558 605121 25907 286821 665665 547392 575141 460253 579368 166416 60576 139696 732702 294614 195470 235708 467850 195029 865208 241923 327283 85192 658933 296705 54060 923739 48976 757007 879782 132536 735210 395427 486794 378565 224680 208907 353654 470283 316253 412209 361771 616902 49130 439289 980617 404443 941104 589548 463511 477970 832145 898180 817172 917415 76784 716279 934523 127988 80935 909498 330198 423665 582544 944454 208488 699186 727852 824479 530097 197972 897623 306836 929754 913966 373772 134957 780224 320133 58356 160211 233482 705883 227677 327913 247832 761907 618976 11660 671135 495578 507697 210758 3564 650047 42064 111769 253531 768300 93446 619057 53849 707728 38576 704682 988832 479325 315220 721946 500847 267800 174710 964087 425237 529794 482414 399525 805023 721325 480346 282000 253237 459213 122386 574360 570593 756707 368954 710890 741131 623210 264138 59042
201
268032 960678 898133 32132 888887 916460 647049 930529 204359 394737 8347 765670 267858 998604 586331 140302 864447 847844 465502 264051 831882 443849 534834 132201 734742 622577 759963 527629 879876 630997 218608 561437 160537 917132 919851 380797 511890 783990 761769 418828 425549 839308 87563 188423 710078 119701 119309 589957 419526 388492 123912 547017 548535 921036 642080 215268 756050 320389 565821 910288 518118 635805 412448 7650 428476 671650 883586 355692 20429 975224 435263 861105 128026 832640 205401 890559 725009 737999 929067 609669 234226 500857 932917 869678 113058 152916 531011 272831 424187 139935 48446 299762 77670 972856 845547 326014 496429 159605 994991 505515 627317 916783 665355 306206 886893 318196 964324 839999 108392 476952 339943 367433 186087 683256 883100 177816 375165 142221 801534 482955 748227 782075 778657 194253 830829 585383 626766 531777 747012 508990 362555 399721 712455 577947 970663 741807 970514 882500 195745 136240 290437 217537 699998 40118 551470 954623 8612 532238 764725 271657 351644 181759 184770 627172 710560 519068 57680 413462 320261 956193 989259 346086 233256 194922 658512 42323 496799 275777 850482 9551 851866 35094 784824 820939 226020 416203 667313 453568 626362 712172 630653 999487 16701 102927 389191 225450 561389 932741 614888 973181 444031 966283 383356 763668 886479 425291 511865 675934 344182 421152 744055
611
315613 926648 189758 887839 940065 717542 902630 175008 694667 460601 890699 988108 399868 183988 783812 78079 16982 297564 523603 769793 586137 317882 656421 589296 817224 512129 979191 74216 341405 338828 155944 864277 621816 82520 118277 699877 534480 607285 205688 274159 924115 579987 297167 585939 951236 236257 330410 4766 549778 721535 449160 630864 518319 803262 235653 796054 72379 980633 922104 767455 712756 547644 341132 533994 439876 669073 559670 515653 715135 131951 516018 903427 832214 542633 844651 538580 775532 451374 776249 616529 329052 533330 179584 189953 186100 189540 609541 124488 36522 121520 730465 469625 660671 701191 93009 442680 805009 845601 263177 682319 217427 284376 194192 542311 931674 968182 912403 343506 990027 993462 299106 261558 566951 992259 305462 255090 893737 371174 589675 504453 530699 686956 713653 966344 38702 935281 961955 802785 298334 841679 636580 792580 72441 929711 432148 740889 306245 445699 393360 121222 434697 614184 287263 972832 807077 168822 344402 459024 39316 814762 972221 821330 543346 849078 283734 470575 787909 679846 356673 586824 523247 626069 192546 484195 630403 873989 412304 597182 35618 823324 117606 357451 564149 572234 385657 962574 251753 6348 915728 180681 203283 878710 699287 45432 328612 64379 741944 636225 874504 193628 326126 894103 774890 49238 517917 659244 10596 340475 515270 521373 515408 680280 986204 963315 279493 153696 375378 956894 85221 578653 625735 707587 499186 680287 973353 439225 378777 250303 817571 276785 395113 100564 902147 861862 918102 150019 835437 141509 206424 849430 306234 546455 811642 476904 873853 583398 886235 245 696982 929844 274321 996587 657910 553783 868817 286138 143813 140504 558276 785441 343253 853510 292184 916504 69152 9186 423783 780153 94076 302369 613200 396375 212127 189156 86367 548580 669800 735224 243391 592313 658709 321191 564510 267306 770120 352775 306664 167247 38935 700819 345749 62837 962050 83945 573669 113444 199896 885446 803822 951270 499399 177571 643288 700047 303328 752615 82575 189522 32726 893858 184591 866938 77524 55409 166238 112672 132986 92575 191013 213316 62831 586752 87976 694910 674739 257667 321033 106599 37000 462874 355433 825562 467286 252224 121292 96962 490749 576771 105797 997915 884548 758035 968015 889117 967501 226266 929594 477654 253389 483363 666411 719709 995190 49718 293581 374396 256055 475945 73337 409463 438514 818835 78108 685554 635515 543915 881458 906560 446454 485254 677982 636248 499366 336833 120809 220400 582680 338969 735293 937391 354192 873841 701812 833223 216473 490262 825301 502196 27962 218344 41085 280635 844252 476839 715478 628585 848558 858621 427100 208875 822967 130432 654368 185100 443738 411794 137437 23172 220658 456539 427584 12710 459438 133442 304830 343796 99841 18736 910938 706453 394998 592319 675164 760937 716462 816349 549021 39669 322856 817531 221246 779768 772677 872927 1595 931537 348539 475919 990130 976219 954966 528055 136629 776148 161312 712590 211986 645675 7779 685666 712773 114382 135213 800415 225850 805793 818610 860516 249685 745171 616809 61185 408812 417686 543769 435285 5952 146913 657535 321475 252845 270544 576975 89679 706769 665699 856009 490291 383805 932099 157474 588070 444882 432524 67884 559878 287444 182591 508228 819428 994878 842514 842096 953923 466481 698819 709442 831913 259333 947430 138030 151606 846142 266644 410815 374964 679834 228236 303897 840321 311657 637665 839360 953514 64456 418860 184162 303252 925042 2662 318063 493046 57249 512873 151352 79315 143135 817333 346431 274270 934006 570681 53258 100965 376046 649357 899889 235920 471156 342820 979206 375426 343403 444023 255917 114788 506362 235250 270733 359112 188382 627284 747807 721245 152742 142971 284273 616873 190913 95799 595268 687465 459301 792334 433084 11614 444177 744495 710188 304428 19503 753207 717931 106440 115064 748434 382145 188582 538694 820356 484581 827134 145897 48163 712688 454562 534398 655430 519336 677681 286126 437282 185051 747741 819852 394418 123019 888466 278018 226202 27620 529320 410374 786281 917494 535415 389927 767636 874681 352017 931377 400030 141692 827401 484146 437904 796299 436433 484587 211674 545127
156
610823 280585 954447 194248 919299 494536 245848 612098 368737 287173 554986 460050 192794 76708 933454 379227 8590 391065 213752 354614 82189 900212 113428 686936 412705 229124 77928 293281 805641 795387 500535 855372 599855 254924 418100 23945 688644 8100 118119 675576 748936 633776 293484 980569 745893 628955 326605 432493 678784 401193 818416 610031 780685 91704 609203 529171 602679 369003 405138 161977 530618 20637 901199 40930 23347 942204 832361 714898 12328 886965 627950 908631 209470 428748 244164 255087 286129 276622 27229 150363 589258 302609 574076 514466 65401 194513 297600 586282 69381 45609 420342 56179 796474 647872 26229 557088 895885 2725 762787 582680 433023 634187 351020 876897 125475 9018 803093 224756 568970 320697 871498 678163 252578 665999 308504 518917 936493 71769 427760 664200 863495 316102 296334 343202 762093 982613 111044 898458 809945 193065 97261 103325 431967 186306 565776 877588 474151 380164 329 410881 338170 199384 203869 920362 347602 502888 537043 431692 844691 64780 603518 663552 940682 997279 214774 145008
227
434763 764036 845485 373437 490804 136794 297578 603170 309295 259172 2483 765915 363011 947806 668602 34334 208356 339126 430570 633614 884480 160156 598897 93423 918956 46222 953419 896259 392870 650734 599921 337889 41826 894861 744269 949851 746938 908834 548760 975239 684965 999220 770799 363176 769836 435790 829438 602098 467279 62906 503043 511447 138678 732095 806273 809258 433414 43016 942553 993459 372920 214735 978111 34861 705634 615900 130433 329747 424683 361211 446645 373081 548233 170454 967749 857508 984445 423348 90509 187704 723860 135867 542721 333457 143114 433731 798871 559936 752398 941024 344913 44244 534195 784135 815609 468651 283778 783812 631155 735461 434839 27100 62485 362310 464562 904324 804854 193717 935022 775987 541913 490441 853592 340149 346930 339747 429675 298207 792989 865662 129696 155977 637470 662283 202256 434403 596106 901020 85312 500443 133857 528301 904263 395918 918685 78157 935141 169052 495926 481031 577182 871017 726161 181694 582145 877513 477739 367276 247069 701201 507316 522241 104368 198116 78064 366955 813676 945792 169199 874632 902582 118140 304606 590760 904039 39362 298562 308769 390624 812371 630602 614876 111464 282007 911882 545106 873258 607523 966819 694860 799325 136170 490833 450801 611466 240491 436791 945633 816609 871715 160860 142246 44009 867377 495095 185326 432316 863509 504182 355814 940612 652984 147115 84571 465385 853342 836648 148056 784205 26059 529172 870848 586378 728520 763206 136243 564107 255599 369456 211081 257832 373430 871179 671997 573173 938126 904022
816
455218 330831 610114 128564 341466 232722 173543 509210 404302 126382 290765 651523 279488 653136 212694 702449 669242 331419 219707 669662 427884 302381 83220 134964 829661 823856 520330 764772 199223 102763 539872 710508 120480 429655 111854 275670 911613 431184 459259 713731 642892 316060 501283 815552 608961 159399 177864 847754 188944 960066 47773 44051 940559 852199 913520 686621 353710 834056 831483 171798 331177 228667 987721 375769 310731 224260 783352 627425 611414 683623 663574 43265 31922 181507 625037 811140 467379 51805 928510 790353 445009 209226 533404 190864 86952 177560 659407 943859 997249 438252 408134 602179 372903 781080 949080 167863 681024 871999 708064 403008 947506 807518 610590 996452 758497 715668 505027 767782 208787 105327 974113 257065 131759 957930 507690 490791 547218 387310 228828 645092 984663 580455 276310 114449 516154 395189 108341 111286 876864 919990 202314 544679 892908 257653 705770 48060 829693 574620 977006 893502 369130 461040 456203 163308 396260 461671 473825 651202 962407 255699 479462 957407 457657 87816 37659 26136 330502 621833 824914 453515 392951 484160 423999 514007 166528 563083 39693 336652 844149 899523 503341 191422 123253 59795 671337 607829 820378 94221 364308 61449 988426 770319 429284 71151 179472 781350 650859 129108 632870 163331 440144 40797 232665 967224 550223 216346 522077 175417 394820 730318 421176 442098 348367 667284 984134 875169 878285 339707 292333 860531 364066 143088 530034 149603 473082 504955 436438 187835 67114 565514 916360 849853 754075 253037 675702 300060 224267 579788 729176 130640 890876 824235 104820 8018 157916 129428 301881 12716 720937 440760 752485 595465 310440 672305 499985 553758 676114 894666 238307 613422 552988 647268 293750 260764 602629 419092 157521 208165 497345 120691 852779 51151 179963 501585 739313 699060 300742 55473 356695 365262 973798 140225 946451 881255 905427 517488 112140 464227 995913 396306 436724 129079 606524 923355 262627 83451 470417 14332 74631 680720 402897 920206 354550 377948 293727 834809 691069 678969 504257 268175 223043 642679 328510 922392 916916 417847 213613 372376 999515 975708 619348 46329 969632 704524 718971 587132 577747 548121 973670 260588 320622 466261 487264 500567 435603 580857 915179 547287 204143 537555 357285 961938 804778 576331 505239 415586 769928 29171 209688 899209 970218 41347 515578 873858 411478 884867 215883 536801 881732 817684 131984 600548 131795 356819 624002 942522 388463 775595 784360 280055 867817 464802 139939 354981 533696 902421 670773 981304 931627 190285 821611 725866 220711 908222 986145 45956 610559 582033 406122 512547 282022 503107 930191 789606 159540 682273 830108 990672 542723 469285 798805 777876 913386 549593 450398 802865 844025 193479 666328 21881 178519 953471 172002 626459 474027 854249 531340 131913 556080 480259 269306 866279 214307 153785 631428 441848 725352 727826 735136 763939 436072 50276 791542 316463 922062 475834 941336 210264 449110 831839 348965 945933 161811 631666 200475 848294 932095 159851 556290 13637 125410 464257 81020 40514 89761 21257 102542 346869 336765 303674 656587 605805 476914 326135 368821 706640 892913 481610 949186 405233 512406 142667 952259 924502 738928 409248 268653 786962 682568 632579 320790 259144 948878 890751 755120 776702 922378 538818 295708 831833 969328 268471 77558 864914 936511 88348 887337 851685 248572 606919 980363 234303 729083 543262 194033 22005 400344 2334 835621 341338 887974 291906 254405 990509 15183 143712 619746 989590 579647 778456 852463 670058 907047 621142 832800 79756 734523 574443 863920 924854 916519 818129 940951 664530 907610 124018 443642 105491 927044 761636 238159 215316 84156 57518 985383 937534 913146 548553 25543 600799 905550 952719 428532 334958 620157 38967 100537 962860 80924 544894 414850 656845 351819 767642 961682 778491 933897 455001 586792 440014 753250 145958 485415 663829 806684 101513 330214 488299 362237 403437 973496 957748 620910 618237 947886 688340 692814 467763 706108 125322 436100 107216 1587 433078 858553 463334 40196 901359 136947 960262 538051 240960 258642 814646 8567 46063 830913 807642 797001 6612 84897 738697 275658 413207 430180 944334 752536 554231 391539 972129 358366 94868 361825 667860 703935 54157 966622 437623 792861 935380 180032 830829 160950 363644 117698 246385 438955 467009 981875 776269 389133 585659 203372 444339 617754 370747 975308 628308 958894 778611 927275 995694 574419 295306 306445 773315 677860 613386 892811 66608 54320 96170 494804 958818 227113 808194 947720 350897 158736 479695 945205 484002 822133 445244 221584 639894 851677 257135 304025 180887 491320 341692 25587 347820 903640 388523 174889 509391 314438 836791 498501 996958 476929 960959 572480 490930 846527 384523 701568 421935 398392 506189 808409 368103 967520 429409 42875 206987 889224 246649 192904 955313 384190 441554 433180 287403 368070 137667 25491 802461 327738 684664 749386 346227 443934 961086 263452 772638 995750 514873 981478 209022 117184 696378 931221 619096 533161 154858 77967 933520 778091 852367 65982 320043 21880 854867 515079 478859 984778 543487 294108 782929 223191 271309 807726 398605 945036 768695 266275 197800 981733 35008 51910 740148 276584 900160 704032 211992 512451 208740 434713 422545 580256 862739 515623 841808 142835 361073 49418 919853 511035 767750 110180 657361 438272 136242 405849 10136 469939 755412 169972 97661 351640 192321 225598 84657 95133 986641 9570 228225 878592 242843 497678 611354 601327 238987 573308 300147 893965 401295 179109 163016 923759 155133 762304 69573 202065 329533 47638 319618 26354 950730 211845 618656 845947 267751
472
222057 690962 748637 348405 131604 529043 937070 605478 610642 684381 581735 737122 78879 933595 7754 945770 983239 190803 781740 536856 326556 271003 638083 542933 814348 670102 720809 951625 264552 602430 925985 262622 579092 58787 177373 511864 241243 419841 973447 895384 390807 602716 886609 774138 359171 336980 621410 579186 628129 482591 900030 818141 802346 107029 458836 89392 675258 225389 796977 74412 121081 611504 763864 11536 757864 114541 216797 377380 395423 342552 193028 41468 707156 374225 165379 419281 549140 453188 662062 295273 169810 166446 621221 640120 305148 659380 392525 531102 176743 215846 690081 429227 258995 775132 370208 162296 606228 843926 228117 233076 860224 697943 289547 950615 965338 414 83148 872289 766421 621861 598172 797576 982417 506302 974282 798222 904367 805041 666583 71689 848623 132654 370134 183277 914835 517420 853544 303495 643914 34455 235074 730855 603292 605463 853060 415289 832814 289231 723435 375415 948412 454504 62355 498676 130578 136960 469396 273915 79774 454154 211242 783893 507139 316149 564302 813675 339771 392672 335852 760061 306034 487452 995538 774990 107353 498705 367605 425784 948623 7119 516345 976017 355536 115965 487749 28132 566699 3031 368508 150204 612130 775582 10253 250649 338504 145298 702070 259971 422473 127353 146051 215521 571030 181813 120354 940998 284699 142819 722864 455080 757643 51860 750546 294141 481526 605122 259327 218385 58887 871564 7735 446343 279752 108521 70818 199502 844826 592892 699819 694247 886264 119813 255931 844105 908736 251697 367173 549458 433397 215567 213620 760528 429820 929596 776331 903544 43594 801457 762187 96063 161063 235433 154620 952231 932918 800928 378745 956552 838493 322914 749850 881571 497944 735909 113968 988858 830082 139107 192031 204757 235736 130150 716988 429494 719971 852442 225317 333810 82473 425226 904944 660770 955791 705797 757467 551883 65903 580072 949989 370750 715436 623885 752939 450738 941005 798807 300796 534303 783243 464272 555150 79087 333960 323586 316544 902661 311043 705342 99684 710404 481188 150047 979573 863460 123932 701953 303917 900914 792132 395957 495031 286927 99395 356972 487735 932063 763978 358750 624308 968136 887441 925264 648695 475408 683196 593679 46267 549554 89149 207112 220924 853268 648486 588562 446471 704560 98841 658117 497261 318228 798415 861195 453988 238813 96648 791921 609232 891972 298143 950875 765574 482149 987662 798204 928874 990768 188017 679491 406941 267624 938120 892944 492641 589975 997428 248861 881591 195561 558282 817278 846573 234999 808588 612256 943017 668809 104261 665397 660915 128266 712731 710431 616173 266616 756894 83179 807206 655840 146080 939057 550870 642832 939629 918788 750503 684926 49878 403310 587156 759693 84183 403690 542147 380500 635446 95888 365503 985011 226480 676296 491797 62280 538138 410439 114706 568253 195563 791870 840875 381583 765316 28919 308969 38590 906737 708539 571674 279730 250371 367493 965236 529858 685143 954733 600008 308009 45052 173178 421950 439330 860721 776137 585350 873150 586296 374973 962287 3281 858584 760457 380018 283251 262013 897409 312423 310514 716408 358554 170442 739101 12005 463541 454792 246720 810260 395538 267585 909860 84885 846915 407110 613747
129
689104 595669 597148 116161 691499 936518 50009 748750 658189 98976 605372 282597 398723 410136 17920 562264 813302 945739 264581 573739 362203 183731 179834 19185 929063 661328 798831 108296 807238 144633 496913 473769 764841 616073 658868 52509 427082 82680 854057 737141 120242 858742 284054 175749 101086 983429 219937 436848 854102 890123 296804 765603 975990 401351 45034 427348 296649 385993 66177 678299 142289 496860 828500 122718 745290 489175 310651 905943 959644 833347 148089 686744 386734 364025 58761 392795 555982 122963 672664 490539 422249 78300 695352 108644 993384 583032 943779 314099 915111 430697 576711 447184 961514 518977 923114 747363 10208 884413 678213 312542 473978 429062 904849 352967 863272 257769 977514 712826 760233 888718 355503 164805 848734 927607 737656 714916 871439 92530 803522 194943 633428 126436 201747 729541 149847 812282 887784 40474 445029
901
710389 451358 850646 153196 426839 62944 241066 774726 545010 421827 446885 263001 24257 516059 158323 465580 497535 464865 376757 26728 664108 51262 156668 382343 732487 667211 982331 25432 79385 932286 466965 296344 667396 426385 379216 578491 146776 813638 524787 966129 258953 609740 634250 966311 717632 102709 751402 437690 764334 302616 131753 315037 756881 589383 737077 77751 821876 170774 642142 281506 225915 174525 927806 315085 830205 885166 304012 437550 388053 803717 864196 16147 218631 401299 518216 987726 107845 994647 547156 69876 708161 739427 539757 498709 755129 760977 866083 831003 55113 460984 220341 741672 603456 908297 166765 416346 727680 275377 605152 422959 821477 646628 346599 530272 528067 402649 126666 937669 735275 606737 43379 180292 843351 725559 627844 8002 140803 141618 127952 592805 421247 552305 450745 797738 472595 251929 908815 78748 562148 585387 726398 697735 770654 388236 49067 530241 691344 9606 945359 596305 588297 277336 220880 315785 412298 86197 573230 775719 127781 719265 771960 708011 905830 445773 450307 285271 130169 216943 208483 1389 967927 639084 863131 48630 118909 598096 564833 966129 674936 560340 530112 163633 330503 398885 963011 924182 99102 770179 835798 967841 150210 126072 864030 218219 672126 390491 291077 114387 802824 785534 504497 795318 485339 243367 664443 669151 461866 53539 195394 675888 158924 860842 21977 21803 590662 740114 613999 819477 467502 131960 665536 730956 777749 299510 894466 842134 143529 139009 855130 301748 421338 69508 134058 257833 761327 25030 204906 94068 320574 551009 515940 155383 195482 237761 539862 165079 640133 834065 747813 419479 550478 713985 826668 427579 548503 96848 896740 204921 483699 157441 232411 716707 685819 550650 403241 402856 903021 648925 997950 147910 58551 603992 437853 158703 593289 3604 876946 875402 653911 541453 616936 40125 239483 778903 455993 776698 46901 839801 124844 983055 302755 680312 572534 799568 582932 9024 911798 948116 96069 736187 844932 122645 162742 36863 66309 592197 107367 426611 73884 329563 803628 81980 987782 314396 201009 959597 442556 154335 580406 459346 997476 54795 856279 919439 662701 298511 629445 3202 223810 510767 750592 178894 209338 771654 808582 549885 340021 587387 409964 933373 607351 590307 162085 55492 543627 488273 299921 191770 810557 297917 995270 417826 920336 443146 210991 622866 415943 97473 690341 752815 836818 98256 332464 783429 414734 620395 866863 514691 545634 943713 233444 420852 158419 324030 593447 806426 910342 734290 261553 275355 408775 861214 407611 721547 833939 960544 285030 827086 278008 756377 312497 601274 430386 688033 507011 270247 618842 784295 975667 978640 752934 435958 129552 714721 584548 324286 582596 685945 668110 653785 273984 434417 791583 912520 526270 748845 967602 51216 765230 526757 999299 156541 894928 55028 733633 903381 524321 248314 920543 290961 580274 737816 771836 499563 863874 235430 78394 616831 871366 998750 387338 142784 245708 230074 63993 337166 891411 817754 995436 399157 32361 659933 373516 282676 715322 405735 446993 996331 992143 987030 111072 278724 739054 49674 795302 633237 289693 390549 901386 112287 556026 73992 736862 851112 415806 557876 361204 880303 560604 316703 784894 872813 975048 400395 250222 351642 133922 988045 23538 681745 256160 568240 449190 88175 531943 831989 638774 369348 58407 606138 295150 895301 693763 204312 652957 425272 264367 988514 873856 847970 954161 208081 767337 130549 548248 250186 873931 808443 557132 889780 760401 946131 532100 416222 968015 885391 915014 643888 869935 107126 825084 909437 198766 324319 658804 471187 155908 239068 513085 756509 35666 763698 366565 424423 70986 430875 901349 465465 615329 44264 982462 834134 636195 272601 78923 306842 180705 844083 20620 156675 161222 53605 627174 728767 703956 90248 971514 984941 114326 883482 987288 6570 827882 828776 610115 554700 745443 650079 4707 904362 79196 906465 104094 369677 697962 800818 847143 526847 172197 602775 262963 566436 341621 509317 969306 197635 138980 291388 50108 99449 708044 494082 37548 604518 376112 307370 604673 904780 812592 86867 781749 124466 971286 672889 439014 299130 633949 470953 497894 646590 827750 554210 774677 161842 233496 194958 920446 286390 728054 219253 441472 943822 310684 707117 166456 325722 297994 755406 190234 500083 695722 169835 75252 447824 403882 338070 478897 821728 205926 826273 859527 878143 846323 779666 940183 405285 720118 277855 425414 707407 169909 848120 18376 312551 940244 993981 178414 189161 36535 352019 365081 817171 561847 685622 901345 205200 967710 398928 814093 253242 368127 939779 418425 654965 864300 182428 444441 421168 636266 777672 197945 386277 120302 875515 477343 587209 614284 652515 75439 959938 908423 96915 521722 696803 871634 748502 229972 686942 368218 601194 737018 351129 987153 695577 109888 552028 868894 631697 515739 167993 966690 145555 93805 299053 980632 437113 895907 218334 372173 722949 942742 674363 130515 783537 673687 237031 251299 338629 170688 653940 157670 216175 151408 857797 36414 366209 860116 332338 103401 729737 887861 969462 516308 193506 963744 509181 466139 208449 897970 269764 611459 797774 49050 37395 29181 248528 117863 238911 801035 299618 891228 365002 509187 35859 594963 169122 434548 686023 544631 347088 537081 753820 612287 83085 523105 753149 629745 796502 214264 102311 935870 953646 829334 771684 373332 500854 71036 926168 28976 998345 640510 476658 400020 671015 26286 535152 476440 464726 458959 126170 65142 576246 413828 475725 742536 648589 179407 249093 554326 73564 698253 785394 958772 67525 559306 834013 836556 440090 236244 379679 226322 1236 830474 878682 927389 677908 974447 33921 158813 678985 628339 52067 218707 344651 654808 699544 75118 702637 168979 956281 473652 215602 461818 694797 765259 399848 217191 82598 594670 593739 803431 554526 491278 21315 890372 904929 837587 229437 807892 306081 525853 758258 639270 289012 118021 563178 531493 319439 191508 582769 276609 734394 390034 38884 675150 270545 163321 488829 942621 18212 817149 989446 245894 523550 126959 718739 273558 465463 408304 811449 711633 433635 655135 671740 174040 672052 754124 765058 347743 272059 3503
