6
23
25194 964711 419155 782432 176304 386721 288908 134207 859388 769231 150658 905233 37178 347895 664781 709308 605288 899048 224342 842339 931392 892406 357123
25
229583 324199 373557 579821 262754 280893 656624 105896 738527 244286 351162 121606 694856 210672 285203 655369 735644 702390 578121 877067 505841 856743 423002 962115 502290
42
686343 17135 35535 923706 351494 962760 329088 530704 608439 352986 438033 989082 492980 502675 989524 130756 869893 825138 891650 543127 363313 101544 726815 830240 374497 127852 841460 123575 569126 428204 77895 135589 910611 191966 299409 425540 27667 632825 104182 396640 918491 590221
30
76301 562470 19138 996568 716787 782021 941297 486875 723602 994202 901365 407603 721706 444848 983650 944775 608567 446965 48635 724817 634051 882156 814360 700142 752137 567567 206765 711708 650233 346142
23
730967 870585 615065 450095 463419 378171 488784 773396 177671 633882 272207 655427 587194 401994 99398 948568 628672 31024 487525 894971 335899 167799 156661
29
722030 79462 793476 5461 505241 205599 254504 713049 104546 854424 60830 696450 240678 334363 167610 674698 13754 545194 303825 304950 225134 430036 255334 915797 642750 38055 691765 872542 716677
