10
36 19
757073 829848 854247 816297 62267 629885 451490 356818 530452 912585 700282 53205 803287 773605 948674 549899 305528 387098 114490 928392 295991 200965 889797 384876 938895 571593 963040 161267 422264 333033 851711 104897 666930 318164 501880 347432
20 7
786005 185106 779501 631756 612169 400276 851763 910462 396087 380260 35936 439715 341203 855466 516483 807063 201241 783609 275516 781623
19 4
305135 807281 261784 280516 803955 84553 92885 263369 671203 72885 477205 513732 603929 285704 414027 250912 879369 977643 829174
29 27
540159 795002 923637 27741 835627 186852 12191 493263 630430 542101 836800 828506 253281 426126 557552 719151 305321 923487 636915 524314 819287 613715 707431 537822 65790 371152 990148 864917 271208
24 7
675504 399464 569364 768245 459979 159719 967519 942921 161673 537572 314663 776760 505179 240039 579100 197195 113621 457414 141384 36813 861996 231210 449851 885281
28 23
170366 768008 411490 597618 220357 25211 452544 792692 236962 643917 784077 934978 945530 413327 623074 77456 477691 80390 348861 784666 366872 831265 240524 462815 525484 117843 351619 709190
23 17
815500 157111 358743 34563 154957 104431 967984 811240 113474 19684 765625 900256 704996 472123 791301 527262 824144 285121 376531 168951 664314 845477 101537
96 5
910037 61963 824367 733027 98217 623080 30007 193681 710862 86144 13314 803506 44409 855202 703011 802132 429767 781379 106107 676089 634507 738945 532138 586636 332218 426981 88832 825003 67383 219660 545249 644844 429498 864328 72738 678945 127881 469467 595882 303063 94943 453501 325685 417838 735074 536956 73996 387238 293791 220974 593499 683797 573952 405339 784881 568646 514288 512383 547236 438679 408366 35058 151290 11988 690435 64030 320159 973157 852719 429555 318073 104275 58164 880055 214720 288716 404650 886015 165430 345917 632713 355985 158886 217243 601935 773602 707517 848866 947252 57803 99588 822751 719336 814081 27869 152091
32 31
203460 607471 954446 308657 146828 440901 640284 616688 22643 713991 24819 624514 893766 109654 524231 613941 953936 129898 16943 852415 795160 29572 609622 812853 62335 405437 937770 161598 681539 195203 197395 40121
43 32
496180 990018 330400 105690 294854 305500 447519 890184 114414 621634 245251 548628 894990 71472 407001 5674 661301 106197 316602 650386 520565 983032 596149 285924 887756 816431 232933 858852 161877 286392 499189 308343 323616 828294 798076 822411 917974 134965 388040 933398 717114 303122 125152
