6
46
68 61 4 6 59 82 74 87 34 72 4 9 66 1 87 75 73 78 30 52 24 48 51 36 20 2 23 31 59 30 71 82 23 28 83 83 41 46 58 61 43 30 27 21 42 4
37
32 6 26 54 22 27 2 10 10 67 6 61 10 6 70 1 3 4 10 44 67 17 59 11 34 59 58 42 52 58 19 63 73 13 62 69 18
47
65 20 48 22 4 31 72 14 36 18 43 86 4 85 13 75 18 28 77 62 43 25 34 61 56 14 49 54 52 63 38 22 34 18 90 21 28 89 66 9 80 46 76 19 13 34 54
26
37 42 37 9 52 14 17 20 39 11 23 8 31 38 16 11 15 41 12 49 51 34 48 20 13 47
27
53 25 8 47 8 8 36 25 20 4 15 3 7 5 13 35 51 33 17 49 4 18 23 12 11 12 46
23
10 28 9 13 36 32 13 17 41 29 9 29 19 4 43 44 7 6 34 40 14 32 4
