50
145 45 395
145 126 211
137 25 388
37 155 293
34 191 697
139 88 722
46 142 657
121 61 217
66 154 63
168 175 183
200 197 749
9 197 240
51 158 874
132 8 216
33 156 165
93 53 867
125 136 744
178 21 851
96 62 563
54 158 105
97 34 245
65 39 826
176 195 210
149 115 762
15 7 892
139 109 925
189 102 506
26 38 856
198 24 220
81 196 428
176 10 353
112 129 115
61 171 752
169 98 307
50 177 142
157 178 747
122 123 620
61 65 277
41 111 105
49 129 744
87 97 155
63 189 701
180 169 890
192 81 815
35 177 357
62 118 498
84 191 130
140 1 710
174 153 459
155 39 820
