70
12 20 483
101 156 321
29 54 491
142 16 322
195 166 218
8 153 532
2 141 82
129 89 439
60 8 186
78 56 28
102 7 190
46 121 304
150 165 186
138 66 310
15 11 661
97 179 15
105 3 601
87 160 353
68 119 694
128 138 110
162 196 857
155 149 812
187 30 210
185 44 245
82 12 544
180 58 406
146 96 694
93 183 446
152 178 7
84 154 64
22 67 90
91 157 682
8 134 242
187 162 2
59 53 216
193 58 927
142 84 808
64 93 59
20 200 400
83 62 856
174 66 832
153 76 596
149 30 608
46 165 663
200 53 931
11 114 545
180 122 430
115 8 190
41 29 636
170 59 377
159 141 986
115 50 51
171 197 281
141 182 57
144 177 421
33 9 646
79 124 221
49 61 761
24 68 109
133 174 929
33 169 158
51 185 576
3 146 99
70 41 687
159 100 425
129 192 872
125 118 118
94 160 417
130 181 632
63 171 825
