100
102 168 255
157 92 951
144 0 620
1 8 357
132 167 923
84 126 510
174 32 49
136 6 852
144 104 29
21 11 48
99 134 250
19 34 424
15 101 708
109 142 866
13 148 79
56 57 625
44 74 139
75 83 924
43 45 7
18 150 988
157 77 738
117 6 947
62 37 533
71 101 759
101 90 331
129 124 806
71 51 860
118 44 946
98 88 545
188 15 971
187 118 40
75 79 367
61 194 954
47 16 331
149 118 922
153 113 858
12 41 800
48 170 11
139 111 946
190 109 760
25 72 596
91 167 756
6 133 958
114 133 525
107 77 756
116 129 855
124 87 675
174 65 571
151 79 165
110 169 997
19 0 584
154 146 611
27 120 530
71 106 67
58 163 495
7 129 398
0 193 756
174 180 233
89 40 689
136 40 40
129 153 675
134 28 642
192 83 566
74 118 23
152 44 656
187 66 857
44 69 311
170 97 431
109 107 277
123 90 215
179 62 499
38 31 127
67 176 40
3 73 641
148 133 507
77 173 681
169 182 77
197 139 324
82 176 627
104 79 642
180 162 81
122 140 573
135 198 110
22 170 223
100 158 144
139 48 505
119 177 749
92 113 899
13 165 412
48 30 71
175 155 218
32 149 66
200 126 254
94 18 596
142 41 441
138 155 164
148 168 793
79 17 52
128 0 603
25 193 161
