85
77 11 525
112 59 106
82 28 725
182 94 701
144 183 560
42 137 278
103 107 289
8 85 662
190 17 218
60 180 755
198 196 560
38 52 425
9 167 944
121 93 748
190 83 726
186 93 948
10 68 641
128 129 300
165 199 556
143 28 926
193 64 969
96 139 646
105 119 746
18 116 915
160 151 969
99 19 711
168 68 32
134 85 419
112 151 319
68 7 793
65 47 96
194 43 746
70 144 460
178 4 641
103 174 235
13 9 344
6 80 214
71 170 298
151 179 485
55 195 903
15 151 669
38 32 397
192 102 286
123 193 828
197 103 137
60 69 927
92 5 915
123 159 975
4 37 601
87 5 600
12 78 935
174 187 277
6 165 562
78 37 17
47 38 561
39 191 302
111 153 323
168 136 415
182 79 869
128 34 533
100 135 930
8 39 162
56 21 298
122 167 684
87 107 288
35 75 816
14 59 863
135 197 875
153 18 436
178 51 668
58 180 616
122 26 930
56 132 360
147 94 411
3 55 878
150 185 977
191 126 493
177 85 63
113 192 750
148 30 38
152 30 126
64 11 573
8 70 303
185 199 632
123 189 463
