10
92
485465 960034 895067 262351 406166 416290 170613 284880 200469 97460 769016 86003 869969 419901 522579 984020 727822 838195 175403 680741 948149 782385 180608 976963 329425 67544 907990 807020 499436 656855 431360 924308 494361 382780 190699 296055 825292 43127 380209 281117 606162 654172 173653 559424 430876 828453 295809 951535 460649 366067 161305 407472 5722 55196 442447 193249 308695 771681 727712 804415 171347 88291 447068 163890 72195 11225 419389 47293 250627 575554 976719 146684 101626 61266 899783 963962 837197 811639 292035 255355 481 52899 377381 402934 667807 15723 275707 662558 691671 404636 123694 221319
34
141054 707569 605247 938181 364833 371615 577582 578787 590390 832674 961361 812813 829102 435145 456040 8959 236447 976226 317648 205519 315641 201323 657724 879933 846929 374076 306521 942868 998157 234864 516495 75099 47565 862412
58
461659 516666 989968 898011 143861 497757 946755 797445 469227 654355 647568 329316 320386 137037 213518 934225 537793 953477 913720 821522 701577 272976 224231 40430 767543 416352 847122 802770 427686 903538 231684 765716 377370 956827 147752 584549 295363 540776 685204 333710 852596 144612 473810 776875 232968 476678 364889 542107 468384 155649 277678 298791 460924 15387 308096 683926 550512 893286
72
446556 474250 258171 200984 169409 710983 720523 470374 896923 301304 629717 264829 550613 269083 871814 358782 174050 274294 866098 395825 68551 103168 936226 807042 771372 143379 183847 367501 957990 632704 510576 745501 166538 566495 96265 656359 193265 953548 548943 110802 345957 236722 7787 247914 937009 573172 982587 579295 828198 253642 316075 359898 742247 808772 593447 645616 56239 991779 38044 199064 592850 60305 109963 831487 82768 37454 938166 9671 522865 653180 625020 205735
50
765217 588981 821997 289516 570759 954225 92410 449821 661976 5687 348651 182433 94833 754712 46899 712928 914863 230896 899805 156789 673945 74703 108474 682670 233005 801067 583192 777394 755492 907031 404156 729995 345252 39696 490760 226541 54253 745122 880809 76164 599328 555774 397230 308320 893091 745051 966369 637906 688389 158716
74
127397 28259 48411 876071 690097 457994 101571 778979 623421 323359 349438 179204 764716 480214 176995 799531 139734 235847 833002 124958 51895 308506 183466 608168 100189 622887 18675 70660 75812 373953 308541 916747 128726 332390 585885 438674 666789 130996 657873 780278 948654 898555 573425 109695 21235 805598 318933 486480 218376 23876 498429 141701 601329 688168 987021 388913 226962 557747 180546 505958 199423 224654 592292 621964 785239 217395 196674 612545 49226 800023 256918 954829 676385 277838
27
336588 732435 592002 748205 366292 336089 914856 387474 779622 862479 953230 317251 347725 356930 218482 385090 459446 118170 46974 189271 552808 215041 748444 517969 604326 667473 512783
93
435611 504961 187520 274790 324734 212109 631914 97140 640211 195718 928056 880801 212983 144661 869756 213902 911148 891896 11561 226918 485080 369273 415121 945661 480308 787233 603636 401876 830037 153178 361761 439125 54099 474737 717537 735543 292957 663704 348052 495643 381485 436376 609331 285758 23517 159570 906702 562250 210595 268069 909498 464471 296549 533262 896862 222500 973756 960862 249181 375457 810875 335204 268003 691681 43424 845222 14418 779326 469562 151342 492492 795840 830454 528839 645919 294934 552674 179250 332365 343725 718308 619344 799136 584659 974486 968810 81448 154400 337261 199846 10150 481575 235980
14
288717 642317 140957 255630 33354 776931 890358 358531 395194 837238 114385 276767 473088 347361
68
626394 995197 710534 241118 66067 928385 78897 382128 390748 929867 867705 638036 553188 763011 621933 731863 188023 215710 828736 474110 521899 60196 85831 462339 615995 665213 911221 506489 648447 57626 259411 947171 855672 315440 342217 871674 35946 711880 908415 968732 171875 269692 421257 550854 330158 705377 66327 853657 857626 235765 821484 486551 914646 88558 780654 194934 98479 305294 442092 484241 112139 749516 982291 690653 106248 462643 640461 450271
