6
40
-362568 -34899 -233659 -316557 -698304 201646 74524 135987 860405 338423 576481 -899026 -895298 -503535 466130 999146 944041 -211349 939245 -514183 -189788 430471 313388 -285899 872992 -199621 -757686 -880560 -890992 -566624 575427 -568602 28290 881524 -786887 78510 174172 -156229 -968734 -819103
15
358658 245095 788027 -348999 -267849 282856 839583 -127838 300426 520833 612101 -185089 -894076 185053 -233576
10
-292464 -328290 -464296 -781033 -839854 -962206 873639 -242498 -424880 245913
38
255597 444869 300883 -91307 817125 -321335 -630956 -786631 -55580 318305 -795256 -43529 193577 692715 872286 -209460 407214 -86410 134817 862120 287395 609851 44857 10644 527675 289939 74935 -85724 731290 -199500 145291 -722854 358599 -979496 -731529 116285 630634 631461
23
29246 10314 -469359 463745 -950534 816546 779597 727079 -497418 -582103 -436019 -779087 -997945 -109291 528357 70750 497567 852156 -471617 -518435 176835 -365302 -296439
49
7544 875456 -33095 -135290 408922 528981 -599516 -330645 883837 954152 -915369 -235908 967892 -544117 575535 -417181 600048 878733 717699 -867543 -212545 635393 -724239 376787 -427228 631980 539416 207263 -313831 -631109 -866035 -689209 -88154 -259752 -441164 -780040 -227460 643636 271898 -123971 -673479 809811 -921257 -509484 -545271 -76312 335196 228762 -923393
