10
236
-977156 909328 -113660 -194618 -993668 -698716 -80621 -941845 797712 898399 -345988 -171593 -184791 -413969 122892 -183555 102402 -86746 791864 544693 -519349 -69607 128315 527397 -349335 499462 -483676 274085 -843208 228609 494059 30377 141976 79834 -431868 -179909 662091 874037 -213583 587523 -624557 -270620 478497 573899 693694 800525 -892000 768580 -356999 228661 71012 -335330 -51311 -438492 -870383 518108 -334060 813563 -993339 798653 801472 -198047 805207 -727136 185455 217003 -124740 -705692 -413640 369883 -48362 -954377 -863477 318208 -809403 940328 603673 -40745 -432860 396516 -14600 833488 451701 925070 -83135 -225037 184151 -987266 368583 -246172 276581 -356540 783232 -567900 693242 -720750 -837507 283125 -157072 795513 -923300 548303 884324 220707 -402688 810895 -162355 63726 811671 482218 -467111 263126 -584595 -448164 265552 668162 -946349 275333 -217117 724814 -238512 -141555 841530 609464 -184882 997184 265184 -827762 -671947 -133718 920736 863782 125450 990080 798506 -931434 264979 353342 876701 652279 102837 310818 -519486 3998 817407 954965 461651 -257561 -833246 -61556 216567 -58652 -950742 952675 249369 -350362 -128788 986162 -663705 695673 83152 -93421 -268370 -284830 383321 540370 -884880 -413068 -515064 -432631 288237 5126 485406 862802 -446210 -141139 606561 346599 -906948 -597929 -414069 -390769 -817468 -955337 -674225 107444 938800 777435 769357 -159945 841862 -751111 592919 475360 -927841 -634643 83695 -77460 117642 -46924 -782119 867098 444207 -686718 -331022 564684 -684440 -664501 346606 -168501 -58837 528156 171845 303401 -170607 147677 658880 875694 883040 662878 945421 893687 -677154 -248563 -783027 -403452 757401 -568726 90088 -522704 609211 170096 452568 426075 109701 -261977
358
-411164 -440034 823835 -224446 871378 -701992 192857 125712 600881 -665099 -331718 -548074 -595763 274464 169850 -243861 161952 636312 386484 613038 381128 -387961 -155479 -941667 597245 453242 -352286 -822678 106097 91508 -51547 -842342 -206456 -795325 -282351 -875496 811019 -703580 -624716 -279782 -371959 28875 167931 -330624 -516603 506995 762056 76543 134738 -537555 169392 803436 71019 -973405 712307 -462500 -200918 276467 -4092 720537 -665847 -599955 -465035 -570193 137725 55405 -840617 140256 -838463 -259512 -920033 -900690 613058 -93019 533041 -688219 499371 159130 -457269 977058 -630852 898843 -347886 391396 934135 -34153 247246 933019 -510209 -291633 -780150 756976 63442 409814 -781078 222406 -190255 -79729 -768227 -327622 960031 243197 -467025 -647721 -425723 -512730 548137 -711805 -399236 585546 -403100 916353 845207 871224 972299 -787045 115546 -67493 33506 999804 -243974 738412 -560654 537189 841795 -356608 58386 -336631 777246 896277 -994172 74558 -332118 650742 -878116 497531 723472 -795930 -551128 -64992 -959438 554306 30281 -550881 -859463 -654659 -314123 -752818 80593 160951 -718597 -103226 484841 -156377 73231 -697806 809680 -930906 792468 494303 -306315 -642206 -34218 -343713 110570 579789 -268236 -19792 -267615 222430 -465161 -562339 -408525 621938 569864 9340 -729262 128430 336059 858043 464071 -184799 -414482 -984998 -674939 601955 -565005 10511 70132 -25809 417388 -164366 137022 -150921 -728589 -319353 -473829 -696885 -910726 312586 -382320 629314 859638 -226093 486251 -109939 -698255 -40025 -962184 874032 -406206 262083 176125 968752 -245594 999121 74876 -289133 3147 559051 -824761 97699 -226130 -900424 432227 136574 133414 823896 -879848 899849 673951 79820 877315 498443 -202751 569255 -885551 -250002 -533286 -712202 944910 -889436 -591428 -715598 452047 -749883 -410279 -296998 900024 233573 -67440 -500863 -708867 -344521 617622 634473 427905 454972 -164729 -5654 858069 -279168 180600 -319834 967882 635481 377910 -556220 -245968 247527 513033 509634 -605868 453635 452187 -521836 -954549 -282394 239034 -114240 207755 -229903 727665 288239 -422672 6338 -514081 -799633 482756 -476535 -812276 -815120 -746781 -293511 -904684 -427288 -899875 -222059 -426728 187776 -308092 624919 840764 233057 158775 547463 890953 339290 -350497 -503664 42811 -120258 33657 -642823 -323952 783099 588244 -284026 -905713 -478379 -576922 -329052 -552963 550077 786832 -761318 -912083 514614 -190244 823845 -111559 -506182 461830 190238 543441 -655337 972398 -572353 941741 -752737 860138 717642 488806 -391618 600425 836725 63292 458320 -552538 -712018 970110 312311 305330 -307523 919288 201324 635838 -630811
840
-301569 357699 -935160 -207553 -582566 -692713 -307737 -927689 -456671 -276749 -144575 819033 -35275 -145539 922157 -985816 379689 -246904 652981 404881 261537 381570 -826877 945441 -488149 -54764 -624025 -255566 -802292 -649308 220588 582873 -156821 7807 -882145 -317658 -489853 -521555 -681998 965763 -445479 310245 711827 164917 58362 -74369 368233 -257845 -236245 -19782 -705970 -69152 -12830 -913642 -513594 -505441 589517 -831635 -425127 437357 -873258 459675 -649677 -163613 -210157 -229710 -313178 990102 -558363 548644 -520837 -334891 177742 990877 -802343 -632573 -197557 -246872 -51831 -55671 -983602 826194 -684587 -413118 709446 -26323 890413 -748776 517609 -111750 -455433 -359805 114353 593147 -824168 924955 634887 -544606 -157292 -661555 -239021 -803305 -907254 -483387 -613571 -987529 913308 776953 -647617 122460 296478 -91061 28244 -831998 -484852 285663 202842 336464 448472 816425 -932266 228607 894244 -235012 -797298 15171 -143767 309566 -593441 761782 -278577 -682531 -737169 485240 -699165 -618401 -674573 -492989 -905519 -171638 869510 709615 -948960 896164 -415091 479055 -596960 -459563 -865435 849202 231616 -143210 103858 -313713 -927598 -577529 -832808 -252429 764109 939668 32368 -982529 -871566 -60568 -454942 659650 645788 688908 -710544 872447 977769 -598589 998448 -991682 454246 -50619 967295 -604038 458768 -274810 -686642 476885 -601137 -789244 88883 -880408 -616594 -678699 750866 448159 -555679 -702922 883893 -699591 127866 -892048 884978 255683 958967 572413 -900245 -684155 -339329 578701 -908615 650985 -536486 992922 719434 852910 246799 396815 157316 -175325 -22049 943789 -991569 -977712 -121140 971710 55210 -838963 -51057 466304 859531 842772 669746 -539387 -711334 -815163 663631 -284644 945077 -449385 -155911 647119 -320520 434805 -482249 830820 952435 -778070 -578127 -243408 673555 -93556 -660635 -59094 384472 279778 -333671 899955 -683769 -568672 909137 -132856 -90458 994879 711863 848076 200073 -436344 -408851 -830650 -841140 518175 122335 348543 622522 455189 -127212 -552027 553509 56022 -300991 289783 -670011 -78003 -936794 859863 433298 -613852 841189 -405039 -641424 775365 523067 -802600 249928 -205833 812380 972936 847445 993665 -896384 768449 498168 -323948 -830039 404485 -93256 140860 -910015 451797 -312222 343046 -677043 967020 699385 644742 79570 480275 -362226 536989 -800478 975162 620592 -690154 -899079 -325383 36232 -399707 -599671 -84550 -363276 385711 521934 -574367 -953935 405336 69853 361732 -41671 853090 -475316 818584 -130136 -686355 310703 -321993 -486024 -670269 -251157 236200 79854 650221 -484353 -648803 -938300 -814876 158473 252153 -825501 -355947 -760400 693453 881592 -15451 689923 756578 914840 -445569 -565068 532251 115782 487335 -104018 -292621 108006 -660526 -992703 -241660 -169580 456656 -594030 502876 -289354 680481 675419 568891 525045 102493 110157 413803 882129 -333513 -235324 -23113 -339956 -722448 -380585 118316 543165 -223415 85761 -478561 -378269 -806383 -617992 -923347 -700340 787990 -248741 933509 -465163 -303128 346998 250447 338144 703697 748616 -251420 411716 554351 -787597 -208305 -856109 264581 822350 27240 -181830 27156 99971 -140027 280139 -567418 -964077 246974 389579 479503 225728 -160518 325781 6269 534462 61413 389478 -578484 -10782 -803935 -441773 -923975 -130337 -357034 -582845 733917 -311241 981244 -279921 -523714 -359971 -737087 160725 -938536 -460128 183398 153006 -181759 -602668 -843841 -770147 856159 -860397 -611681 57269 165126 -170143 469841 622069 733432 747735 68216 -749265 939670 -855668 -411332 -671094 -461135 -859789 -339922 377344 -1124 -290022 903095 48633 -706285 -359556 -893002 93658 -600145 167416 -984181 875449 907099 -769657 -751065 -403121 -826773 -913273 -825010 -765616 596934 -183378 635950 464900 -139021 -657452 -658217 -278649 -408192 -137215 -197054 373300 -9464 -779558 68902 -972601 -503107 -415461 912953 -17900 -376265 10594 -978437 -168522 682063 -717715 -725815 -626974 -578232 -233888 312977 134876 -407006 657320 302685 -168904 -811490 453964 910830 662119 -856840 -236889 786616 -989134 518872 -915187 233517 944412 -723079 299936 97517 -468423 995978 -848161 -650301 41302 205 -260670 -338238 -798320 -142275 13516 -940986 338441 970678 -775178 -714810 739693 480301 -76619 184429 -157634 -682879 -482707 -580365 -403473 -660505 940875 402673 -61681 950948 64494 -616704 136435 382611 -706850 843440 29426 -836435 -817283 -9787 191488 -121555 -926624 51676 474138 -605082 170878 -917026 385328 -757132 -339011 -314081 457969 328141 -993036 180173 478414 82512 391839 -704499 799885 -859404 558662 -221012 426962 515322 745433 -101486 700187 885911 866023 -831686 446890 725240 -120233 90600 -866298 107277 -894098 346685 -295473 -128713 -686955 542558 -995258 664155 -637552 -991356 744988 23725 693221 -844475 -144236 628121 -51651 -332481 -293623 -318228 345445 371494 -148315 999033 909003 -327438 658875 794282 -74733 56326 8823 404637 -361588 -461863 -877919 999018 -910224 -417543 597344 654619 379186 378429 243879 -533188 929962 434911 575954 -529621 174906 80346 -699780 694171 -502918 841418 987730 305515 514206 834682 383871 -345659 774602 -99601 535819 368782 355264 -249596 141312 472149 -148238 752809 -747974 -790629 -636054 945630 533107 663143 476187 -772836 646769 825574 -992955 -761225 950587 -747748 909489 -859487 -241443 -321802 -563372 -35964 -507734 647870 530482 345533 24372 -565294 -149116 691698 -17893 -430686 88503 -132274 949463 798127 734378 -773356 -286900 72513 244762 -902702 254048 -571638 -397347 621472 -7448 927129 -439313 162161 301406 -166806 719467 -33261 384468 -847006 722086 -986251 733529 509761 -256656 56298 -546869 -493560 237089 608396 -280077 -211131 -830362 -530079 -691299 637837 409203 -250896 -735424 -228377 -583218 -693822 329917 211081 -441429 248607 524282 928926 -958344 202756 -652989 949981 74038 531511 525040 -398845 474330 -473880 244869 782150 613473 -856191 799606 50131 -109517 -347171 717101 -135743 96609 -198384 963621 -602007 68539 409807 -288269 -896550 132750 158701 782724 223344 -464523 -790869 176855 -247285 -711500 142997 971726 517071 158246 -77121 -790894 998459 120213 -136852 667495 -856061 385499 478672 -186469 -430678 -234036 8812 -279862 66880 -263910 -256531
332
-642649 -637369 237687 285368 -222599 -438230 152835 390866 347810 -667618 722756 27242 875805 -968584 283610 -470502 -615870 -205078 990632 -751079 -795794 -213994 -456268 310486 -965922 187625 -363325 481051 119688 -964912 267457 971259 -594483 60518 932136 344181 781606 -796732 342065 567111 -423354 371973 277678 333499 162350 -85040 631649 312511 -92295 -583348 -144499 639023 -886488 -211349 -233071 89300 247476 784541 323365 787927 -296338 670981 -916493 414093 936507 422742 580482 284677 756882 512406 -819235 -983000 844603 -326249 -536831 430245 -476876 160112 -699950 -600069 17918 958916 155399 212343 808879 294891 511939 -828734 -425352 256996 -415396 821646 974867 -858836 -931451 -73257 -512595 -63507 -196316 525983 -713859 18134 774129 958703 645046 818751 226054 900851 628450 378271 -808305 -774728 994023 -63511 -662161 -589891 772005 557487 -328210 -866052 -157268 924877 156129 882764 -271433 -92896 537488 -405142 -859504 857660 -447246 -875028 -534803 48248 -650572 896249 690037 -633920 -572517 496612 824270 -308391 628477 109751 571880 -236024 -678731 561596 -516673 -256008 468048 888013 -164641 -277770 590896 884194 509871 707000 932272 -453083 243212 989502 701317 -840132 -560900 -423212 -319691 -303680 830415 -40615 -506150 -601545 48440 -599762 -649231 -788040 635444 649278 353949 912715 -879658 -268864 458140 -423203 -740444 -222419 322940 -398647 604544 77288 -245949 193177 832533 -616759 -541518 777599 208032 -461418 12418 -883777 151321 181509 -530690 647808 -715774 618689 -149832 910604 685218 334549 658006 -872887 -148497 115415 -581921 67458 722351 995937 813615 -386179 -455175 516993 -370337 32984 357044 472270 -105346 -492084 425791 -571375 -635371 752541 312556 239918 484506 714442 -747156 -734522 855404 158106 -707985 -413337 699353 516307 260871 762839 543401 -586773 612796 -963012 -781293 177478 440588 -241280 377018 319507 -99640 892414 -482203 -401631 959899 841879 -614439 -603367 -726638 778180 -168383 855878 152243 64474 839052 -851148 -836615 492810 -269 -628927 -960370 618445 -600302 894357 487572 106372 -961030 -333568 -614480 342246 223984 384927 -961361 -906999 31685 624218 -249309 99644 121964 -434826 -917072 -74822 -238253 826359 -576605 -450075 -495476 436248 -423926 778696 -132212 742263 -795275 504084 939713 961765 -932316 861995 -241519 30380 -957377 951417 -103350 -633062 331119 -446375 -340062 413675 -782181 212224 887113 -552438 -499432 -889431 184650 158966
802
-609117 317385 432270 649805 833793 -828298 -916134 -926609 452297 -120759 -120041 -416117 -423035 85434 999378 911678 174491 -824893 281998 -640890 815690 987479 57895 -939151 -619152 -553462 -367566 -974721 182845 -27646 441016 986404 -612300 755852 844166 -645066 -961240 984859 -588522 461520 -357462 -565186 75148 423043 204695 -507868 -829515 -900202 -876390 -174244 -565816 327622 517303 423385 556816 685147 -860367 880823 -681290 619901 898678 -221253 -437947 -240644 -355693 -41229 97595 266563 406255 -976265 613367 688421 -107201 86745 -615694 340531 -61587 -969949 294111 27173 -985846 422656 572909 -853883 -525178 -574311 -622551 696957 -519917 320362 -229618 -868944 -235542 104978 -271897 628634 -107448 -331784 598273 -143843 -707562 -500667 300787 -545226 948537 -726011 -248411 189751 623110 -790864 -364921 -401939 -89430 531879 397465 -736089 375364 51024 -242943 885957 29635 332922 696390 -979104 116747 311983 840312 53470 -94579 -415359 -589820 -606357 -37447 101652 58809 477592 226966 289829 -214763 130475 -906914 -40200 321381 -883572 -322641 778618 -634532 314310 213157 -743255 108050 10435 -390913 -338026 -315424 460150 632716 201127 642143 -947694 137932 -635485 -81307 -81379 41820 -236325 161013 -678844 -438906 539795 413622 -181671 -141958 8342 114996 742831 -699869 378984 -327205 927778 -561384 491253 -866432 596793 -710643 590898 19052 -269675 -327449 -665826 -126251 -348494 42250 -346938 74586 -716927 -945538 545784 -170494 21047 605335 -393819 392677 -822217 645985 -501924 686971 261995 227755 -842702 683465 -620586 -5405 951077 -256911 711354 391112 441120 -239608 816993 -285474 137560 -649183 663993 -371283 125050 505326 -782560 -199693 -395401 -102697 -483295 -976760 -90875 -857161 908159 175420 -211894 -937343 -941648 268508 -897608 -51241 -625731 137282 894394 -160767 85972 7358 542853 629567 -985806 926568 -592716 809781 -650203 357305 428467 -89600 19168 410724 421255 -821085 545599 946230 -36004 607830 562889 -953720 -180351 -360554 209486 945405 -952175 -379723 23484 -964192 681848 -247569 -309859 473499 -922070 -443139 948372 -114920 -799923 114569 667650 -954131 -826890 -832964 -286523 671601 -103864 616280 704588 -235522 941151 210786 -384914 -717054 682460 -529861 -955852 -311616 -354370 -194411 429049 986540 -48575 -505111 -167792 -50569 336174 404537 539235 479796 502939 62587 222440 957448 -972466 831542 241260 280910 -936113 -304875 -255691 128247 -425896 -89840 654078 305545 -739396 388945 541701 949256 362649 -568534 407061 -522869 87743 -861008 58802 -155929 -591205 191252 173366 838937 726042 533752 545704 257998 682214 308285 -993316 -106446 246195 -932526 -108355 -131245 305455 -904703 -75876 589283 410308 846029 -272302 -234681 835133 444508 -977163 17872 -888109 -98987 423071 701993 -686882 -107184 -213960 655937 -466777 988907 308217 -744948 -501642 -664706 981525 -495200 -113433 -7052 -697914 477387 -172706 -589120 -864010 -212059 390373 -31671 455603 241475 104033 -36601 24099 -251059 -34939 -416813 759658 -801573 263334 -919448 -351625 -228684 -262121 -434893 726497 -560518 843201 -407628 -681108 912153 -774476 76123 -339795 -876047 410159 -303901 -400622 -718129 53166 564792 173443 628606 835527 711751 767352 915590 193286 -799014 115560 -192730 215154 -419335 -61036 620329 -611611 -509663 159632 816313 331875 -46184 565755 -104933 -734230 -884887 129784 273193 608433 677422 -713147 29648 545922 179503 -165907 400925 443828 -966511 -918033 -600224 -869680 -720947 -104828 -214783 -466014 -582448 379393 -413232 -165390 162107 -768880 -658525 -759825 234192 -855818 -651273 -57743 807664 730138 -37327 -891534 511192 -112643 -813110 33144 587214 -163911 985493 -591644 -488783 -218945 644988 774249 519320 -710149 117982 -752037 -858917 -177467 -180477 742153 461515 -482697 45760 519841 -776391 75463 748852 -438555 512104 986515 620725 -859529 -147305 -23791 959324 -131987 183893 -389806 62067 -690010 -979027 738418 807165 645261 857693 -634590 -529726 398101 571454 671687 899564 -239258 -993281 215716 -197223 731880 -930922 -293779 590736 -993436 -589599 530501 -442546 288719 -491297 401208 610252 -290878 -784613 -706354 232063 -634774 517155 882340 918823 -860583 139782 811521 -240487 -621744 618623 -728277 912115 -347178 815149 990036 79146 -622433 733411 181289 -979860 -730673 -530669 3560 -392136 -324300 516669 -850159 120764 -874449 64888 922238 -819084 -329205 -916297 -130515 860390 -270555 -412629 -628071 -887590 -478094 67704 -524095 372650 95864 -627031 -724307 -914034 -996623 -595544 -790779 -941984 991060 -347386 -969809 -494045 -786143 327409 -446427 -237904 -506567 187319 778998 320933 -565731 -724888 566543 -324253 24641 -173389 569509 -720077 356551 189271 -144134 -575115 -815892 -648539 759934 -359303 725793 -744925 351913 676823 17505 621575 792346 234002 408528 881889 891560 839064 -505846 448518 -224208 -633677 -57047 294903 871234 25727 -560908 356998 580519 -401998 681879 -985065 625815 -840406 596618 969976 -798359 -927967 -891986 152131 -875038 -159362 -685085 -367510 -339937 -369803 -201437 995884 -539217 433224 -431000 619835 101513 -641694 999713 908424 298321 456944 -39200 388513 956807 233676 -543113 -678127 609013 635367 -224196 -727079 -303165 809278 -262525 -435379 -676111 -383698 319457 452270 -167624 712361 -82075 557126 93085 777328 -74670 542364 997104 580704 431469 308852 -182405 -940374 44701 -339754 287015 -738250 -871945 224549 316835 -948328 -824017 620168 693514 204013 154392 585863 -494064 -685214 -806234 -28402 -651525 587491 -309442 -631843 -215592 981806 -908723 246143 979997 -590837 831018 -928980 744107 -79963 -91006 139820 -48070 -485571 -305231 -331855 -435102 437492 886359 71562 136908 -590612 12188 334458 437333 -840225 188864 711766 -659887 907781 730771 -832254 -860210 786816 -834145 -453533 706730 869106 -328247 -711011 -94077 555424 582709 -503773 -596043 332161 -671060 -849065 73422 919988 -591233 -123187 -893028 79956 867970
310
-126960 -834177 896138 418188 -79229 925905 -590560 72617 -860630 -748689 891053 928934 160192 -7217 413238 -2009 487808 483301 170947 -761880 241464 957376 -451639 721478 -161001 471671 33090 710414 866739 -803157 350894 508087 -51839 681356 93808 -222542 -356327 -241843 -885722 429275 -547109 -51729 -72461 585101 -288944 -715054 -116912 529130 -357513 102951 825140 -733253 57491 707901 -369454 596988 207614 -621034 -703507 -958826 -958532 -951451 -528182 776029 89838 -806345 665427 -994275 455267 291461 7861 -233982 940365 -896378 753898 818162 565610 -774468 461871 -231084 3879 -520327 -40873 484053 789408 -208595 363104 901908 -322546 -814750 290813 -980967 -710407 764627 356904 92402 654771 453015 -199694 153423 -981344 320005 -246453 312658 -947511 693540 442383 -21109 596528 -218947 -263087 440933 660955 -794638 -565794 612074 823703 318559 395367 -611424 967920 -795489 472595 728653 -644397 -523023 -25593 -819421 239857 807246 172842 -785252 749865 952393 71582 661689 776729 582088 -914757 -58837 758140 -25927 461317 491900 956940 -549970 206572 800721 -45373 729676 -403969 795777 -377663 345338 907316 -107643 724831 341928 -164884 -299726 516022 221773 657675 -485817 -592098 -85483 -956829 76551 -37911 471135 409837 984283 -652069 -62286 -838893 -742592 -517845 472544 586105 356005 167695 405703 -199915 -567663 221336 -371262 -294747 116782 922951 -983277 448169 -654184 -14753 -931796 979873 -158239 497981 925996 -251427 864072 -19982 291512 393074 -268868 990263 -536509 -210455 782354 -331430 593747 971485 -446958 791123 -975498 564874 927771 -209501 258296 76255 747720 494089 -380061 -855593 -727311 -852307 -475351 -451260 543433 751205 -994005 843123 197732 217866 681142 671027 55750 -345922 -739009 -101186 -708 -792516 -905971 594662 -671006 229476 -798553 913594 25990 372087 -509388 687554 -214067 -563917 127014 -105330 38092 21346 -73202 -502379 -611373 76278 708272 230565 -958982 739368 -472540 -738528 832078 -959897 150965 -958100 165360 42265 -567632 -811087 -905967 401614 536916 117219 879009 864071 934245 -617658 -997296 -815511 -321230 658078 265750 526231 -483819 -869077 984494 989613 284144 -668872 945749 258380 599306 -72215 -922711 -571315 264465 478059 841825 707572 401320 261189 -818058 256248 319841
482
-176326 511164 -481288 -505312 -117256 -189843 321989 321300 310695 545200 -35532 -335358 -618000 404256 -278618 379866 581683 -528732 768395 877709 -126765 -575996 48995 -691603 517659 597031 461630 -15160 219108 -724217 -731450 101299 -566714 -904519 -183692 15397 -843380 -536126 -827863 -655487 597171 456680 655553 631788 862587 536531 291352 406488 -268643 -421112 -172998 393600 555279 -177891 946108 -908346 654040 91055 394448 758956 870201 -221483 -935545 901255 73861 960031 -880056 -988349 592687 -709029 -358819 -957596 -84021 462967 -941581 826636 -276051 -101152 958868 80002 -759443 -893718 -532486 -512775 -259305 -815478 783485 -596743 -760547 571107 -541053 566625 -833872 35302 -851557 -421609 -436978 -142721 -90852 496469 -149731 827751 -568246 -544489 -257946 490925 -296565 -848540 -837043 -817766 323118 -593921 -112950 -899950 31548 -63778 -687275 273206 -509578 -296217 948093 271331 71528 -788749 668161 -995379 -639986 890243 -941808 686730 360537 201215 789903 838384 -920488 547648 230514 507109 823118 97880 -177601 753817 -730699 372507 -753468 830216 910643 724137 -444533 432199 -450736 231881 629735 -566079 -175103 -343108 533069 132606 -722569 -216907 -264997 443691 453666 -755090 255638 343331 411841 -352815 -375285 -253586 -844996 408180 -679524 -19742 -110239 -872242 -87737 -122306 -5938 371857 50663 302238 466612 660965 543444 -527892 234213 -262115 -509346 201073 706699 -576919 -401757 375484 -273649 219517 -502817 -326218 163935 -371904 856698 -712932 636890 304021 -349875 86861 49686 479472 875412 929681 -462080 388960 214245 422245 839900 -370449 581323 -957207 113672 -241770 -399400 321463 546037 -708072 653070 -942339 -979000 432462 238704 513646 -891221 -476038 615884 916524 845630 -206163 -751748 738492 -82941 132783 464430 179185 -368375 -963297 800213 352684 -417772 -853075 -797201 48806 339848 501872 -874307 -867183 5048 -766467 382883 -10385 427041 247484 -440972 -163936 -487080 -449891 482609 461433 406040 819155 -137998 67862 280645 335918 266451 20274 -204845 646858 387710 -343163 732124 17235 48369 764711 -700857 56010 508560 -622827 515799 -729138 245096 -382776 -678522 667380 605043 667213 373382 430750 477813 -576229 357865 -986312 619067 -594605 18543 13036 300739 -75530 250854 -599345 -94406 -627541 537067 -349002 -822781 -790931 841589 -488129 439704 763701 -900372 -346727 92842 -758016 -4527 -580204 581848 -676282 813102 834658 -77347 86725 61135 -699990 619747 138791 -965023 -684642 -590712 -173995 -994592 440398 -508032 33549 -378171 -825416 51809 744167 -918990 290445 384862 -822447 -902153 3515 -383315 -853107 995494 -881773 952498 635738 -246443 282476 -617588 974447 599816 -484209 807897 -692998 -102447 -930405 -766847 -291404 797118 -913398 437290 554428 -758386 -232988 -182236 510651 680760 -869657 -444752 206643 876439 -58999 901619 -727927 -646299 -223909 -541737 -124599 509803 836214 -199280 117232 609279 353229 700727 -993748 856567 818182 425006 -284344 29056 8614 423032 -95637 -890684 -777843 343430 -21538 666635 442965 -103058 -8356 -982205 304563 802015 -179191 996999 593217 -917817 -566104 -765876 897018 106800 -271840 833581 629189 -687823 -611260 13913 668368 694408 -696960 -405651 -927445 -442663 382360 89266 92338 727428 356350 932526 -825791 -503143 -140414 675448 603087 -245438 4471 -10109 -789942 742623 -237670 246967 -717078 -312216 -670850 -116199 446405 -957839 328327 -517232 -358287 291396 -717489 938984 -528574 -795158 -312254 -936335 -356553 -367041 -408437 -831149 -72996 -370125 -175908 673781 -799499 709687 14887
691
383282 938581 889173 725274 579996 -564119 282639 406375 -29901 226250 -35982 -390040 -717984 -475871 -623372 954201 527250 228150 902833 766573 -928218 -73817 -174849 840653 -907398 368353 367043 823588 451477 -421090 -653793 -584807 386641 -199242 -969911 305934 107952 -895594 -170646 543641 348105 -685238 731166 14189 -491027 -413574 208451 -369289 679814 974547 -277001 91383 -343362 367294 955246 507560 670951 214313 -352522 41176 192868 -858376 -664477 -644378 -511126 -516206 439630 -674012 704969 -870913 342008 -781159 434761 -537185 -360663 -665134 945842 -154587 -137127 -531749 37171 -377536 734321 748010 383655 720119 -876035 -246242 -532175 226105 -413799 169718 -68003 -139267 397706 7072 -195259 674836 -546447 749840 807351 618093 -467869 275870 840024 728026 -527008 -460723 -260588 99189 163744 215278 -401433 -911448 -801312 -595436 -315515 -10591 -309285 -817279 -684897 -619563 -854985 -839214 741469 60344 -88838 73782 177285 -599191 -810187 448136 -934781 -299337 -146082 442555 -117214 -378616 393515 -673933 728559 -899185 682860 404218 -555802 -707479 -467098 -195642 -102025 192056 -829263 -525584 -748540 -496597 800678 935418 -581663 -236400 770606 949643 -771843 -502336 -794572 383615 614742 347350 -546205 -6299 883991 777215 -828861 -472336 468310 154639 -27332 -408208 334091 -635111 -69827 -173741 -76606 668887 -438359 868697 -612315 156562 -776163 877338 350899 -320205 -163113 687179 176933 -601211 -160348 -701438 334314 -280591 -181053 -523048 -778999 -686025 495869 -420556 796300 213968 123886 323684 -670037 -445970 729387 -558523 995945 -36746 24586 -714615 -819277 -953898 -150288 -623668 534034 -649712 808923 541280 -606550 -605981 926954 -573811 -861076 -859457 -841192 -183619 -752996 -646407 522546 629610 119379 -584993 -686140 21674 50873 -598634 879016 -27358 -516945 888074 92266 236366 878624 899243 -717385 -251917 143525 -288039 493313 230359 995645 876869 -556484 518716 576458 187245 823902 -254669 -677279 602563 -55375 -173083 -550296 453304 119718 885393 -708922 -66401 -366574 -455964 -71724 825987 -923942 129500 652653 549419 203921 260278 219414 -170426 -169908 182178 -834658 19993 -588487 973830 296151 813383 536571 -674034 -296313 -291075 -857893 -64116 -786087 954795 668473 -636465 -884953 -103142 -38170 -746546 650010 414384 412224 -645287 -738529 -335718 -357711 -706641 394422 993913 -986827 -783295 600957 627546 730948 -157766 -404172 95808 806315 796175 485657 -567233 171960 408932 189348 -106520 -151540 -729278 614443 529574 -821406 -464919 121304 -374133 -438290 -543840 695969 499519 414919 -364996 -655678 832628 307720 386612 -631766 891969 829626 983537 81452 -719377 -697844 427540 355953 -490814 997144 -243912 -958209 1640 -151246 187196 -160151 -562550 -466218 -486484 -991825 108822 763646 692681 741003 437039 -747899 -802589 656737 -145961 -348830 -719655 -492963 875443 371600 24458 -332881 751281 -113502 -358382 -1030 287282 -135570 835615 727633 963317 833590 77151 -774441 -589845 -994564 -22845 789566 -703655 831871 -597584 -451825 724788 -612573 -528888 -959202 -378686 468078 -265016 246849 847594 311356 369793 -324005 -877872 -779983 -121744 31818 -59070 33106 878312 865905 13092 697458 -901095 747900 -538882 -753214 -177381 738598 -394368 -62776 467723 749238 574507 -924024 -523866 826766 -148259 814556 694044 759571 907932 -74405 -592693 -935124 66764 -236306 66399 494770 316751 565065 -426608 106578 -346160 829701 312196 665453 -64375 -165898 454199 -833694 -247870 715712 -764753 -61307 -301275 -224615 369774 593872 154755 915613 -443842 -130168 476372 236725 301928 130227 -457891 687472 -39085 -680954 -117232 271741 -339076 -226274 -666805 -878146 -10027 -825314 -901681 -837476 -953826 -13807 489438 603496 -614234 -344863 364642 -636711 -374013 -845193 -426061 -423667 445473 852618 -731173 -282906 -557323 62965 -942187 -173430 -127547 339791 603737 -319301 -600293 700405 -825056 128882 631540 -595073 -829879 -157771 -263399 830175 -793501 -239349 -95149 993106 -734531 230754 -609508 810567 -18110 24581 -52110 450920 406498 -745380 -58377 124689 471647 160237 205509 889670 -502395 853305 278871 452412 -136727 774529 -366249 -372310 -138739 -974025 -832906 399347 -386085 881652 218174 -745944 116882 26437 592701 250094 665490 843110 -844596 -543972 466945 7572 911420 199989 -246610 -746349 75514 537563 673001 -546742 -184254 -72752 -633817 -864488 596453 -752837 -590399 53331 768881 885602 -180115 -766902 217327 524684 -495876 889549 -255201 -931064 -89074 369506 957032 -564032 -860469 -507865 889183 707202 603854 -101468 962250 -576709 -146532 93541 852247 -60862 158147 83251 -980171 683310 378969 20558 -579937 -115927 533090 677763 -554709 822726 -485536 14787 150667 -736684 534428 446673 400249 -831440 803922 -481237 468913 -137599 458031 -533603 11175 911657 722324 -91099 51419 -619290 871337 -464280 -572111 -274701 -416110 2940 711282 57871 238685 -528400 629560 -364891 -834090 -461013 -72307 -621395 694251 954874 876713 690402 513311 443306 40210 447358 -300031 659052 237956 205130 26959 -946374 -945954 -74693 -458030 -581478 743655 296516 56320 976439
345
-739342 626913 944004 427100 -700965 -173349 259307 -139957 965693 -34563 617473 -115109 311144 961747 787291 371093 401804 814399 -511620 -833790 -860086 -301165 538653 741085 -416833 719222 161975 -572549 -784971 -14614 606 690 710075 -485910 453200 -468828 749988 366303 764320 376101 442658 -31162 -544000 797660 955367 -405775 339728 733243 -441845 508633 851804 236203 -873741 -75053 -434710 445417 -10030 -801069 386947 -373425 94650 325674 736595 321112 -783867 -536527 -539564 -500021 -775960 53169 -837792 946260 441056 340462 282041 -586777 756938 664482 -900395 -575459 81553 33281 110129 1842 632428 -446864 399937 -323686 -616763 -849342 660240 -437416 -951433 480970 -521913 915002 415123 316409 135714 -695771 -678979 -286455 -460698 651210 -646448 -330593 983939 83172 641728 -718577 495376 386163 -4286 631897 -301774 499611 779041 -438844 733272 589360 317982 419714 -459114 148504 -964267 131861 65369 -595362 -751410 470077 572121 -906522 -196493 -164108 -66720 -534544 454192 184978 892270 682732 319795 -297879 75880 737424 180696 263213 -798967 489906 -108693 -840483 354968 -220658 -142579 856437 213775 13350 -312759 -600380 -74540 -667340 -839768 -972001 -38251 22167 -637950 -824696 -856610 -236365 -616338 -711604 412723 804957 -313896 -19396 -300839 -587120 795755 203645 -825962 113058 -676904 526131 -192061 -127238 953726 625712 53196 -6551 239751 -768517 991058 719079 -359008 521447 -180290 777470 716223 -326366 100092 -612542 148735 45654 562375 86541 333128 -206753 -53640 -627905 265140 288855 982167 -350168 -680200 -454138 527956 497036 -602089 -400811 -817972 -678645 -249958 -442112 -800281 35645 712022 976979 499476 956319 -691093 -46753 91313 -259919 591978 -361837 438845 -878458 44367 945920 251460 -247293 -797911 504378 -158249 412226 257277 833694 -498443 -60610 163189 362074 -193505 -307010 477851 138743 732038 -667615 416039 -210711 704185 53407 518967 121853 848367 56810 -788025 175788 -86708 490748 622692 -737123 -489915 -713740 648449 999653 -317395 -672180 -426782 -384033 -397363 159344 -990895 -910043 -712845 -589248 -443247 728332 542619 667348 -496146 -619050 -327378 -181566 379234 977027 122818 -393049 -20067 957606 686508 -617823 724007 456963 -700837 57405 -789424 -879083 -227900 517539 -524290 302843 42347 153854 -577528 -87846 -802701 -817001 -410687 413197 978389 -687772 40418 -940729 -195783 238963 743786 908206 -753869 -528458 -158625 991872 -127612 476131 166894 -531122 -855668 -756156 113281 -225299 -439810 -562317 133795 480185 -492530 855346 -86760
189
-20011 432006 -45902 -496973 -633761 -833466 333184 -564941 827729 718390 -131632 -280978 -381331 153320 -782080 834583 -672533 -738032 -569693 -910097 108817 -662620 -105527 202041 -610275 843018 744287 -756410 -150696 963760 -968689 481029 167482 74047 -498235 -952278 682542 -978935 -851451 -972071 282493 554762 755433 259722 652785 658954 674500 -88929 203149 587848 830003 62007 -208666 -289460 680138 295165 761177 -901041 -280281 291282 -219445 -961815 146260 -879197 -879136 -199292 -416897 221012 617377 -73400 77526 -650385 902024 985143 -283725 74994 29306 15699 806070 222915 -921934 -970056 387057 182514 314627 -405178 -929618 -824810 -846174 669719 714687 -116270 610761 -694289 740074 419625 -753851 -482873 -777865 -412444 -945824 -783831 839678 -460685 -978167 701586 -920556 288873 527782 852190 -887733 -244636 -563778 -682925 -837709 756981 828088 651656 -109290 753910 -430576 285509 -503068 340046 -522516 728768 910543 867699 -707753 -342014 699176 -335619 346715 972393 190782 944333 -542409 286727 -282626 -177067 -436787 -311868 248080 -456555 50058 562958 73038 714428 -848322 165716 -497804 -890947 688009 -919738 566823 338451 -273987 -786064 259797 -761518 -395988 -627049 554314 -231487 940787 -674017 -288034 740414 -195294 -697954 375867 -112478 -351387 -167568 -680288 -354440 588125 -838470 -431745 -392252 988421 -126189 -584392 674052 -250896 -687045 144682 -293791 53692
