10
247
430318 -433836 257043 727541 -545856 255562 -87767 -939930 -513561 202946 269710 -174472 911506 -526365 28343 -965611 997791 919087 269722 -845215 -495792 458687 -927588 -525479 167355 -664621 934232 -525440 177136 692915 394825 432740 80150 -595265 109994 -499829 -963731 665938 70717 231205 517112 -280498 -44673 -317388 842028 -746494 -159494 -17287 -335785 234168 170952 -288459 351562 -516061 817465 320551 45492 -942171 877946 119782 -99160 -821218 352074 -643381 995286 446269 256414 711305 269736 944142 -585571 -67702 410103 908978 24989 324922 -347869 -292002 -798776 529949 -124350 -527114 783427 -856057 -702088 -962376 -867271 -266713 979629 219304 748591 109585 -881010 161146 704798 -581319 200146 716535 448794 36249 705927 -230687 -163462 914895 75533 916735 13304 -3402 -165213 183597 -754113 -536441 941393 302200 122552 903029 158207 -528735 -51006 -730713 -831127 640699 -486399 -494090 -63216 -138973 627033 -301010 219254 -563153 -476473 279641 472219 900625 346618 -224158 592566 966236 499131 -40298 -201166 175200 449721 978616 241282 857460 -353629 945647 -865474 464053 872315 -260986 -876671 741493 -960619 -526030 -90659 -529234 678398 129185 -566214 748314 408704 573949 123465 816387 814656 124358 -827357 -302940 -163644 -309106 855605 -582177 -61302 606892 -71961 766648 218227 -124330 175143 152287 857047 714150 -703947 -826914 474293 292106 255895 -507935 -618696 161628 3050 -673362 -262604 -620337 431996 872980 450600 -117501 750092 -233726 -228731 -533353 186134 179764 -494289 -469963 -849431 301523 667032 356280 -977596 356797 664731 -148243 381231 -998950 526578 -430847 -447222 130305 12416 -705954 -305945 12592 -721915 -460270 67444 -758651 319987 -323681 826724 357745 -465891 524629 384792 -402417 -797691 -409746 817557 364385 504978 -932772 -951735 230804 501143
460
492050 -679391 980181 273862 -738359 -964739 -822170 -917255 -473913 706892 -423112 -862934 371256 -830820 -523442 989073 -791667 -534113 -262660 -432246 238098 159434 -351026 -224544 -287278 221339 -85564 -768277 32862 534710 15150 72399 276371 -609112 831521 -17526 -704777 -848536 -155720 337559 339966 -51896 -155313 900030 -737379 -877741 136828 -499474 -922533 -199802 -712802 -81993 -554153 -450488 39331 -621848 863124 149262 -909230 -254115 -319245 -173018 -368514 14372 750195 -112935 577301 -292987 -881135 903931 299685 -959749 675164 535807 360475 -812199 -182649 -226364 -548178 -18393 -96126 731904 984183 -966753 720284 698171 504022 -352103 -792193 -640839 -142079 -660977 106385 -590102 -71101 -147063 70045 -405441 -20749 301924 408503 -883097 -310442 993069 647962 277503 216762 -652701 -944857 -370447 -101432 601293 -208250 -726283 118310 -134148 388714 -105076 974155 135228 427123 -898417 616094 -815672 -375287 468226 -263587 802095 -736754 503686 -740619 145047 -429052 -178184 674205 -526345 863684 187457 -325562 -801800 24914 -342119 594992 773324 -901221 362197 531414 -442572 -272930 738620 -181168 -18796 -571899 -123363 323825 910944 956486 -207505 18053 -575934 -152741 -794357 855634 50704 -700336 -624518 797073 275101 -913539 715205 423287 552789 942355 404811 -248796 524399 273435 537094 533517 -197780 -161113 694635 13770 499256 -329507 910629 225128 -390176 -674863 -328571 749672 -565343 -142395 -930633 535602 973302 -637985 984627 210826 -889305 -534143 -13923 -508935 691453 749426 -619401 453757 -327600 72471 -527164 -490532 478561 -576727 884741 -974638 -532965 -548682 433054 -210521 -823605 -933171 42057 677358 -933039 63156 -573971 763011 -72552 90456 868778 -649804 -494424 -257101 575781 148372 375320 -992299 -129172 -377238 884092 14713 835462 409951 -259215 -354362 -292302 664797 888864 955954 -939665 161768 898077 399064 116902 -598806 900222 -222403 -279159 -743574 -284929 -573944 906863 224300 -634915 561844 -80859 124479 -848320 -761129 437048 922043 979440 -931665 -529474 -727323 500995 -2866 919366 981907 -753127 580169 165743 167681 654902 -906415 -503984 366550 -370198 -523744 156558 995069 -508159 -723365 180072 -773149 -222072 -776583 -765909 784186 843709 921072 433150 340281 366967 -954060 -233370 -590388 264143 -781833 807902 -894741 782569 -186169 -407494 364034 72457 364926 -43531 -171503 873686 916294 471566 556354 811268 -955756 -247844 546171 -977017 -376138 802624 -342088 -58750 -725234 588554 760983 -59513 971992 975071 896391 81399 319359 -506091 -645374 297989 -666956 -209120 583080 -334761 985384 912255 190293 -466046 207531 -44863 -985486 -59826 800118 -615517 166603 -442196 357107 -148844 842267 973608 927821 874578 588778 -870505 -526886 -249310 -184116 514599 863627 939540 916 -2432 148170 83419 757939 -666789 663542 68832 -674154 100660 733815 65478 797320 -459590 -184616 -208274 714350 178848 925173 -715569 607179 -859782 297430 761374 924917 620258 789429 -530533 676424 -512752 -31675 -272476 494134 555548 802760 -96768 -18104 781832 685287 427720 150640 329276 -905635 715519 -349479 -938135 698994 -69274 -17866 -337311 417285 -704238 538716 197432 471024 774804 488488 342765 -999028 737969 -646608 -740937 -105831 248896 297831 -252902 -246624 -961767 -557313 -957684 -60119 -589042 -211462 312173 868019 672649 -561538 239288 62490 323929 162908 511739 -877371 639697 -487411 -881796
204
281459 -842077 -719985 921671 480670 -861763 649469 41131 -692838 30379 -76019 202518 911717 -183794 -345330 -948377 -798424 -105844 812126 -613502 520059 72106 -395343 -902120 -482690 -137667 752350 -650490 -173027 142394 -516945 -242818 295939 -993273 -714456 86039 -176729 278897 -526921 -578694 -489015 802394 657036 -407269 579178 287242 -149257 -77447 -738358 482105 -634547 999331 854067 -661662 -562067 -10266 -945200 187172 -82621 -407526 623881 -877880 863732 -692560 -440461 -402919 960236 343420 648241 -529290 400174 162638 -478215 -374100 -49712 245752 855215 845068 -621002 640710 167607 -75373 -760332 435974 -841918 29154 326095 -632726 612515 287960 604395 237212 -634464 -965968 -229620 -798627 -672673 446966 107453 952171 322131 -625195 396287 -474523 565545 116569 822413 -859671 -880594 -326391 -785078 -570911 877276 588723 -254542 -952504 715545 678926 -223372 -751423 824704 -348660 647826 716920 -90772 -749733 31990 608807 160447 -749163 -905851 -574934 -670352 819217 322441 -623507 112425 378659 -288684 -318055 194225 -114454 -937050 737810 445440 -711958 511690 820091 -334849 716349 153853 -632390 -409158 -247011 -644983 971062 931004 627515 798536 -339415 672851 980620 -37658 524563 -793238 281199 800697 480567 -447263 90417 -573860 736521 -375190 89377 207366 -586694 -881903 -996994 926518 539690 906161 -588065 560472 199294 741063 -528190 45927 539969 -274464 -400500 620642 183750 -498946 -839069 793061 -156814 780003 -806227 -991000 -815759 -740472 -373936 513065 -217497
73
-351774 6110 -885686 -803533 636606 69491 -279332 -163443 -28928 334108 -608491 -891266 -928354 37486 965666 736029 -882347 48387 849289 -852803 -224653 -169399 761918 -856190 448725 71172 -188870 -305713 766733 549989 526192 466278 -912690 -148910 -342358 771469 -892936 634050 -579950 883451 -521187 -65801 -374100 812874 -568358 -978947 609363 382112 -666809 920278 -632645 760159 -294616 690175 569302 678980 15669 -545222 -698007 205923 596599 685114 -813314 696481 -132581 -401369 369249 -147977 324220 -623555 -255930 130151 929790
99
-295263 399596 -174033 179796 -779075 518955 -903599 -338327 -753621 -560664 -608301 -869198 -329288 -779174 -954085 916455 175677 157105 -678263 232083 935564 468807 9089 440749 -791032 -314353 -691420 628310 780178 -693487 241189 -349813 -388853 -286721 817767 -655610 750622 -560687 -535725 633479 30968 372187 -234760 34218 -557236 -331545 -387466 929878 784121 38765 326188 -581524 -486318 -557909 -799197 -289056 -709222 100154 -932253 298628 -943601 -178123 286973 -210574 -281806 464308 -930513 -82728 -140059 60998 -229318 -557004 -944572 273770 -802733 -599088 592998 911238 895149 -332085 418814 -350253 -967498 -104796 160340 807788 796557 -288686 541627 771757 118675 837108 -869348 -530732 458495 -642477 300458 480565 314409
325
-388883 386348 344725 -889800 288469 -78894 -73952 -328950 606511 330780 255769 697820 -110132 839913 975708 -686429 -30243 667272 479629 -208186 -282115 906109 666707 -161193 -293095 135475 767957 -887290 445692 283467 643366 480174 406595 -658408 355979 302325 -271515 -98739 767040 647473 853262 721669 459520 -103966 -923117 454567 627584 300555 -924364 -530737 414108 -298201 402226 -559252 -983643 -772228 980416 -884823 492800 188466 -471291 674020 332660 151363 476097 638345 -437922 -401055 -277837 -220055 -249829 603776 787065 365172 670785 558317 927434 123772 752602 -896490 -683749 184766 813113 789181 -706042 -420234 -316660 744777 -470663 -735461 808320 -781266 -293421 729615 537008 -963110 -493359 -869132 -770098 830728 -12392 944128 919592 -271308 412748 -573331 354240 -912961 54162 -234681 983056 360502 -459082 214279 -992417 -607947 -812295 53186 135243 -210731 -336267 613931 -444595 418667 -905183 -601699 -306411 351241 512285 143287 -463825 -650175 -72657 -996890 970069 984342 -142620 -292233 337698 845347 -197920 237904 -145186 -96266 791104 447878 964455 -211987 68496 -198071 787513 579952 703730 -821846 -512760 203372 410173 -539437 151717 853157 742483 -319410 62398 -920357 -478522 518779 -688547 -498172 785166 -165965 620167 239627 460485 923405 -24608 573638 -67106 65256 -332995 138043 -303356 -107382 713046 -731706 -49162 -509137 -635274 -17169 -746443 -442226 612224 621702 932895 825222 467027 -895871 569794 -491641 454065 17320 -528192 781733 -536503 -129460 -80390 942326 466830 -297634 -229439 957729 -299495 -528668 494686 14159 36753 -458280 -826043 472379 -757334 -767936 -80200 777813 -439528 336914 210417 -194519 -927155 -487123 980686 -352297 -444947 194541 -128365 274999 -807761 -450362 54101 719581 486700 -666510 941071 -415386 -109900 -747188 -472325 60393 -136752 -812517 583013 423911 803025 737880 -360454 -690753 655738 30283 -805519 -99400 170801 623209 -479048 935854 -601287 14605 954978 -875306 -880602 152614 -212266 -893724 -219187 489966 -240316 164470 -347198 509828 -73968 -770521 253101 950154 -800915 587794 -729039 -149755 -621077 530118 -954562 670350 134552 -810705 983689 -537771 219296 219541 -882047 -343786 815069 673471 -843085 113163 -983055 838252 -69236 -932659 -288455 962287 976378 -744550 -411514 483330 328525 804780 79297 -239162 -644675 865385 -263243 -189047 -310175 731627 -647503 154580 -904061 895615 959344
347
-551029 742995 407192 -336401 -818474 499248 -626440 -99882 561620 279352 -49672 593128 224498 77931 615189 -454212 -876847 -930815 201476 796311 -897753 -98878 599962 712013 -742265 28042 -865591 -75727 804039 856852 57608 -661896 530431 191271 -908070 -610687 981494 -309510 -608167 -454575 844310 834057 868023 -740570 -743420 205079 -262751 530502 -613443 48647 -88433 -302058 423562 721684 714269 -297311 54811 -858241 -993466 -135315 921081 458929 242197 -767479 -344255 984170 -674726 -582295 -999848 -63287 -161237 917660 -141916 -4937 490571 -517581 -988177 -916309 665152 -165578 -576328 -768228 346592 580141 357168 -547930 435445 810959 750704 455605 -812508 -586792 536689 379141 -967478 256601 922240 -197144 -331648 -399177 140408 -860374 -570146 -793439 -428715 87227 -977 559646 -625119 -642853 -98577 174209 962033 -864361 -2447 386245 863533 976853 247706 -470934 -217850 -763521 -107715 807690 -591818 -21264 -512820 990210 -6589 -845527 -251360 -474987 -572288 723187 -322140 -322944 -44709 855316 734926 383182 -292548 -600634 925666 770813 641145 -980400 234510 -681358 -906790 52665 853852 876200 -590008 740860 -662555 97300 223860 -383064 -178989 -763787 873429 906758 672177 -258798 677900 -238756 -282440 -162150 -54184 -233563 230537 -49747 342856 774530 375352 401499 829916 -313777 619045 118378 887340 379053 533377 -679101 829401 -862079 37754 -678440 106382 -104219 254213 -313547 131364 914224 280354 -945514 -114663 -254582 -243747 -644366 914581 793060 -864573 -13068 41742 -517941 -354145 890832 997615 972070 705744 805983 -191497 -119580 107523 -753504 -203981 -495162 -35987 -900085 -829596 -544897 -506786 676703 -285850 -548906 -743787 47465 625317 -231667 976663 612593 796353 603005 122903 -708651 934051 -272927 138003 -388655 540745 -240176 -155468 -171640 -137666 553288 -572170 115127 -502911 -180021 250929 435676 525401 -980708 -6716 -395286 457689 630510 69673 -545648 950016 -123256 -913037 170696 447232 796250 447107 -704162 -159882 -136256 510755 786428 516191 549234 14634 491231 -421818 -288880 -694960 -273682 664101 872520 -947798 492781 26497 -611554 -361606 -569078 -485040 57731 796864 367445 -202672 -624129 167138 -852692 593407 -511387 549349 179418 831496 753034 -678722 376835 477145 717458 -420399 -218212 -391144 317874 301035 -199944 -466219 -938376 704579 543179 -50319 -50825 -508067 -236375 -928599 804676 248413 -353144 612957 866413 209452 -550302 -729613 -674398 55872 752445 -731894 449952 -434473 -834204 146913 334586 931951 693000 -644915 -49264 982977 -291856 212261 330746 -631072
421
797147 -969008 637542 -825659 -465076 477595 -183324 -530172 -131601 632434 -776251 -858689 461726 327608 92564 -576248 316190 138908 -414462 673998 -330226 414845 -372936 435868 -805255 -728282 881741 914100 -248250 -342877 187255 255548 170283 89886 -572342 -458322 -702044 -989273 -252755 -258958 -674839 218976 452277 370432 964128 130462 177599 992933 -605186 837110 759136 -620996 943921 387428 -430492 -186691 777756 245911 -551091 585184 -635413 827914 497422 -459754 432712 543316 287646 -182287 -103432 -374799 -82394 94171 -911443 188406 -257664 265275 239817 684124 -967812 271001 38465 -405455 -810639 192048 741829 -719431 70123 280758 -24292 782596 -186317 -88952 -635869 309462 843330 -113467 299121 581292 681559 853870 -317033 -586996 169354 -856202 -397632 862958 -293448 -890885 221497 902534 539614 -1287 -582559 31291 771236 -588832 232778 158907 -546938 63136 -765793 129730 47121 -257991 -786274 -315164 -620244 -821948 -713434 274812 -778356 266472 -972116 31488 -960039 554782 195057 709789 -544009 -446176 -441688 20344 166935 925684 -722333 -163425 -803727 511801 745868 739598 29421 285672 85051 643919 762734 -298156 338889 -697083 -169935 -86900 -380561 -329068 899019 546083 -458342 -106871 968620 858771 -212044 15586 312206 526591 52849 -864373 68140 726598 -659669 -501202 -223335 730971 87656 930350 22806 -37530 -960873 -749852 -935511 -66444 -259965 961037 916001 66681 160199 55150 459502 -649166 -117114 541607 735249 -529985 -836719 -438882 -478298 514511 -306353 -400263 -41947 -339986 105631 -521933 720835 128229 653894 -866459 -298183 69451 -298578 -76329 -746984 855041 519631 -684497 829065 -727519 76092 749170 403541 -658590 -304393 494610 558114 -924820 211332 -973133 -454911 -653305 -657846 479687 624303 383312 -500695 -199112 -795917 -52100 512336 -210018 56950 344169 -969317 187208 694811 -191594 97687 -522062 -638003 297262 501246 -846104 555798 467545 -382530 564878 369399 -680290 -910931 495493 601315 23884 173759 -706014 -849294 -272629 -668898 -749837 286072 -20288 -963493 147782 -365066 750378 433798 618897 333076 -799507 -375025 -831029 -384835 -916365 224138 779886 -451788 -366457 807177 473183 624608 -986152 719906 131545 137664 -992182 434665 450428 -594162 502372 -653517 5942 976413 -935080 405990 -906200 769543 -307622 -59737 28842 260467 995446 802843 996403 307550 -71200 314063 659713 -705243 558583 295477 -444126 -834530 633028 724964 569682 340128 -865424 786100 546093 -277837 -760367 400102 -574827 -990263 -77440 905264 14445 424004 163617 460577 726576 -929892 -798805 778637 -213937 203780 -412471 310109 788882 391902 561199 486062 -735980 -233676 -229443 -211782 490214 488188 -908583 -449050 -412558 -448139 367295 67077 -545357 618568 -577001 -571847 -639683 376440 -740208 -194500 578117 -314099 740070 -524557 -579461 716370 322134 433111 -435073 -891494 311544 480781 -946678 125057 -270470 860676 132148 892502 -695940 680664 951119 134912 -51717 -843969 -972446 974228 -514343 -642957 -222009 728713 -552779 58456 94907 354756 -334610 817568 851364 485206 -305523 88955 628032 -754169 436224 -275423
481
542930 -343640 229654 -369794 423968 983257 278504 430374 850925 18692 445070 -657128 775996 883484 66409 968458 78722 506285 -590818 -252258 -709903 -571102 -146428 556905 381200 -458174 -434170 417684 -312719 -548804 337122 -157238 -178937 835858 -694198 -674255 -25038 811725 -315548 -512249 61078 -7848 530553 757888 629581 95439 -962545 -18056 859871 369714 -957684 237177 -715803 182513 -363490 420498 -778029 583930 -469834 -629959 -739583 -347910 832003 -547784 -918149 -430444 -344047 -666930 -295216 -740754 -467064 157031 725416 505975 16076 -581970 -429021 -946066 990793 521772 657538 329487 101249 -508648 878790 -49924 997743 -843497 -849277 634023 818672 -14422 637317 104491 673342 -736109 849503 -79567 43068 -812103 -273630 340575 969656 970433 -335897 -979297 539474 -53825 -301391 942542 481845 187309 -1172 942284 501087 -215737 -370139 493208 496190 169299 -658287 -727749 73789 182141 986650 629634 -331208 -370074 -620393 937096 92487 705972 88151 -198792 -497445 -305394 -424448 941273 -460817 -17592 364801 -358634 584285 149282 -656755 972991 203837 21517 -667048 -254232 489010 592982 426923 636612 -589376 823479 -743223 -489639 -606248 -928679 -899539 -129063 38999 594682 40335 716123 180444 411754 -721192 -131341 -591030 834480 -520652 934440 688061 279166 851577 79869 -977580 797983 -699269 -962964 -492866 622694 895208 -865316 -467922 -700876 -461582 -805785 -140516 -357913 -292233 -501220 287280 -289550 -744208 447777 -205283 -887701 -263361 399531 507684 6386 -989919 732116 -61503 509272 713614 303448 907871 -214136 529380 -504884 -516435 882302 265038 -90833 -154304 -522531 -577148 937927 -988019 -671167 -552587 332931 997495 -808440 -534800 -572311 -171141 -395379 -376375 -695943 -849799 839195 552377 -752118 651539 718915 -940145 -146736 390775 798254 955906 909457 -786435 915330 -959300 -36365 229606 949609 364515 -272973 491165 -694779 233607 -480828 179262 -168365 205169 371671 -382504 113868 680320 421373 -801565 -48827 259935 723788 -7734 -214489 -364349 -509937 11926 639113 -825177 -852806 278490 964668 626735 727877 -818232 -576912 966707 -743737 -371067 -128288 760193 -360202 826222 -303871 796077 765962 945961 394339 852755 -897940 -627344 -14409 -987456 -397086 202723 -905320 -803862 -729019 -792534 -630933 781849 -566449 106298 -220879 -391917 -669852 -693012 -243496 -814120 -658780 590587 535703 845091 392291 14212 -679984 -550994 -639449 -730994 252343 -83578 834111 -314189 -482731 -724819 -19113 -274624 571283 566303 -979138 -150284 -879416 -897418 466255 -388907 -515807 893764 -504395 -748099 734697 -255103 431394 827787 -241511 -355275 -646376 948648 857791 -887710 502579 988069 -582020 -312386 -452728 452564 458333 514209 -990381 777469 -451590 678513 -234802 772569 942091 -362100 -25834 -557693 980259 170226 -3923 -136456 163854 547285 -173011 -85882 -329884 383822 -77033 985326 -399294 201912 -805394 152758 792975 -727616 -11528 -614155 -583012 -183919 838352 305911 -438500 991115 952476 -146535 49443 151399 -588268 513632 -756882 -485289 650774 685496 568459 -827964 184035 234575 654651 324655 827579 113644 150249 994222 -611189 -640716 175665 750427 -365033 -139231 38351 149647 151304 -793820 -102594 930095 -575617 -841947 -791428 161067 -734121 484703 -233333 -641036 -306363 -640968 -970129 -23805 591316 -424612 -575681 -431252 813032 287945 -44594 854527 601861 -866994 -608454 -459953 660696 539675 -143078 769877 438036 918202 271977 -164921 -988264 -24738 -475174 -355700 77444 699048 654210 -738691 -651297 -570990 -129346 -36634 -437893 -605838 -68640 -319722
443
193035 736652 -58758 -771001 651624 -723657 -309680 -905311 999837 163326 765946 -242440 -281806 353177 688175 638135 -883698 -914208 -446119 657802 -663187 260436 -294725 -206052 695148 199375 562046 -959044 -493969 -451599 -335470 386060 -750208 -374909 420447 825238 520871 -22167 154894 293744 955350 215301 -955526 -390449 966749 -412399 580660 525601 -761484 925859 550456 -618986 -451430 855133 -628328 287863 285504 17961 247090 -663884 813463 948737 546693 -289519 756395 398337 -71478 -372843 755188 917317 -966996 213025 -186741 -579027 -110540 96972 411477 800974 260872 502296 751646 -431675 -704376 150345 -52103 820974 -470423 -45762 39302 919814 -104046 957418 438780 759345 -410179 836380 -154842 664762 -456991 73460 -269087 -66153 -363959 255937 -295631 573172 728138 198164 789795 -360422 -947280 465155 462098 233255 -245502 970037 -902771 263280 879757 -967203 293975 -205590 -586740 -141497 743567 -635235 903876 -425333 -278344 -703868 -122468 148290 556123 937516 -74074 -72171 133679 -285842 -591542 312068 -424461 -217000 -38530 119648 -481968 -40843 277760 493290 -244315 -223315 690129 427373 -39000 25109 583278 -537574 397253 408317 -196772 73098 -806751 478681 -788910 813171 -161513 701824 606047 836392 193011 224764 -460239 -1275 646739 -713269 443799 -73220 -408381 -769813 695586 -563200 856346 -450110 984892 -379240 138609 -380232 -172748 4753 -407679 -86905 721212 522273 827192 376101 -153069 250593 574096 692911 -704884 471138 -132475 -675953 -123930 199347 994357 871072 492525 621236 122749 362504 939640 554783 682813 -71551 -163833 608105 8741 162951 -321139 -685333 -731420 568282 -315400 287947 18894 255935 842555 225467 698492 -275782 35051 326045 -881016 -790855 855805 -107966 809682 -864230 566729 188567 976144 160459 18438 582396 51087 494363 -133824 -222011 979519 -893812 560823 -125205 963923 -124386 381734 -616591 -71275 696537 400230 -553208 171743 -652677 -830836 306237 -221169 -384044 -691792 -471906 -92709 666297 -231135 -761232 -833622 470714 239537 349133 46988 621073 511779 -805057 -93343 42263 -191123 -183359 401252 767498 610016 -24285 203679 750887 845303 479750 -196263 -221175 428419 241299 855041 -298432 -479476 196628 -641929 807429 146210 -58208 -918347 -806719 -195117 -303535 840340 142558 125188 983007 -652965 4469 928146 -635346 393643 -185250 -280845 -151240 57070 -617443 915116 441739 -348949 -409147 514095 -981871 -261739 -49618 -76440 -942519 77128 -74686 -226432 -3230 -986444 516542 991602 697402 861069 -199955 -559996 241063 683843 -522185 756381 926082 -895136 -574654 -489347 1756 911756 581841 195664 -638600 -308379 -985689 -521588 -201161 -74551 751948 952027 -129436 -971089 -415513 943759 988583 -385457 -495461 62046 251319 -192161 -24458 -763702 148821 -42506 -345450 -464454 -913977 -897442 -991785 -698283 -313990 363903 255821 202901 638868 378396 -547597 731322 -582496 416539 -894920 -184783 -55932 -243269 -990438 389300 -554001 -473333 -988566 -7799 -710061 -80179 -459537 -101093 590756 -548406 585035 -98326 319070 214412 420119 163217 -221195 -395717 612731 398404 -644173 -878667 -564994 -464289 -658573 -290857 -280412 -880738 739075 849560 -158600 -803855 -991928 -690558 987862 828626 311257 -715611 575370 -367100 -210710 -492033 334782 495050
