100
10
49153 59710 98029 80736 55261 3727 60529 62913 18067 3275
21095 77517 6081 84487 72280 58618 5750 67499 11328 98078
10
43164 76186 3814 37914 16685 69001 37606 77439 28609 21625
6696 78164 75533 55664 76947 82214 80652 44007 60768 84749
10
55457 77660 7824 41802 52046 95038 64759 89971 61511 63607
76213 18463 94777 76297 73638 61633 14161 18818 62542 49905
10
97687 8267 45564 74012 68511 59750 88683 5018 81338 17948
65163 79720 43471 89292 85174 84066 30540 74095 13215 74404
10
42595 50770 20260 12685 37028 12121 42879 35377 5930 90966
67319 65863 53891 72151 14468 51961 43647 82743 44831 79762
10
81989 76928 41362 76429 77662 21639 5711 90027 80989 9504
59837 16822 25770 95516 96460 89623 97875 7224 62880 4468
10
69284 41912 89151 19016 93034 18895 549 95034 54072 26507
16396 92109 24747 22630 78869 53160 27949 12897 80335 14216
10
10456 65568 65639 38026 4443 77793 889 77948 13929 67100
87310 92191 39295 36413 80427 99441 99335 99346 41762 20864
10
3384 86932 76069 41544 36329 95479 38050 53920 25300 19996
82467 93551 56902 56085 97835 11220 85239 90321 7939 13695
10
83263 91590 56013 90608 55473 15526 17002 18277 15145 42334
26614 30157 47926 75603 50369 25138 92859 85156 65319 58944
10
94619 16074 83698 79686 18648 81655 77637 39586 85201 94484
96977 98150 96991 47460 11193 73593 59486 87002 49461 45742
10
8964 42156 41301 67595 16032 42065 66026 69812 79205 44127
21384 63196 18239 26221 75236 57584 24951 9861 41898 33559
10
39833 31307 87167 66170 30130 57272 58408 823 30371 68178
39978 67583 14446 97604 47731 49368 94593 79471 18530 66204
10
71934 59888 51707 44302 7879 18835 27467 51408 71502 74229
43866 88405 21745 365 2503 83531 71254 51714 7915 74733
10
56995 24746 23218 78594 75504 52472 66904 82328 47783 27661
37154 67956 66199 97624 57719 30501 67824 17660 2174 34652
10
24528 90173 35231 97592 54124 39067 2607 26613 35095 80422
13721 47620 63599 58664 84264 20298 66849 91405 99304 14684
10
85782 84399 66365 19347 66646 69622 22629 61122 40876 73053
30506 5213 86062 70715 74358 76729 29352 60334 24803 92642
10
98123 74819 18298 45227 90771 11786 68081 65825 71936 38917
64747 3924 23407 50305 46161 25688 50393 40438 15488 21507
10
94701 44976 35423 42774 71945 91204 72777 1038 55398 61879
95064 53408 49122 48616 89012 79385 28496 25428 54953 54465
10
2716 5084 70375 66088 73077 92808 45327 63567 68307 89479
45564 96048 3330 97224 9889 20957 47465 25173 13389 26146
10
99841 74263 88424 42245 92078 68815 66290 90835 84106 56361
97816 88078 34042 28582 83247 53602 75230 17287 53430 41031
10
61259 72705 57091 59314 5716 7041 14945 52030 87908 82919
49273 47344 20526 10419 49113 18293 26586 93890 6460 93356
10
66034 11434 76132 20461 99430 43044 70854 55078 6998 79160
4330 51663 12511 73238 52996 10135 82420 52842 88674 91302
10
25691 11707 63867 68472 27597 92615 42981 36868 13750 88226
55327 15064 61737 46204 68396 80748 598 73302 66446 78185
10
59693 21417 38215 17790 17387 65944 4185 44838 16505 25530
83957 36222 40252 60310 88358 72602 48638 90592 51547 63074
10
94334 87966 35800 71308 58416 63563 24363 91126 9840 45127
25073 9927 84000 3905 24173 28370 51929 69634 44322 86153
10
51939 3250 77504 6958 19784 59748 8725 61674 31126 25189
67519 23090 93466 40405 98066 91748 51567 12535 50639 59381
10
81960 89931 94465 35766 10550 34071 1687 90990 70712 81171
29600 7465 3518 36622 69587 58656 7409 18218 47413 25473
10
9233 19436 60922 39982 53460 73497 94375 71975 25371 75602
60517 86638 59555 42264 58430 11260 79628 32074 70822 51914
10
13488 64719 21913 8699 28305 56173 99498 30610 90922 45333
99555 70654 22979 25423 47761 70265 40198 22903 64969 37084
10
89648 97604 71028 54824 72464 33034 66508 47758 30856 5860
13746 33859 80850 86793 83495 61147 56952 48950 5459 28861
10
12914 9590 12196 38732 80430 41840 83650 47135 48294 94742
62746 46516 61031 23470 12693 23873 64462 28444 15525 3091
10
83807 42279 99582 80155 75155 13138 27995 61196 34255 48495
48192 15337 1694 51925 16879 10803 22730 64993 64676 18379
10
95868 71811 98067 38696 72317 23647 47155 44978 56307 64231
46911 14346 16760 12248 82489 81210 50190 66429 64668 3410
10
19848 84456 48183 75015 65524 79422 74896 23437 43690 10490
95492 3039 51554 66293 18952 98583 40445 31387 26069 30985
10
20688 8224 33443 1476 85767 11439 5014 23297 40891 25752
50892 83465 78574 21141 68417 31161 74951 4454 69012 98714
10
9980 33865 98344 48056 24756 33108 80302 17779 53062 59855
26316 77380 22596 8498 28575 78010 19144 38702 49699 52148
10
95469 7435 48196 34100 78896 69906 27987 30954 84291 70976
57452 99567 80103 75248 61502 98066 58088 21686 37783 55453
10
89289 36484 75677 82785 66875 66030 15067 90846 59763 52823
50459 95039 7041 91422 9732 93457 10800 40344 96165 72708
10
82409 48838 27143 74360 61889 57301 66649 59396 24079 40828
69392 6443 83336 58374 29768 2134 14221 10108 73063 57683
10
69455 30364 19705 91081 19557 82089 3433 76009 30540 44759
83046 87604 44986 35637 62342 49833 67473 87732 85980 14512
10
6327 38920 69437 33465 88785 97694 1818 74341 40852 19280
93737 9645 71160 76041 68312 11239 58476 26522 59431 22907
10
72482 19848 65341 17482 70356 59500 15908 78098 72012 10519
23075 85315 79146 84072 42997 24580 10703 34404 8796 81264
10
97839 35413 71430 79385 97244 64789 89007 22093 90297 90911
91860 8533 94035 79342 50045 27678 46032 9554 71955 33385
10
57763 40780 8777 25588 52507 65091 94561 78017 78285 44229
81523 85658 52127 69144 77638 95107 9938 25181 48022 47053
10
47143 17193 27660 47628 65139 37667 77505 11389 7312 63543
80861 75590 30921 40356 65391 87462 86850 74675 35648 75637
10
68950 35506 46742 42548 87387 30951 51082 30764 57414 66595
63316 99772 15318 23475 6452 48643 76334 87761 12569 91902
10
39929 88138 78545 51626 89739 40289 94207 95945 93683 24751
41632 28349 88634 33327 39865 16268 47404 78565 93924 79330
10
62359 14252 5124 83621 74759 4004 70055 11173 15056 18049
21070 40163 92627 37077 51762 81822 51558 585 52771 10899
10
82130 3804 97627 3642 49901 25423 93211 40836 44548 74764
61680 74257 28904 62081 8574 79762 32440 88700 36396 30150
10
94176 22136 39751 60074 77543 5910 38549 33474 48106 92318
23009 76072 18174 51547 73232 74353 38788 77459 63720 22883
10
4788 61820 69720 42544 55514 38392 37728 6226 36847 30120
42718 43381 13005 98939 78601 82267 49530 2921 1533 23618
10
35045 38642 59485 84493 901 39295 52844 63688 57627 46463
9066 17281 96900 66113 5986 27625 39675 16570 52062 77383
10
77424 6827 70626 41047 36570 46076 57169 50148 91767 76537
98035 25538 99797 78254 91827 28699 64014 8371 26191 65636
10
3482 60752 62266 29602 54362 93048 65844 4809 84475 86487
59669 97029 34617 72802 75648 5792 67633 10986 62394 2147
10
13471 47196 86783 7942 96199 35871 38183 59396 59076 84788
62131 80175 83396 6733 73848 76198 4408 3020 91755 85902
10
3307 69137 19145 32553 11386 82696 66437 32737 91525 50341
58430 65130 36052 57193 13428 40324 15560 73299 41491 89307
10
22279 21370 10725 55219 57204 31790 43778 65493 48779 8674
26517 97027 9713 6382 80920 90958 23266 66515 62050 67498
10
19297 99407 90669 39420 60667 78646 62762 62690 45933 65897
46829 91335 96750 32131 98432 54197 47934 70578 66825 74405
10
78993 23657 84679 21638 51279 35293 70292 93301 63094 35739
8292 56996 14324 73450 84332 70458 50108 42309 56747 77450
10
49449 69669 28571 31550 71609 50033 70740 87649 66281 47853
38700 1582 69439 83814 51768 62316 69728 58473 69486 35348
10
24147 87935 86094 68110 56863 73787 19623 76396 75396 46920
73219 67305 27981 31654 10671 24296 13049 92648 29368 88814
10
39184 75359 40653 78347 60999 74056 3887 30180 77880 4487
80018 346 36329 18871 66534 47231 54061 28776 48578 58359
10
83849 37136 17562 8187 19290 88343 5978 14499 87610 77795
14495 74885 18904 18515 65858 40446 95747 4047 37255 61361
10
77359 49245 49377 85117 98842 86733 8466 8263 48599 84655
88980 42845 99929 57172 58366 78621 25953 67365 85985 36290
10
61765 24750 55849 78667 89951 3895 93327 45274 62902 97092
39687 52252 5569 62013 91656 98123 64990 48889 68141 72158
10
86726 79652 45055 93718 89183 69045 96928 51617 11414 4692
65121 11696 6657 77675 61594 53437 64736 87567 50765 74883
10
61426 4307 63192 32418 6107 22962 50715 35155 58076 36932
78088 39039 65618 20080 8360 41876 69335 52544 3167 30946
10
37513 85666 20438 92535 97443 37977 63518 84444 6342 64072
77058 46657 69835 63863 24175 60058 18262 41589 56310 87083
10
8733 38435 8729 12511 59339 26355 99635 15841 32202 52113
58145 67359 92038 17217 26450 10211 40709 45695 40381 53962
10
76517 22723 35664 30030 4861 70026 74398 32568 31753 7189
27514 13116 68821 78183 44348 30495 2419 23050 24314 64418
10
58667 89801 54557 74336 21602 54016 49192 7991 28321 58329
44676 75399 44928 78809 51913 86285 97921 38549 12408 16309
10
10983 40379 7158 84376 99235 74873 43305 80536 28817 87271
32974 80645 39622 28610 94323 81715 9928 71609 29500 24697
10
42349 59145 46910 29774 98731 37338 77846 58795 83386 61300
53638 79603 32296 90685 75718 10340 87016 39833 66312 77007
10
78977 87877 7801 7858 86242 28223 83667 61384 80949 24415
18875 11513 87694 92221 8856 82810 5033 9395 42895 35244
10
82006 86240 90533 50622 9883 42288 38399 27968 35969 4756
23707 71896 88478 34315 53140 29544 58946 1886 91295 27349
10
10225 63864 60338 93611 93961 62229 66528 84418 29462 3611
8317 50496 35622 27101 56152 62785 46864 21650 70996 81261
10
992 41194 94525 12248 24941 62357 77813 43969 44417 39130
26630 39705 60534 42318 49366 74369 52713 84414 23755 60951
10
73340 6669 45875 79821 50901 58514 49648 36183 66938 93546
25417 55711 86603 52932 39445 70276 58725 33807 55725 98320
10
13158 65813 29203 77064 42020 99747 39766 74294 83785 58266
1029 51595 7204 6059 19945 8548 23361 80874 15730 44264
10
61418 44080 14681 49442 21127 69040 95417 15773 40552 23522
12836 93633 39478 86129 40925 59605 7978 62297 37779 69086
10
16492 3980 1474 76232 13389 1498 39187 50649 68633 84026
29111 57092 95097 41728 56245 76849 64394 55935 7672 75653
10
95597 10067 94117 50689 78009 67057 86952 7196 75449 82662
95294 57111 45722 62386 31880 41346 24130 75424 96270 64295
10
47842 92004 21934 82179 97624 78293 9442 53903 75492 86368
7883 54936 87453 61435 65112 66231 68424 56724 71779 15585
10
13993 91672 30663 78774 93484 44589 79228 63733 91306 32290
74129 92956 9326 6494 35717 47347 47986 95828 73144 68182
10
95853 33433 48811 96364 84193 45241 60856 56232 28537 87789
92422 43953 59555 48634 42014 48403 5279 91436 45867 9324
10
55345 75462 41285 13464 6864 28165 94532 74302 39467 71610
83269 70216 16990 54498 5998 11735 86340 86003 17282 68625
10
41500 27912 75913 26444 70212 60193 67230 40619 95368 63743
28993 57634 30888 41312 92492 75809 66029 257 96064 57959
10
15300 54286 63383 22320 83756 20876 98516 13228 23351 20448
26340 77933 67352 71772 39227 43258 2058 87805 78203 37047
10
47112 70026 92385 17520 38166 20557 14502 92572 36323 41015
25369 16621 64817 92871 20413 23222 20082 95945 57488 56148
10
19824 47281 61748 17717 78885 26314 77934 48999 2322 33003
92505 8526 83305 7823 64925 57551 98565 30612 47954 60831
10
2025 98713 82427 4264 63523 38269 65335 59854 62176 10328
33503 71520 5543 31252 55934 44145 60360 64380 99041 75908
10
15491 30982 7973 6743 81179 16296 97586 45011 3708 9318
93526 32366 70269 51931 22213 94638 93889 87203 24248 51321
10
64075 14981 85374 63590 30565 38498 84372 5054 56374 89286
14123 94951 61795 45933 45403 74316 76542 33616 54100 1513
10
4105 27427 28816 90003 69702 70533 78128 85817 64249 95887
36439 29135 27440 8016 58121 9751 47516 74469 70985 45207
10
256 3079 35416 56813 14180 80750 47465 39866 28434 81317
95534 25577 10329 57402 46432 81979 25804 20775 74494 24527
10
20448 75004 12780 44884 14976 16305 19493 65937 12312 56097
60260 48681 66670 6072 90450 64351 86018 88636 56182 61651
10
50976 6174 21640 43886 23111 85262 86640 54994 26954 12163
83429 92926 93621 21292 56329 52267 41602 34114 74844 39883
10
1807 92595 68936 22972 40960 97076 81503 50502 10329 89612
72644 23439 71667 28626 39075 70969 13246 12592 21598 75899
10
59429 72369 24930 33221 87989 86481 8504 46639 7348 56806
58029 38000 10897 52324 20891 13734 23345 2808 25747 49413
