100
551827676
466699738
876581859
931275165
122653943
309864845
153938750
286047202
192171011
68315846
585897628
549986339
73619823
410777086
42541339
957792142
321693080
544912481
724070420
131238995
769903954
911398421
113134517
372730539
756862563
428102963
5491312
447575700
873181731
659734847
1364816
53041281
862460057
764113934
16255995
126370667
412896230
416597442
729242518
881660616
837404218
939807882
567853960
615581941
347209556
15008833
691252493
528720784
397064735
29689101
180424506
633192702
790381908
660050019
771626092
211526077
262929470
408127404
152317686
676668549
521122992
177686176
218843678
832073959
454084819
255622801
397713818
356632930
862488848
695135324
709077636
78677859
572064267
767956895
860450583
623767379
687939568
152152619
459477154
297985250
3629616
134222202
49809427
140053764
330941209
968683015
898474437
575934310
263096542
466965623
503777133
680613213
475198129
932546109
496786292
544829136
349188865
642225329
140924147
513720266
