10
22
-226586 -443967 279810 71834 -538979 278089 545903 -890050 -5601 663296 422725 10765 -728229 412402 -925541 -236721 788836 964496 -641177 264546 440428 341153
70
-554794 -424622 690018 441385 -643387 -787000 262080 -772322 175956 256263 480362 -453433 693398 786918 -182007 -47094 -703566 237550 225571 -622044 499721 -826077 -393044 443079 -349530 796054 201171 825175 434000 -394225 -796986 -253310 -238778 950628 801221 377607 554036 -867372 809768 55786 973474 226963 997074 682003 -60916 -393589 886865 -202295 -35411 -438928 -445267 190279 -187200 -849332 511397 -346891 417406 407226 -249671 442561 -426118 -356171 329157 284452 -360486 504322 -571941 -532095 -481749 882113
12
-893649 189686 695020 752426 565680 -129281 355461 -868853 348707 -191902 823119 978204
17
41994 -778434 -207496 140797 98178 689943 -322693 -944936 -792739 -166455 482143 844586 767029 -340324 903091 82569 -665452
16
-315627 -54645 -285946 -945696 634108 941775 532017 -103725 -439990 -195878 167842 -535879 -807067 324769 202123 564683
50
-483524 -218429 -739604 -781287 496442 -169248 -6974 -45192 308829 46372 -235999 -807963 903256 -703854 958824 671481 132756 361031 -970784 472706 937012 -604095 224942 -275838 324592 299554 -972887 887088 -315736 -235039 14765 -972507 -65425 874226 64197 642033 229295 -810582 -800444 -445956 889839 -986136 533200 3887 -226778 816735 306841 -779986 823600 -76125
91
-220945 -336898 488430 898697 -712021 667758 602275 94812 -10591 186075 138330 -45316 -763940 726152 -776066 37729 -866462 -256126 96085 -247318 983393 769167 -804421 176217 393295 -755504 -466934 -660444 88420 -185696 2628 -374784 -782446 77144 133324 605864 -708871 -613412 834489 976770 -227044 -374823 425341 -45372 905795 -384259 713946 39052 731299 576706 -493900 832368 -280117 -553683 826975 -320099 -87002 -924980 -651241 -414663 488522 -257699 -366176 744158 141779 -191318 -293992 -32848 959103 -864174 -885022 -97906 -781631 -980529 937672 715237 -407279 -526174 667873 666031 376263 -285906 11834 -323614 804298 -829696 -559624 -665998 -727591 -240580 869613
18
-511666 -255201 718534 -965080 -280524 -896711 -880473 -232894 -711222 673098 -466905 -757648 778300 -624025 989615 -740089 -311165 -552526
87
160620 -93406 -464778 -36739 153496 -866324 -159187 -813805 -615494 30512 -105570 -450844 -222401 -540969 148582 907116 622401 312664 116779 -548462 -800522 -921223 -104088 129587 182438 -292839 -676712 -150429 529765 -631938 -737603 7580 295555 695821 614964 352570 307069 -627592 -589195 -676723 814342 -494746 916039 -154955 476410 -398252 -110 -713463 -365176 -366616 544508 102220 -277589 -734225 544315 -600110 -30703 -164273 -302925 -325810 925686 -384854 574242 885455 362310 43048 886934 -254474 198704 -847279 856723 -225021 -240670 71560 -529249 230722 797399 487201 154399 -944708 738156 78651 84925 415778 -442952 -518905 626156
55
629009 -255719 -891816 903177 -199276 683422 641915 -661172 532061 -60209 576113 180945 -587692 -910086 517524 319953 202416 -137752 297975 408038 304073 -830613 183121 -662149 -380945 702706 827554 -762460 -833132 795599 95161 2772 731649 -229264 189259 -273962 34209 -229290 356748 -243111 -96765 84748 668098 183053 19048 652885 -311036 -255805 -292527 -425633 119770 518762 877589 -386239 36384
