100
50
91130483 -476239622 -885438835 -204017967 -88866751 353215772 -591396687 -340712525 -909072814 -425524067 -644847443 -544157457 -108222843 -133259663 257117296 263791656 -642265127 129232532 -947297037 484162959 -974211644 -413269468 214747063 973110032 670251116 -529016562 886249443 -167390534 862801500 -842325620 269580737 -827969091 -931468635 -690665436 644780725 -249821579 -771889070 -170285860 -413373324 -609824883 293865865 120671289 -817194696 -56975794 -130710511 -285077505 -572307573 480324742 -648444757 336728617
82
-693786787 -560906910 76416539 -519832113 345313313 790499461 197101162 848405449 -726492106 -306422747 1860616 727765118 24211875 170816032 872080531 839142001 -689245810 -963191099 276110064 809097310 -336853157 95018319 -971447350 -697007910 741861726 70617137 -657736181 710331249 819150780 -601499296 -409630199 500447185 543542059 -993604474 -116464057 347553209 -935595970 503039278 -139548393 663348460 613349700 -366298138 -383088655 545225793 945481978 -92636763 -649342872 -179518795 118533005 414403074 414644936 -937654036 -265011477 430632163 889800465 706196963 117733474 -979183812 -396968015 -158858120 -123173696 298227527 -928526846 -800887029 27691662 957273521 615689378 -919640584 -147013044 684623932 -279531799 -405613131 -445815115 310276070 951636848 408503428 295600232 -303906209 215083042 68188405 -870670379 -921836386
7
-559433180 -541140648 -125360900 150077473 -870044001 -372345088 521504252
53
475495649 113576821 -502790850 -975618295 -434383995 686101128 764875377 -917955369 326763202 -498554674 -437152114 897567128 282170699 420889806 705709474 431194566 820823838 -766436163 -410000193 120063030 -408089061 -555210829 656613565 341761799 -930881043 266733505 142219953 -466684604 900436733 -721125377 759824245 67875200 286335942 -568979360 -734658087 -785864204 648656447 -86958423 -29869625 612009585 261061745 895346930 -106060058 -267391604 840086067 -208535457 294529384 739168996 -492464341 -210374410 232200103 767878546 -824071451
44
-767845189 254756655 -985244070 377270490 957124227 252259297 23523495 -492612348 264862361 -495533082 -408964403 530991544 -202782241 -667771903 -690542556 626681822 693409564 -656903904 -783554475 -383553254 74569085 -286944091 300500813 -656948452 -790590847 -806249283 -24353078 78083144 479445679 582592276 -114168668 -610325749 149596138 244456349 669292115 199240950 -669412978 -141792609 462516359 -137117128 -647177679 -909413768 -873751679 -298173575
45
-286509808 -946882050 -528118402 134187193 -37697142 227887615 214018928 54698863 -809633608 791405757 671855293 -26184038 -150715654 892114577 -275913012 746954950 105231109 -377270683 23487738 701935627 -907291159 652269938 -181175935 358799356 -164485970 731348168 743598482 -802557254 -839608018 296033038 -53190240 140048295 -67648525 -208683345 655862731 727130110 799194840 -826133691 -746368869 168401427 -463719579 661979226 -302050723 432953892 -37218886
83
-165084063 -69015806 -293353063 -242027915 696101692 805267609 287970349 -872302708 -812207228 432274563 178464413 -179194539 798038109 -250314694 -773385177 15323642 -473327542 -596111903 -884975170 602535630 140504071 -536695798 343462347 597057689 484092137 -475806024 -458178322 98654248 -458274729 580594549 708689187 837185929 706813241 -527885992 -536900649 581984221 -799501715 -115818984 -767925452 474994956 -289701148 854490143 347961051 -687199130 324788764 757763391 6170940 -834155925 358893620 -695070406 -509325977 -68189765 418007484 134727944 -479795449 460083565 477846882 821409694 169807195 515320063 103171297 -610319844 661847760 -904650878 146396343 730938889 2526353 618069978 796851520 863141636 -452208914 17301309 -190681840 -820473615 44691546 494049123 -261674580 379977147 -310415168 -533476626 643542987 -992221592 -774382642
22
57108067 81409250 -470704734 324493969 -689823062 171024346 -961579314 298464077 976536909 15972221 196024279 980208479 328792669 -571646175 339424803 701630222 -558897545 239244918 -368776988 292067051 166203721 274514028
7
-127507998 63053508 58818914 -750484227 274352148 -56363866 -930563137
59
189577445 887125369 515362560 -878654990 -455672997 -634394982 793344442 -389524450 -876102067 158898482 -602057415 -706871140 856262115 988483628 -848278281 -954615927 175016294 140615003 60507306 724976392 -487952553 -962420240 781542623 899452549 344355608 916588971 361247081 714524513 833364682 -817649463 798378347 468765439 462954054 -349587112 -781072952 -219233577 184769711 -58898415 934638225 -258648086 801498863 -267069686 745652586 -466248167 385081801 -103066358 149033543 -407885213 -295948756 -120177499 422636744 404461360 -680331174 -752505381 539923457 512506569 -330794075 948428538 844198717
52
-178857224 -90284698 -507181705 -139459643 -975896686 720558977 708723767 -174500274 104197866 267786270 270599172 161410597 -913813794 -97304399 284915880 -322909729 -798745256 -227494769 -902407728 -767899673 467970175 -503168705 -512508840 -513630811 -221896302 -11000750 -339674908 957240701 91695061 -320890499 434093445 833805134 -261401339 -908849958 -693668460 34434898 626977998 -449019338 773507099 875788893 -131891784 373830389 403698147 263949208 976966086 -665174567 -716147829 -760825532 -272328550 -864210701 238276456 -12189245
5
392417067 -581525311 -252594059 -872161162 -220620284
90
-892119487 -754674873 -305699892 -917927660 407364438 -850727643 73689509 462832244 -534967213 -37242637 -854290367 -791188560 492253568 951610062 370596862 -2941920 -693263221 653827240 810898389 439467704 -588493484 -688119707 -810499799 625356496 -497753733 -774559812 132391393 -678961924 -807252236 11134265 485285554 296716956 -84068677 295814002 156819056 -232467490 -608763434 576565424 -760085666 924942407 192880559 -641427170 847359981 86387405 -372326045 796727369 698373626 -767981507 -465968401 -653522356 -296520442 -915790062 -75830553 88373405 26794810 -15328118 -54922945 -831238039 76745136 932986819 -151612537 -184265497 -14844512 12443404 -101458609 -106305179 934037986 -749996812 62640018 81046732 -19091575 -733207868 -701128316 693648298 -965342344 714253159 7596531 537956616 -496964576 178161920 64418388 -760130224 942051933 575322368 398077163 -572311845 839409074 479515276 -262901127 -606580436
65
311482597 -317567169 287114113 -798686056 720576971 312527075 -581957125 238159495 -176737134 -599684380 720706208 -619653002 -248325838 281544931 -459413558 810387099 -308925128 -872997510 -334609496 479387300 92374652 -363913067 88975742 -606216849 -307669627 -135020336 -855381319 917267769 489737133 -825424078 989349838 272167021 329438061 -894013346 369190468 -874260421 -25276800 -513007537 512878459 -125576649 236029824 -605215525 910641278 -877179694 81880231 311432473 -3151152 -531730708 -613370851 -933026525 -270698905 610287943 455611194 473200654 -235015664 -835729116 -112736550 746927500 -949878678 -221735563 -94533462 933918833 445007371 -833630814 -205543238
57
772428201 -263062022 830851360 -295445922 -591950433 -857578660 -966313886 -314671781 -893972103 -349051924 -892541274 240602460 -638855439 869860761 431984628 -51002983 95253167 378521164 173308530 598420223 -22057901 625728017 -690718866 -111053217 -814163651 -338909072 425640057 -103720232 702446386 869716549 -747139140 -227525432 -600847670 -115871670 -624212126 -904197968 63184326 209696338 -95297235 329288644 566259186 -367093173 740883852 913988568 977096512 942914487 -73153108 -67263168 90575696 -475133069 -386824342 -676156380 -16530299 -653484307 -30088183 -299074080 50382845
60
-429711932 -550682171 159362315 -584304276 66392784 568446922 161372364 907660183 -305892883 227528344 889434564 168492641 -400924781 771407672 -44505867 954319540 -84134856 -95505207 -554245981 939699450 103864752 80664684 -255876074 -684545847 583244139 -785019010 785867296 -494920026 254752847 -689010855 846236824 -431089794 -342240228 -137948332 800193271 364052992 -421884230 750696153 400204499 -507448811 128037908 -275905064 731006595 268418324 -551748860 -427338783 84254902 459521867 293316779 993755384 862521736 497141689 -140328824 -820181896 -133472547 278478729 615738751 -684026752 580754204 -546156051
60
846341508 -540109909 295181783 492770305 -219818509 205568574 343768919 917606177 -499896117 -146746803 -474045022 -350757948 -742914455 221437032 495682605 320657094 -611674277 575989795 -600637564 -892990829 798022808 -630359106 -488713606 760878213 73774925 -34477141 -490748716 -19535202 864630741 -890061829 687760157 -192627130 -466028138 -242747507 758677435 958585135 661282228 -445751502 -273283831 -334928860 -710566264 -857583093 756832777 585456089 -566860824 106537868 402888179 189527805 -921540880 -978402420 -492279580 552568019 990059513 295031197 676571297 -70980387 -720640724 -928723333 -351681659 380671937
24
-629082784 -56866681 366134052 566899304 -991604718 197511197 743415922 56102121 -849535117 -990042835 470201423 -662755719 -792311889 952007003 849027192 363594204 63780963 -629349262 -315321836 -589218223 -677169258 465987174 -999207162 453454858
67
553134310 4075522 768884251 866271281 241539936 212188954 536902589 -965507664 -369983972 -243246158 600949784 707500004 -555369177 695820085 -753654141 -530269001 -474038756 674552114 92099827 267927559 802691582 -101915213 -928181433 -979924809 -710329673 -826882657 195189162 552061667 -842288159 320658893 235383918 -51260228 -900391088 -264646799 448617761 -591111265 756988995 -590566413 224611887 -360993367 391662071 624367765 642398983 950018413 441440659 918816552 -585380763 152833281 -763724970 162751047 -389196026 -497048997 -842505749 -61572972 -879174034 937691718 393523908 -753111715 -826555331 -969481040 896495484 -87813502 121737912 991593192 -449855380 -406246435 593388102
92
-226015105 -15741975 270302997 -858926092 -421702358 -668516948 262170802 -224383059 434223825 -571224584 155869115 -884565142 -9286135 299008909 157042916 -559191776 -562754594 340661049 -961113741 973250481 510332764 107386683 646932955 990846648 1246903 -609377760 -239683996 -14012933 -819120754 -729271034 481063861 -453507219 -403473646 669078700 -764668799 166665161 348627819 -448812579 140036506 -75657941 708352374 528808559 848783635 573345827 -911398358 -236591362 -557717570 637550051 881026110 -834122286 -411094263 -940739341 -997746295 -106527826 614727022 -566247214 352516644 -950512842 497310463 -181418099 353727218 -82911103 -569205603 645721332 -858582206 692333261 712381448 -143684151 838242492 311078500 -187381664 -468721988 -536494030 -649708347 565708928 549637976 -492767763 -992146340 758929854 115180076 174429512 -376074208 -954650952 -524673135 -618888270 1396351 392898877 -802315773 360225884 31512635 -381500360 -835733396
69
446060648 -168945365 -476382645 824373006 809925560 5868737 983035040 531175829 -497419962 -77618352 -697950816 -702946402 -102406487 -600068751 601324318 180641711 -373445300 -866710209 279534020 -426559533 -840272384 -729169101 133799307 952738568 -206326720 -853097308 -566429368 495113732 -36919247 59829036 -740428119 -69541101 186915109 273962002 526761023 -881525667 600347604 868966503 233496187 166453879 -11405920 -497864888 -365648718 455072345 997308200 -229260166 -434092635 80051196 442309118 13554389 -911589682 -773076088 986359587 -18761023 -682554545 -746179292 384277154 -527189040 -984975259 -159454462 515239581 -599757024 -942171462 -379591501 456608114 438816252 -372143096 143899986 736923674
23
-56291740 -477295133 -648821136 -277262802 683879437 -485609865 448928801 649120056 -445647619 893076638 881941203 268987409 -570619757 232186951 702840899 -643840655 -906773910 -84906017 486213212 262553747 -63583101 664519307 -223629105
66
395192823 804890170 86943766 -297197641 723871199 175686428 -220224810 79384023 -760234436 564349705 570275333 145018342 -962210305 658020379 510321898 -40984130 -786559100 371250315 914168912 592839123 -562439111 566276770 -494610164 129619567 -973432160 401602087 -75273631 60191695 -522510142 -483879949 -635796529 596108074 -965477260 234982943 669123410 77948876 -593060092 895844206 -76671916 -442065121 364612958 627305092 -907287469 216763482 -742352153 874380115 188635688 -169833059 603876389 232348244 -437593638 496246488 -52428139 -791814663 620624920 -971257870 370650070 716990794 -971214900 -725580991 988172319 -160766716 707987612 502992473 -54444239 208599625
58
-446405142 586394165 -314164783 468823294 950877487 -823804167 -478961444 233479095 -335078841 -929445951 -241870342 -667124737 453245157 -823715541 -35857020 -126091155 -410788711 -912160016 -156668257 201808771 571939023 -285624878 -56556022 803900622 -166721449 62327291 -628887381 96668371 -347408824 -466211266 -48426906 792020973 -756574214 -161222896 940609405 126132269 530924852 -493939442 -969542835 -468267286 -199525955 -661482749 -12184963 439847417 -527259477 -727247736 193470689 525924588 969449753 73144343 -918180005 273894066 -436781290 636613133 -551244855 -998089665 131419213 530336989
99
316281743 -112841919 544004662 853995267 969367683 -469058643 120048504 -951224053 -862595276 89660034 470535057 -465497331 990144509 -353183113 725502819 -494160429 -10334518 -686084215 -426909200 -21647203 326440932 -588221071 -676946996 -978227143 -838987752 383091190 -292228000 -733811231 529858353 346309183 -304781800 496879230 -2909878 -663709419 968107166 997514662 -989093294 946799295 -99603522 -911644591 -955931906 -525811451 -687300104 551169146 704373102 -146019820 -187841089 85756130 618042667 -306214749 461516141 -545543520 -235528111 -919964705 -629269729 -864616830 954986892 -457080041 130505147 -116929997 113190672 -132534049 760196126 -850678369 60343350 746320859 -149661659 -603547112 378666926 -432325813 140112429 762386245 -929035478 976390769 -266216925 -444483119 570654943 920437712 430883305 -733762730 456562545 -230074379 933123053 -588061206 -273218547 530422016 -862940443 562772149 -27730407 -832111649 -344966865 315322401 901707066 483527830 679848899 -156199115 562501724 -719937462 128821192
41
864466167 427497989 34694622 -804375735 -928756025 324908383 -818835527 -891262806 48106227 -128791863 -429477010 -566330735 -988214030 493651430 -392165763 31837596 -341906396 387851078 260142216 334227360 -144491099 163392733 -908457145 -367648266 462675287 205468819 -765398309 286683844 -733871936 126924738 128584974 690901927 97592844 763279174 443914876 209014325 -994605711 -417302612 492097069 -893734689 467579
99
388815998 -97404098 -904523701 -360035914 691205513 -95501462 -214947007 -8558182 630372732 784847634 761285661 157759100 -598625885 -300935155 414920642 -904750959 -435961724 662708937 538984111 -448069334 683580561 -528555554 553561775 -496203408 -991080443 -742454538 596182648 81853892 -395104310 -883357462 655877612 -913167300 715525423 -360277885 385602984 -82859853 67927768 -382105557 -885363276 -667585784 -682087356 -322718525 -469629133 -490476018 -598805591 -31903678 587626381 487569104 -905724775 300978630 -90628195 -889101320 999209132 -674054692 -452001654 335980836 247425413 -694004419 -870224287 988193484 874787624 99229066 -609566869 692685871 -845878165 778984091 -555036728 -554237651 -126951268 171937169 -596740242 -459757745 476011981 -129901110 -674857864 343451992 295484177 149559407 340556309 759041126 865368947 985466897 457277914 -262444489 585729074 982083186 806531335 -277213108 115269130 -335428299 -616399412 -782131990 -483605919 -330845457 145914764 420910100 -467907176 758573343 -441665432
90
-79562395 536952243 954369613 98525535 -237971202 -655243223 -895432120 719966584 -16473347 -322407865 -584387430 -109883718 214655411 817546729 -263807251 -573342983 935814402 501989181 153418739 399702866 613763559 -538748834 -888522143 381175370 -151734436 -29576456 789543121 -188270831 623867485 -623371936 325081470 -751696361 -900137697 688337638 590533824 658800843 636263057 -520091070 590851239 -629931473 -62561753 -361791713 -109417693 754152776 -42975128 107124879 -404577657 988918558 476164389 832727320 129670815 -480211375 239012451 -318684948 -395701055 388591462 466106615 -68615850 -198177386 671118982 490176912 -741064299 747146675 384731614 -501680968 -459471505 -511942341 -201166147 -955855315 750587332 80194580 219457783 -723396492 281997425 -911794360 62290745 207921738 -333720509 -731112837 8236820 876809670 -142506972 189751923 -652115296 -743021522 -798465961 -478125842 -178110569 -947949094 948654851
18
496640872 -654412223 -387074839 470561160 -341165836 -213513439 885974775 -851240030 305447330 8480586 338921696 684554261 360176843 -36823143 788531936 651752643 -22666090 -893697434
33
-767984582 108111561 1242434 641126157 925283031 401653415 -907650748 -15427974 435515645 -206702501 427823014 -907846812 -389619516 -10253829 -912712029 -221020921 -163822096 317954724 75031472 -47395053 -183927366 282191888 905838749 202419666 -575968160 -608273940 523185537 43555205 -399821813 797408543 -23009618 -851968685 -643933785
52
178373145 283180816 62158928 -913530116 -274246603 86886161 -557539035 -768127776 176999900 -409621770 -621976184 -74764367 -998882749 64476161 643530663 -534238995 -726106609 -624620334 522382996 529371952 98353444 -750717397 721908134 -229361168 756777992 733380894 -245260375 -319069420 -798968925 -798616768 76545252 753317207 434728670 382668847 -393372767 617611286 -552791831 -466544059 -80332040 598296883 -486461570 693586426 -926787371 190630460 865848350 -411067484 -481211371 -195430305 675873351 -302236677 -134706461 434776901
26
73291501 -292234534 -705274180 739779939 -710790071 369088564 3894423 205989038 -369093465 -715205673 666646975 -278824186 -49494014 -102014770 152728311 -535944229 816228179 -998117358 814351064 -951341572 -664668835 703155432 -684041242 -893769528 -787139798 438958369
9
-942970258 727238291 -794698857 -395879559 -9756755 684466351 -960650815 -558736167 352228365
81
-994593844 -409312169 91088 434792743 -479322677 -476053216 -272876538 -692782286 -344745361 -913142915 520339197 188331987 -206527963 -495649279 -199722327 -491661023 797172942 220637109 -483862094 -542858784 10518818 669398740 -342634474 -619075074 277653569 -793009459 964758055 341434318 -125016432 -146683241 -22814356 -390671426 456355461 -193378060 962080070 -902671719 744944483 -740731893 -862245662 -40834591 -813091423 679332035 -423303774 10628350 473685089 287838257 592172002 867219588 497335849 882983758 -203619579 893871918 -953456034 497754478 -441890968 915314467 156255707 297716353 -964606886 -584717105 580499837 550890026 181695330 958151129 -353710400 -459181594 -206650157 732121245 -3993890 -248737124 -910618908 455490985 -878709141 -858147013 -763714041 93943163 473439658 455444804 -774731135 114626948 -449458642
69
-192801247 -935807093 -941383894 163966535 -479410261 -623748267 -556118506 297443486 -237650480 -92516957 -303398427 409601331 -40491290 791054181 791639157 -591857293 636880866 -561236468 793523308 898465459 -511222880 781530347 447865366 -171292967 602631511 -175509037 424597606 405706730 -343833869 -109884067 -819813324 765486445 213674386 258329969 -830896440 899106093 -700001574 522386859 -688779265 -221164201 -962132908 -297640404 998812317 625687794 976462830 -370734318 595968243 -254711297 -813548054 689443892 762554744 452054678 -339549864 61761570 -603701531 456114501 -631779368 -801123937 -742317298 -617453701 280767352 273851127 543246927 422425518 695683080 -580840452 482391629 384473248 433132888
50
144725165 139371494 69756223 59525858 865035005 -972030550 446284140 419283217 823786863 -378307927 212130869 460947620 69627800 -281408638 333470928 623561385 210838971 -320382679 -11273045 710890282 343802764 190222191 264313984 -691236540 -101167490 147719468 314174991 958628417 928637703 -391110519 394765503 -729493805 744451475 639273031 -440359225 347509059 783605115 838576969 -115699877 -6705506 -639027028 -954016692 -874766372 812922854 479504380 -533069995 -989941405 140622837 997769226 680031180
92
917677332 -145650390 57664977 165005470 -330936706 -815598080 -869931526 384107926 -30802712 -415801090 334833281 -405210375 453666935 -482609069 -975721432 243628394 459366520 962181955 -441554059 -317214741 31105262 -464487322 -351017659 867456641 -613967873 370951060 260554323 746476975 -105779836 -481410037 706214333 331820177 -925089487 178563689 -92814810 593152636 -960707765 135045830 21539453 -296983967 -261242239 497367957 245611799 -858609364 -925680364 -115681846 291344849 -185531572 882721191 -573044268 74774860 928331984 762670743 -706281523 949998048 242244485 228619784 707144062 194603808 -425515742 -380964769 788047832 23818456 -86967405 353929896 -479460044 580782525 238926124 -447945481 -202133555 835531285 -916484314 -83801065 -275292394 644725202 -753781642 -102451350 -94371852 327728780 -598890281 667415107 992470189 837444511 -791375998 -809590746 962617896 -909369739 -34133839 -703794030 212208039 307904949 297299397
33
644297853 -676217521 -895930150 329753568 -97958957 -652751881 -678082522 -601852927 205456840 -310201966 -610445292 423170695 -643350070 472754195 -497844244 950426218 208316952 831535044 -651886145 342607791 -265524729 884585661 -220209118 197158797 -344905102 276458535 -799535663 -102739876 -816895016 -406962530 848657989 -6884617 678317776
84
-318364701 -862458470 786753128 -582147024 -121867080 221373276 835367150 -876918041 807849993 598972556 -881868066 102408632 620613246 129422214 -981507780 -59901799 61063284 -937469951 48808038 461631527 680425788 951704365 34730043 54334548 982572287 -412735733 564642539 937016366 -347400678 -889588734 359775336 30505930 -55574634 969785440 -251969874 -809381914 677887771 884098148 959826591 -373599471 34385181 -116015362 -20849774 -532101723 -931677581 -936365673 736043897 442416973 -815659925 660567737 29238757 -502339346 773720806 -487753473 -542990300 -308268466 -320841332 274951763 756376726 -227537024 -530273735 116101765 -927740523 -997524181 287802089 248527178 904412318 -500062914 190496189 -990539096 670565472 -705277546 90091559 -313470053 863727968 726796830 -831806308 211853105 518030251 -613916973 885055985 -385516776 -172575985 605189975
70
-767659287 -728783151 -750489835 300809345 -174307059 848968448 -646952550 -488246100 -326257228 105114009 760645225 -32033780 -105160287 195089044 -212994144 924881870 610889086 -206820221 -536198027 586486435 -428492666 -636411967 373848449 -533406294 36762771 -74417218 -960123347 -859921464 -507324346 -128304518 494215378 997610440 -272271877 520996857 254033817 784188825 -958507971 -191890081 -11932207 628598564 -850735145 359534091 -799050088 825193529 667140389 436475458 708493761 738086949 9852437 218730523 -819319327 -693786576 -265441298 44988659 -172490667 635249599 649727261 -17048095 994918480 -772072466 -808999863 18852200 -247174194 279765027 -489489114 512788670 -196278686 -172771662 68068627 426053938
66
-186648808 -732212362 75115788 -252776897 259138681 -267169935 486917019 36532687 -72473211 184616649 -195101129 886694607 -612801403 -31080411 20681789 216006400 607541616 -398528908 988459275 806048276 746510082 30226331 -302566543 -806629198 -660713729 701154401 141923801 -705617150 594351303 773049852 -316780871 925580033 -38784480 798959407 -854921374 290494671 -771251855 -283099789 327324081 -683637075 197475545 -972526902 483392910 913671297 886001174 66804631 635426679 101272650 268928177 752672216 -843232612 473286078 175271360 -199878006 -362995396 858935807 844430552 -572887960 -856879208 981404814 332272734 716610883 -828434325 -252042078 -815206160 801249350
5
31410708 -283299142 834040097 172151583 529650316
54
-777928447 -6270356 -103999641 595242336 422453962 268785116 400281679 -53217777 344142604 199871972 332192554 -360286720 -886026927 -949946831 -534048635 689389099 947702942 753207634 527209990 126791427 619303176 -778935101 -929239680 -628032865 440856495 -939277351 243689988 156929321 470673895 -236272715 735430397 684557060 -955020849 692981528 505341843 -313850211 -464587963 -112735535 253371954 218351157 351789120 -112661720 -670905234 123806031 681751847 649258511 645342568 -57197211 -63047344 -810322791 -347245001 -216329852 40166157 541783584
37
-908749853 378236483 963105508 -789147532 654688248 -278278741 -119773289 -886422373 971434113 556045758 872061432 558044987 -920960068 -878379209 761220866 -841693877 629999493 -664642371 446248359 -655251220 71755714 -755055227 812242641 -708772889 684746544 -408068973 -702171893 164646309 436462927 -702155627 940156143 -650991214 367949130 237453712 377243054 -165471964 -291673019
17
787431524 452625575 -776878776 -906822675 -944094375 915028966 -544397556 613585991 -785678097 521306590 11053740 877363461 320538178 618938438 358061499 -337609935 -953022209
25
300676008 196588337 384669509 6492317 854929401 -774489836 -53710043 -155396126 -722911502 -856036486 979189657 49141161 946621563 -260748420 66378803 -494482332 453434855 -15788832 -783700298 -312860854 -627498858 241443448 -719204482 399211213 230856447
55
-163426420 -386511904 754329051 -166865518 -172887192 -921321403 797900854 -668142071 295032114 -794899111 833938437 -441709264 -316901415 413703071 727392779 197930494 4519671 346598227 371175440 977230583 -350720646 -461025580 311393892 -540339825 379359896 412900154 -833109377 485555352 977773789 -992267981 167908839 -696186256 -602806763 953869773 -58146853 724227768 258695861 -764201402 4499355 585679654 607015492 265639895 990058126 451296893 442238700 -320940533 -499414690 58700187 624270247 -478146156 -120639661 -102851208 -188010814 276645408 -679621457
44
-683867972 745924791 -284879998 699559244 -895767405 604542111 -513265316 -395284088 790051175 -520930344 679602053 606011285 503757043 918366991 592690083 81390956 355550798 -112582505 201436884 -275730928 -796495301 893158641 993748197 -109297324 -759675738 200795689 49711232 962821707 -477240466 -146013037 885023736 -266384771 -493125835 647553590 -698417581 -96702530 -251772434 36521422 -171244157 446680140 -307265265 650201628 457009026 -836297797
68
932412465 -744961292 271708781 -649295756 -180978599 -519911554 -192809433 -495986599 -771813653 -978112804 -569273780 -133340332 -403443001 -33857725 342989917 345715497 -907959725 -425524812 -309795645 113869107 352933830 807450213 776966683 686005138 903250242 836386047 -246711949 865734113 322968172 -501414402 720219488 -664990566 881056716 -18607357 -340923552 -71269340 832934126 -922208605 494426307 -960542728 -138312488 -36868396 573128341 -951742216 -362722512 -30455461 866657264 312059767 -32884779 367652104 874366739 -97189596 83404624 -263868396 -485422911 -313744883 272786398 846378127 -910295547 946011409 903439540 -447202527 -292432505 -47526954 864314622 280889656 -508122792 227535384
66
220779885 -135043316 -743107930 786851868 954182900 -230095712 -204587638 -304587941 -77437459 -20946571 -67694295 -104134631 916737407 252236377 -137719107 63109351 663519257 711883995 -166740418 551278616 -916213734 -706336234 261088756 -63510757 -954217022 -355440772 -295282082 244521578 -186435933 -614211148 -44975176 680159028 -851734463 287973650 -647120218 -820830111 -573468686 -900737061 755440786 986031843 4598044 433053016 -547494129 -7215835 -425114255 691752652 -512098958 -907994469 -513489528 -156031273 -898084462 257330035 441133519 -158719065 -158928316 -889480305 883115106 -620163746 51419650 21530231 -180261694 -667517053 -550321962 -468985116 404891111 -533196565
86
311398459 -176591727 45999415 761013322 219445960 672782080 80172926 591808157 455947224 825049506 -116096034 -376242100 531403455 37300402 -874899455 694484543 -988542343 118691328 948233573 -96138132 314634987 -671757791 273194983 958487450 383637660 140777507 512324142 972722292 -439110822 99215933 180433505 924597218 249630864 -115919054 -897398755 -194965868 226923127 -221848434 -780067268 990442185 -710031442 -470172818 -905330467 -150844098 902066677 275127877 193068525 372545318 362937715 131669010 -878609856 -974814800 93853578 -54952810 -968334556 150748543 784526606 -317165761 902382831 910434128 -455237801 -811022784 505528826 -18228603 -107139885 303591697 124245500 146848590 439166510 446067157 301567882 -82111028 -319638344 -424100464 -589895326 813939478 260322413 597263117 455606531 -504077117 -798254757 -791038847 541106661 440850902 -65348262 395816396
19
828535670 -278562062 315189914 775060947 18474332 214495222 -903374670 395959000 277252758 821693482 -900941869 -558095429 -556442194 -395115846 381783131 -745241694 -384896853 -835384515 -788527969
7
-907118286 845895050 275053345 639096358 -465670157 956474324 -46947779
7
83661123 430525120 -534081253 849824433 16219527 -103519719 391854190
20
469633309 415912272 -622689292 663016181 -505389481 828923432 346363326 579398081 -800753474 522355101 53484657 726449598 -592415418 -2550917 -741552230 772687710 992950187 462879119 233160552 -513987323
92
675652746 -426978044 67995866 -243965939 -843123674 513001785 -116190471 496704206 296097000 835732212 299998474 276119512 448867276 -11617185 -430506849 332266597 -132988946 -668351048 134211996 -676954431 -123442549 891009198 -541261389 -171172704 -914863753 -589023302 -502597248 162916757 435712863 921113421 100502069 -878827649 -645827259 -749826539 -435936857 377361213 62630813 -403130772 883007632 43702453 -851482574 -308136085 -69509559 -77922367 602810271 -480529972 614214755 937450123 269900954 768473199 706856120 77171255 -12152258 744975337 966081709 -493704904 -33868121 367452203 366185217 251935345 -266481797 33417458 988404684 351865791 -637891531 376240132 724893580 288282186 651193082 780333970 466250403 472053346 715331548 705842166 -915520295 -283397977 -896882668 677635308 74536995 655821414 -648446037 -680034574 321464814 -670549793 65407964 -695616343 902081546 590134632 -6475202 -779655535 594585197 -640132941
4
-759148773 527463504 -913426345 372429548
96
854963943 -578987998 823741610 -460394590 520979224 918051578 387830057 709438974 -535422116 961393581 -504874663 606245856 80550579 395487581 337850370 668575942 -92638772 631950487 135729187 253523726 312598784 807300531 -617328017 -291597468 -252161859 -42426041 457592022 -463507377 -705903812 901717446 788923271 214927787 395694050 447709327 176147904 -66900520 600590274 516295005 560448411 235121268 -90944562 -154655776 -996027977 669905250 -445118892 -155094747 847288600 -173373613 376251904 326164065 123950031 726971572 61488392 -153222392 26989701 730422926 794436121 503463602 585808452 -758650677 -168639724 -908646608 537734500 77999707 -851342889 -477509647 -834876625 -201804378 -812192547 666437626 90503537 -166049162 276788519 -991340071 -969299214 -733508524 -745201012 562918330 400346472 -825517128 292559141 17445443 655484512 -790344100 -390876859 -667911208 -302764284 566769493 952213139 376856452 391606273 173851175 953286622 106029892 -191025956 -97295672
99
-428098673 -122079077 424606863 -590494207 671225509 -34248743 884249704 -567923269 -25179670 595261869 -792347816 617876191 -96112465 -892773090 -86776020 -593753957 -334509858 71116275 -231162006 -187164067 -947751014 -541361604 -588802876 -591845947 -232397835 -895006010 -704130069 562478124 -557853774 -634608868 -431467332 87477518 242867498 894794691 -788304366 41323429 -861407310 -550266015 254552032 -649938444 964878126 981006973 95497987 -585653231 -83115083 -117308532 907045534 -311680703 -157530111 -554412442 887840746 -416021549 8033828 50883027 -85780332 -929254765 -27599464 199958859 -821259023 -921888551 528350128 371668439 390654207 681479482 -345197395 -499034231 614873351 -807806083 983699710 -902397514 -170705002 -956726367 764307468 -629219199 -858727079 -493717796 -682652289 306507029 229977968 872698375 -145783615 -788713401 322921340 324464046 513155400 165314840 -218806495 -737107100 586918765 -548187168 -831840454 327510321 560377817 -626081912 180187374 -444411331 -841753125 -35812610 -622975764
34
-953095687 248363558 727897110 -782195316 555883724 603105795 -443353283 -485845803 -833877768 608486934 47686313 526806084 -274171555 -319992888 737606302 -160203202 -876668575 -963416398 727033249 -949792263 350125069 795922988 333647086 918724796 -518722854 -279048011 -784063374 46551168 -388563083 -991407821 724961752 -166051473 223089036 -47306306
94
72818470 -737444135 407308775 255285631 -938326012 708441472 159332960 306485889 -261982240 -817750595 832155866 -423354863 -752458913 712553230 -159553000 13864700 -430216323 -965453583 -742687246 -47585953 336334788 826302798 116651978 239569184 -360118586 646424602 -386630628 106090359 225477312 766992268 -435537287 106801091 723778667 228607960 315877580 728020097 -976228160 627271507 -287718938 -885746240 301708370 114098867 -706688404 607605875 449167243 -581364356 -533640296 850608983 -309227646 -799097272 283149789 550679589 -88273559 -321020601 641902341 -101731874 -103480461 710375614 211138556 -968663851 530525154 609503365 -459332208 642805394 -129421456 215856702 458154769 -544562004 -228856775 -573319340 576322083 -849684652 -569549514 -828515165 -573460425 885611311 -659666381 -912815256 590939257 -311482987 -421828393 227726208 -433601900 751173112 44114947 -85676247 816900819 30517938 -225553078 195760784 -542407343 -283551725 611040558 469099058
75
-620447278 471521810 -453605154 697898524 -843488183 340147951 -967270973 332251503 807911943 -109682205 -660080663 780382274 -751254905 71796851 -907780067 -821222244 -217640291 3774015 403400000 -853572377 325588020 -208826198 -370712599 -350994213 262461353 316297211 455826266 -567382332 -106945014 -464814324 -120019488 554327076 -832029276 598702810 -459620132 763273880 -826398214 -809943060 -606991307 -130887916 104397725 342645418 -141841104 887866011 -341074586 336624446 -849268440 613815159 -539227571 332323137 -251413002 758943746 187031751 -506600835 557387018 -864174333 -770088339 843938677 180128001 345574874 -31063237 -742706296 -356174567 -994566824 -495327213 319722803 -854477735 419541437 -298790084 -115064712 -960329859 -331022843 453118160 501926735 -930514017
35
-187946224 -349421433 -7298624 -414918758 457218096 834507967 -806292999 -540237878 615234465 408933666 676033726 995843268 -627680457 -666940065 129751512 -17306619 -764397782 -602819785 672273242 -640910692 -248812183 739199258 -544327361 -233719950 -864412168 441300206 555996816 -864195876 -13485989 602750775 -55900613 941027898 53936067 625635339 -846226107
74
-346143505 89429318 439769547 341224605 -313675448 424527897 924738957 -824935860 -179299537 -91376725 365746719 722685734 101624905 445203098 -479963135 -213110238 366213819 -706587816 -768125041 -524671761 -198792573 -591859650 457294065 -990230977 855380242 765137982 263930601 -578337542 466506202 124624689 -942385929 846189757 -279414433 -674618314 -875709579 702433010 200012342 -700952003 775045493 -882832806 14547229 153842577 -663814204 94568901 -532812955 652735398 -777723128 323329213 323114985 -802423042 -266425398 -882472771 153047758 -553773543 243159991 367197661 513353559 180568647 -799191821 -128788012 -590985161 -46629689 -374293560 -798246951 -987476626 -704352281 -630458768 949101403 -743712591 -159032200 -615537902 -550416624 -29224965 -97347594
100
-211863009 411661841 -53776964 909222186 519637190 652416863 -240359944 -745605423 -243338908 394490219 659739744 579649905 128477834 669828568 827878893 -74766216 194162724 -710053424 -265419535 544411962 117301540 906353456 -882741965 -998273245 819828338 -503791221 603016866 -158052465 384887081 -205778772 263237135 116066374 965195975 -774623525 -168902811 105152678 -806499734 -72718584 975313265 88646165 517165003 -566427115 702159172 211142222 -174587238 954500459 -420291111 233337493 452103813 372171748 364245182 228282397 564705943 446705394 850010958 985099870 -116753688 132468508 -388329121 -488708817 234980352 912830763 -345395075 372671380 936041798 623319406 -19820763 -807469248 -364353918 81788342 -193767879 -646817659 -165260568 694880745 -750451898 -209413395 -987825163 -864568147 561475192 -825071796 -136220465 -222024425 -455471342 520464650 314150111 -12373898 -420380318 -452552121 -930231223 -917283453 224081284 17477233 461352979 139223831 315342807 -760639080 -562591584 651259115 848296251 225769105
95
-114055102 -854089585 792735689 573555777 -180592331 -136997034 48110060 951416189 -416854722 -798976413 -292992277 -711612528 -526460257 -197069165 -547085369 229543795 -967336678 922293473 -110023896 -303025955 929645654 -459559941 897723685 257804327 -155060803 -381970662 -65642313 788968317 -363829080 -40351264 363844368 312471247 -261524107 -57064337 259786398 564837546 16856745 -7620293 640672605 567710021 -958288685 772444702 947262708 -492513171 -34950432 582072087 860389915 -232029453 -201359920 -399173965 -414214970 453199962 -603156055 839938419 769894057 275349629 -746462485 -502421400 122271793 -526354010 -296031075 -543798118 651749831 441608439 476318770 992988864 -924486478 3201552 -174139992 505055408 -426855919 553704718 -939848445 -171276206 -227943540 862136174 -758599144 -759295059 720130476 332728011 445590787 50854799 720240745 607741119 673800744 -828338778 -174840418 786475612 327387944 -888486221 677735587 -811465438 -287536929 -795031079 339862200
43
699540299 862825307 855784194 97171803 669615732 -980145510 454030742 -163004448 964903751 -274231200 -51964085 -631976705 642439686 897331675 115870612 -767083874 -593499217 -860071794 39742039 -192057637 -615735298 -175208365 83541066 -6757325 111647114 164908609 -66475558 95620795 -389977729 -766984795 962268144 -443892547 528008401 212450257 -512962330 -700361661 -322808656 -106100434 457407449 548425134 646853053 -36858737 -68331483
18
-768551334 -723411327 -592840183 -486994852 -21566384 916010158 -204114706 -81197388 662662078 -318783742 363123776 -784376198 -436084422 447791965 466282242 394725228 910174114 131501423
96
78896011 -732542009 -824915151 -359900081 675444234 144153043 345083214 -27017120 945250886 -670901729 861715260 969311263 626214716 483956550 -917258927 -39356633 29998767 -744324922 444425522 -928974678 96161056 978988669 54568897 573538764 433523990 194332442 -716973193 79857022 -842689874 -838829010 591778856 55496186 -301153604 -860207513 917405410 -270192222 531406626 -845122663 -307213051 66232668 396309811 489678102 496114754 -855762579 -781952137 897071152 -959582120 895404259 -680001745 636854124 -611834093 -662965414 650910196 -641065451 -145784384 721469941 298406997 -193310130 -283630020 -434615060 623896686 -422679749 -104588554 -814875913 510269915 836696332 -18164359 541843185 -939251224 479566793 850566391 39129610 166885033 741202832 237946741 -958764583 405013431 33894037 -642659139 643211999 -853132708 -9926268 521939869 6720458 -737910948 494876120 -944796179 -5035558 -676338485 399407626 -571005555 -13005945 -858570319 -938005809 949526469 511476445
60
818466641 7065549 -291232091 310939408 -902919071 790165071 -364969924 -406067220 -95649737 677584793 474567926 653117647 -587430765 601692949 -93324773 20974662 -588775382 -118964508 431285460 -396446230 568080293 819353876 -855458439 325407903 346104259 824826483 -756439083 77038444 -524731421 15084062 -81635322 -149974598 -66577368 -837082960 607582983 522959726 448072844 -524931543 -578397128 -37161172 -846980594 -459093933 -322098143 -466849164 242111164 -236013776 661377835 546813591 -227961534 -72049565 863855374 60822844 466908067 -973674691 589880256 403505992 -261714016 261399120 -201161669 654851503
74
132732010 -64098160 -953208757 721822429 96811612 -781244020 -188784823 -970157707 -275839095 -956067186 579365771 362149939 105400140 102440841 760386960 430114304 -150854242 787114867 -737709113 -95780842 -575239805 116565078 15713322 231789361 698101334 -538318274 -657815696 -4176886 -965360692 838260008 830226344 -665146142 -915573375 899851483 -740987724 710449270 -935047481 -576159383 -108706010 768725441 69587115 -229534263 124400494 521937742 321062387 530888748 610064295 -382216961 390142513 71943181 279460052 3613522 314909803 -302973299 -631617928 -76476597 327503659 160338345 -900033967 -208595409 418116143 -713641600 -750016775 -584983454 494079262 -901613121 -885130374 537963748 673552655 70854596 587544577 -63835652 -606362304 -952111870
47
-989190841 -782172331 -38310196 191304102 618551216 275273958 -828357804 -934794119 -22129958 -664766628 12107551 -104132891 686096035 793897661 672509366 -265639235 712125983 530812131 172324100 -236471152 749492989 -595789583 -866921629 394889728 988257928 723913168 -352839486 363491454 911680128 -625120167 -709949233 959838247 546369286 831390027 227772528 826946506 407497700 705874414 781268182 819757709 933115228 273479433 816852969 473111643 67814671 778326670 -518930528
74
866869460 38593634 31716895 -167589862 -360587786 169894559 -697496594 973766773 857676383 371116678 656843679 -34761491 501621957 966209521 -51666356 -966872314 -914596195 -484250725 743724740 -185273796 -875484007 176596360 -816620307 -270384133 -207929442 595689824 32307114 159466765 301265401 490845314 261473874 137210403 808830515 -438094151 795808154 -96665365 839523910 -431523273 206028834 -544562688 464313455 580618202 -457451912 29241245 -144447791 -644805102 288440994 300894756 -332849642 853552473 316598804 -413254885 -697363302 -530865595 283961963 714670519 929788554 405126360 552135273 -165652512 -198644158 -973718319 -750808687 652775937 55659399 -611228348 -30748565 -940392624 -809076061 -561956827 -16559391 -925591711 -27278514 885015370
59
367668975 -97627754 -419820371 781965641 -636053561 64479906 159741524 904476049 -999587330 -711811140 76052256 -312094773 -42313995 4813019 60989972 -384205288 113190089 895386621 237309737 779403848 -790947166 -327156747 817301911 358712166 -956250336 -125909664 145678153 89651026 -113239096 67152364 -146320457 774457200 684176953 775512943 86241306 -278982215 876758061 -624411877 -194039118 -394758156 -610870726 -429475312 81430293 -809684060 447473854 437818335 -852945527 -799481381 -35498220 -616499028 -661685763 379102630 -296018246 -336802457 -280587544 170712111 324193156 535827417 -865214979
57
-421701278 -407242509 2565616 996335940 -517790305 -72327787 777592657 707912400 -174952788 686253126 15560808 -825731093 696311039 913356102 -381317406 -523197439 411171482 630271092 489469286 -157648464 -23323892 -11631321 -939148202 884740083 847108191 384092379 -405973130 -708445058 -731129000 -519735973 990384357 789540943 857337311 -297793854 897717554 -259215843 -845375014 943322188 -513476224 901157278 683504989 -271629345 -500692136 -187180674 316526192 -26273861 436777480 -739945063 559985344 -604496956 -675665418 -728137108 -504668336 -534602805 879983625 -495274934 766702751
18
988275601 -590035719 -271346282 22491857 906490566 566212596 -48360007 352295856 721699996 543439168 -906374786 159512869 -623932155 71996055 -539080757 359443507 -303937619 710143579
97
66262752 -57774843 845843506 -337704205 84741448 -249191976 218262121 786601000 -259700869 -425845397 472687465 34391348 -687737808 -448403076 -732739184 -391606598 -317517854 975207543 -21015165 825792315 949697364 -88975454 -434154627 -940826386 -364777058 997704833 942921490 927738892 -254398602 -104782474 376881661 -93906638 308325507 -132775523 405337523 950099161 -91249512 588614457 -440805674 -552409867 -36778985 -136580805 -386508794 978223861 -17332172 -788089171 -128391906 676367548 -677603269 195457599 -146170486 -654533597 -406033985 256206844 318178896 -194606272 -741212114 -80424959 715261805 -803972838 -528103791 83124409 720104089 208337042 -624983441 -124866203 733523464 -127213255 340636286 535727462 181408410 69435251 300784359 -771318538 -49287595 751841002 -223839333 994824572 -903888894 964967315 -953713866 -867439972 -974509869 49471227 828567067 -936386415 465544615 -764004890 125390157 230784618 902516269 431385189 170122183 -534579061 876502233 688262579 -102682432
59
-948468951 -242291486 711377343 -64450887 613088278 524453552 239952404 -286518980 740960152 888759847 -145986903 -657236671 818101702 905840206 161229488 -124867650 -918436168 426644687 -262329400 349902846 -946455281 -979707221 530066251 934014966 -702932013 -240089557 91212405 679399930 -628586783 -414862231 274442797 148988447 -409546231 659312409 -100602758 177692655 252431913 542113727 -452836490 661413644 582643341 733913717 507067035 -29369266 272857858 -879747094 374798069 -92546979 -864249893 -63517951 408544519 -299801034 -200261949 -406357171 -452052467 919463722 -682465610 -693105067 -187655534
44
-666672488 50623655 430894464 807975473 -316510566 231929983 922923988 -954800385 131813221 -333552384 -845160788 -168687857 813230811 835246629 862004042 71816641 602537996 410366335 -577497622 528253571 -322519708 -585453779 -772505002 611132823 349767212 224622128 -223340310 -895306775 556868114 942220278 -732991335 990020488 -264827554 89030106 -351975386 -732108819 -28444418 750078863 190454298 747684199 252672059 -485841247 726243301 -913677184
59
242954211 389861308 646163156 -620278724 -221813953 -617487214 59503890 784131006 12395021 954654950 -310894553 668304273 -239579648 -91501782 105026395 -661751063 -219246637 -404187664 655777173 944559300 -120444474 660427614 813392864 -715488626 954531902 613423237 -877031312 -960487725 741064258 140137041 649756567 996991961 -53165865 143393485 662965782 -991053276 -938083804 448515399 -665686505 -186933161 863749283 618391302 345604233 -138117793 682427814 -869616043 -708856375 -986049359 614607662 -408055013 276712335 462619838 -751113660 -408517033 444365464 103696058 696760042 -443603057 -826936662
84
420343693 -218779213 -430744799 -887249076 948945194 -747460553 -44236504 -793230216 -719405449 653538682 -803218777 303920397 -903793468 138774163 664704819 934500734 -257607548 -250056610 -820648 -588618170 -514269772 -81396436 -930954965 269219180 -895182074 47758381 331599623 117325850 25781764 -175948182 910224308 268886775 634985043 -812915987 30204166 643345979 -337120633 -202469227 228963548 -88357692 326283214 -986515813 -883475129 -767692941 -234292826 404392950 -678147612 195452673 -992543905 -785265217 711401658 -370169836 22107138 -425520695 -822469154 -446494085 412645978 554193251 -2506370 -580040516 -313897892 -198092573 745527514 455176137 807400105 -676830926 406732196 900220950 863500832 714328588 953844905 -441113695 -115255051 140386269 130716222 524086806 -650767954 240333382 159181715 135266137 -111795931 209338445 -994311308 -848403716
47
-996509691 931252855 -440917047 -340963091 246126798 -27241673 596921412 -698458302 -945810451 615439354 189549609 19296463 383195579 -814614882 747047238 694734207 -587574444 -997287720 106386799 -880008906 804438572 -930020640 419544941 887788213 -650374247 -127103436 184623224 -287088348 211744741 553416101 773159646 -618820808 -268096004 329247640 678847230 723875794 -144279833 487800852 -993699205 412990183 -802185974 508940159 927006205 561647541 724535076 -469595300 -731442275
69
527455623 822000935 921607149 43869431 959280758 536216422 801134096 -43100715 143019150 535118107 871459344 -374698359 339877305 -515881089 514615135 -176090491 374761590 277883750 939925058 220895558 151155053 49563529 -870814740 479987994 -868490605 -136999669 933222041 575046363 -688445369 -199516937 -33391872 -264984168 162076014 -388737836 -553761311 -369958294 -176101960 3575225 -585527599 323404370 -211706769 -241452859 996360107 231482560 -808987497 67632152 16672967 904249221 -98352123 -128039534 865263853 452271036 -239194075 -54400917 116328412 703765298 -885105564 68865688 850726278 -99846196 -364425295 636757544 -474768787 642268950 -706549151 -808598998 -93590771 534719815 -532541627
11
-227528490 576607493 333779097 -618797399 -291845717 49801818 -61632730 384304558 -116521789 -53243614 -670823290
73
748083440 48775816 857794752 -717342794 -368835810 -391822543 904052709 725618152 -766767893 581179155 -307965325 161535818 -698763150 -56551219 408420042 673778988 970503351 183057538 -403199197 -175190593 725080202 159208628 -201094868 730380815 -859354976 -448270740 -608671483 224912449 9406691 781531826 758037637 357957588 -58057621 -161119206 684515282 28262040 -237952286 474696970 -228848774 791252738 958662427 207367842 74306412 -297031812 -587724502 205276357 371078890 -703462185 84643856 75769803 111290296 746315124 717127721 885771940 -302107632 404265895 -914428717 -742121042 -273618554 -944826344 -941808793 11116702 768535015 -20607073 -793221836 588226028 -41329766 -301741416 42359977 -907412925 -148032275 -896177285 200596661
70
247601639 190247954 -267800344 -808812219 994613496 173436574 925130483 -294690397 872492338 -652918295 -211389921 -780328668 -822005394 -79182826 -876516815 17040354 965220980 -385174260 -774694054 -835723742 867112386 -84152138 -544063848 122086910 -150283284 -815696136 -303313257 70918509 -90787330 118290705 370383345 -250486417 926219192 28412669 924626058 -712157747 -395199622 -112034957 -809523570 -481083066 264324579 -751328678 -168851227 -573355903 285556770 -277774290 -193149540 517751609 251580195 -994882793 711806664 -24684540 572907668 400051080 414209817 -504095103 473099292 177680764 706002174 -207450120 -707024065 818162990 635934076 -322249853 280814407 135590918 -492340282 143984470 -768811992 -612335709
92
193689040 277157077 -647729390 -593348977 864113871 877476348 991053410 -297647738 -209117317 -6762970 -572025215 -489213032 -432480635 -648625099 440880863 -500069970 150815045 29641262 138038409 798192160 967546359 767553940 934747019 425179106 -899859277 503494689 -207783103 -334885417 723982042 -808353579 983474636 -139321375 72293676 66157683 -843730344 807946484 711609314 278915926 801800571 133693221 669480617 -371558889 -131174867 990562531 -16619518 888187030 284267562 24668835 375160424 -880388363 -724370412 -724759964 999797585 762727965 -471084884 927515158 -148377579 45712403 -848387968 327408411 -855582112 880457687 -295589724 -507284124 817541757 -156325922 60322843 -366796180 109467998 259092791 265177202 660492795 349606863 -185626893 783957064 783624636 -298888162 155262316 762555567 473154515 608045403 -816231578 344650056 -973574693 -509439744 287075582 -512201860 -155186032 -513344897 -826130244 -490101994 222208967
68
994412094 -373053802 -235714475 -849095837 -283374789 340126145 828658616 719680865 51799756 -523020383 766303791 342552997 562456375 -291046562 148426056 -246453465 -41032572 314313421 36615129 414226034 -100822874 -356499893 254231173 -879033878 -395184801 -423710556 -705579012 -685722855 945031747 -752163538 -838529180 -883213319 90293361 -593443902 -941893043 954193078 888042427 484658260 -181396081 -252118602 697292179 -390076380 -324246303 -118176499 977127889 -289738775 -697936453 -247254027 -530663262 -944276121 96338105 -722261994 460565809 91557280 956826706 -259865450 557931688 -901105972 -638477494 -993080422 -573575688 -706594260 257684126 -746487518 -531897408 -204125112 842634781 -109270012
75
-990613754 574947054 309539336 942773620 -969224442 -659977937 -618545917 -140618728 303514363 424266214 84011978 552116826 911905826 636800296 416739609 593030819 996671825 913906614 701563135 618341885 5186430 752680862 -240745110 417456293 446275128 -221168136 575939489 919445332 -324994553 -124510279 -96190924 521597360 931207375 804171530 -503767946 -469779029 230771936 -906487601 972245082 -324595369 -815411965 -747307699 20193303 526496072 -557716089 452656136 913467916 -377683049 -527096696 -236050418 904561320 -461761677 583308826 883761515 518597136 -266251158 201096806 864909563 202977557 869448132 236615850 -692095699 732117646 804365689 918195581 -913704039 708330133 -576086691 -164987107 -145339256 282561387 -788606918 260377044 956713430 922939555
60
-768761418 236295703 834905195 956413036 -731780840 458276818 584834131 49245267 174617054 162226291 -962045975 -950011589 -94298774 -857027811 403542542 345332087 -550277763 -495806090 -920371211 549463022 -144099229 -303389542 -17596622 -692718282 -486517170 1490585 985547017 560991814 -303357862 212121636 365608668 634148878 120186439 580992641 -88722623 341821746 996633624 243032279 90032433 -357309374 620609624 -543548847 571635064 557416677 -454060392 -468020474 755815113 951793017 -553610600 -281253335 -168317744 483265576 392944553 953969300 -464071106 -132497379 339589177 653261672 -191682127 -288191485
7
-526850828 101136176 -887499061 -271994981 939848058 -672358016 -183912198
85
-275843527 694684901 -697480215 -446675629 237322938 -831445137 -708617670 -461421312 111618551 -298768626 517225141 577176291 316401467 924517949 288827500 307400725 -345783080 -834060308 -901513539 -829517028 144760184 761544818 -225979659 928676278 -960076053 867367210 978994093 -560186116 450381180 945991899 -90527015 620510524 207022424 -941679623 823719171 476792062 -702662407 538763117 -830186887 -278918246 76090736 333473125 -763331027 347896237 131552516 -114280325 -120784886 297137212 529729549 -659588067 631554222 975706350 -950141801 -59472995 -255343128 332196178 400514334 -485788230 796299511 972376104 250412913 839183329 -419449628 318528287 880520930 795177633 161244899 186460893 975018056 -659437604 428155949 -848429696 -839854208 281303284 -671108562 -412017146 -326130173 592530845 187897872 -969844461 -221609191 -436770559 -56943627 -321999631 -222343424
30
115826727 185066262 -650181966 -646149084 246487482 319200151 -64083153 639277257 -84906664 -158612875 48008789 867642530 -648419650 -149760138 539643305 -657807978 -950382626 96888998 55106812 -165221490 924350227 150600296 633994259 974093543 -406237434 -10334519 -141104926 481777119 837968053 538514337
41
436168303 508749107 -425341878 -427982630 952651756 95639603 445592641 -570581889 114176066 -158719355 740402014 545888034 -978480188 155999900 -550690070 750119104 594952246 -367139347 714045641 765312633 945703332 935848940 921418559 -473882708 -155740909 287927755 815514282 676759261 -284629126 -273861300 -339541314 -804887001 -443793012 175481179 433223203 721414688 -844753864 78103975 448947075 733027282 543906542
90
-26915122 627893451 -770431996 -294337742 82560162 849413136 482984532 864048093 154865438 -548650027 100180705 -269085941 -582814017 555011759 -515210534 -62425040 566262905 -981929484 -22691062 895707282 -91307778 -410271015 489203090 -672629878 -921899214 188895873 -519206043 -187455035 328009778 -109565066 375070270 459821842 960646350 58482827 -870169105 -6382497 -83536919 162372854 265967282 -584315513 -582570101 -97922549 -431618504 -871307319 -73338017 767985271 507012618 -248259187 322357292 -104120503 470020415 528339409 575286837 -103383403 -655040984 774826403 -830151454 -273452432 -655996351 -119988992 -654159665 890101447 944631734 -751788443 -455421662 196811667 681697632 -468238152 292226054 -209035289 561858151 -948158793 208435386 585267118 -467307393 -354941676 29116259 -275594169 -491314374 352506459 465489542 -216225876 938702483 717034092 -145360186 746506780 486362753 890084372 -444845400 -658130274
50
-24973920 -694712059 -914679728 -977037839 -743468115 422702834 -290357311 -68494665 520616255 -684903945 -353864661 -177442051 -726821290 -185601447 253525329 933066533 561235333 620268843 -824367425 649446375 -980661364 274864011 -909035106 126963107 478828396 860151920 -169554574 999810953 -990489140 392202701 430467854 324771518 -939444912 407203753 -150900561 -515433772 -816675075 -422216049 -990179169 -984620313 -664744595 -7916636 -906018427 -17515185 -456494286 34578028 107652935 469741977 -749430197 793394074
96
-632226475 437974995 -973589967 477435215 -502419667 559126545 -763443252 -239036541 256613059 866577256 870887437 -987236375 -141083442 -852809382 599446519 289467865 380172388 718587695 725351051 -256937585 151942767 -744421715 -503344032 -633915361 -939036211 -464730736 950845732 727902544 -613494301 -847862223 -230458845 795426877 562846517 626437195 -341199516 32720488 -929232868 -976482252 -250298219 -321245128 657827885 245062668 -844133663 -966593783 -580698922 -253754265 96219477 859909925 136584990 542793671 -759539829 -629888756 178361426 258933605 899201350 -320278586 -7463955 606988368 414010078 4096568 59897020 453414999 -354735359 -707820638 398356299 -112158632 -63907446 -101666550 972516963 -463712974 -815621781 -789923585 480269145 729386929 -491674160 26193042 578593784 -919544591 -811811378 749561843 -498391822 358227344 -797966984 -765209661 -279030953 -559765925 -11335157 707594190 997142855 -654702793 396754904 8987063 311418982 327118273 -855625080 347328480
7
273843618 369332860 -274869057 35287139 -361927697 -632825302 439590368
14
498292737 730983483 433686564 246478333 764308792 -572541035 -126448505 -828658755 185065911 233125378 -503107794 146830474 -573965354 -643895807
49
-510927703 -959904450 -59462146 892220474 -224935086 214125562 619447631 -13684744 977651503 -385562055 913967512 865947898 -589003483 425981058 777987563 -928489783 -176187524 579980094 -958559920 355263952 -943234296 -567265345 719317037 517918526 -807912249 496549143 -557061570 613359088 -600715821 888839193 -38013766 530179626 451484372 306095452 667077670 -979667224 220987575 -197631441 629123859 -995788819 24833070 -174304416 -754600944 -290453334 -53253475 250469899 -389465579 324933578 870869616
