1000
709 1
578 0
876 0
299 0
161 0
212 1
245 0
798 0
921 0
207 0
868 0
927 0
813 1
761 0
368 0
666 0
966 1
289 0
385 0
183 0
618 0
573 1
24 0
131 0
115 0
691 1
470 0
797 1
319 1
473 0
106 1
65 1
705 0
375 1
266 0
664 0
452 1
348 0
239 0
377 0
167 0
299 0
29 0
783 0
45 0
852 1
886 0
775 0
663 0
588 0
752 0
47 0
731 1
269 0
618 0
993 1
273 0
257 1
321 0
948 1
211 0
244 1
167 0
966 0
580 0
276 1
638 0
511 0
280 1
231 1
66 1
432 1
615 1
377 0
261 1
739 0
669 0
100 1
66 1
196 1
819 1
963 0
240 1
128 0
132 1
678 1
325 0
348 0
995 1
43 0
303 0
65 0
685 0
182 1
624 0
242 1
570 1
882 1
937 0
549 0
728 1
609 1
345 0
142 0
558 0
864 0
6 1
241 1
689 1
553 1
685 1
483 0
444 1
46 1
933 0
392 1
601 1
201 0
840 0
401 1
85 1
902 1
127 0
137 0
610 0
923 1
932 0
677 0
136 0
318 0
887 0
595 1
494 1
835 1
949 0
338 1
864 0
798 0
228 1
752 1
667 1
150 1
757 0
883 0
482 0
416 0
593 0
550 0
840 1
860 0
992 1
649 0
897 0
525 0
524 1
243 0
116 1
809 0
378 1
686 0
158 1
272 1
327 0
231 0
689 1
153 1
270 0
305 0
625 1
155 0
350 0
729 1
18 1
797 1
30 0
244 0
799 1
824 0
655 0
896 1
571 1
694 1
302 1
576 1
917 0
708 0
964 1
759 1
102 1
423 0
856 0
780 0
162 1
758 0
471 1
804 1
497 0
175 0
332 0
265 0
659 1
347 1
376 1
28 0
231 0
483 1
575 1
259 0
144 1
513 0
874 1
277 0
191 0
561 1
923 0
447 1
390 1
889 1
696 1
418 1
675 0
443 1
448 1
43 1
894 0
820 1
471 1
120 1
778 1
679 1
588 0
393 1
605 0
556 1
395 0
446 1
81 0
212 1
781 0
707 1
553 1
370 0
444 1
27 0
244 0
639 1
762 0
325 1
692 1
367 1
499 0
160 0
499 0
934 1
83 0
737 1
503 1
897 0
501 0
530 0
813 1
194 1
768 1
665 0
85 1
833 1
575 1
732 0
391 1
816 0
772 1
502 1
670 0
39 0
527 1
830 1
360 0
78 0
482 0
274 0
922 0
552 0
767 1
295 1
373 1
221 0
697 1
520 0
799 0
498 1
547 1
498 0
103 1
702 1
861 0
50 0
430 0
631 1
350 0
655 1
126 1
669 0
480 0
562 1
263 1
10 0
695 0
749 0
223 0
605 0
653 0
739 1
390 1
207 1
759 1
204 0
931 0
348 1
414 1
609 1
680 0
487 1
683 0
142 1
799 0
747 0
245 0
702 1
557 0
106 0
443 0
244 0
194 0
153 1
43 0
922 0
85 1
202 1
971 1
463 0
620 1
576 0
233 1
327 1
525 0
515 1
25 1
360 1
251 1
310 0
715 1
879 0
996 0
685 1
67 0
307 0
272 1
814 0
445 0
289 0
73 1
19 1
167 0
677 1
732 0
664 0
99 0
972 1
805 1
604 0
291 1
398 1
61 1
520 0
731 1
725 0
744 1
133 1
969 1
834 0
297 0
436 1
884 0
461 1
867 1
682 1
941 1
533 1
727 0
362 0
843 0
700 0
608 0
571 0
154 1
13 1
922 1
321 0
466 0
971 0
292 0
576 0
233 0
500 1
614 1
66 0
218 0
627 0
863 0
337 1
729 0
864 0
697 1
232 1
858 0
407 1
21 0
946 0
560 0
779 0
81 1
956 1
982 1
303 0
956 0
208 0
549 1
691 0
868 0
230 1
930 1
946 0
508 0
199 1
933 1
187 1
273 0
319 0
100 1
736 1
891 1
251 1
774 0
556 0
281 1
330 0
539 0
787 0
457 1
215 0
151 1
79 0
947 0
141 0
684 0
644 0
968 1
560 1
854 0
693 0
571 1
385 0
432 1
40 1
782 1
985 1
585 0
147 0
89 1
47 1
133 1
941 1
697 1
456 1
975 1
161 1
29 1
675 0
94 0
634 1
631 1
681 0
393 1
233 0
156 0
373 1
384 1
248 1
838 1
542 0
213 1
686 0
911 1
750 0
528 1
2 0
507 0
289 0
701 0
63 1
347 0
252 1
533 0
534 1
92 1
21 0
51 1
797 1
827 0
487 0
64 0
736 1
645 1
559 1
28 1
981 1
367 0
155 1
291 1
567 1
624 1
368 0
566 0
100 0
436 0
882 1
76 1
297 0
579 0
378 0
124 0
207 1
148 1
239 1
920 0
960 1
76 1
196 1
377 1
843 0
496 0
774 0
918 1
494 0
42 0
965 0
602 0
371 0
46 1
158 0
344 0
153 0
6 1
153 1
812 1
499 1
464 1
970 1
395 1
501 0
344 1
42 0
183 0
602 1
491 0
818 0
645 1
658 0
699 0
519 0
185 1
701 0
546 0
276 1
650 1
839 0
391 1
41 0
34 0
327 0
584 1
393 0
269 0
291 1
678 0
280 1
602 0
996 0
961 1
857 1
617 1
396 1
190 0
46 0
149 0
57 1
982 0
81 0
626 1
343 1
482 1
946 1
943 1
69 1
280 1
276 1
99 0
797 0
444 0
853 0
196 1
36 0
502 1
405 0
797 1
923 1
599 1
110 0
531 1
659 1
923 0
251 1
656 0
198 1
499 1
133 0
868 0
989 1
918 0
300 0
492 0
228 0
933 0
402 1
261 0
302 0
327 1
554 0
777 0
212 1
188 0
359 1
205 1
236 0
274 1
883 1
400 1
868 0
755 0
526 1
799 0
541 1
783 1
611 1
148 1
755 1
478 0
754 1
133 1
501 1
619 1
782 0
251 0
84 1
334 0
103 0
240 1
251 1
633 1
204 0
447 1
183 1
698 1
553 0
9 1
55 1
199 1
920 0
563 0
444 0
229 1
350 0
719 0
480 0
226 1
863 0
797 0
887 1
682 1
372 0
53 1
673 0
727 0
393 0
179 0
779 0
296 1
537 1
152 0
352 0
504 0
891 1
862 1
605 1
853 0
951 0
589 0
477 1
181 1
616 1
185 1
372 1
114 1
949 0
146 1
743 1
280 1
911 1
745 0
504 0
217 0
734 1
395 1
225 1
201 0
920 0
706 1
20 0
106 1
837 1
838 1
711 1
495 1
427 1
159 0
335 0
981 0
931 0
788 1
47 0
712 1
9 0
176 1
597 1
572 0
927 0
282 1
82 0
288 1
843 1
204 0
394 1
754 0
254 1
279 1
201 0
344 0
173 0
340 0
147 0
403 0
64 0
540 0
377 1
60 1
532 0
811 1
151 0
16 0
456 0
609 0
455 0
849 1
317 0
171 1
641 1
119 0
954 0
825 0
870 1
532 1
459 1
243 0
171 0
634 1
792 1
719 0
462 1
950 1
549 1
84 0
383 1
369 1
636 0
938 0
421 0
38 0
232 0
210 1
10 1
311 0
94 1
688 0
916 1
908 1
209 0
225 1
533 1
305 1
718 1
899 1
133 1
49 1
286 0
991 0
110 0
939 0
137 1
230 0
62 0
459 1
152 0
895 1
710 0
401 0
758 0
594 1
435 1
713 1
510 1
246 1
30 1
294 1
60 1
865 0
815 1
563 0
846 0
856 1
688 0
759 1
259 0
967 0
86 1
747 1
329 0
143 0
245 1
656 1
624 1
376 0
37 0
208 1
162 0
688 0
290 0
326 0
173 1
410 0
804 0
327 0
999 1
393 1
248 1
630 0
277 1
371 0
316 0
814 1
716 0
813 1
147 0
958 0
851 0
651 1
832 0
325 0
215 0
283 1
790 1
118 0
941 0
311 0
12 0
484 1
78 1
766 1
249 1
227 0
23 1
778 1
846 1
624 1
707 1
797 1
554 1
239 0
572 1
933 0
336 0
50 1
546 1
856 0
161 1
251 0
187 1
268 1
728 0
294 1
725 1
567 0
368 0
281 1
844 1
816 1
187 0
32 0
404 1
69 0
620 0
682 0
778 1
902 0
640 0
418 1
872 1
85 1
414 1
74 1
678 0
891 0
476 1
749 1
667 0
336 1
749 1
645 1
829 1
840 0
978 1
356 0
375 0
956 1
476 1
645 1
141 0
378 1
149 1
364 0
517 0
71 1
99 0
614 1
69 0
780 0
156 0
944 0
283 0
610 1
321 1
726 0
794 0
690 1
849 0
127 1
593 0
123 0
766 0
565 0
880 0
662 1
474 0
900 0
267 1
436 1
35 0
978 0
753 0
486 0
85 1
229 0
493 0
206 0
690 1
940 1
885 0
681 1
470 0
350 0
803 0
881 0
369 0
486 1
236 0
151 1
646 0
892 1
126 1
230 1
42 1
