100
19 1
46 1
59 1
16 1
22 0
42 0
92 1
33 0
88 0
1 0
57 0
85 0
56 0
100 1
88 1
37 0
71 0
65 1
5 0
43 0
100 0
50 1
15 0
11 0
57 1
70 0
8 0
33 0
27 1
4 1
92 0
62 0
2 1
22 1
85 0
98 0
78 1
13 1
90 1
15 1
37 0
29 1
12 0
99 1
21 0
40 1
85 0
52 0
17 1
37 1
39 1
73 1
57 1
10 1
96 0
76 1
73 0
85 1
12 1
72 1
78 0
77 1
70 1
76 1
44 1
28 1
59 0
48 0
90 0
19 0
55 0
84 1
34 1
5 0
32 1
79 0
77 1
80 1
94 1
35 0
10 0
92 1
78 0
34 1
99 0
58 0
34 1
70 1
59 0
73 0
36 1
100 1
22 1
45 0
64 0
97 0
90 0
46 1
98 0
16 0
