100
94
566 134 636 786 989 101 562 318 651 915 310 789 610 446 594 928 682 465 503 478 841 126 706 955 523 287 6 37 498 202 118 243 388 332 812 656 808 214 657 532 673 874 704 432 716 614 592 315 332 372 219 764 39 462 584 721 967 293 558 787 511 433 484 63 365 150 652 860 32 177 268 113 73 241 704 85 401 574 771 333 8 953 101 178 471 437 313 684 188 145 984 152 8 27
100
170 247 763 963 563 757 99 405 152 834 537 362 487 6 252 795 651 838 458 642 898 736 514 269 582 975 982 490 440 74 260 464 921 849 295 297 910 966 281 827 226 472 609 571 979 351 882 891 972 995 17 30 120 861 297 279 726 257 145 285 948 148 477 788 277 779 790 232 628 746 502 819 437 218 159 251 6 695 509 567 530 707 945 468 729 486 738 748 962 604 758 98 318 707 506 792 658 705 588 834
100
662 282 481 150 239 690 656 115 518 750 986 1 373 643 459 639 885 450 188 646 751 785 105 494 326 235 168 487 313 580 460 120 36 960 330 613 805 399 355 866 693 508 880 515 551 42 442 625 357 395 103 670 950 969 875 690 445 564 451 788 239 964 887 735 339 840 996 154 60 571 383 979 986 467 164 320 350 272 246 735 908 375 345 464 186 575 209 173 925 893 644 479 203 351 266 165 243 186 323 128
62
384 422 565 727 889 176 880 300 358 5 342 165 184 302 59 62 303 752 868 421 106 459 627 918 983 175 288 355 519 512 24 359 685 199 749 935 198 952 195 68 321 914 470 719 499 552 440 113 933 743 580 357 227 995 931 311 228 507 245 270 599 146
91
653 279 509 146 735 274 740 408 613 273 557 515 854 54 412 385 702 923 283 305 459 358 589 601 427 681 160 844 663 184 715 289 894 727 383 528 357 440 693 145 813 617 933 41 200 646 806 339 416 248 343 13 724 419 686 824 877 811 196 301 737 153 340 175 308 73 573 311 727 126 574 250 708 395 246 823 971 302 240 843 484 2 942 483 611 842 19 465 108 276 940
80
788 871 533 723 309 747 102 676 196 922 843 905 356 235 659 494 998 126 255 606 112 7 734 581 328 970 523 55 54 559 645 674 704 728 551 234 524 55 633 575 51 427 945 830 950 623 809 49 700 739 953 720 784 683 701 986 287 871 867 551 299 215 242 689 461 556 839 545 854 439 846 811 305 458 298 943 255 43 452 374
80
567 941 294 90 823 957 673 894 207 517 349 613 634 772 294 845 32 159 284 815 910 956 325 74 210 519 34 629 450 671 960 607 373 896 895 480 541 315 268 977 204 476 186 390 467 773 691 693 169 288 473 805 746 286 604 300 629 470 841 424 677 594 155 182 371 158 615 116 264 221 654 524 72 270 805 244 986 955 30 714
65
749 654 323 802 124 444 862 302 253 338 472 46 160 658 169 380 984 968 812 834 20 214 469 341 514 148 882 991 326 641 476 797 731 861 136 803 795 648 891 852 595 981 662 596 284 859 951 807 288 548 943 492 94 117 897 83 631 195 968 908 613 193 954 334 417
58
302 309 879 831 527 660 880 908 416 822 871 752 446 102 655 938 40 656 919 374 973 843 784 922 444 746 705 502 858 96 432 83 253 548 773 968 599 513 686 977 818 101 772 499 820 736 815 43 768 750 626 774 42 40 811 535 164 949
57
711 422 941 852 391 348 206 467 656 184 72 507 778 61 646 552 868 24 749 173 549 193 878 678 621 495 448 136 640 63 584 27 655 223 924 924 469 708 844 823 177 721 329 416 543 274 538 317 837 183 358 485 894 713 498 426 272
74
912 355 722 151 978 663 362 351 418 227 627 751 84 562 537 754 84 275 232 914 637 584 753 315 545 569 803 580 957 143 81 907 674 777 530 381 164 274 394 877 825 250 953 555 686 359 409 735 795 229 681 720 247 743 684 202 248 162 258 239 541 490 331 818 710 775 512 791 677 406 43 479 191 592
51
192 846 912 226 174 706 773 345 59 358 926 876 224 907 273 708 30 441 666 294 494 827 476 271 752 864 420 161 91 230 954 64 168 180 950 622 201 663 521 811 933 420 273 775 31 395 31 691 947 661 305
65
741 620 716 279 366 142 725 581 248 620 653 308 388 218 676 235 281 233 116 674 682 907 569 251 818 115 295 554 570 9 953 216 592 561 619 824 742 554 780 589 873 133 939 765 300 600 166 310 258 20 551 320 923 655 929 323 615 326 877 10 141 274 468 190 304
81
121 290 337 109 326 402 473 414 649 503 856 479 930 898 148 354 548 475 657 191 496 240 120 13 842 575 902 866 939 826 363 534 22 185 80 621 520 386 446 22 475 743 279 422 606 143 934 116 134 660 447 740 624 862 396 50 581 72 395 85 793 874 131 275 195 78 87 919 545 233 862 311 372 762 653 611 697 266 915 891 660
57
712 131 416 799 891 178 755 814 524 298 671 166 421 150 832 214 593 377 407 25 107 385 447 482 638 173 222 223 688 183 981 148 860 855 314 644 608 951 740 494 86 811 111 562 232 367 275 937 467 861 838 494 808 689 11 788 663
59
423 50 226 152 946 645 1000 659 863 791 40 536 191 23 390 985 455 58 225 222 720 284 426 415 302 918 84 369 518 795 524 896 455 416 438 767 689 676 833 26 211 911 570 226 87 200 8 229 121 96 324 957 451 822 601 423 71 334 677
94
650 503 688 37 349 416 462 980 872 587 626 271 212 298 755 721 740 248 747 63 827 398 83 412 618 376 318 850 727 988 726 510 641 800 638 489 819 186 362 481 929 951 105 727 870 238 898 71 433 358 913 69 911 545 797 416 463 836 535 65 982 177 789 351 812 902 154 704 354 978 834 356 607 264 144 356 392 141 382 993 354 691 150 606 168 773 633 11 856 637 437 29 800 734
76
650 479 356 418 804 928 366 148 542 185 870 913 143 453 325 120 227 416 720 979 721 543 117 393 761 926 607 380 775 620 245 101 43 300 461 700 172 227 753 796 293 592 745 830 220 503 830 268 182 437 294 190 160 507 678 618 681 262 71 35 33 6 17 22 774 951 791 167 454 306 756 736 370 477 271 837
52
332 825 640 993 536 858 6 586 587 859 552 523 604 26 743 389 517 958 832 188 728 837 495 38 80 520 418 570 447 803 386 747 393 558 253 733 322 115 721 538 536 79 295 571 191 572 87 127 344 436 107 66
58
306 612 21 671 311 265 558 754 628 505 68 380 932 166 696 213 412 790 88 958 20 943 751 194 758 429 53 235 595 953 27 422 4 270 252 104 171 150 360 629 393 557 679 672 565 129 86 24 28 164 922 456 946 390 107 691 920 555
64
943 655 614 721 922 46 277 938 316 475 197 413 637 956 991 453 441 179 23 3 430 689 63 552 859 671 919 733 134 490 48 559 182 490 531 92 417 349 831 542 887 83 553 447 674 171 853 214 215 516 508 191 7 540 87 686 709 884 25 709 610 453 825 722
65
594 82 817 861 621 897 517 376 783 30 292 573 151 464 251 250 737 484 240 16 361 775 335 553 490 338 198 424 862 401 131 261 466 535 86 747 662 889 749 945 454 712 840 830 837 943 57 689 892 806 590 3 633 891 110 836 154 219 315 208 107 731 10 487 837
77
494 805 463 36 137 812 209 522 887 409 962 328 307 858 101 346 802 436 966 237 321 753 746 615 503 367 647 825 549 372 840 453 576 520 571 639 938 720 260 39 697 312 526 673 820 855 562 611 729 877 166 496 384 350 56 185 867 917 328 89 784 159 214 393 296 458 363 166 267 177 614 423 954 574 969 99 634
61
309 891 41 473 813 832 18 971 466 138 429 676 200 349 162 906 422 910 206 987 805 723 649 828 809 474 422 820 621 432 64 377 791 770 448 813 410 170 420 271 995 985 340 517 638 602 1 375 288 282 755 677 508 456 882 502 842 648 656 140 721
66
525 156 99 330 126 23 729 705 449 47 44 627 646 819 936 215 757 248 333 285 100 7 143 906 254 847 522 529 434 155 259 362 893 349 328 734 372 730 104 681 841 149 692 147 145 54 754 797 827 299 511 160 23 635 811 195 838 441 49 760 191 391 489 381 951 337
66
633 417 175 117 445 518 113 118 998 693 804 171 208 514 896 782 244 361 386 585 764 336 280 681 50 260 555 446 134 203 590 106 951 261 706 250 45 111 896 495 974 807 616 787 38 324 355 290 581 514 182 447 951 405 422 537 453 76 660 139 193 738 568 278 3 980
88
637 145 705 951 965 613 516 712 104 487 120 233 970 187 686 180 927 446 513 334 843 814 890 220 899 957 274 38 311 389 773 883 64 24 772 757 150 15 504 437 152 464 266 565 135 112 733 861 635 317 499 403 489 541 945 161 633 960 542 175 994 920 141 151 256 755 17 793 694 202 710 741 448 556 289 742 45 836 229 509 854 27 982 682 554 342 897 472
57
367 428 284 413 13 789 958 721 401 991 451 77 407 966 129 865 280 999 975 436 505 271 762 255 603 336 805 2 225 298 805 570 315 345 191 882 953 689 860 291 352 173 689 21 741 174 259 905 477 730 947 963 206 878 514 423 797
79
58 146 642 304 620 399 992 873 62 1 429 526 317 766 356 298 98 554 617 734 248 346 313 715 331 27 939 51 416 255 851 812 833 837 563 930 788 125 656 265 693 678 311 636 398 800 555 653 799 968 526 998 916 257 871 69 779 729 838 730 70 489 668 177 960 358 906 387 179 324 79 218 201 202 374 430 480 880 439
99
184 77 127 620 630 84 920 541 353 598 674 108 643 939 935 786 841 818 617 628 503 130 175 878 126 707 110 923 148 959 231 827 457 190 215 51 951 191 5 570 213 351 664 95 527 275 805 173 199 84 277 409 917 108 890 58 139 903 308 416 195 930 662 794 627 250 36 730 700 742 718 255 276 176 802 514 635 289 432 859 222 478 159 280 618 655 297 420 881 151 231 267 19 98 837 816 827 22 757
98
642 528 178 704 486 948 965 180 861 188 750 769 47 66 724 419 585 954 338 734 543 237 152 854 219 19 33 805 346 234 93 677 42 581 954 946 15 454 63 353 609 100 165 305 233 151 704 145 713 73 11 146 34 540 402 356 719 90 210 928 344 481 724 577 229 852 268 154 737 508 55 265 772 495 471 562 516 208 679 825 772 33 615 281 458 827 273 632 510 547 980 94 786 850 834 508 850 50
52
994 918 974 532 804 371 768 519 73 952 616 254 238 433 323 997 95 482 976 851 452 983 745 226 485 799 373 84 625 628 823 686 768 520 728 636 259 752 774 429 275 276 988 485 122 275 407 112 424 325 479 160
80
12 354 891 718 646 119 737 560 821 657 235 422 315 201 628 200 979 416 156 498 961 706 499 638 100 380 250 940 957 557 213 520 851 495 520 492 210 372 583 23 251 640 183 597 657 418 22 748 232 996 862 328 955 201 164 953 289 182 933 990 393 665 328 110 861 7 755 670 287 236 285 557 13 122 766 647 65 403 493 528
86
112 597 476 229 722 411 952 488 740 276 779 195 177 724 771 717 570 880 357 949 84 857 602 761 632 265 859 965 319 231 451 185 292 639 831 104 738 220 419 75 409 902 166 805 938 487 900 584 648 12 657 966 119 158 226 323 195 420 774 969 837 40 500 224 348 907 482 573 697 846 652 330 614 681 206 744 645 932 108 815 198 810 456 720 184 932
61
818 414 518 747 862 159 95 333 212 652 126 866 560 917 477 344 852 511 181 324 505 622 661 828 651 936 856 219 50 925 99 730 515 548 295 690 859 596 894 142 70 608 666 156 461 396 209 450 629 881 808 82 737 410 440 64 447 348 900 89 309
78
635 861 51 909 81 744 528 5 433 705 138 213 450 561 296 258 871 391 496 457 397 244 985 582 235 569 812 786 77 676 923 451 729 65 750 148 333 422 817 404 731 89 331 767 893 939 255 313 803 388 600 625 166 532 528 294 636 603 41 866 675 877 878 263 788 379 634 769 670 114 129 930 530 233 792 117 539 267
85
939 695 312 10 364 252 214 819 229 721 247 529 601 339 314 312 283 333 822 926 409 48 578 747 63 28 282 561 964 911 822 4 699 655 244 483 739 6 914 717 177 616 799 677 537 853 905 584 280 718 243 573 545 731 753 794 198 260 480 985 247 637 588 383 829 849 414 297 19 647 362 774 970 302 507 722 928 784 517 88 37 301 470 718 448
70
440 227 520 748 675 78 51 598 41 510 847 543 438 214 354 80 3 140 928 934 473 946 967 796 557 930 321 764 119 726 214 318 600 994 564 135 988 257 386 850 709 343 226 547 205 353 194 212 871 901 430 345 195 607 993 120 125 119 908 710 176 542 978 185 357 179 812 140 281 853
53
138 326 200 643 452 129 880 953 849 62 945 276 362 414 964 754 972 876 977 59 395 517 565 595 517 773 298 226 638 873 958 861 238 329 785 930 134 986 813 766 662 314 138 362 912 263 954 229 252 475 762 426 669
76
494 867 561 908 916 777 376 325 887 647 316 39 457 78 128 214 982 472 98 138 16 300 698 256 3 618 348 182 719 189 996 569 959 514 138 161 479 244 46 630 382 196 804 916 70 78 580 919 988 625 694 705 80 818 985 507 734 593 969 586 438 361 298 492 334 306 838 902 984 571 40 780 930 719 320 859
99
552 958 287 64 906 823 498 462 919 669 738 701 67 77 73 260 180 426 950 77 407 800 245 24 273 1 592 128 590 816 672 260 754 652 537 926 969 962 951 85 762 963 220 190 900 816 253 285 727 472 842 849 327 598 553 734 294 465 946 885 731 803 186 859 629 69 624 249 755 793 724 746 163 2 267 226 801 110 142 715 337 242 42 608 176 937 544 602 619 684 313 930 245 874 184 768 769 959 370
85
400 796 891 539 968 835 295 509 833 904 506 923 872 980 633 337 200 509 583 180 873 395 543 861 936 350 880 234 361 44 828 964 246 793 277 271 82 213 42 166 377 422 403 619 426 886 847 645 840 139 519 437 360 177 665 38 264 208 36 867 479 732 787 107 475 652 338 944 840 110 689 237 755 659 303 963 921 376 271 884 786 152 432 102 618
94
505 359 217 367 903 18 226 937 647 378 915 266 546 413 366 398 560 894 967 412 780 863 10 613 63 534 274 386 116 76 326 208 96 872 493 807 815 703 194 251 938 126 500 937 519 394 458 266 670 411 273 635 424 98 550 863 125 177 694 753 500 623 478 461 239 456 256 945 343 190 661 72 303 437 584 823 264 276 250 798 403 568 872 34 550 807 802 339 891 817 519 167 263 172
93
1 197 650 270 491 658 510 261 408 96 530 16 856 530 944 80 711 84 740 996 976 96 613 970 931 755 717 522 161 96 183 336 45 809 20 920 496 69 738 645 499 728 396 358 273 918 795 748 474 320 660 731 543 484 958 994 60 447 315 863 793 838 642 742 526 400 222 55 432 52 660 797 713 991 968 732 373 419 779 30 847 457 259 619 959 105 210 360 993 229 383 465 780
84
223 655 530 229 38 881 6 355 583 179 329 480 718 60 247 359 600 70 588 820 817 151 681 197 176 877 908 666 892 621 426 384 696 49 475 434 550 241 929 213 230 571 952 127 500 247 604 531 142 579 23 449 70 740 66 177 396 593 691 940 77 389 71 20 410 46 391 158 276 226 635 223 536 767 815 510 228 81 581 666 215 85 671 889
100
758 346 81 693 484 9 261 36 542 734 479 783 285 897 964 885 949 788 322 87 941 216 983 54 976 465 508 625 715 294 185 120 224 150 215 586 151 498 350 152 982 100 920 71 529 166 3 189 594 922 109 743 658 729 222 50 397 606 415 175 732 498 259 645 210 783 771 929 688 90 590 343 49 784 65 697 998 798 886 514 710 291 921 80 974 421 800 895 53 918 26 908 253 171 50 493 22 973 179 482
89
777 542 391 168 572 540 922 400 584 615 850 620 421 659 428 42 626 577 614 948 105 62 546 580 765 275 156 947 776 512 626 805 20 924 458 336 519 297 19 133 490 770 548 734 874 484 996 605 807 431 743 450 108 652 395 812 29 162 366 517 243 824 430 916 216 804 691 851 922 344 858 308 614 267 327 702 642 53 795 497 735 267 540 465 873 863 432 939 416
60
925 605 850 219 311 527 965 663 793 542 103 969 929 663 25 609 334 41 602 710 375 585 819 880 867 42 200 83 19 630 444 750 106 839 179 786 403 434 36 481 245 158 467 810 673 381 133 599 207 901 641 428 268 745 954 699 211 786 281 256
82
222 64 844 735 625 842 414 691 630 993 870 680 83 923 385 979 338 360 41 126 576 534 1 149 363 727 448 758 602 370 260 591 878 152 881 142 917 654 55 809 719 58 561 555 93 328 646 449 99 87 68 261 19 320 68 99 900 682 247 383 959 264 612 201 117 968 294 53 423 452 10 29 601 967 993 398 302 525 874 11 231 171
94
320 763 66 361 704 895 406 689 905 868 530 588 469 287 459 854 604 157 122 250 751 668 476 200 302 782 85 892 639 94 128 590 526 558 206 512 455 761 283 308 494 895 262 703 958 429 979 435 533 148 51 656 301 130 297 4 179 472 22 308 284 1 463 1000 143 201 187 537 686 149 339 47 784 964 873 600 529 194 423 545 177 385 446 194 495 273 940 49 243 176 565 700 634 418
64
529 886 500 625 956 791 473 453 907 68 955 169 850 357 538 704 759 4 82 151 355 516 319 51 824 627 462 744 409 165 371 548 734 221 691 451 535 115 7 178 675 725 318 922 931 617 848 494 108 99 826 33 948 698 107 22 662 93 222 134 711 316 838 935
93
956 498 233 203 522 878 759 809 185 154 400 424 863 365 156 772 339 585 543 3 29 916 68 69 101 918 184 362 682 656 469 399 393 76 348 17 554 813 935 283 241 321 183 752 677 353 342 155 436 298 682 212 174 191 59 356 876 441 741 439 68 196 979 115 621 594 664 460 41 377 191 670 20 166 197 485 366 74 73 237 177 314 44 472 279 574 186 309 767 711 759 336 780
64
305 956 904 656 474 86 318 729 49 184 868 84 270 56 244 938 706 642 665 872 365 795 733 791 149 955 610 718 75 748 387 605 851 590 189 156 532 56 628 821 241 902 711 638 598 111 999 304 473 419 722 75 426 697 979 606 619 30 396 215 113 395 725 926
82
349 328 55 496 678 874 264 863 938 977 47 606 413 496 609 486 838 240 243 999 15 81 302 142 426 887 685 588 965 288 840 817 811 294 892 918 280 584 928 526 339 431 139 955 260 244 765 928 260 490 380 42 674 459 643 534 187 451 247 319 375 262 672 317 241 912 637 279 409 171 984 305 516 537 861 661 32 643 531 84 111 979
55
45 961 297 980 904 93 983 579 333 257 626 829 646 352 651 17 544 528 645 487 629 824 86 800 154 262 152 517 838 187 874 699 343 578 43 371 878 217 773 810 213 723 610 332 488 943 196 415 410 694 352 243 896 54 12
58
543 571 151 970 751 426 872 271 28 846 678 447 28 284 791 906 309 198 432 339 457 270 703 173 989 329 17 618 833 154 520 237 115 992 79 490 106 673 872 647 223 796 278 743 893 464 211 219 231 852 942 672 673 225 887 147 243 283
86
530 585 638 998 352 367 888 447 21 202 497 126 655 489 614 834 929 254 253 774 761 483 75 237 602 834 2 336 133 413 456 173 772 779 755 506 694 597 351 720 823 950 810 197 351 39 664 132 379 489 272 896 108 430 574 924 164 21 966 767 619 677 625 955 720 301 813 270 751 414 686 777 151 931 688 593 62 400 445 176 600 65 570 897 773 650
85
688 555 394 267 897 507 319 792 470 896 506 848 940 47 598 894 19 959 960 603 626 645 524 291 482 212 914 534 764 216 109 809 474 860 437 405 174 940 467 238 780 223 331 569 799 894 702 444 665 540 674 511 265 174 719 280 620 780 443 16 207 151 728 470 828 658 436 669 140 79 286 538 75 689 470 679 703 613 365 875 157 601 309 326 809
59
71 644 793 714 351 60 595 937 771 706 121 999 829 317 281 853 66 287 75 14 856 284 219 41 582 589 905 82 793 813 37 789 1000 545 502 653 740 959 935 822 935 307 531 692 772 241 277 777 955 934 438 150 737 190 792 797 401 281 932
75
638 601 621 116 991 461 111 154 987 738 606 491 734 628 507 321 731 104 368 954 879 415 488 805 282 819 617 44 510 109 461 776 311 978 794 583 299 716 40 4 102 401 593 483 978 38 746 790 448 749 676 48 19 826 439 976 473 350 341 315 474 294 890 731 874 998 565 93 611 839 684 46 796 850 367
60
650 881 446 543 18 855 653 778 121 821 441 72 223 353 948 560 761 309 879 483 693 371 686 274 165 936 739 111 445 114 417 275 835 374 22 6 908 341 669 377 130 375 831 659 64 266 950 666 548 352 629 646 485 324 973 728 238 46 21 659
85
225 314 799 475 193 118 305 127 356 549 940 807 173 535 974 411 41 295 44 888 460 843 317 146 315 894 273 392 147 696 548 804 53 700 15 371 977 957 506 940 820 510 999 368 832 506 527 237 797 449 55 332 992 433 70 212 658 762 671 655 15 626 653 760 712 714 535 360 493 367 988 713 151 558 576 844 431 390 51 11 268 341 558 979 768
65
769 239 978 184 276 859 533 10 319 989 796 595 521 779 539 407 178 834 962 309 99 277 15 232 271 467 419 531 787 566 895 613 517 482 337 77 567 372 691 453 144 670 253 692 985 315 969 803 890 463 163 760 720 423 556 220 47 332 181 447 544 143 389 760 439
88
166 657 543 920 374 66 964 151 223 90 603 994 825 60 543 312 636 944 246 401 307 536 676 530 205 846 710 340 642 208 435 470 268 7 14 825 713 746 700 229 346 496 98 278 863 404 267 806 515 905 680 651 22 787 509 182 873 952 775 397 418 867 384 765 993 152 852 825 648 587 78 529 782 265 601 888 264 902 274 554 19 488 91 604 659 273 241 54
66
991 724 329 216 780 826 546 941 795 457 869 371 579 36 887 250 75 532 42 192 660 890 473 338 973 191 543 431 100 9 830 43 500 576 977 721 268 902 664 100 885 510 840 659 91 41 912 927 13 943 223 963 897 726 510 930 236 759 372 202 905 479 120 49 686 526
64
885 534 560 23 146 357 761 843 93 192 847 231 943 789 279 620 563 527 415 579 334 466 160 601 652 683 191 164 934 628 806 610 850 181 310 589 255 864 867 922 66 962 192 148 323 354 220 22 705 947 785 998 785 957 507 645 396 794 102 482 787 186 273 950
53
972 130 703 812 969 383 611 223 771 691 979 496 485 609 644 58 505 596 792 59 660 433 497 976 621 144 230 639 199 150 965 704 423 968 481 128 70 924 91 78 271 130 486 314 474 617 988 136 850 355 940 432 168
63
859 275 867 836 73 50 272 617 93 581 498 818 656 126 392 797 604 702 131 647 261 446 617 881 30 655 406 371 492 790 700 196 682 550 753 301 956 199 903 893 416 830 725 795 596 302 363 38 749 956 763 839 90 301 24 333 173 349 438 172 351 757 275
83
628 224 131 54 65 869 605 610 825 85 634 244 624 194 77 513 977 990 690 892 28 888 13 45 315 499 14 27 539 339 939 720 167 313 271 992 5 968 769 487 636 988 966 422 944 733 332 302 650 805 262 995 70 788 489 331 614 59 426 768 73 764 610 635 456 685 264 697 922 757 620 403 634 4 999 394 827 377 708 983 987 730 305
62
821 667 83 254 59 762 911 269 553 267 805 101 212 867 639 76 274 906 364 180 982 777 380 757 917 309 607 470 384 444 888 950 959 245 993 669 601 901 198 789 694 819 382 194 949 727 257 96 50 602 463 326 655 720 53 431 479 955 990 353 929 803
70
275 690 382 683 788 335 658 631 722 882 330 512 946 145 952 112 499 317 217 331 521 109 374 387 509 37 510 309 784 528 148 208 387 426 851 797 360 82 227 207 204 809 409 115 698 576 149 20 732 898 676 522 301 141 847 77 343 682 312 889 989 187 350 70 790 692 745 939 56 18
78
978 986 599 844 474 37 166 877 884 34 816 508 411 833 112 69 36 659 74 908 99 519 931 191 923 661 5 39 542 906 388 430 185 775 570 618 510 1 343 306 129 256 942 557 85 398 680 175 856 622 592 175 191 723 533 849 96 897 612 588 957 309 406 223 653 622 951 244 347 300 163 468 378 724 139 561 727 711
87
553 519 116 481 638 101 170 874 986 847 448 794 768 629 281 872 1 747 391 496 634 438 333 982 141 798 533 465 358 551 671 505 140 494 802 865 44 365 901 843 806 724 476 684 483 168 777 910 522 297 395 709 927 601 500 871 250 909 358 335 631 670 753 139 42 90 197 63 57 116 672 893 403 217 432 371 909 739 865 192 693 478 579 22 769 891 811
63
625 194 57 950 679 4 50 820 143 483 176 67 945 376 544 38 86 936 248 68 662 950 756 359 306 102 63 430 447 513 908 569 84 801 920 113 983 845 76 499 197 359 217 212 838 546 570 422 718 386 975 280 801 953 174 329 307 754 962 919 434 836 246
83
193 456 269 737 103 986 658 975 620 793 77 218 867 6 953 396 672 81 700 93 66 191 797 992 861 18 776 752 538 700 500 810 689 995 980 489 62 582 111 901 263 134 57 362 178 770 10 767 922 872 530 669 350 177 619 306 385 376 881 616 620 728 744 189 160 165 32 845 803 154 693 143 100 667 100 536 354 445 193 718 315 604 998
98
324 774 422 936 995 282 72 337 612 43 932 515 303 533 689 670 819 887 702 616 107 400 356 840 594 864 104 611 585 191 70 360 857 456 336 77 122 459 858 976 984 846 570 682 29 135 871 358 569 786 549 383 917 633 230 163 262 542 173 208 722 938 762 193 135 380 914 765 903 84 895 347 866 258 72 612 556 27 431 141 49 14 639 717 142 336 131 613 357 645 838 416 394 395 362 538 856 589
88
485 456 713 10 897 731 619 281 645 561 408 567 100 641 686 867 36 874 497 294 502 152 886 765 570 762 224 100 626 796 945 247 552 941 268 184 609 416 453 250 373 187 758 266 802 100 191 586 547 984 409 73 453 650 231 476 691 254 12 365 933 45 452 331 805 41 456 907 710 56 760 117 312 328 628 912 511 322 842 616 945 818 24 355 462 113 414 464
70
553 804 368 68 215 581 722 484 954 529 591 560 272 437 558 61 662 441 842 502 800 698 504 263 815 234 650 932 386 57 941 603 331 626 424 217 262 457 775 533 107 188 471 722 869 214 886 503 606 702 642 327 51 87 513 268 946 951 207 15 178 264 971 644 881 406 63 169 49 297
91
925 563 446 673 709 482 742 548 553 586 214 996 887 532 241 300 792 47 263 734 357 501 904 257 553 452 516 47 704 619 389 466 300 667 773 619 235 507 396 926 619 86 323 851 868 351 447 614 624 87 158 49 533 388 352 167 840 202 940 870 250 240 748 920 412 837 905 114 586 586 429 485 263 576 411 219 440 556 877 808 426 208 164 355 322 622 127 772 164 475 881
67
865 461 438 114 823 760 889 34 345 281 529 671 956 327 834 704 439 404 655 601 839 853 272 420 320 924 200 357 578 197 807 184 188 167 636 884 226 43 410 717 391 599 898 186 508 748 175 28 485 601 273 72 508 164 80 678 142 829 673 348 974 92 808 909 412 226 633
97
386 620 302 618 64 286 608 767 147 166 17 787 723 781 100 878 254 60 816 2 349 560 235 670 754 132 653 275 56 782 868 613 879 137 369 900 614 375 144 857 334 466 893 275 75 166 989 13 656 140 1000 807 497 584 51 657 15 998 59 259 265 619 417 405 332 575 507 689 453 194 875 428 381 857 908 995 577 566 906 29 896 116 626 876 259 342 534 695 453 867 49 739 159 107 681 295 180
59
894 811 848 507 411 472 957 412 281 32 675 467 591 190 829 824 730 593 316 839 995 657 666 984 220 603 948 747 914 516 855 612 187 546 306 523 84 300 589 633 727 858 230 498 921 778 482 103 153 439 443 644 545 265 300 70 523 212 110
78
659 147 981 157 944 609 954 125 413 442 721 896 373 263 427 5 632 120 55 58 822 610 201 594 472 369 470 732 108 555 346 130 649 405 595 394 557 389 834 177 756 865 63 578 745 407 653 519 995 808 240 339 637 746 325 962 691 374 897 869 947 510 344 783 367 404 101 782 318 465 663 509 322 215 934 920 668 118
59
246 808 769 366 977 525 209 492 389 441 497 288 409 877 414 428 697 34 83 59 921 28 192 115 561 456 178 109 422 166 341 505 864 205 999 485 129 849 417 3 778 34 506 990 124 921 530 746 213 615 576 264 917 394 680 351 808 399 994
61
795 751 980 610 944 615 103 523 248 77 322 974 878 745 428 855 258 149 830 217 897 972 349 687 85 926 467 806 160 807 7 672 316 222 928 486 621 71 223 390 55 647 450 341 891 10 891 855 820 205 740 886 292 941 767 907 819 261 846 888 774
85
77 283 578 981 917 140 180 971 396 499 234 573 782 421 423 863 359 625 406 690 165 351 376 72 474 598 3 79 306 562 637 176 74 927 583 929 137 710 759 579 838 245 695 782 604 301 761 400 888 606 94 768 628 161 293 584 868 423 211 227 749 50 436 83 377 868 832 820 909 664 124 479 547 82 400 152 18 378 797 595 72 223 873 458 144
51
783 142 430 813 399 488 770 72 338 879 11 340 565 842 871 895 686 683 676 98 142 768 875 455 920 700 981 362 684 28 411 322 4 88 393 340 301 202 271 97 993 253 892 891 302 942 247 904 273 645 721
80
200 396 391 243 133 392 12 572 813 124 468 131 794 869 924 877 132 991 776 983 871 86 881 80 259 323 950 727 980 29 115 366 850 570 273 201 628 534 498 274 891 472 313 344 594 819 607 785 495 25 403 503 562 463 656 138 546 631 320 373 52 793 91 4 565 390 886 287 220 18 837 955 488 407 96 646 952 582 168 891
86
909 101 543 700 871 354 218 926 778 188 991 776 683 219 963 328 31 364 326 453 494 61 205 947 298 320 324 941 260 428 236 503 250 833 824 450 625 603 146 484 380 486 795 664 791 699 117 557 214 370 529 816 475 451 653 174 505 364 165 686 54 550 129 733 390 834 745 614 564 786 468 334 633 435 412 567 526 168 226 900 176 970 231 286 657 658
93
827 472 873 626 486 586 930 234 490 6 60 63 553 927 758 992 181 282 290 130 3 892 975 418 387 839 626 956 840 269 261 23 506 570 674 797 235 394 312 826 113 926 533 437 222 237 306 502 57 60 243 195 333 551 539 97 445 758 293 997 192 65 833 545 189 845 556 816 54 784 230 645 503 128 969 313 876 486 693 244 730 433 605 686 562 856 910 841 902 86 702 393 955
72
945 207 327 679 705 484 469 295 525 703 152 831 842 74 894 297 31 932 902 710 458 111 123 429 780 697 779 318 286 307 497 629 420 965 369 324 819 158 370 881 1 603 876 944 74 173 219 607 976 398 37 482 237 419 665 199 387 832 313 159 291 419 992 581 755 174 376 134 941 828 445 225
84
523 337 464 77 626 233 83 355 73 255 525 645 967 190 358 653 30 487 600 849 36 528 15 885 55 130 252 164 348 797 349 909 476 96 187 656 110 414 758 897 406 741 636 441 561 224 952 983 101 684 84 761 477 267 961 981 563 555 760 653 826 945 28 328 611 119 141 561 112 832 110 46 593 562 241 967 368 711 744 758 998 206 560 384
51
213 104 327 677 918 833 161 868 56 630 92 496 521 171 404 518 674 90 936 971 325 140 666 621 70 413 957 17 45 287 573 935 364 14 494 22 782 886 676 90 648 619 719 312 814 841 275 828 531 5 681
88
531 296 654 644 75 593 126 702 223 353 351 748 466 632 610 149 717 879 131 229 210 79 858 986 539 728 494 698 897 462 7 619 252 651 165 253 416 647 515 293 404 465 286 581 879 391 745 729 371 910 970 308 678 432 15 770 919 793 189 446 587 654 685 221 650 965 896 772 510 363 410 532 145 476 546 934 696 443 924 810 832 167 573 579 593 194 788 77
64
295 379 322 912 399 47 502 16 720 250 8 385 254 444 402 935 791 841 548 968 468 31 5 735 830 715 610 850 573 741 580 272 533 819 759 58 204 176 686 905 557 662 635 695 348 561 816 653 24 419 594 383 910 591 697 952 281 703 93 811 942 862 73 944
87
765 685 384 273 938 273 272 75 431 410 683 274 785 842 263 137 427 418 95 613 606 495 495 300 824 77 440 774 65 536 91 591 349 394 38 663 547 466 555 208 578 342 247 972 481 883 40 834 573 268 551 191 338 628 660 732 119 572 323 65 327 63 394 802 53 532 485 270 355 340 152 696 61 558 139 778 668 218 968 673 603 505 936 467 645 199 434
68
680 110 607 385 203 381 533 163 741 903 873 535 981 515 449 53 955 994 474 510 811 346 393 789 336 800 27 573 459 377 816 799 201 444 911 533 92 819 212 815 935 500 345 33 400 680 87 994 589 457 660 626 443 289 863 208 385 766 942 294 531 104 370 549 295 394 258 193
55
423 634 485 8 32 553 853 54 611 743 738 416 879 845 199 843 335 23 942 537 229 91 895 448 870 862 497 533 674 201 512 812 426 334 747 117 615 440 423 417 243 380 473 112 377 834 246 687 727 963 94 522 909 4 50
94
305 78 627 674 376 125 661 519 850 1 37 188 597 326 826 639 245 356 802 242 167 9 427 933 293 607 582 952 711 61 130 383 640 460 903 316 331 587 907 616 484 768 899 140 712 806 440 383 694 62 717 472 379 331 672 585 821 80 452 714 204 995 459 11 575 643 660 160 940 368 155 82 858 184 751 650 955 392 820 79 636 528 655 536 511 735 413 365 34 761 1000 468 663 155
82
942 715 620 589 51 979 769 967 11 815 927 64 212 602 840 148 3 914 565 21 473 235 511 711 286 518 814 72 685 81 454 530 688 483 727 114 28 403 356 640 483 312 994 125 179 494 878 304 550 188 374 872 118 40 149 760 39 279 163 355 305 372 640 739 564 411 47 5 311 162 189 984 939 132 313 711 927 181 837 483 923 704
