55
32
170 472 900 559 46 384 681 904 304 442 281 288 316 342 450 232 257 277 959 599 724 321 301 331 768 11 206 359 453 686 538 603
67
56 726 870 185 695 470 224 679 417 643 368 94 445 394 312 290 133 396 947 256 182 775 897 56 137 333 430 81 342 71 391 911 278 81 991 19 168 26 632 489 204 671 176 340 940 73 929 897 526 587 634 276 932 395 780 131 110 42 688 209 396 431 695 56 365 157 321
19
117 985 102 537 974 37 231 98 238 11 605 878 742 529 71 895 532 810 490
41
887 135 305 253 609 351 59 572 117 290 167 811 525 255 409 412 52 577 410 496 643 799 353 727 963 737 931 789 180 877 398 949 191 400 903 152 931 298 399 360 718
50
170 546 573 434 25 784 917 606 259 882 368 217 778 140 667 169 945 480 107 817 265 635 92 332 113 604 968 246 298 801 523 346 843 280 778 355 766 346 985 978 966 44 848 564 55 911 130 553 143 17
45
277 106 734 264 710 355 374 602 276 387 687 273 731 359 881 389 565 898 424 325 126 969 952 879 144 885 663 648 471 927 776 341 534 371 561 462 612 922 245 965 422 160 965 934 622
90
958 534 413 988 471 387 173 198 825 600 979 900 922 547 536 363 785 294 471 363 230 5 595 786 926 634 37 865 584 179 713 430 964 917 167 658 7 866 972 278 286 834 466 812 82 440 305 776 760 540 324 497 614 99 786 83 567 536 133 714 835 7 142 834 365 874 797 82 883 745 412 706 48 116 1000 340 47 590 619 94 812 29 578 986 704 113 830 520 794 436
80
771 66 573 655 701 547 96 791 605 32 886 868 621 258 25 530 159 224 806 66 387 256 577 44 491 762 247 550 630 279 445 862 137 554 575 75 884 632 248 606 404 709 211 708 369 65 241 964 234 484 183 981 331 591 805 263 711 437 899 863 534 921 334 892 933 191 226 123 785 320 382 975 326 237 376 523 640 455 590 552
30
582 942 710 660 256 211 481 332 664 440 958 771 639 91 566 948 755 151 829 398 677 544 458 440 18 783 843 842 204 294
58
566 255 529 427 448 102 625 261 560 944 304 319 89 200 979 207 252 301 86 731 244 101 231 247 720 892 609 654 207 403 550 989 663 495 254 305 294 23 824 866 151 857 911 144 959 38 692 111 396 712 304 655 666 427 219 549 179 836
90
312 117 392 178 361 812 842 843 179 305 595 472 807 986 404 526 836 330 549 988 13 271 926 859 829 247 926 677 616 876 93 968 57 876 199 967 282 392 92 137 393 280 336 180 661 444 958 757 391 326 206 787 504 76 914 475 461 305 737 428 21 229 54 815 891 187 186 58 40 891 647 396 867 538 336 32 246 334 929 65 869 949 984 453 219 665 563 482 653 273
4
836 913 418 29
88
950 324 830 503 809 121 274 303 881 65 195 528 287 734 903 317 890 473 524 89 207 595 574 452 560 548 881 841 648 215 482 996 119 853 284 355 623 195 821 325 234 579 522 642 120 697 963 911 883 939 709 155 183 20 563 74 902 749 741 826 877 840 880 363 631 739 590 20 456 435 991 236 40 757 316 303 281 384 108 31 503 872 943 48 597 316 936 272
69
517 925 870 547 730 177 916 664 135 841 118 86 139 734 359 161 757 123 982 333 398 755 548 173 341 61 252 777 778 778 708 581 340 71 126 203 173 333 367 848 29 239 450 383 177 70 764 246 148 669 174 2 14 339 818 683 896 886 128 452 482 667 22 469 532 270 877 484 718
43
540 238 573 128 817 753 639 673 678 335 457 372 485 546 399 589 244 96 997 751 213 369 133 706 505 210 322 430 532 993 748 928 327 276 829 518 656 596 418 263 873 856 61
16
487 302 619 923 772 905 384 163 156 786 124 266 296 357 841 422
72
652 531 175 271 741 27 1 579 861 762 824 76 411 251 59 550 858 302 936 123 236 90 815 620 591 312 926 555 28 72 944 211 370 869 288 886 634 825 550 677 708 496 998 918 403 302 132 313 561 932 786 723 107 278 191 318 492 95 211 140 274 284 583 891 878 290 657 160 840 557 610 320
83
48 569 617 235 696 400 847 779 436 172 840 938 431 888 857 237 437 322 149 618 693 62 365 334 399 275 947 727 440 234 273 311 655 515 321 525 660 438 265 961 655 365 96 581 865 3 877 835 820 814 999 139 775 447 131 556 759 141 424 932 130 812 985 100 227 55 935 85 991 413 673 521 397 822 194 300 81 917 902 2 885 417 643
91
967 375 560 195 849 30 911 558 235 172 363 673 366 908 602 504 526 680 317 7 771 384 8 33 611 929 623 884 268 858 520 449 317 459 831 59 189 415 174 194 537 151 731 49 274 507 490 465 849 989 243 34 532 955 185 356 995 494 859 834 574 234 395 55 798 356 452 388 58 32 118 534 878 123 986 295 149 347 595 482 305 983 610 27 66 48 471 502 464 172 665
66
722 779 482 32 610 646 324 575 295 724 883 727 774 415 627 870 479 87 981 787 287 345 483 936 641 488 844 15 402 201 816 508 197 382 612 991 477 655 168 32 233 217 784 984 487 664 479 897 437 144 263 585 953 437 260 213 213 735 905 220 244 354 181 170 7 423
85
541 993 873 354 964 316 41 28 767 296 409 839 340 905 721 414 788 468 296 599 553 438 38 159 194 730 425 718 408 503 118 539 383 425 424 306 108 281 130 261 510 564 343 685 937 497 399 797 489 876 313 149 31 640 343 100 788 278 120 598 733 68 523 359 784 313 474 974 615 546 892 366 702 574 100 977 427 85 438 643 170 337 820 62 451
98
656 221 632 512 777 173 502 139 719 126 734 64 333 570 232 938 401 622 782 598 169 950 325 727 628 11 422 102 285 132 653 710 573 818 425 330 742 414 660 530 409 39 260 469 211 547 509 619 856 896 663 736 671 356 191 869 657 709 729 691 873 495 831 215 173 617 962 996 51 696 2 141 669 357 688 493 615 984 577 500 957 406 873 1 179 590 473 590 924 209 908 849 98 612 523 478 305 230
66
462 246 690 900 618 638 62 304 216 341 868 627 553 467 123 800 352 485 92 727 558 437 529 719 615 725 962 507 229 516 530 666 529 954 997 324 57 70 84 344 957 220 349 471 336 933 587 68 133 501 118 946 52 980 286 564 975 214 637 509 125 464 650 180 511 222
99
332 883 953 930 296 810 673 732 80 374 562 340 525 286 359 682 66 313 264 355 62 581 698 497 540 689 95 822 874 386 599 817 398 225 480 1000 89 724 182 623 234 169 484 568 476 209 180 642 385 130 977 773 69 515 373 849 220 552 814 635 40 947 924 649 164 801 151 323 833 514 378 407 745 699 74 415 538 795 281 465 662 169 176 289 525 35 464 196 566 302 703 25 781 713 228 302 698 186 153
78
275 169 803 732 638 326 366 499 884 710 723 150 250 227 408 95 930 711 634 69 54 475 106 615 2 362 141 414 324 480 422 81 641 401 916 74 240 897 602 451 65 221 858 595 184 823 249 628 328 403 979 678 100 161 654 301 218 538 885 965 137 3 802 513 400 422 216 503 468 251 592 830 384 588 610 876 963 429
75
57 165 892 744 334 369 435 216 58 645 988 713 355 579 400 482 803 266 327 241 814 481 232 155 930 236 882 194 236 215 405 663 21 958 56 235 577 85 524 663 754 959 264 134 326 119 173 695 192 352 956 569 102 87 819 135 843 189 443 921 46 584 892 577 341 345 451 550 519 636 221 190 799 856 815
69
871 518 816 515 200 630 99 549 570 577 925 724 327 408 914 929 707 36 603 113 772 519 545 596 720 105 585 970 961 773 349 104 788 291 377 916 234 752 243 163 508 936 860 425 382 420 443 657 136 408 769 875 459 501 600 722 154 541 823 24 627 60 891 427 717 655 966 979 149
23
139 384 285 746 942 431 66 188 152 435 501 268 500 168 503 376 908 633 470 41 64 151 461
45
600 421 503 406 761 23 947 92 582 713 732 37 556 641 431 181 130 424 256 28 766 388 358 551 247 67 199 757 297 627 533 168 519 870 974 96 702 971 518 564 225 887 821 998 332
70
32 285 601 65 421 63 400 731 78 289 727 490 203 838 162 752 285 392 353 315 832 988 660 919 738 293 410 467 22 178 72 983 967 670 624 220 545 174 806 629 661 90 288 944 511 802 621 969 36 90 155 645 660 730 409 568 778 972 817 48 701 166 223 739 874 478 212 564 420 825
57
389 643 83 208 618 411 193 615 868 851 301 816 838 530 844 883 112 991 22 128 125 893 843 695 305 98 14 480 989 302 710 788 760 313 936 444 873 237 341 278 598 859 705 84 33 934 113 701 762 212 756 722 584 586 693 650 804
11
953 482 491 819 581 172 203 949 116 920 938
64
499 505 280 521 500 6 245 254 757 822 953 494 916 866 472 189 956 790 178 472 585 779 221 289 936 138 438 874 152 972 517 506 143 269 241 515 94 44 983 869 175 980 783 691 539 388 397 772 824 617 694 626 5 97 288 757 749 544 386 771 778 760 921 935
28
59 776 890 438 768 315 420 181 596 809 821 574 748 215 902 886 462 244 299 466 339 194 170 193 515 284 730 183
33
41 412 134 686 241 954 643 483 626 275 258 744 195 43 686 729 104 882 364 274 788 563 651 343 14 959 743 24 601 409 248 897 497
73
851 14 324 539 487 655 156 629 984 151 512 364 931 127 982 3 211 500 651 759 245 854 331 640 656 590 211 583 928 709 494 861 736 737 816 493 906 924 451 802 728 20 969 984 6 593 732 825 519 922 736 747 348 58 425 558 904 362 45 549 853 179 261 412 185 233 641 560 472 625 441 887 12
72
688 205 228 822 888 183 589 571 549 71 18 130 690 519 347 166 403 939 80 6 694 832 822 632 583 677 855 591 506 903 812 368 200 569 243 96 526 62 520 959 14 127 888 225 476 610 840 186 234 538 742 97 741 456 99 45 444 664 293 871 880 669 722 350 75 290 609 807 473 961 933 226
90
508 507 848 79 18 778 726 845 581 944 16 950 673 256 262 610 139 800 549 814 118 79 532 35 494 393 298 250 170 349 407 798 633 553 585 211 978 355 152 739 929 807 723 30 399 54 135 972 746 849 728 595 489 960 98 325 650 490 419 103 770 579 360 910 492 209 120 750 932 797 395 474 460 761 143 358 206 535 614 358 838 711 669 293 401 999 353 77 726 946
29
70 87 805 430 906 811 392 961 793 950 55 806 951 66 105 495 951 596 721 738 467 963 945 905 373 953 750 60 86
90
841 344 446 898 541 663 34 647 507 461 315 767 540 428 248 493 596 748 349 822 804 958 386 533 919 169 215 284 579 730 97 286 280 994 747 680 748 355 816 23 480 517 969 833 119 859 940 690 611 9 678 713 552 707 974 117 406 608 937 642 799 906 619 362 454 441 352 505 706 1 779 912 217 880 939 659 35 149 793 154 957 416 902 112 987 104 803 68 551 597
70
419 648 553 857 99 568 223 38 896 727 696 20 909 120 974 966 817 554 482 576 167 91 830 266 485 621 56 976 432 142 937 915 453 592 105 982 399 253 551 977 616 301 776 206 327 935 959 901 101 130 58 88 37 436 30 738 723 197 73 590 433 419 686 755 290 481 856 844 15 730
89
479 530 287 425 742 74 77 987 372 201 687 16 59 598 943 690 571 335 755 381 593 284 130 243 803 753 578 240 533 836 437 470 827 465 937 989 593 425 826 790 207 250 683 383 666 957 238 7 419 773 357 234 826 238 161 528 287 574 645 309 497 803 550 399 661 804 787 839 621 29 441 694 466 984 914 737 816 135 287 885 999 617 407 223 141 774 924 532 947
37
882 811 17 809 369 342 556 201 46 932 255 279 867 43 99 646 244 838 620 115 242 904 627 39 147 286 488 178 126 10 896 78 101 561 689 108 737
17
683 645 914 875 541 850 995 477 841 887 11 786 254 821 687 159 877
30
692 822 632 942 605 113 498 626 879 985 925 901 853 659 86 905 194 72 242 517 996 929 980 970 101 711 703 650 119 797
43
42 824 180 276 851 87 324 276 158 189 758 110 180 89 355 439 707 711 676 177 93 817 315 391 376 357 772 204 912 927 355 671 265 893 982 273 953 50 338 504 729 23 194
55
498 161 673 878 304 39 10 555 829 320 995 579 857 888 999 319 356 637 659 321 895 540 765 836 988 828 823 39 770 732 987 600 5 334 250 420 190 25 603 70 390 728 593 190 891 284 740 658 423 452 663 377 141 690 473
77
862 869 758 522 766 750 108 137 421 989 143 695 483 226 451 332 415 535 626 6 483 733 181 887 950 273 767 904 474 700 947 648 812 455 765 944 708 325 844 186 497 541 592 232 558 7 237 865 871 602 215 957 461 796 799 101 287 227 676 909 268 285 931 771 497 496 761 463 888 256 553 683 104 516 281 440 805
61
695 271 683 262 593 748 394 623 999 535 853 772 41 727 292 512 106 45 679 140 625 358 173 10 75 935 330 2 325 37 230 673 946 109 600 577 741 557 412 909 462 408 593 841 946 575 283 650 92 734 745 184 492 288 571 335 407 584 651 950 305
12
772 562 22 906 817 190 352 602 943 605 387 948
5
976 346 663 162 838
69
924 728 502 790 353 693 554 437 175 758 771 906 508 866 640 201 838 682 497 573 504 842 478 411 641 424 728 328 24 815 800 780 69 18 650 972 172 182 262 631 353 391 32 703 665 317 810 721 606 491 269 870 284 226 17 900 782 277 307 255 237 256 620 247 975 918 385 990 223
42
511 878 69 925 500 32 275 946 307 470 638 977 930 508 453 617 87 198 839 535 735 689 154 27 673 464 76 635 625 762 916 762 791 510 828 537 468 64 814 322 981 91
42
348 257 207 74 258 893 955 109 553 444 928 771 246 583 940 194 955 555 741 581 922 568 222 813 808 79 299 425 73 296 97 331 408 580 222 163 82 853 270 651 5 289
46
131 213 928 127 18 620 669 524 344 43 678 68 698 387 2 545 558 235 157 551 93 611 425 358 183 678 53 41 383 752 459 710 694 426 834 258 348 228 761 584 840 420 619 670 446 527
