50
96
796 78 550 174 810 827 443 13 620 180 976 544 623 493 20 309 479 18 669 743 57 647 750 808 544 228 747 108 171 298 630 984 763 466 74 224 775 601 546 399 336 395 55 526 253 874 814 690 468 634 251 678 473 977 426 532 688 184 511 998 299 243 392 494 432 118 462 174 95 519 552 469 501 916 87 921 348 171 849 450 216 163 407 997 412 664 128 392 645 908 599 269 984 637 97 884
86
117 871 206 90 18 372 124 719 602 611 716 944 800 649 699 891 383 733 269 835 73 126 718 566 432 691 883 700 74 257 965 347 875 519 118 409 389 329 966 376 889 743 886 362 131 811 86 425 489 157 2 787 806 123 541 820 431 434 634 625 936 698 593 504 813 238 696 153 557 594 929 900 174 548 893 832 317 900 543 150 344 497 16 703 154 100
50
713 545 897 202 745 274 664 855 339 234 351 3 855 462 649 227 623 162 504 384 174 842 513 511 348 759 494 102 295 502 474 995 451 464 950 516 325 732 74 313 963 650 180 173 296 850 241 473 30 683
12
293 191 459 378 45 368 578 299 120 615 934 637
53
679 790 934 943 231 326 329 951 744 25 114 97 340 640 442 482 11 559 61 374 343 810 596 428 295 845 359 157 467 413 600 782 74 347 530 798 973 782 59 355 475 470 966 471 703 793 458 221 794 45 958 541 155
79
535 663 670 125 771 322 621 558 346 541 41 846 274 362 25 851 662 540 611 344 755 62 673 763 55 531 450 171 212 746 367 129 184 309 456 657 511 469 512 539 274 129 328 296 441 830 833 603 167 622 288 618 79 496 927 146 281 344 461 807 371 72 305 166 756 571 85 895 674 64 355 782 913 508 348 621 727 300 547
74
866 537 433 985 164 898 905 334 609 131 573 160 60 136 700 735 226 784 735 223 205 291 657 313 589 836 748 25 575 206 357 365 11 917 166 287 379 737 942 965 215 32 568 420 262 475 377 63 545 852 516 185 493 489 591 841 496 497 477 549 527 834 835 493 195 915 819 418 187 304 240 977 387 334
34
949 307 353 406 426 386 137 822 590 253 508 290 488 62 381 324 534 160 994 511 581 29 14 441 309 415 392 465 138 545 806 713 13 155
94
151 898 910 169 431 629 129 581 718 674 155 805 961 748 781 53 389 750 18 501 342 469 549 610 879 106 995 951 902 517 538 215 610 701 983 74 115 571 41 251 572 890 603 40 659 660 357 150 2 102 740 401 14 238 515 669 231 224 572 606 873 298 974 423 748 151 165 36 515 271 900 455 872 157 526 462 492 927 157 561 440 77 372 372 451 912 54 350 351 84 348 886 723 35
25
299 875 455 105 772 864 171 360 323 469 261 286 555 130 408 209 96 590 522 194 882 441 35 620 918
57
606 266 491 349 903 544 851 244 836 247 312 909 228 635 280 577 614 169 836 90 832 705 9 321 259 173 377 984 601 651 973 304 659 405 31 581 675 554 789 198 890 15 615 680 986 837 880 679 472 25 261 899 522 854 959 202 339
97
555 772 209 142 745 851 860 254 566 349 902 649 551 624 32 516 217 243 190 264 552 169 586 275 239 463 829 988 880 802 676 624 532 694 748 374 84 824 566 541 322 495 320 557 49 299 768 981 407 866 399 134 608 507 386 534 7 411 527 147 634 376 477 574 818 626 939 209 783 205 791 40 266 43 822 183 421 823 125 692 347 646 666 11 884 442 125 16 685 228 816 246 470 680 645 197 915
14
745 545 362 107 28 549 767 332 895 6 682 616 111 505
91
218 774 738 586 552 51 337 488 170 833 117 310 429 955 236 795 230 451 737 473 643 578 869 910 190 193 998 761 820 296 21 919 383 848 197 190 587 781 340 802 161 603 447 880 179 847 584 534 974 117 110 791 922 809 292 945 935 39 898 636 119 298 239 158 18 31 563 183 823 10 920 889 548 805 271 270 121 459 193 635 470 102 417 694 545 751 617 655 849 235 287
13
622 401 140 175 543 638 26 578 960 113 264 224 452
43
724 264 503 411 754 685 203 519 438 377 744 753 447 484 122 976 987 423 26 467 634 840 498 386 54 361 386 682 587 868 487 853 402 27 311 475 547 74 151 939 161 942 558
56
663 846 904 983 623 696 266 814 517 547 795 210 850 963 509 586 992 906 240 252 148 146 841 67 621 379 427 615 515 355 616 885 753 582 858 589 441 504 668 488 742 629 38 897 341 272 466 883 663 771 512 153 864 596 120 379
94
253 954 413 912 864 753 185 650 426 217 994 135 205 291 848 513 238 363 539 649 821 655 789 51 702 920 956 572 491 800 639 706 648 357 983 547 518 791 342 29 320 161 313 831 457 775 347 925 220 655 620 842 950 510 854 776 519 261 943 267 53 664 162 410 922 685 398 486 959 547 679 738 2 753 423 968 751 583 232 480 722 331 66 235 268 83 732 588 843 392 738 825 720 547
18
652 686 719 696 523 706 119 971 734 267 823 750 575 872 139 69 364 669
88
74 433 492 474 710 44 58 833 25 851 955 199 46 825 995 136 420 781 528 361 905 543 940 947 191 773 820 838 341 528 3 981 467 938 667 606 156 935 608 481 19 390 636 88 500 105 964 781 59 742 854 141 899 804 396 554 441 833 813 452 989 993 840 363 674 325 338 522 211 167 61 966 757 572 661 260 770 961 726 405 414 859 438 871 112 580 375 700
65
409 685 657 961 820 860 35 73 785 210 463 808 939 3 990 527 759 543 248 207 188 605 697 479 182 955 597 540 18 422 619 336 136 873 544 559 344 223 222 344 397 406 918 680 449 509 858 184 687 687 988 836 203 915 428 775 361 370 892 36 110 689 300 685 129
86
390 349 318 710 723 932 755 430 800 400 900 60 223 465 89 284 672 504 992 347 528 353 10 742 307 467 298 941 975 533 595 30 470 614 316 687 274 42 987 768 72 539 221 788 315 783 624 552 177 430 267 226 498 625 11 91 91 358 53 354 96 885 297 615 758 764 293 706 182 679 350 323 393 812 767 948 84 118 415 731 965 782 166 714 796 338
9
128 126 781 968 116 269 732 130 96
79
399 308 176 793 271 739 742 319 475 768 553 775 267 16 335 312 328 757 446 308 873 24 86 801 222 99 862 907 439 604 476 884 365 996 733 97 912 289 664 929 520 787 325 397 44 899 562 484 879 338 965 721 241 424 837 939 740 367 234 852 740 903 911 195 785 864 973 216 414 757 328 508 228 210 757 484 161 848 10
94
172 377 452 286 737 133 50 562 836 892 17 574 500 775 247 506 834 888 724 536 633 533 929 163 640 458 737 859 242 210 283 803 131 363 983 293 985 650 518 772 385 878 991 60 692 665 575 754 689 416 999 837 7 34 141 599 494 313 533 161 4 734 528 778 247 936 924 480 77 139 118 457 650 914 837 744 32 705 535 314 478 182 297 185 710 150 403 173 455 35 8 6 250 627
30
380 819 472 275 407 996 279 760 531 511 205 912 298 553 661 229 919 768 192 204 659 501 837 624 633 589 623 765 757 223
39
666 137 595 669 255 467 714 858 309 888 178 109 955 793 630 176 770 823 204 604 516 977 140 367 942 902 597 933 285 832 246 122 316 740 75 535 83 111 255
28
142 236 851 890 455 846 957 452 323 148 995 769 716 154 937 449 539 920 545 690 116 536 603 710 112 532 115 878
59
707 891 433 178 840 799 177 767 975 260 211 261 908 979 645 615 553 829 94 4 480 652 606 619 996 424 574 857 511 495 461 611 817 272 700 302 509 275 791 988 827 211 722 413 664 741 835 876 819 486 90 816 14 415 616 264 273 212 658
27
922 280 34 734 963 64 573 636 831 717 972 210 378 628 21 761 448 377 529 619 383 942 257 603 979 447 685
83
656 146 809 729 913 775 178 102 680 449 265 985 473 352 964 779 40 588 236 191 754 315 98 758 576 537 325 731 886 738 994 169 648 533 376 840 685 141 351 713 151 315 685 159 71 585 82 879 800 90 396 392 360 544 291 804 877 944 119 673 318 676 574 471 866 853 273 542 890 28 330 212 348 963 689 666 456 389 529 2 722 916 97
51
701 508 622 457 888 484 608 210 830 772 540 75 906 788 401 549 844 273 39 557 950 575 731 55 700 116 453 413 639 484 150 301 20 934 140 36 638 576 138 115 417 372 811 645 537 375 877 687 644 641 702
82
348 642 946 60 456 487 972 377 975 159 906 691 963 687 630 594 972 557 188 71 861 962 205 118 543 670 542 906 925 167 99 283 598 256 299 458 675 431 880 727 456 806 59 769 227 524 937 606 271 420 197 673 302 740 560 599 701 291 64 949 396 514 888 162 733 244 132 189 48 338 966 173 614 951 496 941 839 932 649 25 48 990
80
946 208 42 709 607 401 747 704 543 71 550 821 842 652 465 745 550 811 861 992 253 458 563 577 914 726 89 644 668 1 776 522 36 990 130 249 325 118 413 191 586 436 14 342 547 902 407 911 114 490 506 872 925 864 979 139 670 3 20 272 546 962 523 650 109 62 941 877 818 4 62 544 447 738 991 881 809 975 820 648
40
210 467 901 357 480 57 679 596 775 28 354 29 12 289 533 986 472 151 892 881 814 755 94 190 576 585 440 644 939 285 910 720 175 536 379 6 288 681 743 569
99
193 137 198 166 778 587 348 754 472 419 714 147 311 895 649 634 697 562 782 878 493 103 124 34 863 781 413 637 868 933 166 248 401 222 37 228 898 780 126 730 876 603 301 304 888 249 685 418 878 511 518 418 626 903 673 894 275 929 273 323 248 593 818 618 687 846 628 234 436 636 349 197 964 36 383 789 957 528 492 255 497 230 450 437 600 580 406 773 104 537 265 844 6 618 626 290 951 530 730
69
288 23 556 941 329 510 931 267 482 108 333 841 200 820 48 67 637 345 63 490 996 600 226 17 247 144 2 157 124 4 588 293 782 528 84 697 112 475 241 294 205 529 860 405 902 646 869 52 107 809 423 336 705 485 163 732 94 189 633 103 872 409 666 423 947 405 363 254 887
29
277 47 265 728 948 23 345 859 701 233 542 381 639 880 473 987 177 75 909 456 296 826 31 379 247 357 924 265 418
40
413 402 473 316 917 64 443 842 309 459 113 330 719 117 662 177 553 108 455 639 168 871 134 7 764 97 170 208 35 136 265 890 457 844 408 111 30 440 639 37
13
486 323 282 841 153 860 348 24 17 309 743 540 962
92
784 139 6 504 632 204 465 894 399 24 3 616 845 867 102 860 836 191 700 984 336 859 383 999 67 880 906 937 581 285 594 432 289 941 498 691 622 790 570 201 706 192 634 160 534 785 993 941 935 589 939 290 623 347 161 15 149 927 490 607 733 598 839 308 76 394 988 932 229 753 730 886 661 699 80 491 432 879 561 373 781 571 708 748 271 425 977 721 402 336 773 8
69
833 989 880 231 385 50 550 543 326 718 867 739 180 778 42 693 83 264 705 777 432 442 401 533 343 537 672 164 918 559 956 72 346 72 108 253 379 193 74 557 211 826 724 293 818 590 908 453 968 164 130 489 572 1000 420 205 817 5 244 762 758 454 400 946 240 498 230 800 172
2
800 222
69
490 66 902 895 91 966 221 1000 325 734 32 998 121 85 139 781 36 945 178 395 569 466 194 489 174 142 780 429 883 876 1 671 884 450 471 666 438 575 975 675 826 502 174 68 49 982 329 506 543 3 590 849 496 376 940 512 689 37 649 465 607 305 466 878 531 426 819 948 440
32
934 930 527 525 879 678 737 727 65 442 760 331 670 19 754 887 118 886 311 341 995 564 863 446 777 911 305 362 646 550 302 234
11
166 610 402 171 509 397 63 343 936 515 991
26
333 400 652 749 989 498 382 744 60 615 729 498 54 15 651 185 288 557 872 726 277 538 226 445 449 298
64
472 95 218 961 5 198 962 706 276 753 123 234 241 712 176 601 70 461 761 340 379 337 621 967 437 53 991 364 182 973 608 370 850 322 944 620 975 998 127 597 242 686 765 293 951 363 670 840 565 914 738 801 155 431 137 215 977 372 497 135 118 396 423 681
45
346 854 871 789 94 984 582 753 755 32 217 891 754 531 592 450 472 424 843 437 287 242 733 705 174 330 133 830 135 618 3 789 449 841 277 546 378 118 328 961 389 428 208 242 200
92
494 381 519 268 491 918 36 472 677 224 609 11 657 81 950 166 379 620 781 730 169 950 601 741 838 321 441 113 351 165 429 311 419 265 394 351 745 367 98 536 863 550 135 606 944 658 428 327 976 731 22 436 533 696 336 305 168 533 776 266 398 606 529 468 404 532 966 443 611 995 613 178 221 845 532 15 527 184 542 903 638 746 694 8 873 636 849 59 282 295 371 159
