45
35
370 89 944 346 571 231 297 552 255 525 243 598 180 969 281 701 846 63 984 57 112 110 997 718 657 540 514 937 278 37 987 509 87 235 158
95
198 794 165 237 139 386 985 412 896 978 190 517 346 611 68 686 357 43 281 994 369 491 554 143 8 980 775 232 580 582 362 442 12 239 838 884 578 339 26 338 105 996 748 513 357 432 544 421 108 504 466 213 695 325 705 93 390 567 478 47 699 613 905 68 818 377 491 586 39 879 706 787 197 477 204 200 396 16 821 778 341 869 122 539 856 323 486 475 733 134 548 808 926 327 285
76
506 269 902 306 193 149 687 779 632 778 809 537 243 510 888 236 791 526 506 339 970 50 570 908 667 788 647 680 892 915 223 474 526 911 941 976 985 4 204 48 234 197 876 254 559 588 898 279 923 568 104 216 546 863 913 745 86 770 701 654 394 679 338 176 612 981 636 818 707 474 873 769 960 216 634 414
37
883 487 434 15 46 988 269 92 297 803 583 91 427 956 660 543 41 314 6 239 814 974 422 70 829 997 783 665 544 937 311 204 460 297 648 16 791
18
100 743 878 66 885 451 364 190 897 874 539 38 472 253 26 584 763 53
30
912 542 128 115 641 101 628 704 315 288 50 154 57 596 635 832 828 48 93 81 67 11 383 982 892 924 587 469 914 997
54
889 675 163 55 524 140 311 499 443 993 370 990 361 275 969 708 196 955 735 971 979 420 56 707 598 105 866 227 938 601 705 144 409 165 673 875 411 292 611 475 365 299 73 103 563 951 346 708 981 351 20 246 967 428
93
768 215 318 996 816 114 762 938 651 449 353 896 526 460 558 115 486 783 503 344 977 301 348 785 696 917 860 59 336 317 508 711 229 376 970 412 295 355 184 709 328 573 660 495 100 343 720 282 543 767 355 795 836 782 442 611 952 826 605 250 493 705 528 227 301 291 861 682 19 56 476 292 24 842 900 195 105 209 472 953 827 133 606 999 512 123 465 941 829 867 303 110 691
66
855 242 495 870 485 607 46 922 314 980 97 483 683 708 309 19 915 814 994 776 939 758 518 858 474 830 743 911 321 587 611 901 356 217 232 203 834 634 11 766 510 269 703 590 428 105 914 386 173 544 389 298 188 993 638 633 112 286 999 153 12 352 696 412 145 787
75
387 673 22 104 63 409 665 588 336 321 619 572 307 217 240 536 299 610 685 808 357 629 377 28 864 396 371 505 719 861 32 223 295 48 430 634 528 442 477 235 338 538 363 697 581 658 237 484 149 670 624 827 992 580 881 470 885 5 936 85 222 91 21 353 280 700 357 331 722 70 406 985 58 47 31
65
962 971 237 899 148 404 865 175 138 777 295 379 132 755 47 784 741 718 552 952 777 54 172 753 988 686 350 685 429 279 578 105 986 768 720 465 478 501 732 407 206 190 94 381 833 976 536 772 54 900 577 952 412 797 994 249 362 913 933 61 885 179 711 901 728
5
346 728 598 314 327
87
795 354 517 662 203 461 63 251 226 777 413 122 674 52 1 623 828 928 685 897 829 692 800 59 942 744 22 455 619 864 613 923 979 830 942 419 241 984 492 550 681 397 147 923 707 150 89 806 383 194 542 783 906 674 34 435 194 817 984 995 754 465 136 374 985 797 364 848 773 490 275 228 48 999 628 668 743 367 215 118 200 152 489 799 93 920 920
40
198 276 592 916 251 721 345 539 251 917 463 640 521 653 862 610 686 91 302 382 939 714 537 363 226 503 724 381 69 363 952 988 40 639 235 810 770 390 717 137
74
928 681 537 176 303 699 507 163 943 866 869 447 481 206 12 335 211 852 51 629 528 642 228 17 440 43 604 880 443 886 270 6 676 201 739 61 819 414 115 499 506 856 407 784 754 361 95 572 342 261 281 86 78 182 997 485 443 167 917 168 515 131 541 267 599 761 604 335 709 372 804 497 988 382
40
517 364 246 983 693 517 599 961 107 143 938 442 584 981 152 111 906 153 966 780 912 163 509 100 406 647 768 83 205 546 264 253 423 502 274 787 38 98 247 682
18
57 538 351 512 589 91 209 359 23 443 281 122 168 9 838 572 977 1000
71
17 294 993 743 440 782 848 787 374 636 473 729 701 798 425 310 589 384 376 953 497 384 53 763 782 186 419 670 994 639 598 959 102 955 11 673 425 454 708 152 220 713 437 198 72 621 339 43 162 104 386 801 824 232 474 99 208 997 352 228 896 851 193 415 548 162 268 421 290 694 248
51
678 33 145 38 376 630 626 441 8 144 376 843 821 104 224 597 570 591 117 872 645 942 730 233 935 13 589 219 905 821 848 921 76 443 502 769 502 366 977 394 799 109 16 823 394 604 153 463 847 771 273
18
665 870 210 609 489 780 691 641 990 972 35 538 889 534 276 930 830 319
75
17 576 17 360 49 866 622 303 109 36 994 993 46 36 274 794 753 189 387 721 81 524 421 513 690 528 9 370 183 49 661 300 607 840 309 875 595 248 128 233 233 389 935 598 680 396 27 501 155 993 873 250 294 78 86 225 938 361 616 871 52 618 320 617 863 171 748 481 108 553 981 180 443 583 752
2
901 746
14
547 14 736 306 215 840 537 716 569 801 29 164 964 143
73
721 943 295 755 935 270 979 981 467 195 999 454 984 644 433 448 115 655 81 14 265 712 79 740 407 903 276 708 930 200 7 324 258 305 630 721 850 557 164 629 433 514 436 512 108 798 196 881 798 976 288 893 834 494 292 182 853 779 93 998 853 532 350 550 156 347 168 840 64 992 104 67 959
45
11 732 511 355 341 961 803 350 909 225 513 984 300 847 588 321 615 205 351 277 559 727 35 877 685 365 230 524 755 300 658 782 854 177 638 34 868 663 331 946 892 372 735 765 727
58
592 169 342 100 812 836 391 281 204 356 282 243 75 259 601 404 374 419 104 872 29 386 565 643 405 760 688 372 704 885 783 959 966 277 613 831 256 745 935 15 82 95 458 134 291 131 147 311 666 530 917 555 163 854 893 816 760 596
31
700 766 173 813 727 904 563 307 694 389 874 873 392 468 833 936 490 184 33 672 169 124 248 885 11 670 664 456 439 467 89
83
821 920 364 301 205 711 30 597 168 294 160 181 239 152 758 526 586 321 167 800 195 852 559 258 765 208 463 383 337 563 728 388 568 687 457 583 535 340 159 424 645 171 598 602 19 678 283 228 352 132 756 976 825 189 643 799 867 486 862 384 179 451 94 483 512 352 697 429 225 796 818 250 414 985 992 406 687 801 947 604 302 788 69
10
272 290 958 992 962 985 77 947 562 378
27
17 82 870 966 489 196 278 831 302 733 746 482 548 204 669 862 551 183 677 875 792 776 983 618 101 363 127
97
933 926 632 713 256 237 346 66 302 216 158 311 125 327 821 941 373 828 534 340 747 823 122 214 965 466 919 855 832 900 727 33 55 845 932 849 691 428 366 844 689 674 666 413 163 17 617 385 663 331 890 443 747 189 677 427 793 279 39 460 430 84 866 498 664 300 714 116 417 29 126 419 350 355 644 695 396 651 196 686 17 786 676 940 752 303 575 578 620 852 101 190 215 212 773 537 597
70
629 114 734 796 265 901 892 2 383 155 744 583 963 105 627 581 83 757 17 862 706 806 835 200 74 825 539 833 602 411 702 657 414 429 553 400 933 308 483 948 715 144 762 189 31 116 854 967 959 934 927 889 5 754 350 301 534 702 996 689 685 855 670 179 432 778 485 830 105 765
51
336 158 590 555 443 445 963 613 432 611 433 951 536 699 157 310 479 307 194 693 965 280 728 122 458 359 353 924 251 378 51 589 869 980 226 103 878 905 790 612 668 787 195 108 269 867 531 591 682 726 126
11
951 892 19 235 636 295 643 321 676 636 747
83
579 910 926 971 489 721 870 510 385 703 162 109 259 245 106 999 102 956 350 266 122 767 990 740 331 486 705 617 456 79 26 747 30 410 771 959 823 872 479 206 917 329 387 971 537 502 369 856 325 205 563 117 646 310 457 170 200 806 177 404 112 73 250 934 614 467 830 553 919 618 230 839 173 93 390 900 814 789 336 632 605 68 387
39
833 276 369 941 784 227 74 823 688 725 606 704 952 754 652 759 604 451 683 67 565 21 136 316 526 834 997 919 60 848 135 174 743 470 453 196 179 475 792
56
691 156 669 129 981 243 570 711 443 619 455 999 188 706 54 678 105 636 408 751 378 469 502 390 706 633 205 890 163 193 995 847 807 815 56 15 209 155 615 967 803 93 307 898 846 54 925 757 790 584 677 422 561 698 352 631
81
277 641 412 657 565 173 124 511 809 326 267 449 460 641 284 681 846 47 408 703 110 727 215 177 555 503 600 40 55 179 444 438 938 981 99 145 25 74 131 912 280 103 56 260 765 334 547 604 57 50 466 39 802 51 738 791 437 178 63 778 299 422 198 408 273 625 483 624 836 415 624 866 450 793 809 412 527 576 536 142 140
24
551 408 965 670 312 436 637 605 849 139 545 499 942 334 706 587 266 361 987 65 719 37 620 178
53
980 570 432 881 391 794 240 987 436 677 198 94 989 620 184 383 964 261 310 790 226 175 39 769 767 522 745 626 60 296 508 858 112 568 861 779 532 113 255 749 219 556 996 729 158 951 740 767 760 782 509 552 328
78
254 456 790 661 173 541 868 4 723 846 618 409 816 112 913 290 817 253 239 721 156 340 881 119 459 606 944 917 558 971 123 525 12 305 382 796 862 427 881 238 230 618 180 519 44 577 585 93 815 422 993 204 138 195 921 181 284 186 827 560 351 619 396 434 697 878 79 668 741 473 344 179 636 137 675 38 839 762
22
786 340 85 413 896 633 232 402 958 736 359 744 624 48 323 843 627 881 650 614 926 662
28
618 939 449 628 215 577 925 91 675 759 223 656 449 784 771 473 707 194 200 190 409 138 396 297 943 534 143 627
38
842 353 30 450 69 317 923 256 186 797 53 556 807 356 406 121 914 364 865 432 601 980 327 798 792 926 301 723 337 89 728 536 265 608 325 833 111 67
74
389 88 863 576 407 176 931 64 885 7 264 960 64 140 894 52 51 734 362 243 191 677 146 466 165 126 225 264 604 892 403 327 483 258 558 292 132 62 94 600 680 581 590 861 179 276 772 730 289 765 20 972 63 148 235 466 475 995 407 932 426 944 705 129 883 720 783 591 274 577 60 42 695 596
