40
6
491 540 177 904 774 948
36
832 433 766 543 601 610 842 322 918 760 72 560 730 926 842 607 514 128 712 301 429 95 170 592 823 928 834 781 764 571 339 501 144 698 852 234
13
186 556 629 336 368 394 942 860 523 688 115 603 85
35
292 53 952 955 747 453 687 142 416 390 658 981 931 247 805 547 110 254 524 579 240 97 332 856 418 156 31 21 533 332 448 726 308 659 174
27
316 663 8 109 782 380 25 997 925 650 337 805 814 811 733 990 814 244 79 959 868 700 338 172 634 961 398
20
323 488 657 692 661 640 586 367 715 642 982 421 754 308 703 275 191 584 383 116
43
466 302 397 691 574 263 874 911 454 21 668 922 547 168 215 785 4 525 422 186 636 124 601 15 676 630 968 965 781 117 34 664 78 562 589 987 299 211 955 840 992 574 636
61
979 232 258 354 581 481 753 870 391 158 12 608 810 113 707 563 683 372 305 616 631 767 805 138 231 43 426 760 281 404 646 80 488 67 235 986 107 13 816 167 796 349 106 902 32 19 326 621 163 37 761 201 634 520 430 480 48 735 268 279 749
65
446 763 741 237 529 779 297 824 839 472 305 91 151 149 67 621 723 501 573 837 824 279 832 650 538 413 88 143 417 779 656 200 966 514 615 438 912 704 764 424 961 868 73 49 748 535 726 177 730 109 840 464 326 68 418 2 727 318 39 920 244 685 459 545 318
34
385 450 154 702 169 797 242 757 685 771 33 50 260 785 520 229 338 804 347 282 583 548 50 726 643 633 310 815 320 495 76 632 271 157
99
349 527 429 315 939 708 393 612 23 21 678 903 297 972 528 221 643 702 74 208 713 777 237 142 72 52 424 21 703 709 311 314 267 90 955 647 352 452 52 895 982 11 516 64 402 69 294 901 611 868 895 770 592 609 730 902 231 235 662 865 770 219 667 881 301 101 750 628 688 423 34 331 724 13 970 74 5 357 340 436 542 777 742 92 757 429 599 93 397 267 438 17 654 27 365 154 499 327 474
75
978 289 657 431 897 591 550 855 589 31 284 864 622 921 288 689 309 379 870 356 522 979 735 886 37 749 503 112 261 775 823 617 570 818 658 402 607 824 783 225 156 754 760 779 100 855 221 871 424 882 851 132 279 887 783 986 127 182 435 167 759 24 818 621 54 133 631 324 440 977 319 26 595 407 844
35
102 281 216 55 392 663 477 681 741 265 704 456 824 146 678 815 43 930 4 807 961 166 106 723 715 804 864 581 12 887 47 95 420 988 328
84
239 115 669 176 567 535 10 445 503 319 508 92 537 997 240 920 361 87 702 11 893 23 591 869 674 563 252 246 163 150 919 636 217 377 289 711 190 160 667 844 157 678 447 676 617 907 825 578 52 349 886 390 213 548 588 474 229 682 414 978 603 693 796 683 569 589 189 597 805 952 58 559 757 568 163 921 833 985 923 347 528 209 890 502
68
834 610 959 477 771 458 376 430 572 305 489 385 266 80 330 149 344 964 526 515 753 75 530 62 937 669 502 365 185 268 565 478 720 135 857 695 356 647 455 847 574 838 326 175 977 103 136 141 928 81 929 500 103 35 844 519 922 858 289 529 831 531 810 160 203 183 555 41
4
949 570 84 555
67
556 941 931 89 81 128 924 624 50 481 752 345 278 968 215 851 763 724 544 602 499 395 182 542 713 499 49 789 465 272 836 119 957 984 749 335 241 604 678 426 593 93 161 246 773 243 490 656 127 877 103 227 393 108 430 193 666 379 338 671 622 40 559 872 783 64 722
75
306 82 775 424 161 859 997 410 879 420 698 18 7 876 906 783 11 594 987 57 10 10 27 493 723 709 737 453 146 813 308 970 730 67 783 524 794 295 316 959 703 502 948 659 195 357 589 182 148 759 535 220 832 116 127 470 943 56 823 864 453 578 370 735 774 710 947 902 63 255 14 956 1000 669 660
16
91 986 425 650 295 249 749 595 592 955 535 961 540 148 303 938
80
393 607 95 772 408 820 127 682 387 636 669 591 905 325 805 129 411 47 855 591 282 673 191 16 574 700 633 285 425 178 566 306 902 161 423 965 30 43 473 18 124 850 241 993 656 143 686 255 754 491 907 612 247 346 750 634 154 935 384 710 27 119 891 673 661 671 239 988 36 511 608 805 283 293 194 868 53 326 771 775
70
751 507 670 756 349 888 353 774 571 18 695 14 187 601 201 671 962 558 900 517 383 508 613 255 616 208 304 838 607 673 747 334 610 778 556 184 232 870 259 4 358 513 606 127 955 344 871 540 818 973 97 942 408 792 3 169 67 545 275 582 833 988 735 358 592 535 729 111 892 80
68
396 870 836 82 53 398 980 179 225 992 268 720 459 444 932 757 256 645 114 384 318 173 215 149 955 573 461 845 42 572 235 1 843 223 309 719 374 325 610 400 124 278 237 319 135 722 365 496 439 383 406 557 707 422 52 401 347 429 399 699 63 930 141 54 406 792 423 101
90
788 101 455 61 671 550 945 526 685 937 508 16 428 298 328 71 111 879 316 757 435 217 849 220 854 148 514 233 531 409 474 17 294 491 609 669 871 139 192 567 841 834 407 597 713 385 751 645 562 976 974 768 69 844 293 608 311 471 852 402 46 865 37 330 369 169 48 37 235 13 913 498 717 133 291 444 106 611 510 86 758 139 666 687 139 712 73 833 715 731
46
265 363 664 362 952 569 450 2 132 493 700 291 249 901 675 777 217 575 705 641 598 744 265 844 274 288 790 899 101 653 354 604 536 810 645 594 538 505 445 979 847 860 99 703 739 205
67
727 79 440 833 41 111 395 702 610 932 808 871 311 935 219 523 437 294 855 924 262 309 631 736 54 867 803 242 873 269 187 386 556 890 772 577 255 876 201 471 655 40 923 406 340 21 687 241 510 35 920 542 370 736 193 849 629 621 849 340 219 927 746 632 433 351 919
63
430 390 82 393 282 96 588 255 352 412 885 291 829 986 683 724 828 877 527 461 203 535 65 417 199 87 163 310 401 124 265 757 160 20 108 297 638 472 372 57 131 656 487 347 362 405 690 482 638 910 62 72 302 391 125 832 662 891 870 641 255 163 580
73
774 998 891 618 92 75 499 240 309 179 763 138 868 594 85 738 958 286 221 420 53 591 379 44 741 855 199 437 577 846 840 76 777 226 794 32 723 643 808 738 376 354 801 770 847 361 74 790 493 53 982 818 786 556 994 654 962 676 862 632 868 791 660 179 710 70 514 315 292 121 559 499 623
82
876 988 543 538 150 945 168 37 172 615 338 896 890 48 783 482 976 564 821 469 61 256 880 899 31 779 1000 946 313 590 804 527 822 561 408 767 873 337 570 878 959 595 658 215 722 721 241 901 191 124 643 629 994 255 995 132 945 404 622 487 553 350 377 531 333 47 488 994 396 628 604 87 811 142 598 169 877 930 394 730 285 876
35
238 901 468 921 815 32 674 974 471 246 970 22 242 240 946 331 4 964 245 863 803 68 221 816 278 994 650 784 898 557 41 236 773 728 112
98
833 444 664 867 966 549 814 611 6 410 72 325 11 350 422 740 512 862 427 85 97 870 522 869 831 365 343 458 123 33 73 880 453 587 238 811 9 954 928 794 59 589 482 108 69 785 527 142 952 94 488 827 319 493 217 489 445 409 53 352 526 890 91 360 199 319 520 135 863 700 766 307 64 868 343 710 140 874 94 376 599 380 173 592 622 102 157 890 190 742 270 220 311 434 134 670 889 55
79
402 881 248 296 855 502 507 912 341 745 931 917 407 992 56 292 488 358 669 187 461 300 28 510 90 732 377 234 818 101 680 489 941 231 471 288 879 248 961 551 615 94 347 756 243 515 113 409 503 570 982 331 847 485 542 73 881 959 657 710 850 299 28 249 484 404 239 760 133 690 159 456 243 823 57 137 685 692 749
42
656 794 425 580 549 193 859 143 263 914 951 908 155 114 938 542 175 209 689 752 541 506 843 446 974 806 940 750 3 80 524 539 179 852 754 62 208 15 600 390 831 387
27
995 525 676 637 86 128 437 741 864 110 104 640 498 907 514 493 728 551 26 493 383 47 449 108 857 800 347
14
789 760 975 761 585 347 80 759 332 250 433 835 129 858
5
732 192 129 254 856
47
994 607 11 751 116 142 956 46 706 143 77 729 89 833 173 118 46 700 277 388 482 65 435 409 469 568 823 24 870 780 459 597 304 649 995 14 809 930 963 365 936 963 213 684 419 969 146
77
562 530 674 964 713 468 944 297 977 859 826 255 74 659 471 792 525 549 717 689 837 215 839 672 49 811 540 867 812 862 926 461 694 427 361 920 632 495 28 572 290 884 484 301 68 321 536 737 416 654 274 184 45 575 555 10 620 179 881 73 218 546 953 437 999 498 459 700 542 673 694 105 548 235 649 941 326
37
908 1000 954 605 634 425 583 656 815 128 143 54 788 79 802 33 333 977 716 243 121 192 901 671 566 153 30 15 253 564 811 860 94 380 72 509 718
39
939 627 444 85 424 318 921 657 812 877 256 603 354 163 767 892 426 811 817 735 614 382 870 928 248 839 978 282 939 901 607 604 453 392 964 5 654 226 916
77
276 643 885 347 212 132 449 478 917 957 916 378 935 153 631 411 507 719 516 612 410 520 404 844 815 351 565 681 870 996 510 871 842 584 708 913 683 433 750 470 810 539 927 539 208 584 855 838 912 470 69 461 546 719 510 736 402 182 353 414 814 673 420 117 293 368 385 927 587 118 275 404 685 518 892 757 831
