100
36982590 45539728 84568041 93079880
11410177 47246820 98614244 99717430
8510251 20775748 31668557 7320292
508627 59053840 83419107 42021110
1128566 19559122 81131680 57243406
7528420 80500134 98931499 59530587
34815596 52050849 94415815 13789813
5359945 19097503 94207261 13947217
4612273 48128526 57036476 14314475
13548265 80087647 86029028 68345111
1423944 37160407 66507666 86959544
29896494 67342795 85838826 36660303
51449501 62505413 73038166 14424129
14856258 31187531 79428215 10616045
28074965 40527383 77690050 27449387
27983850 39130883 58740637 97768585
15344578 78274477 79634652 24601355
16199028 85444117 92150700 99380634
31851565 33903386 52086992 23505786
62860577 66413991 89065429 63777877
12736221 58545484 65501748 99723877
14587635 42675124 72583659 65141202
17246515 79483497 85912012 49871207
43481789 50149265 99618825 89831397
32567971 55814670 62771386 63092129
51814377 80620370 94555629 98307129
8296902 24064083 82604085 27926665
19990536 21453288 60323252 46797980
38104206 63652262 65533065 19438820
3342559 44297948 68746076 5606803
47927215 63817089 66342688 57584940
24549007 38942643 93804788 44431545
20050659 49877663 81583837 57988814
2654557 7573786 33865123 41025511
18553082 35918134 95550173 5453333
29730267 41547544 93244181 42204490
29958301 54788378 55035446 56386037
72339228 92331473 93318769 85631334
16120612 77682214 80621712 88359885
13545500 78769713 80036765 19215232
3035649 8523650 34709078 81466719
8024846 35958755 84080873 75314815
34438939 64910421 83704152 36359807
6976814 20017082 66870495 95729517
368368 33850227 41052238 45939802
9713254 71398747 75811582 61724887
19008501 86364931 98350237 13062530
34818987 45465304 54057962 18502273
43558267 58166920 62082710 6951017
10992667 31148296 93247794 81984788
67948810 70283073 91542371 83217913
14789316 75660951 87625941 65733794
24749632 36796023 42355304 13948066
22105613 71845741 81174801 26353226
22532885 23273045 99359516 7039708
52656103 59170894 81359306 16680620
13879034 37738231 52994301 59273154
13411889 58692835 77392987 83775588
214036 46993572 65934684 26783393
48275169 51703327 87855891 87802212
28629605 36358072 44972549 41444906
26469227 46383721 93659504 83950629
68940235 77850202 99892200 69854853
6172708 17610229 76607637 57002152
17966633 60502542 68820207 79597478
20004234 36078062 44881805 49680451
6530191 21020422 30370801 16276721
23598879 57933540 81842260 16655284
11101054 12377176 26927177 62749146
47324242 54200551 77437046 76499381
11491559 55887702 74259720 68858614
4399093 82085836 87131144 41229701
52319452 84043683 89869581 85742472
24164457 55584687 95086960 12913725
26785427 63023201 80919954 94630306
5696674 25982826 46569930 89531836
66681210 82757784 88330898 91260364
2066841 9578279 12077721 66826019
8243490 56989247 90933549 76230720
8284603 61382306 88241932 74625482
8522987 72731287 91370614 4024981
13426518 24551525 46397809 30975117
56878450 84845873 99467247 31097846
32885640 56031855 89015768 832869
21430189 34163761 42766385 99051602
56072938 59847860 60232771 17904756
9963312 44112002 86682042 40890629
18172478 78444774 85480591 20128984
48051885 98012356 98526565 34059430
46758522 83823001 92572227 57250439
5454404 62650785 66772564 97543939
36861498 81999808 92304350 11511237
44820477 51596734 78808591 2006172
2460711 73135131 82529069 55548643
27166678 50896672 72861468 6296687
18697526 20956202 68895267 95033679
669207 33484507 46275899 63931207
6418594 19091053 75281090 75575676
67432600 73615167 95998438 15252932
46514697 82894891 90944606 55800586
