200
510 889
260 752
724 511
209 485
200 259
730 55
347 697
117 41
34 755
914 129
578 530
886 373
616 342
396 936
613 290
876 48
472 478
400 540
224 802
873 60
591 238
240 717
465 289
196 948
850 281
210 103
657 61
708 768
193 422
248 874
179 950
902 537
916 349
510 858
981 936
143 224
722 655
979 747
849 183
711 868
100 53
506 760
484 987
681 471
146 405
190 984
798 498
94 173
933 134
951 538
481 702
554 68
355 330
131 583
863 124
308 556
823 657
514 80
411 934
683 172
852 663
339 1
976 703
654 90
220 781
125 149
662 599
900 680
805 470
994 406
889 832
586 542
387 459
778 94
3 993
349 804
959 901
845 39
913 448
792 900
463 872
169 511
432 991
475 464
302 805
671 829
398 678
873 636
504 218
466 79
634 859
913 27
321 940
419 166
596 192
530 969
464 250
195 615
499 217
201 745
51 397
464 812
916 204
16 332
2 790
651 273
60 963
984 315
353 529
717 429
321 936
825 750
334 231
647 757
129 147
993 36
25 244
232 936
393 914
457 811
227 631
984 512
685 820
945 703
322 790
617 630
111 551
311 112
527 359
895 890
312 440
993 315
727 275
751 943
501 467
84 794
734 511
279 187
411 558
268 399
586 865
547 771
988 530
424 434
820 816
698 681
908 863
516 886
53 192
923 845
506 523
442 7
133 286
750 830
923 223
155 128
777 243
31 109
242 36
436 536
506 940
543 871
669 534
325 390
526 732
339 765
615 556
354 337
859 737
125 425
184 495
865 428
136 784
944 142
553 444
133 824
174 470
446 321
285 943
748 519
565 755
248 440
981 655
379 620
124 34
178 158
142 604
333 437
992 863
454 268
73 761
92 844
539 576
521 368
482 850
169 315
940 865
136 40
711 190
711 232
