800
68 706
935 533
878 938
28 977
57 753
494 522
82 493
799 523
227 383
654 524
728 742
491 780
2 482
23 744
572 145
808 216
614 614
988 65
616 963
726 58
46 164
629 41
84 610
743 495
68 115
264 443
131 334
282 840
4 548
790 714
141 658
95 662
58 817
305 635
856 699
178 842
180 85
54 140
164 168
172 351
891 460
714 778
908 829
257 722
854 678
310 107
594 384
779 740
406 272
542 437
472 30
709 563
521 45
813 835
181 454
399 388
725 693
436 533
506 39
358 16
717 145
723 702
444 195
796 236
555 119
99 536
278 365
124 609
476 260
821 730
539 504
53 336
615 206
207 980
732 208
619 75
447 36
41 736
921 755
372 216
669 564
195 772
61 31
521 614
85 632
216 928
671 748
477 657
943 831
620 105
536 10
103 412
595 265
572 52
187 468
777 873
378 330
836 587
541 932
709 483
841 961
316 485
829 588
327 665
197 569
679 948
819 435
341 759
85 104
621 975
853 400
551 115
884 594
358 733
477 247
351 965
767 107
167 17
418 371
398 755
558 275
108 154
403 671
727 196
328 802
786 751
474 862
317 584
271 101
852 11
206 687
199 5
113 643
345 501
702 557
681 752
610 869
805 508
298 305
61 433
335 825
707 510
854 433
612 44
15 97
216 508
378 277
624 561
536 269
271 399
677 206
612 848
6 445
339 112
275 958
966 106
860 229
312 167
805 859
112 786
573 661
746 381
874 413
296 981
992 918
816 97
919 830
525 670
230 994
458 512
691 161
248 246
623 229
859 114
27 435
268 418
145 40
426 345
976 897
760 659
92 832
875 160
995 490
148 224
900 934
194 380
685 152
746 559
965 678
824 749
321 834
804 315
973 184
785 4
840 547
794 986
321 550
655 236
875 283
484 681
70 472
878 141
833 793
473 324
627 791
407 716
532 645
803 564
248 916
831 916
619 958
266 63
979 327
83 151
70 685
545 485
752 312
306 438
272 294
361 837
778 34
900 694
606 117
232 221
26 779
162 269
969 27
138 749
243 221
866 737
722 586
770 6
298 462
123 581
73 264
959 390
17 711
905 192
889 819
120 933
587 716
505 828
778 729
866 393
158 793
698 585
44 778
993 553
290 923
383 528
307 472
237 105
313 929
878 213
516 518
403 580
584 183
455 24
407 345
657 855
394 103
219 158
287 958
451 541
832 524
668 710
514 99
697 235
132 216
522 839
596 918
22 339
9 597
755 279
89 43
666 147
536 141
695 729
715 163
946 513
2 734
806 698
738 454
313 651
996 14
83 434
359 286
878 293
297 13
133 403
483 576
217 217
673 916
177 489
588 65
740 32
287 752
529 450
570 228
382 554
713 260
652 742
825 202
264 105
442 81
75 973
424 423
344 526
173 72
436 754
288 575
590 600
555 778
529 560
814 6
564 903
355 938
780 110
702 607
540 876
975 960
466 146
950 222
31 308
438 638
642 625
629 8
693 577
43 313
477 405
16 64
502 565
346 562
961 767
111 616
998 506
470 622
401 776
6 255
222 803
915 792
39 231
677 747
88 770
916 30
5 935
129 198
27 567
295 182
394 578
948 583
989 403
290 801
85 680
641 638
719 181
770 635
267 621
50 298
921 164
115 133
101 990
150 796
567 307
585 590
695 594
513 840
196 954
161 600
532 300
1000 6
967 441
578 401
227 713
315 296
279 340
449 851
342 864
469 872
660 783
929 248
983 218
118 616
990 598
406 337
189 59
824 761
951 252
875 801
541 739
438 953
137 509
86 385
420 778
267 590
296 467
362 603
272 443
550 64
739 746
517 442
780 893
325 50
79 623
234 888
828 783
986 934
92 254
363 182
448 357
714 539
818 594
900 43
797 75
43 885
423 121
574 492
859 708
899 533
933 125
183 636
430 156
668 585
75 161
575 399
498 439
345 932
816 875
593 224
911 234
739 781
83 619
687 327
530 973
920 973
280 29
563 862
252 143
186 887
469 832
479 392
493 815
133 328
625 320
982 24
350 775
30 371
267 623
812 369
912 558
131 565
921 146
27 982
261 711
395 581
488 476
265 341
695 167
382 926
522 214
161 277
212 307
983 97
972 435
327 358
870 97
957 773
762 235
359 24
71 997
464 505
297 671
788 316
521 81
49 209
700 874
560 420
923 737
290 19
431 673
78 180
368 112
399 390
775 218
829 297
310 716
614 299
503 172
154 197
760 139
281 992
124 976
929 943
869 937
348 518
583 891
409 942
538 14
744 775
784 960
134 834
97 846
389 325
414 546
44 96
510 865
580 337
449 823
929 681
722 748
887 444
799 370
745 822
456 267
384 904
175 274
244 234
727 78
461 741
997 820
803 669
157 83
925 162
67 767
185 467
215 601
751 332
426 547
968 651
492 947
512 9
116 574
863 237
436 795
921 905
151 520
234 611
349 545
47 170
922 560
211 51
519 907
227 556
447 706
47 954
910 433
233 546
754 380
157 875
540 146
245 417
909 156
727 288
98 909
312 857
434 269
471 897
587 850
16 146
154 470
926 294
113 519
804 377
674 722
352 422
424 248
219 567
422 400
415 870
3 344
616 690
953 303
518 728
627 98
963 125
173 280
522 712
401 707
168 655
283 594
476 47
549 766
235 228
504 650
321 336
842 968
617 608
574 776
858 597
646 728
315 836
326 40
66 47
171 357
603 660
134 611
181 574
549 216
197 372
466 201
439 763
422 152
467 382
471 420
502 432
914 862
702 989
604 383
163 572
533 511
8 422
343 605
104 149
12 767
740 785
468 650
19 112
489 661
86 540
932 136
752 662
973 633
912 744
690 618
521 738
475 789
693 926
291 641
923 532
149 751
520 669
814 139
370 660
269 220
192 248
998 215
826 602
619 33
801 415
607 334
329 59
746 174
106 260
877 409
797 499
898 417
543 4
330 818
651 827
836 533
385 599
120 467
968 402
560 156
673 369
153 21
252 216
866 413
729 770
340 431
818 32
594 330
849 991
892 881
579 742
266 255
282 68
266 466
849 400
796 471
817 197
284 974
665 600
366 261
332 520
507 589
435 958
990 440
858 804
655 246
348 446
190 454
717 6
524 278
191 191
56 794
423 876
217 916
933 411
611 795
345 510
761 268
585 488
111 593
382 500
908 732
1 273
374 429
154 665
414 525
10 433
436 728
557 262
214 382
114 252
308 689
665 521
290 545
938 277
22 493
357 47
615 527
136 126
463 335
910 136
427 549
837 533
793 584
9 182
676 925
359 481
118 714
702 851
895 745
296 479
108 289
212 746
90 917
789 542
906 928
999 44
544 81
216 255
723 276
635 505
506 614
924 359
837 338
283 957
477 660
756 482
387 25
427 445
772 403
346 249
285 59
620 103
774 523
345 747
88 94
611 1
485 734
850 456
814 560
105 447
725 994
709 663
863 695
557 592
524 45
953 355
815 864
308 189
163 72
181 79
533 83
802 424
752 522
728 779
278 375
470 245
165 21
876 873
752 2
479 899
691 728
220 324
361 830
341 565
511 716
64 854
665 523
606 430
768 615
809 923
0 360
830 144
335 378
389 82
219 735
173 168
269 673
262 361
385 385
725 26
562 998
946 403
1 462
260 463
524 515
