100
5893 7006
1159 4139
9382 332
9908 6760
5706 4483
744 3955
60 6684
268 1914
1055 7240
788 4072
8744 1801
2427 6315
2930 3002
7831 2567
7212 3818
6431 7898
4580 6560
8532 8669
1158 1760
102 2552
6472 2597
9321 7335
8112 8304
6977 8279
9707 3427
7471 18
831 1720
1134 2036
1488 5570
6177 479
4213 3468
2408 6893
8420 4126
8443 2511
2832 3161
463 96
5877 6876
6026 498
4481 1739
5640 1898
187 5972
7750 8107
1300 5340
5168 3607
5084 1396
6736 3904
215 9217
6156 4229
7037 4994
1208 1971
5361 9481
7738 6014
7010 6032
6514 2648
9785 4988
7623 3058
1999 4114
2395 1264
5687 3898
26 627
9156 2052
1640 4514
2945 2162
2551 9341
1856 639
2978 5003
1042 2792
6330 7522
2943 6761
7259 4654
6760 3234
3750 610
1842 6824
3455 8493
867 7060
9486 1246
5403 228
127 645
3865 9031
1516 7384
2992 7520
9364 6311
1310 5263
5298 5923
6431 4106
2645 3078
1303 5757
6396 5478
1982 6233
9354 4876
7745 104
7211 8515
4314 4235
2154 492
2692 5503
9875 2621
9756 6558
4069 6006
9162 9322
9392 882
