50000 1000
37686 39756
34819 32568
16502 35335
12854 21930
19903 988
46653 38147
3669 17865
43040 48076
18555 45989
39160 17998
46427 23546
13686 9755
36660 2841
6207 42044
29506 12489
48007 32649
20906 4088
1223 12862
22384 33528
35709 974
42811 5996
2620 3946
4584 24510
15774 48497
42997 32013
48819 406
9924 2288
24201 3605
18292 41196
5346 17346
22141 6698
24024 29892
21941 5638
22435 18753
43010 39549
43431 22774
439 2732
39778 38928
43551 1338
26741 8479
33957 5511
14804 33068
21444 19432
25394 13756
39188 41906
8450 7005
8663 25302
33223 42621
39526 46577
37703 22525
35559 18670
33320 12452
8053 5500
24604 43375
38990 12690
20553 1409
30662 28952
46492 6178
12686 44686
34702 48776
14544 42399
36171 45371
4686 482
13489 47616
12791 44181
21434 31386
35868 7943
13963 44609
16092 44376
17544 21696
34313 28612
43365 28412
45089 568
25037 33393
21816 2187
38296 30764
14422 41794
34361 39436
11175 25758
48192 47498
21548 7714
3282 13244
29095 8294
5042 17666
47643 5880
27584 5822
44088 27306
33370 21632
17017 12041
37789 38342
26141 24737
25960 33332
19999 4070
42508 32983
8400 32341
19621 41772
15958 4590
10323 16833
6197 40889
24688 28462
41032 45822
38170 28840
47883 40374
9049 13393
38031 29464
21128 34774
31842 40476
19019 20862
49672 7356
35082 13015
32140 41875
33107 3025
16027 3576
47083 13714
36963 17965
10226 18428
10876 37748
1727 4991
45956 29513
2462 31250
30934 24386
22794 37814
758 36236
38064 46111
43285 48533
31894 11937
24461 35466
13441 34032
45153 28984
1317 33959
316 40117
20368 12932
7693 21127
1363 36584
40105 34101
47272 49794
16469 42741
32022 49928
31002 14284
16971 12793
40856 17638
33654 22287
44237 32941
26774 18920
10211 39795
4114 24287
11130 43109
25705 7570
42005 37962
5825 12499
1353 21946
31222 4849
26837 24834
48144 48000
37865 16536
18134 45153
33397 44206
38440 36311
25247 18921
47952 45524
5372 8591
31243 23192
27651 42393
41066 27744
41994 10059
6848 6111
2917 32150
6447 28562
6768 11983
34728 42760
20057 7231
32934 47267
5207 26561
41233 15590
27895 29448
49337 2173
34688 3222
6081 39199
14775 35330
35761 21483
20225 15692
22389 45530
8004 5775
36427 45493
36400 14547
9664 7518
29304 658
28414 30725
40101 30968
26066 12033
1763 25063
660 23728
7764 7334
47086 43162
15042 43459
4705 4229
14637 48735
21630 10694
25503 33110
43174 21483
5978 15613
14952 49216
1937 21815
27180 42934
43479 46471
35529 19353
24696 39946
16438 49895
12240 35855
42047 13871
4216 15056
48837 31017
21393 43224
4805 47435
14327 26272
611 28658
44699 2096
32463 45216
27909 2622
8285 33700
31148 30819
20889 45464
29581 44226
32981 33054
24530 899
11355 46674
9919 912
41489 16848
35646 23768
37734 40803
41058 18275
2134 33375
49211 49569
24870 1918
17210 12954
33970 18767
11135 3069
6240 35840
44962 38689
33134 42557
15336 19068
41205 14598
6571 41502
46289 6617
25289 32788
21558 46993
36835 42025
5866 8507
27956 35781
42365 6157
31038 16659
12411 13912
42756 1563
41094 48634
33263 38597
31153 21593
34244 8041
17176 14267
28913 24570
44287 15277
39656 11529
2470 12915
44590 29085
31530 5788
7850 5751
47527 44059
1749 41598
7088 44769
49598 45290
29471 25717
40062 37040
18970 42017
9148 28958
29959 42482
28883 7425
39785 34973
40733 30977
19360 38870
2903 22521
43534 31418
46139 13137
21512 15845
22562 38364
9594 44781
45005 15074
35001 20029
16832 26672
14738 3592
20986 15919
23729 40400
32405 4845
6810 29460
13836 41759
40591 28422
19389 4470
15632 8633
9577 20553
47791 34877
35313 6613
15424 34359
47997 2676
42323 34383
26125 35267
33523 35501
46195 21065
12593 42242
14159 45867
3388 23206
30361 27788
47382 29032
20565 6665
9252 10410
26930 46087
8695 10449
28266 24692
4372 45530
13541 14822
37803 5606
46013 5067
45645 46259
29787 39113
25396 48185
19029 3438
29402 28919
1777 9894
8756 48291
36248 36073
49393 26775
47765 7033
38384 26468
46816 8360
16401 10500
11134 30115
18851 18405
18467 13378
4189 47626
38628 9738
3114 27424
13775 9856
32050 21695
12349 25640
30476 35722
48131 49380
27588 11385
5811 39226
43011 44351
45171 42891
4965 28449
36262 21502
12165 14890
42118 41058
8684 6892
10443 32472
10363 7865
47273 12137
47707 1127
16999 39464
19712 5637
6788 9205
30896 21840
8363 43464
23342 27284
46359 32638
31422 36675
33979 13867
33563 33959
20669 9227
40973 8856
21478 16568
45695 6638
15829 213
8245 5843
44827 31078
29157 43400
19821 42983
28117 13944
29590 21609
17693 35538
23958 4431
9859 40125
14518 41155
27957 36304
26868 10376
36225 45992
28278 29632
15526 10571
6747 37676
21043 47475
38340 36707
29227 43631
10015 3803
2610 11311
25746 13556
48107 4107
22846 44280
49640 25836
12206 27918
14851 12514
44539 23323
47086 512
43123 10606
2720 27879
32822 38666
13601 1059
43032 13076
29370 264
7949 40223
45729 19746
47952 17526
33587 26748
41194 41590
30917 28018
9054 10222
38909 18419
46082 12555
34594 34916
22404 14024
23825 43258
15370 15897
41571 30984
22113 38164
15882 11792
47910 22240
26991 30040
48204 33457
34577 45174
10187 5630
31566 36563
39892 26575
7997 36696
21967 43206
24095 2565
10854 31186
3558 33421
12903 33316
30816 3788
9279 19722
22319 1474
15948 4282
8400 13382
6924 2781
1513 45458
42356 27890
47096 17874
35212 45425
445 31112
9782 29738
6324 14729
48445 26127
18801 19262
21005 35191
20200 36417
29588 10117
49737 26768
18241 23681
33877 23166
21970 38507
44501 6518
38680 42645
20150 20590
19811 18668
43301 869
21710 25721
29033 42533
43035 27064
40043 46992
43637 27595
26148 16716
14604 16635
7559 41714
16470 24287
48678 12370
9319 1448
34802 16165
29161 37616
37787 47988
18662 15125
8566 23754
4416 9424
42586 41429
41666 38804
40867 25138
22569 34200
29125 37543
11279 27242
2663 7654
37180 18744
10283 46631
30732 44869
40261 5998
29076 42958
12601 25473
18426 4057
6126 16038
32383 3962
14630 39609
45071 19971
37495 46244
31721 46244
46879 24594
25705 36980
7004 9013
41996 37659
23346 37697
34030 12152
29 43769
45550 23456
38034 17931
22835 22973
44214 8065
15928 27266
32916 33634
46907 26305
19678 17184
46148 38368
28550 27318
28715 30254
31115 43588
12893 36
45232 48875
5286 4948
45955 35306
8019 8591
42288 27478
49577 23395
28657 9942
22668 44014
49348 20391
26521 34472
47678 28832
17093 32463
7667 2411
8550 4454
1732 15807
16091 26020
3870 42838
26319 42678
35008 32625
2897 27539
37155 32382
39808 29716
28520 41059
992 40830
20022 7001
6895 14461
40646 32574
47467 42932
3724 23748
5237 1859
45835 23253
9190 45809
594 23887
34293 33518
34293 40473
29480 47908
37505 4838
28214 45643
7818 46590
39223 21123
40861 27710
11112 35710
15874 12249
13871 25197
18089 20191
42922 15409
16398 24239
22943 17081
18951 43200
44094 46106
14106 28123
2008 1226
4812 19917
35126 25834
12983 6837
24017 31632
42412 46608
9618 39629
24990 33783
14467 48272
5962 36832
46140 5894
27179 19586
12765 35331
15663 29283
28890 29650
46672 35190
42103 6024
26370 40311
49484 28024
2971 36938
43710 37564
39464 20142
6873 1976
32442 45994
8454 10398
34681 49359
40229 9253
46068 29669
47062 14673
8998 13961
44115 38838
46662 46423
14426 729
16422 1934
16480 4486
15819 7332
7899 48477
25882 20622
8532 36307
391 631
18468 49352
6380 35745
36783 23470
44514 7631
24104 3870
26343 12671
11878 22729
7391 39808
47116 39553
39064 13129
4070 2010
20052 42558
26756 4381
37350 32273
30574 24002
32035 33276
31600 25840
34011 32642
6706 19863
23497 47455
1 17279
35309 14681
27114 26658
33842 5572
32880 20339
44508 21033
8490 37197
22935 2973
48905 31589
11633 19125
3441 11491
17672 298
43021 14487
31181 25898
43438 31224
35054 33932
2670 32360
8060 42938
18618 26638
44803 47892
29943 22241
32886 576
25438 25386
19280 11527
8951 11042
8585 45078
36332 31311
20894 26053
2983 6486
31989 43523
47635 46380
5032 11347
2821 47179
14228 46365
24042 32775
23639 212
17344 6498
4598 14286
33765 20847
12860 32013
37060 21159
37124 36821
14652 7796
49703 3151
35215 30445
23261 12637
26501 20852
3753 18801
34211 8263
49541 4951
36262 14032
42462 35294
42494 12782
30667 11099
17296 39349
5740 2759
25264 43459
3231 7868
28304 13203
28859 6652
46338 39807
31007 47333
9381 44424
32118 7339
49510 31852
2267 45580
10284 42591
45805 13013
10225 17076
46711 39949
47691 8860
21048 14806
15800 42990
44063 17483
11684 18824
40377 14993
33210 38259
26658 23364
39151 44682
8593 25395
29213 37599
5832 31261
23308 19603
2215 37226
28864 35977
4286 37317
19727 13371
14715 35653
27179 20769
38371 45597
2312 11233
28861 49908
28372 25431
33092 28000
34773 49802
5144 6177
29834 19327
19260 17434
11438 44278
5230 15813
24553 7405
41252 45861
21453 29171
3906 22098
37008 41495
43243 5418
5980 45684
22 12848
15799 9031
15596 26199
25454 49392
3134 5072
30700 4149
35145 37489
8209 16589
3316 31939
36874 17929
2171 10498
38366 7911
45080 25288
14502 32746
13878 11719
40221 49251
45499 34226
25369 25007
8469 23540
35730 38941
2111 15811
43209 3379
45080 20779
43937 41001
22370 24864
43178 33255
49900 9702
15787 31680
37774 47445
33984 14510
34852 39189
8699 30315
29647 17433
12281 40817
23665 44032
48413 42460
9372 43465
38998 47404
12496 14337
30866 29595
42760 6584
6646 43130
27973 5871
45362 1595
31784 12300
35760 21407
37624 38003
4753 37052
13328 41137
36558 47592
31238 21112
35775 23756
1735 10658
146 7834
26402 16425
28941 31683
33135 15173
11694 6905
7726 6959
27975 37943
27202 9183
31159 8074
40026 29657
35169 31451
37636 16275
7211 1103
10872 21263
48023 7977
28600 9993
16561 14016
9862 48216
157 25667
46761 42808
3982 14782
2574 26754
19458 16800
38890 41530
27321 35577
2674 21818
24459 44453
41477 38357
47899 45630
15754 19497
35945 20863
24503 43517
27948 33443
47217 34699
23204 8742
26382 3645
42303 977
46362 671
43017 36873
6119 32028
42861 20045
6356 354
20613 18770
317 9310
14666 24815
45094 37094
24696 35198
1058 30709
13123 39892
20142 8672
45986 38919
15178 12864
14784 21067
27534 21507
2606 45780
14127 5364
20938 20337
46528 25797
22412 6877
14173 39218
31850 49676
35397 12905
32752 1323
48225 20882
39088 37563
44696 14111
13173 19004
4120 3613
15363 44966
49627 8072
41802 40002
45166 22859
11810 3925
11090 25359
2097 7036
7947 47646
33656 39518
26970 27549
7627 43865
444 7919
9874 49153
45007 36812
27563 3490
21450 34646
22786 23134
14684 12446
42373 2803
27463 48091
6756 47633
47649 20653
27286 7830
48587 45597
21931 41146
23805 644
2157 42350
32822 11770
24948 15369
1217 24711
39331 47923
3216 12556
33336 2075
44734 46103
1716 40813
10028 13066
41213 30408
32284 48333
42201 31810
34604 37554
33304 19975
44670 21276
19298 27397
32584 9834
11053 18096
35147 14399
29536 34888
16459 11668
7709 44121
39786 6393
13736 5044
35848 38244
32053 37774
7651 6161
3583 4423
44697 9484
20348 19811
15522 36545
14129 14610
20223 44135
48381 49897
41136 21834
17551 11301
35228 34990
21348 30012
21711 19960
39193 17399
14625 19933
38770 40349
43081 40550
21141 17175
10532 28325
32234 27681
14520 20670
31765 47758
29314 4865
3327 47466
25500 7251
12951 3112
268 37312
20144 40562
3447 18360
20326 34657
31161 15370
36893 29656
24124 24317
44246 22981
28459 26563
39784 44778
9694 36323
8478 32628
40333 39719
35017 9976
35520 1768
46557 25075
47673 30870
15439 30180
32725 13357
22018 5430
38054 27860
21267 33458
10272 22869
221 35369
12014 44213
32599 22160
1410 46808
39557 30705
6707 46967
42520 49053
20111 31712
8202 32352
44919 41513
48011 5149
30276 37893
24679 25006
3953 49743
36624 18832
16215 31787
41355 11748
42144 37840
4 18294
16453 21586
40721 48864
41974 37937
7444 5963
13750 29972
15995 35562
18127 19730
962 6642
30680 4896
44287 20734
1409 304
11665 21466
4455 41212
33004 21678
12605 39371
37026 16807
36233 26638
13938 10013
6889 43923
39688 9201
35713 36980
