1000 1000000 1000000000
84832301 18516
339750668 853900
501879188 807418
962015265 264728
252959260 803295
27020086 640260
628070094 769271
869163570 432454
527693486 339885
710564418 861039
583702835 661443
550525500 858975
706569618 52949
421125422 452971
227856906 407198
770353402 710463
194827906 600682
241964844 828863
671584797 24491
307160140 753916
222079370 54729
576317016 903954
798321071 264670
738619848 128699
470526167 214306
252912546 278734
468896528 840450
879204957 306933
207267964 489645
470379448 988638
179914048 371086
878959040 791239
556948005 709000
336550847 140990
150219576 897082
77636485 714947
237540448 689464
339708250 771733
741980248 181590
443442953 590105
636038524 107855
892125998 310233
654013044 940496
66173584 732210
964361860 642031
674498332 174940
246964162 550098
149183437 474648
885949093 478630
182690107 779814
885058969 428339
113688064 406021
123859931 955060
459233665 825880
932682028 29319
131167685 999332
785350529 618590
573810232 314842
856075454 203093
549479427 973841
860916246 697008
903801116 162651
237886707 592902
478910516 15786
769722731 667900
399183455 224855
763932974 985166
722796069 292249
393310430 682259
471599880 419431
818855833 977997
898535774 496201
170576619 883738
268398420 51631
138026826 633928
132886890 634215
259137770 539180
809704595 348734
167530820 49481
809938925 946293
753565714 812691
451841618 608272
835012047 370037
947160619 838474
29643381 525735
204702387 460040
329797299 120650
661020469 736345
886329312 43442
352806120 845635
148653705 490435
521518311 391940
474923893 175256
911512402 935213
313095610 297344
210968160 76631
61246249 599138
620760691 931239
777872329 232851
389170467 789681
173382461 894439
130502645 361058
945240917 418625
794420690 281520
424341887 297237
877316198 389567
532407940 288095
404673090 620064
801970355 730446
149455348 785742
809710563 522036
973402552 958427
624843496 95909
934396449 256432
319377875 358428
635750109 309865
132455548 863365
518589461 391431
987785401 526543
66017676 619872
49391303 158615
40422594 419969
318722575 929183
102825614 274225
42071567 453760
439185436 599920
137661192 122124
800396778 712505
388387336 485655
639648303 182349
877106409 18103
968345302 595047
275412600 482390
427111842 464101
779925547 729556
449568483 347502
573227132 252654
636934347 528120
6397593 177073
827016236 415424
388696424 979821
926749519 889977
875430992 813576
679690559 155823
949765670 320572
134227882 63639
930918657 814413
157876116 572649
738338456 234556
151037923 699189
998263316 229481
615531711 854876
47343992 97857
908205823 846673
902933421 202559
661723596 961155
566707715 759434
838615215 278120
838211396 737062
291924005 266290
870559602 798812
903732131 364784
528827870 586606
304410400 794835
600936363 675611
195081208 295673
355388082 843934
801013726 543033
713825506 937237
155418113 108860
44077174 229496
917791551 226853
131578234 152240
397168653 902184
935800778 427527
297078295 115467
472972853 912762
474326170 70069
306873343 362430
22616489 922395
269199385 366946
668435547 180198
865105851 978391
595295954 672275
447835744 885954
38319017 930026
572932447 213991
784890024 962325
917445973 330724
719187972 817757
867474104 822530
624938449 936011
485341949 316042
88896797 733792
772989004 266651
916225788 429839
479377074 340487
813801050 246327
982496481 519271
826565674 34693
260971199 899379
254557981 844478
943232180 14315
405128426 272451
749552854 538553
173849572 393789
57501777 497100
935214927 762350
951847885 685259
538436650 438232
682589888 12966
791464746 362197
852376067 593026
174377366 202998
429539361 416025
650652220 233505
104823346 70062
588526324 701530
414118886 421152
349404602 256733
694455618 570090
807263424 259897
526466040 449331
828239279 715848
250186658 709162
172917940 713949
99595831 633743
602619049 381433
294053719 878987
213554186 246761
331652592 41093
527585141 614476
154580867 229921
212112928 106172
480217023 912911
898689162 76595
583900946 115457
201512389 110469
762371402 176629
358980395 592354
252075095 389223
730906519 348319
438556610 839794
147552713 191138
281498946 578204
350980422 692147
131107951 151656
409723691 959921
996682544 78522
123349125 796702
509993878 278283
992631181 623298
720675510 501700
864572454 169473
951142503 806266
660517601 993928
764280232 516638
244960678 771661
201852983 717795
777913818 844780
484698548 685915
917645436 100739
253703079 428195
437646456 618940
993472202 261116
861058007 983592
555842205 306264
263639964 293809
480233900 122647
486249163 989054
709458397 864044
548253481 198738
276399897 752443
473406495 718737
962448090 759695
596917377 293361
647294038 968452
304920881 305438
944023019 728763
65959219 798463
876280127 449898
676945230 993548
10659784 533190
319005286 443954
875607245 358060
346967717 863084
911618858 252026
165895818 502672
498329569 630000
118356597 901114
811707531 133131
79154593 476399
910713472 710559
943245619 678799
944303443 303621
697892635 531828
945429824 268926
737290334 270181
119379554 575426
167034767 91364
590902999 966729
998161679 963684
268183962 512569
357452357 879709
604917618 68948
96688356 810677
856737497 731356
806062581 622508
608926177 272523
835373057 195534
483641601 904689
834890541 134317
288147792 284066
285052603 737742
404590761 975632
70887316 860180
487339398 917200
244350077 569969
543641718 295781
414127967 279409
702429632 706847
506473144 399739
607664994 783258
629736130 30467
111915924 216142
725072039 63665
179249223 93808
656562719 705294
699598878 775974
624801210 688710
768434473 148019
949182163 552912
623653673 954708
869074402 520772
542548897 230089
178563242 136311
887808352 488068
54644281 216445
376154980 153068
749732568 205984
779369463 3793
817726903 848828
926183785 962026
746321305 858902
625134903 747545
82408428 656421
390870806 559220
352605301 198132
135428193 742052
781965844 774905
277961162 702521
419359999 360425
717094926 510707
612524319 645686
68560503 813573
356004583 24171
313136975 211010
886271061 46029
335796280 437752
38781763 266428
689755686 403324
422648427 78531
862375904 366253
178530434 144031
649205800 490922
730365435 389437
765933587 613986
576231840 991655
798175278 221776
250633418 540194
813054960 430782
643765541 194829
949013274 813114
725094866 377677
219912616 582537
514539253 601712
474231603 102757
133411942 133744
333970806 34766
340247532 422866
916243085 252466
52348885 32590
882606444 864034
850239327 1411
868258825 411945
750885457 594773
81732066 301525
371638849 451913
617591060 290768
880728768 460488
554147681 115445
3828530 357161
591985044 683775
315683673 282905
202575929 78800
846649435 16740
94219724 515438
461432193 924603
557589756 709601
148728663 317788
880325814 580891
903477546 595750
462415286 513543
757876319 432824
595346598 127888
685847824 188384
901422036 935881
11827769 16179
29279426 772147
819934697 4005
259619532 532643
970233953 152677
444834311 241561
483805858 475415
565527858 344821
148903404 217775
164732738 153017
923930277 568877
527379524 550782
450288394 977085
314292643 82010
537631330 272828
887742455 715103
318988138 487754
210267111 493947
108631727 284402
567109944 941800
957796184 226265
961519383 620794
757920968 497525
254951387 927832
730355805 88114
917003683 287043
316347461 648301
430834694 146908
284710333 922513
72608350 314327
445737005 333225
572022001 481073
718733969 812908
940077857 663964
645458558 679828
171767244 334289
564374513 942091
225107706 449304
945904258 642846
904690788 295498
703653185 452877
535230267 452177
240680022 894990
848397758 609662
269854280 169665
33638077 522736
464427025 896488
659042680 489390
991131421 171270
730302506 676827
299113325 676227
139482141 500187
337606188 263257
420108895 258470
508565048 425824
574399111 454598
567229486 561767
800418908 455973
408294486 655344
856891436 820725
106050186 851990
183363687 343707
124360344 118372
166555609 799481
940237819 116107
967320149 280645
411307208 254127
582877223 976344
861255601 762862
441066378 102243
394982303 369858
51733608 910098
40787788 429591
488494482 177031
197426815 283914
910273780 747305
209115404 398878
658254020 529948
505661953 411017
195426384 681378
258006353 909086
143446776 166639
987600732 918169
740709843 547506
31402309 678182
520927257 842597
601303537 681240
158722780 226056
485484307 521878
502542354 655913
322002668 462937
170150148 226754
314465260 695760
587760319 109852
669435854 956380
940761786 299470
685833246 309680
70377725 184622
586741382 593705
933057846 667092
574265916 840222
908397241 111598
432037924 189406
783550790 11765
688251298 523622
205403226 75667
808080115 393592
204794649 227817
548989015 750051
731387951 429348
301051142 470058
884530872 275803
482721748 466554
814659417 456712
602760827 197487
739299514 981386
16765210 325588
800271125 200229
446334017 162897
362312444 384347
484389877 140234
710650167 887547
87815036 567862
861222679 974124
816904505 445038
438014662 133325
613561817 533152
826776260 505871
835312966 895630
277290550 664845
442411215 333287
402166924 99906
479281254 564607
276530919 371750
9408416 905027
977866824 819528
761088759 70678
6891010 925532
386270691 927495
824255331 21977
84890797 285352
504233378 663443
414554053 547410
240298904 107808
257384398 873393
557895340 390341
721979250 184805
162950110 372744
238347107 251676
245523385 462425
200514162 509387
751490314 219926
360000178 790972
969406558 67973
296709023 571963
86685352 437951
504563067 876911
833916836 606516
468728958 797667
4322587 154866
596318812 511105
731024981 703731
700409599 670036
9589034 193737
731696418 458989
358709366 341580
865866232 305023
914776942 291767
965622478 674007
907642437 476516
941182794 369347
108187015 400763
437647842 865854
955395417 36336
439668739 457847
990954854 364517
828485800 299215
971770012 419268
374520328 444694
632743974 909101
667322503 644404
968282109 22050
431173767 151690
22781845 80419
97845186 188265
421598473 680618
350373639 988399
555292949 838785
89362470 622041
104176553 487459
222050938 364694
813300598 844494
897548485 464333
565875965 73488
648397634 273566
626701619 134421
120397772 291626
592440307 809650
477559221 119751
427422002 822310
805739624 168469
685563591 719392
508200604 366222
326590061 709493
118330731 502423
186889139 339205
424490003 67243
177241477 589633
153479621 153869
895053914 104147
784663584 761222
63444296 289714
726369517 533040
461159928 525124
229974774 482205
123424633 762208
280328720 43012
674834131 818105
938707165 612445
75607582 800154
135013133 969729
885916680 3986
763171325 515323
96883312 145627
330535124 719644
480457332 514205
8373214 547326
198197305 652456
318392946 15092
924380943 721857
555557499 215029
955701931 743704
696293699 561082
513138826 196300
883460767 568664
929762332 548450
828982680 951413
340507279 989419
688142093 784070
677232464 184016
778074248 802859
405181253 494762
987436709 425405
243626202 394325
596936934 639183
51323585 401150
917322746 992755
656592757 524194
16354335 112227
220272763 202239
449146031 217301
622298585 53998
444725481 11736
412229540 101128
708620805 258995
493009360 563926
119470558 632870
444101536 786753
307092626 288507
213184340 88123
179172974 767219
499998379 963398
509309507 689960
611936801 111182
273660267 472338
37051240 618030
658289042 477642
393863964 660474
367091747 628786
71183974 155637
941754582 887147
907587512 66623
728518054 582583
2194182 753102
698296208 441547
601844401 276204
550791374 262002
372894219 35756
564514922 907521
516754457 858342
250629964 113855
880903585 561322
452808052 511126
603833779 132151
705251853 745336
733374655 809152
797577321 974065
920037314 130560
224810277 919166
436273047 493804
530405129 798263
814879580 73528
806437555 657855
965245303 967497
907461405 565269
968140070 759169
872572425 146775
257715257 47044
854928758 148303
655073422 622677
192763307 682039
611739820 196839
154170889 380839
86570593 129498
107350249 300795
743593474 906466
703463260 519237
433882324 856075
709776413 910349
396439018 88427
821495530 493604
694915317 156988
222464635 466674
503312596 704846
721966192 784246
438667673 20045
359975685 480979
461890935 802541
805058155 68790
26713623 27322
791107930 951020
520588304 186878
687399051 511078
171092092 647205
948343843 265030
194569761 170304
687417628 53666
40895894 435485
132434721 386177
877309718 259924
139473387 426973
653412525 418876
594067762 671008
647220508 545987
339691964 290373
179546037 421409
199720149 287117
846764769 971195
227537694 10824
985438480 179467
226663787 452597
429307794 236271
560220860 299823
115060811 245247
476832623 521896
605721301 305202
497289259 685508
193006055 161087
28815589 912176
825061231 550044
433378132 213547
696136300 599061
545942998 121315
470059311 671732
760948880 822094
755965109 54430
847273514 621613
150239220 658924
954856835 820422
253547633 318932
478679674 157944
98200448 354475
150576879 320939
893985544 165682
624767808 238171
660763201 954195
846575908 233764
386285162 740718
988504139 574475
593771613 279559
883055741 500148
599298278 535624
103124377 60362
944701506 302258
233634206 894060
825617190 983387
14322941 940097
216499304 22832
475918170 757973
676823914 130607
65957285 475156
611628910 310890
373945598 689654
706947782 321520
370433226 41619
936800603 181910
52237961 327068
709476892 840712
266508358 970058
519858762 5706
910605548 902421
332804254 128542
991152933 99765
113450361 967718
463068009 668084
493124363 769383
829652911 660945
684077796 204780
260799267 546517
747592093 640475
598585178 783044
386366664 428168
447613804 432896
47374058 754796
919465418 737176
261922076 879754
957800724 540070
884231327 631491
290194398 225331
686199978 308317
865384314 377115
32835159 938479
831915798 408781
826022886 70905
541198525 921917
133609531 455921
172612589 312955
270961009 200648
611981222 888079
325809866 496337
208444536 692864
445821197 957500
561167066 944834
923149604 252604
211918986 249241
921264217 650035
633683025 67591
733900555 873705
153130874 785311
266132207 85861
433687745 958709
666544680 78026
220628451 834563
167799136 628277
267835250 298348
386719463 455388
788131530 378372
825655489 161474
545198560 280134
304829180 493838
831109562 951756
159643409 359130
696443246 554595
185134085 528249
36288684 444127
516477853 824631
948995776 581324
728894326 21683
670703359 330435
562004893 126994
156916941 304254
671285784 881035
526003862 829483
519654389 81262
387041655 31913
788329218 424479
473291057 880155
526843426 243145
128314859 733389
109862743 242410
523467907 696633
426539557 148560
325253611 721246
453074646 5368
447080836 958178
553204776 824614
102165353 408615
762280073 562833
687082212 570312
881056832 410926
592606640 332513
374319587 205113
500683318 952060
83908583 886044
941710933 978263
949056295 623051
878974713 192490
678950378 462726
226210844 769313
294546417 860778
10994139 836906
792164737 841661
397170307 868580
277095208 264941
894241019 633382
639057733 586121
207689272 11458
82176229 571094
865767320 791443
952884159 290942
941411674 702934
295219406 410470
678697337 384607
483322016 340802
872542324 334089
534931887 455955
358242924 461613
829969276 689619
677570716 158551
388615739 777578
526718646 384621
922782421 244262
225658647 344022
99004130 166717
339576560 544704
447626530 985176
629577957 216170
853689099 390625
348310334 490902
839696051 315155
758810123 731753
45423139 273233
280591324 183616
332874211 654450
100373162 703605
254528949 483551
384381529 762153
916903474 129613
841094771 804104
658528069 185727
729345896 251523
236017376 754952
815923684 215087
259434121 33316
342366297 464898
781973042 308953
435628357 743405
197296838 897048
368300859 251158
844490074 803126
821013651 909822
389003031 115509
669570763 254743
384935418 72062
375210863 741809
247181638 660787
70770076 501666
835765746 530776
869698532 2146
448734874 107325
821978415 296136
476555097 502523
716509555 213823
500648261 43399
581098461 948408
190395456 485902
897693825 614978
834393160 296051
165677851 276100
454898891 797305
567269217 299543
695386575 141429
592660800 880979
344969455 385887
645831446 339653
730956809 799495
894672484 66433
869950322 865941
744561177 99301
891557006 961046
600532540 214905
632184824 330533
684674317 182632
781229568 560576
954135464 63254
770751221 664659
655325043 828044
942211209 98585
397855991 298084
261035205 247335
164593272 337809
907732006 241773
965915434 521644
534953065 675544
111346622 515935
333733951 714388
54829955 804963
354305318 274565
614886589 240745
924214588 438813
135109731 726543
554910661 700424
205948208 528015
996699638 894736
299199145 293894
498976648 857243
692646507 761678
575747309 361963
747125924 401503
684150579 380092
544278028 529997
912074585 912460
564438127 113868
