500 1000 100
812245875 517
982180188 208
150054869 530
910464491 962
474913673 445
953881806 609
304911524 806
719100455 13
943539352 758
63290108 442
66275088 146
934759755 9
136681377 948
822754122 967
698408933 73
166539627 237
916143340 350
950364129 636
748326788 346
761853805 136
989420352 800
329188280 713
833475624 437
220889486 78
288242043 829
305362412 47
692667208 755
609104938 966
929441060 208
875851885 67
88427596 775
795966989 728
671002251 1000
889168671 131
400426361 962
526573317 555
619523778 811
752284380 137
337666305 600
506709704 826
40057678 122
332696206 429
552690533 395
193792967 804
812594362 962
86384392 753
820773873 69
331708966 473
790196593 179
354289813 749
306045819 554
104843694 895
611478687 652
581753771 102
793618578 834
210944720 65
2279590 981
273449521 595
262602144 959
536294424 459
605048592 391
798995926 815
20183750 243
971204057 659
605965450 573
149857248 338
40026560 996
343222406 949
897407196 195
313073819 791
170649354 540
583725232 46
887120851 152
833841133 997
528702313 173
259026826 188
326359994 144
601510607 267
433672033 451
603127187 743
236061518 837
656812623 855
712679187 62
549158673 628
388766105 930
86950520 451
722031416 271
185126939 220
739175852 638
336397302 14
286352524 90
331312139 814
111355247 253
372007290 34
643016169 641
842088503 486
199889525 899
939974883 48
932406792 321
707714921 869
638409373 335
750313357 787
297782711 169
368994279 376
447249355 990
589385838 700
297801508 644
212416191 878
494879818 766
119106124 965
259029664 792
451592897 389
881405449 18
365203166 445
328636518 976
160080200 381
624332838 340
862118881 244
354246697 333
583851036 63
700409615 643
939899383 785
476484822 635
784645795 14
250371822 164
299483887 692
695499836 271
766639910 902
31734340 962
598122007 504
157471095 60
460846127 756
809095354 738
108508323 114
86177773 702
710662925 698
628929478 296
870531030 836
738934662 704
314310840 812
494451125 117
43505909 214
398298129 281
963232453 323
62466279 689
356526986 782
371783255 478
585448387 852
788138684 668
633805812 805
592880455 62
932003676 331
690082434 659
636077491 147
300832224 990
251342468 942
233775516 565
544821447 709
247659013 542
31501155 797
365241531 600
232888466 470
859956920 58
897906853 398
171691444 906
644734078 929
676058024 660
478614680 318
961736507 335
352485149 306
529692171 75
642032237 790
20689154 633
170592937 692
506039108 752
159677664 264
352389499 63
23170862 253
36351496 386
699895360 872
440640781 69
567569300 122
722704451 132
134847707 949
279402203 252
348826240 252
175248816 517
470116067 567
845857843 111
977134878 90
377086142 507
639161799 626
626881124 435
238487663 387
746846305 427
105109213 54
716308225 16
854091857 316
457692391 181
522540328 603
85439972 261
154305751 167
246476772 946
405188325 270
75169952 955
328452185 422
495923430 916
396246448 770
329977904 265
943022277 724
458456224 401
979779613 166
851454317 675
458790250 848
526645738 584
104769407 317
302916342 865
989698713 966
843628120 341
89825826 144
739192332 16
476508671 466
277881352 482
613407280 573
891727357 129
619790743 455
158911791 322
644260674 12
702944262 225
654162469 621
560602337 704
959947371 359
107518389 102
767717683 331
97316726 441
779409726 3
960562079 377
973062436 53
123320872 997
763806542 46
595229707 708
292544663 164
320888099 423
901304120 678
512383896 643
65583910 336
140497475 321
192779918 67
78238845 989
42471512 589
578182659 983
352455993 224
331138234 350
907040371 865
780905480 304
650000010 250
82821746 942
850124307 634
495562421 835
152108136 815
525908477 861
494924724 122
525720115 115
832512728 218
17494426 703
557411787 653
773603585 346
291562317 62
110361577 595
176070827 689
314808083 493
677001640 179
177004708 11
480045435 716
227388904 2
517340498 240
966220617 989
816966519 885
457568728 596
878912995 671
285779819 572
787922923 765
35679814 861
131964695 361
381815283 851
959075659 987
892927930 268
781127452 536
729173059 44
489642344 40
294275609 205
362151455 350
491993175 850
704975063 889
7301415 82
454384632 416
58351404 729
257942998 723
711707945 276
613742163 399
619695107 503
407007201 176
300519413 585
671914426 77
30028167 314
531089799 435
190739207 183
539410669 540
598708504 10
503224286 321
865948558 504
178128255 738
602711427 578
151426190 760
713524447 920
150152151 616
883580826 541
357390512 512
924322929 284
910091145 259
588917512 442
820883152 704
116497076 582
430273272 282
50111467 787
90495879 782
804767991 239
50867954 37
634094400 729
317164317 681
688865283 478
814102856 186
738653250 946
302287488 285
320655412 762
757635814 243
730887154 461
425646423 48
173192072 225
183730868 48
581422976 479
230467573 269
797180261 996
754549180 284
964708474 571
283681230 207
986851088 511
997991057 157
656552413 549
771192657 301
2608391 992
365297133 356
461930825 381
267700404 396
327684585 797
379249345 782
556983071 82
869618081 477
347590316 990
446745333 597
473324558 88
784090696 867
449429159 567
396751029 602
346466255 58
563272118 756
461228314 678
558256612 211
66524537 976
825758056 684
155339603 314
626077711 492
787217067 595
861595140 379
776893204 207
756384561 732
297458371 490
161081153 904
573464924 54
534032609 386
423935771 422
388302212 686
692564384 172
106137522 557
840455079 324
953679009 29
751867507 370
8646585 942
523911375 714
78850663 286
163380200 887
596439516 530
741241303 227
35805811 442
934060596 335
739953204 660
577240492 312
625639857 586
905806662 306
884692002 897
180242416 179
883606873 586
269651268 994
197540613 912
284476912 259
767051302 118
949256936 965
114025447 246
722002778 455
864436139 882
168604120 500
287909313 794
968966824 833
239243022 369
42229272 63
172201195 230
162477514 196
951399703 920
75943293 547
956518527 896
353813197 59
709077305 548
1507955 254
713611934 642
35552120 831
519268020 395
886894191 330
487791365 530
224180279 240
141836466 820
838244964 444
780768161 135
731738214 117
681209308 970
558726668 404
860875136 366
239722739 192
950883073 988
1098051 31
341716897 665
79562818 364
83922762 903
756373338 61
605831141 482
587891005 112
821634248 875
685114622 511
958352002 410
118223448 584
204683494 789
514599215 60
696340528 530
746260902 718
327291697 684
148017 212
277893306 546
851700165 828
408420643 389
370414170 111
456908609 485
509305231 56
740943054 552
676840885 211
91860453 454
534632577 65
490795997 131
164903891 851
901304681 284
282987211 487
552808929 376
988354089 183
431079064 933
483979675 845
967804067 966
173217585 61
938772944 220
858601676 287
995313885 485
6621397 75
731933313 691
342843458 961
622503522 305
586300495 277
904724365 91
151207536 100
758990091 563
555229295 171
165121955 104
894991511 107
646824746 847
692387597 670
534053530 633
273413256 107
358114654 713
398334729 888
670234366 437
171335374 456
807236109 317
558672659 125
112323951 575
