100 1000000 1000
176 35
338 0
36 35
386 21
145 54
248 0
149 0
60 55
163 0
127 0
121 0
474 78
37 0
315 0
258 67
398 84
8 0
166 0
443 0
214 0
57 100
387 15
38 0
103 0
321 98
328 50
234 9
330 60
264 51
148 19
105 34
326 93
303 0
477 65
144 68
305 1
253 0
477 24
356 0
217 29
77 0
188 27
494 0
190 17
38 91
179 48
187 0
4 40
120 0
457 15
201 0
284 41
462 0
450 0
317 24
10 4
119 47
75 70
18 0
112 0
427 77
75 0
132 0
127 0
45 46
433 0
237 0
109 0
131 99
419 11
360 2
187 49
438 0
340 0
1 20
447 0
290 0
470 0
312 35
191 0
137 9
180 0
327 72
300 0
162 67
105 0
77 0
173 52
479 92
395 0
294 0
183 0
393 60
207 93
43 0
139 0
107 0
228 16
311 0
402 0
