267 57005461 8266610
4101158 735384
6995340 73277
5868249 670887
3762659 145118
1043578 667715
2678133 602274
214965 483222
159359 157082
4522528 868382
3843803 240016
1412878 945134
1213886 563356
4450254 337341
194590 300488
1385760 711272
4556095 244448
5714650 617405
5972366 642575
4910866 648727
1837293 840860
5378455 641042
2319670 198703
7286714 897094
8059461 251342
2390769 576305
2723080 928888
467411 547188
7944870 694733
1119673 139528
997042 188490
7986550 150940
3614380 162496
7808652 43224
7983556 317266
8134312 731124
831296 883754
5442165 284814
1945852 645454
7800450 492591
1178233 441708
6700035 531543
170908 530363
6587268 531926
5938164 578256
7768296 544139
1060819 192322
5638043 58729
5327811 236302
822414 354667
6209014 799412
2897778 603253
7023954 715151
8118849 869538
4716266 817993
5411105 695860
4827824 909254
2240584 124181
7139684 679954
5713219 254939
7426303 83523
7492997 850558
6421833 538433
7515770 135594
238226 688051
4852452 638633
2808576 256511
440355 777983
628407 314951
1949670 581364
7708661 426141
6157699 706660
1805079 476733
3781737 145250
7662347 239314
7791853 774954
7554593 479536
4862443 148045
5742149 530592
2384056 265406
7591756 417056
4181546 307940
709610 162042
3205724 79649
4494675 54617
4829693 642417
3285583 441857
3493665 426505
2986971 416133
1579954 479852
7211232 9544
5882712 334387
514292 891013
8166386 988359
1153318 993734
504498 39142
3999099 10464
489821 3652
169732 690074
7213706 77802
5647600 269155
6741904 787601
7422104 360687
487188 974438
5254064 466822
6044197 475526
1313892 643977
5706888 920800
7081788 137419
916291 972710
6245182 125147
3863050 895232
6215027 145657
3699599 638679
4003447 59291
1302669 961044
5232287 724718
5806900 275081
6326165 732438
5039738 867613
4964706 305621
1193596 654965
6877218 525462
919722 249745
176697 27381
1755776 794789
7927615 810179
4767117 73430
3980189 111097
4251560 875210
1763133 18086
6463657 544205
4925329 542688
1207754 727391
3684019 44903
1114951 129221
3237682 651924
2265484 439711
7580325 84650
5536003 908758
2987823 724983
1109465 439199
6965534 586920
5108802 37635
2328355 487621
6586355 918383
7666332 791060
3757605 175627
2995895 777638
5686056 95963
2087422 217996
1636307 230689
3553105 654272
3538851 811965
5582812 316660
6259064 151324
7134488 887309
2070493 838453
4717634 840462
7749997 714046
4006647 646600
5336918 523865
3145520 723600
693866 744555
1300763 653560
733285 50942
7860863 223186
6017397 429852
4573631 131709
6339756 933609
4216746 878894
488268 175080
6323257 139785
53337 554125
4585587 525945
3696729 700959
6517648 91763
5505113 325961
5302208 735721
6813580 353475
7596519 47140
724065 572079
5875861 565501
3653641 269243
4838054 608131
506218 396715
7209719 141723
3359087 667468
8153655 111199
7993806 472665
3462306 697618
2818004 888157
3782108 383353
120750 7130
5522034 981112
4689699 438303
2755153 302449
7664333 349339
5524566 135812
7246808 497122
1302918 597290
6797865 35231
3003469 540926
6579471 264765
1906405 118727
6043954 732545
8256117 386916
3317395 31794
411524 755610
5683948 783452
1297691 64143
472278 210414
6808954 674511
6866733 796284
5769595 101083
3300525 164855
5770915 607708
6171055 611531
397668 226598
7614402 394376
4567720 776062
1611424 785847
6865046 613298
693989 241843
1655562 639079
2590217 283125
894184 551923
4368041 103838
1932125 86581
4017027 143689
2122939 340292
6383843 312186
3853517 394638
6472432 331332
6552399 508430
997788 430976
280561 581044
1799578 548756
5613463 377225
6797024 231449
6133755 235917
6660494 908742
2929524 667129
8111786 196939
5167485 241362
3901017 687297
4063238 605571
3159204 551232
8027914 708387
73991 696229
7806856 957629
7385589 379769
915812 707228
4776341 50336
7064038 920864
7954457 879854
874492 248390
3319135 577329
2462604 527487
848037 792378
5587858 660151
2322947 463166
1632283 329164
7213333 112278
3044225 538386
1185746 522477
747051 276695
3256801 439508
