1000 1000000 1000000
198215 171
453231 814
543732 460
236470 811
717329 633
10335 110
985940 633
536403 502
780542 960
129719 81
352468 864
118245 697
42230 760
264364 697
308450 35
888075 695
531211 605
430122 679
494719 671
190297 483
693093 351
32099 377
649978 446
284935 930
633191 520
836735 633
943927 97
488913 492
207959 668
943453 252
589803 715
17279 401
453014 739
497924 364
21321 544
509598 461
53925 470
390938 273
839853 84
101936 916
961902 651
982833 971
402266 616
106535 223
191448 914
52804 265
226195 857
376339 205
432071 953
401339 322
863159 84
622618 477
519247 581
751926 453
486494 85
965586 545
379706 286
131522 492
48575 752
215422 711
380097 71
705934 731
800132 152
574636 813
646216 245
201909 338
231849 734
190828 109
792738 564
800597 388
935746 329
116572 443
244374 45
503438 469
368781 523
250941 366
586047 59
900155 609
543564 126
481220 236
859217 123
154414 828
952342 814
328739 966
40115 926
137893 855
461137 538
795793 660
936493 227
712881 830
351345 239
636390 22
666118 596
805032 36
354905 212
537209 643
661913 269
598315 955
2009 349
41403 417
884978 773
312953 43
203437 349
823565 867
777479 713
213278 592
452454 865
88478 916
573897 740
277322 835
285502 531
518879 550
406712 33
395143 120
18563 605
115716 299
710620 815
868031 524
348036 583
86722 312
176740 856
515320 461
847156 872
358080 86
794045 854
666009 346
300038 618
456497 18
434291 570
872782 798
851930 751
904116 691
377817 679
413524 287
735124 367
709476 653
738231 558
441881 86
609388 974
331411 276
79319 913
408260 675
922748 172
347832 755
655753 772
944477 297
184250 82
7973 262
406956 17
781161 269
386713 937
489829 115
848949 85
459572 971
547601 272
636819 798
428488 845
634381 552
942214 382
287589 969
996465 742
42494 163
568831 306
441971 443
259663 902
524530 775
210707 572
561115 974
159736 362
544023 153
7869 875
885660 759
233118 470
602700 152
327045 464
59296 934
241369 619
887875 885
284448 899
545586 356
69597 519
776946 65
384534 752
256460 776
269603 530
986985 26
541801 445
617671 582
466406 531
567227 159
958194 885
952960 438
852082 976
894073 281
337085 585
777259 393
475560 359
402895 464
725243 97
878666 779
784426 100
614799 84
999801 283
206576 153
277188 774
921684 285
871974 193
49097 121
759961 336
534 14
94204 99
457434 584
255333 509
90065 210
41999 329
240364 27
123101 707
277963 927
980625 92
106061 35
796392 605
601079 203
261363 184
583207 305
372257 686
992809 334
515174 299
970747 749
810540 752
694366 457
713388 365
532438 660
359248 682
372051 506
752860 981
805352 861
994961 316
217203 769
687323 887
925014 227
220713 919
283451 855
269774 499
879566 269
168168 225
402690 651
486220 741
750961 991
324308 757
295900 889
85578 404
750253 438
909752 367
64480 443
171129 836
642651 599
718563 690
755463 796
933409 117
237056 725
789719 479
816399 703
406647 328
434869 393
901355 141
786878 11
680298 975
510223 580
913120 525
661690 156
916236 369
371818 917
636169 788
102066 978
200617 478
756061 572
570073 389
652515 37
422500 642
275993 315
811300 716
290765 744
560709 869
786211 695
755257 821
793941 667
659004 202
841886 489
662513 23
44494 122
620070 334
535298 254
366680 976
529432 746
210283 631
763055 502
210390 114
485634 412
312313 5
579991 691
139745 351
289881 658
203959 133
877073 1000
746370 890
658504 558
853233 92
824856 496
542298 395
386708 976
662030 949
336727 481
555532 4
786152 760
987770 691
703720 198
923895 707
822018 981
221985 575
60606 546
423220 453
889991 828
647955 39
762189 35
51877 476
471763 836
861299 708
766378 414
315539 489
557794 989
938050 623
764590 911
701207 288
252576 755
515641 128
323998 655
562679 282
990743 193
902682 260
134574 431
969796 305
321996 770
500632 107
659906 835
341117 837
233349 613
367942 623
699393 460
626381 886
212203 1
561312 793
616848 522
309164 416
321214 612
722461 274
634540 67
375988 417
84436 577
873087 851
376499 662
293632 925
600842 627
714930 87
173229 796
337758 115
919505 29
47624 259
763544 354
181934 718
509356 193
190109 601
508473 33
66112 529
168838 194
213873 835
97511 97
404070 233
885890 627
141469 115
626308 888
9726 927
75583 584
949198 116
20563 174
819066 627
30170 402
557238 901
179847 505
629158 935
207467 254
41510 727
290136 649
755467 165
118999 359
632260 16
283777 837
470907 70
310737 549
857218 415
96971 108
164454 842
951676 8
622916 332
356659 407
881269 39
481835 452
399390 456
181437 789
763661 936
441193 283
685344 756
660197 887
71462 507
698262 357
527037 49
772152 80
445019 988
810231 399
617923 394
469965 881
189208 672
793166 82
209114 107
709338 158
260254 235
476270 793
672113 935
838244 83
950809 896
569246 826
202020 533
618821 320
188370 858
354099 149
258497 764
698311 755
841167 278
860250 966
436184 387
758341 868
907777 794
484481 964
133745 381
663016 914
283375 17
590896 409
457392 257
749756 935
584569 176
807126 977
611705 785
694823 916
603675 752
568296 852
189606 97
205886 775
392268 996
752899 47
748631 660
161184 163
33041 424
184998 79
108115 765
962398 40
708849 957
337558 663
177416 916
582483 730
725388 941
580243 263
773073 232
207541 35
548522 15
558017 801
20547 365
897678 540
11012 778
238397 850
512057 671
527738 546
304101 684
84910 390
404054 199
226378 317
842729 713
518469 91
237730 558
173907 608
23669 12
691398 897
978928 778
13014 878
573889 99
709331 258
16969 244
593967 687
284396 462
509012 315
564571 951
376437 283
195327 660
99969 508
258306 773
390483 230
707415 893
940340 185
880526 305
899166 540
851809 271
151634 84
491365 521
227288 327
407148 930
629343 455
954287 964
944705 293
888773 626
276148 190
788432 626
875983 89
695016 624
604006 247
627282 3
941289 352
26845 39
761124 168
652372 612
92762 289
814504 545
716845 701
386373 789
750174 30
529520 309
813879 689
358219 833
860164 616
440155 919
584406 712
76038 244
440525 182
331994 574
88508 606
756757 668
612886 500
931676 934
214895 175
425847 624
830644 397
71416 351
912550 846
781486 84
743730 144
403467 563
528405 282
625030 119
489708 262
146170 862
796965 208
389972 165
588219 568
64733 549
722165 542
445331 800
904831 971
317032 338
873736 289
957279 737
501797 730
91570 424
419122 782
611329 398
756901 205
543536 315
597567 368
598494 992
93026 182
56883 488
138630 253
401357 535
875381 339
13223 637
975268 60
589666 817
101345 86
138104 746
423125 571
421027 129
272727 555
759398 227
790336 512
622241 693
400278 640
693224 673
99044 302
551702 743
63231 94
355350 443
945669 381
233882 391
685402 609
18166 309
573104 569
984069 99
965167 887
246540 864
404899 561
540889 32
804413 352
498038 969
942064 94
702681 257
431805 809
591986 367
618950 359
858808 840
365954 109
364851 816
123563 317
736940 482
356880 727
14292 890
182455 39
8507 10
379714 933
263358 206
883554 621
91422 870
250779 176
839185 702
619219 194
893076 824
871968 825
651442 939
632639 817
219729 456
719925 726
47364 184
761774 677
85253 223
207759 594
104675 481
270778 7
264733 947
946126 555
179227 482
322584 673
505209 226
260342 781
110399 713
30881 581
515263 820
881616 720
384091 222
159770 830
418309 675
666982 132
943299 169
188186 82
110460 289
746839 575
963536 281
92175 805
326292 902
462958 729
508846 308
645937 859
557661 258
138191 939
409381 275
804705 121
858725 761
114347 442
58078 453
667731 224
979862 643
765077 886
142100 756
446555 708
718223 654
837334 368
535887 289
204534 14
73988 88
889914 992
950521 917
583471 941
116814 9
249063 415
470507 737
31751 503
384546 874
306994 965
782329 300
4469 563
544982 600
175700 25
934870 985
699172 257
404136 728
869471 102
15687 2
341380 396
305595 256
437411 709
363306 409
68463 953
528232 943
526056 846
24481 419
629850 47
95238 188
656107 550
208230 933
112120 39
202540 931
996587 780
655005 6
456274 254
405769 220
701632 258
551103 755
911978 534
277506 763
510581 493
338962 721
270895 665
327561 862
41708 452
126909 581
134226 460
819590 249
968481 37
470773 397
198060 282
692917 243
508970 537
92682 717
45913 372
934277 552
19864 375
856218 584
390825 987
75855 932
743358 975
891406 888
282556 499
600711 713
965157 111
753856 325
91057 497
851310 361
323913 294
318820 584
153368 871
882525 886
874639 918
330507 158
141917 451
876591 360
47388 645
627906 40
335891 655
740191 630
8867 642
150048 340
926205 197
453971 849
734860 119
28102 294
630992 836
816301 68
976732 912
98409 157
390475 56
504180 536
118106 957
528482 295
780461 747
261881 350
454794 193
326296 475
851494 322
216612 880
19059 706
525529 437
448215 725
957513 211
723502 104
806191 295
682237 503
22745 84
151553 903
827755 206
775894 806
783802 915
333924 513
524693 64
3334 430
464853 903
873061 971
834547 24
365887 132
855625 58
584677 408
526474 329
263400 659
118376 257
709224 264
211508 776
873343 87
684733 820
392820 285
389949 135
891039 865
724499 660
636007 733
290310 39
610077 872
14967 421
915309 871
916035 751
968367 562
815225 291
293814 495
160149 252
819231 767
693617 556
290181 578
340572 979
257100 192
297485 155
442770 232
746265 213
867080 176
427813 985
718554 419
697268 681
923160 618
295907 509
632394 31
573573 503
772666 198
560931 300
116722 802
358330 943
439188 679
483869 99
417426 994
255840 763
85135 277
621820 902
304174 134
932540 900
618990 754
76832 799
448398 100
395196 665
401989 270
258001 116
852540 754
835760 466
291012 178
342335 110
808375 487
814578 275
521408 538
952501 265
652419 435
387544 69
503886 439
406624 690
692742 111
259813 516
374182 206
472882 449
623600 271
558998 339
620402 968
570338 379
31281 818
472069 869
551432 351
955410 747
996459 204
865212 630
318556 184
99297 168
492303 752
513502 733
108086 834
430422 440
950544 247
587741 65
343170 499
466568 919
489192 538
936364 225
23503 991
475628 247
633737 544
551328 500
716694 458
199345 861
83731 913
216198 734
292415 793
766957 953
807751 805
17437 621
619777 300
35856 908
576828 216
605109 862
315277 412
705450 146
561243 787
803184 930
251670 844
834723 307
303835 865
208208 932
273392 746
528546 169
571968 410
529361 355
451742 200
676105 157
956283 443
281470 899
796128 881
394471 334
10396 23
998362 951
248333 186
416641 203
341477 255
634715 169
197064 764
203495 329
161527 512
130007 441
599355 549
315051 456
654736 7
803050 724
535820 671
440028 731
591276 782
428648 583
995865 38
270924 708
393383 733
675666 430
536853 662
261669 828
317332 790
585812 390
6494 74
197320 874
773683 46
407776 616
776039 816
566641 180
491905 7
478336 689
581370 740
804691 316
13633 554
723226 774
692766 242
868354 452
476662 793
68511 826
925081 52
208241 563
145988 889
413604 502
105303 900
168670 168
35737 667
796162 126
141409 443
105828 51
542220 533
404713 640
615902 286
261427 141
308555 602
777792 535
943501 208
50238 645
279310 790
940513 541
121804 244
77438 728
987791 325
978889 843
258629 294
695490 973
482756 636
