100
73
702219931 946019642 300173946 614008409 517193837 227242695 603563800 458392238 171046984 448840165 632825322 723498442 911170352 123265116 374455103 843908806 86424359 976177019 163079706 868679673 279896134 938433490 420205548 673741496 952622415 238716694 884739335 158472197 908098357 909917899 585245008 917489694 969481679 224661556 912919366 399156861 693947480 19308853 669433601 857483322 359029257 49623937 531256705 666858990 41565765 521549903 714187075 455659858 422278112 339013848 223748136 506136763 391214476 19748868 934089384 940938418 720180685 240111900 138409486 645897032 207248054 210035749 238375091 320757891 894908268 734243773 391747439 513149696 185614079 763176024 515450295 527450081 711773615
35
539532393 971179683 176854946 151752124 731548736 830206503 878183357 35000504 393363670 95760402 526903555 536527262 86119241 724418980 732887505 128270610 640697348 849414456 828667172 675472258 734128556 595997571 989137341 82114016 862930739 798334375 922465970 787154032 499118925 433206461 948640846 275692699 876991545 823715468 324513197
72
480651608 853691981 510347623 866528945 918357257 818477532 230464982 782946665 194523595 899770797 314487492 210031158 291196276 294492998 212128230 739378097 105918203 420613293 282132542 307702523 894374607 474665124 211415335 114239572 381449988 626206954 695225093 130307759 401168373 969711215 179288628 566819229 676450965 608323878 607633999 575318997 134347178 843851392 421005668 677389852 552456064 57107172 184425733 68567631 672710487 644926799 582875479 894682274 669524463 916896252 730782968 421484614 754821807 580941004 694998624 112110566 884902649 120743889 760540332 201814426 307081087 785197281 390810194 738976461 173503193 824797716 314007419 56602415 318976497 55953747 594492190 359021558
97
881363799 437957718 260695517 75999921 906203044 302517943 104793943 938999209 617010526 17073321 216450787 118318097 323893267 463369268 504775978 878890522 252801811 641878863 407803900 289552794 165733456 757196773 4323832 554973934 194547434 366236714 330280333 586968357 540167541 171085053 627991472 206413955 732097603 957186222 262560249 773196815 420880732 684090213 17160437 802175079 193608695 747887360 576769376 616096087 370335105 358266200 76523573 409348008 26165427 715417988 942431952 34973501 543356458 520045891 502531198 73813635 547004736 621489985 856537828 726417067 259241016 19678408 149326888 413646622 452824786 263899602 833900840 253355495 856156517 988924749 814778258 236361540 565198186 757642993 788019888 850735903 920767304 496673475 540074724 412630139 842158781 514887545 530354721 169828279 383393476 18575945 728892790 357964536 59167718 366431998 778392013 583783733 546882296 392821195 833413151 620390867 514528231
22
865782860 397719565 38491754 274720360 832397264 262058456 278044269 147900623 994536793 693930788 699051310 844100432 753122316 312629546 946544736 809256835 138864276 370975389 11650347 868677641 891472313 164966393
61
699769475 982345237 455152030 476574776 276038445 483785329 259751128 551273018 119984351 768717650 839195060 910881427 276917136 883938243 406340617 364821833 175477736 48013869 330247826 601863666 842277888 414527919 753239904 820092328 9686644 716957277 938921300 942042794 735329253 100961084 397433926 684936608 655197396 900526890 434971802 40710174 447402403 851115685 446987125 834213426 930296894 939235853 440181307 653582228 868707019 267997526 931234526 785017564 584733022 571190430 487734638 989726433 284783447 337547103 510366051 371216426 891274430 953676618 338647079 177789109 276395961
18
662569180 421957183 292589765 367783444 563601726 503701045 863789396 279323044 605899088 438373687 594575766 916349062 442517632 556720819 850167844 777793720 875284898 571483187
72
7312925 337855991 864053436 260346116 503380203 39024487 114106518 594834474 248584562 339690688 859299010 924272682 372585372 189353801 99793504 223635133 842020674 687485334 143104025 455910755 905320146 981758191 319932792 550786668 707847171 459104418 673478398 220148126 759255100 299486085 242396671 490748832 491562570 528243244 948345226 473259950 74093815 857847400 1072937 517014845 332031860 291418948 431008683 477498537 126806193 72416064 25287535 502850834 41271095 771720032 501469420 372608836 715090763 29397577 713631097 181419165 790568156 794059599 740550289 686442761 579513053 380364000 756711009 42116910 585906321 426540626 711695883 337358816 767406692 163302753 505815780 801615258
16
148168641 4972416 426289249 566901230 958365163 393229318 916040680 882294203 262551342 565350813 636183145 193115859 565749590 493057799 245023083 394002273
7
912241688 167057452 73346726 646142627 354052839 334126947 248376019
26
437253971 844402811 72527616 452122891 535805861 13542300 276525892 296254907 565548295 950365793 984197311 803997153 534334537 448203045 654804669 364643630 58798542 469501899 308410424 418961335 836675853 73432245 796487741 235320803 548255481 36069360
15
622721169 680775328 913772466 432352955 330860070 285784399 549608616 438048962 504541353 686355711 538586356 764823439 998915611 147391558 709693177
83
856157806 200565854 184092644 618231278 559777412 85266606 894515920 295629320 337805561 863996214 190172912 615613691 895348429 969501575 8579154 317085977 742473928 103514003 971682117 366324455 565234068 150814207 536399747 295039461 486252905 771849495 408565063 324551191 541720439 557761288 269571331 519846897 72350816 163484205 248786052 662419147 564112820 309901655 306778963 315697014 5418679 706104949 906942909 947481314 49561451 914194668 324521834 627334719 853009001 733014434 215473443 659187520 685121834 117427003 398274833 967536067 479928876 38639126 417608087 671174885 814122350 344047402 70350549 287943120 72057347 173133662 869573389 785043023 314220364 79395645 92182543 476602997 977143400 718794702 996256608 304571667 396759389 266144822 65941751 408176713 182810972 279157200 553487862
84
115096477 774435111 918474947 736331116 93982542 819782170 906948514 134807142 205991135 96398486 213370254 777483415 95451481 950503506 465521772 27896637 965463851 113118306 715097438 37415624 678306753 881018638 221110891 276678957 678121248 585797564 376606920 553474133 692184305 436135976 376908194 10116190 114054178 488981074 377415812 365893879 181301235 683742068 539820023 247237561 127135161 157388383 52556300 272597452 842402260 135553938 805129289 904938196 105745696 432197363 225363188 833156086 311511684 378677637 51469189 698570502 956738609 429068694 340615001 682950976 664516970 495253051 790917264 177410730 542758207 466881277 724397127 469462069 348000942 997721221 725376515 46543615 803187857 431406052 455000816 583996547 505159170 700972765 658362471 208839020 899889026 882845745 755503904 303614373
85
955729649 961110316 162137187 525391597 379409455 859655061 199791185 667953258 518045053 424806542 267180810 721219983 431802675 669991234 219233474 27457174 575925438 989189562 879137613 453397841 704581979 871943437 900125022 90852955 526021712 579829027 944266575 846424689 592635043 440237974 489291815 262835180 881512332 910134592 635491562 363222791 82900869 365740659 495187918 873088789 592342670 698339733 722489328 968331494 35084077 619095258 792193115 695171969 808691664 718244108 119859271 519788005 103958761 535541363 105651868 692167711 357817715 498716967 839750783 39199499 683638904 204362674 625467939 571867729 970740042 529614473 628364907 49049823 926686418 220935621 121064139 120360508 538099861 574721580 935142186 420458485 69999868 247889030 184323595 793565104 226847420 515111196 856969720 931099759 264559867
67
431347736 47946451 462448700 852616006 94966320 275100234 591835096 616752674 449656696 341085113 216207241 106456031 164105759 131268062 807223127 703459638 342058657 420817322 875256808 527931500 925292252 672087632 969242630 856822076 236566514 929501637 415723791 215472538 889665690 357035705 351599638 45208532 323732588 732223154 369929280 650077677 939972483 88429287 13551112 575390325 519882729 14525278 249370830 220422353 819427608 912421154 417051366 367776608 409392020 491722011 885912222 478202772 995502016 403917387 600725061 245640051 327323818 785800484 19257665 97017498 964779103 137194151 953752623 609839248 476329686 476150920 746532600
43
977293957 981854477 418367969 824592991 747608219 448918696 101452819 978573154 89620994 331969678 735128568 69794005 487495251 461007164 756006147 177044803 751594596 587690621 899977737 241601342 48613436 520688894 150518668 308911177 946586013 482928564 233321006 322093580 532970942 685627463 514217399 805427312 819834227 810237001 484846341 829130783 242806437 402343003 472099486 412236416 989069185 368264205 597820478
73
646081517 62706268 775192170 466736870 84387840 791524726 458431734 386296031 273187865 837660141 231982362 265651739 246102028 497110407 211668586 518684428 557286037 376450385 458958162 569894673 151346136 489486910 962701484 930488073 141228336 607363097 333120168 43110086 710011325 153494270 647109216 658397084 891443852 294833302 267529019 424978227 402404944 393182832 411993573 328408917 383934560 508678487 198490791 539088924 291165270 357451384 298535893 286125207 557060733 625219472 585019006 515322362 443090152 793469640 44741814 598337549 170730767 219692537 927889885 701408559 557012545 757853044 769331800 114933246 55642094 428770922 16377512 370888630 197633277 10796034 339184839 196832385 650469277
11
769319170 464471932 881913162 713665187 406395361 402127963 424881820 839071803 217918213 443173228 588729359
4
125373319 585044126 977828616 265115440
93
125455020 570028143 419553749 114137550 444553258 288475318 130777768 613923425 359728235 476530073 222605433 812750499 131109091 418084714 325045964 591638932 745435793 144818036 601795872 826570917 733720987 590663022 605091856 905699438 575925273 498217976 120961262 417429887 373883866 285358798 997823011 303271327 422705393 150278190 272215743 302563160 196657131 406300766 193695203 38286487 128971303 717331725 418265375 364561436 377288570 926955510 791657561 760990285 842715751 512604273 155662597 738407083 226385442 959780119 663492545 945857226 509454402 118900633 189088329 843761235 771262567 707345562 819968720 524983246 20734026 464676965 726095871 763541011 649798552 261504957 611211085 888038373 268327358 689273753 542385575 580046509 146484561 357065627 609313115 172423285 977910455 110833073 933495001 305239030 909607924 886735847 999667991 328532044 419994171 190693763 295724121 359896328 122504116
41
335764472 866561321 65256960 887991846 983083777 192678903 366713161 306551291 756078605 460392689 141343208 422380098 365592813 231325763 35188213 685675851 895592833 732822159 366341114 846410718 38022282 213275359 406495602 485949627 320114357 918914857 954632432 989012929 78013332 775465680 764304343 290343696 392494092 824559111 935964688 925135373 488967085 483851297 671874844 609956016 527912356
14
920632844 481434574 73185174 247234228 617174512 437346411 31277811 909627421 830624651 76286869 925277545 391576302 273003150 115362705
25
256742022 569596324 449811457 624169833 105969374 364776142 556304485 122885970 368833002 531168224 328820374 539437549 744995821 146672518 82192126 666047093 830773695 23714198 971376339 806857240 573794791 499165274 705222998 797641814 222521224
61
275662929 537741266 944479147 272797363 862174045 454905557 789799246 132295563 805444312 743905126 932749127 423182305 55417197 957964399 883152385 256094940 922700315 849440596 233056105 54317760 784417638 169941973 619349594 988061827 58682600 523258980 912541411 672234929 786988602 415983292 373647342 583856240 51236190 875552731 330437278 489159187 261457129 290003133 891098806 463551288 131863130 68531757 577031000 192807865 629299978 253598672 284309217 435461054 497236315 164686557 617330660 583271896 204397737 700011111 591794453 784620097 272852122 221806362 553263848 314045474 359213641
36
203497954 830642050 679451877 567800735 880342436 21520541 277015802 725177636 439929470 83253659 825527530 933846621 434897924 831481808 217610981 91777578 799138833 936271794 972107574 553282539 716537417 723464010 952540334 533212445 850366417 665433397 24807208 484403920 916488327 255134224 451838642 334029555 835212261 309506191 52567464 246254783
12
488956709 901831055 690386432 100788125 853433974 334355453 529017481 716801126 551832663 941800535 772325123 346523279
91
810102298 90279021 139526765 111118782 36384316 924463991 322250865 394549300 929486008 438522910 683738393 914721025 900531178 259602903 567197933 106721033 570563128 671897234 261315779 958116306 351385925 722205843 792172411 369782363 313149045 414667858 740901613 989672488 999580624 534553378 236889425 720461623 678534471 643658963 77031808 977088841 122153963 666999442 776455937 220413613 912940061 19173202 622607664 900459220 254714687 697134035 387420085 624608167 675004364 497494070 825477270 928901405 444980428 991452062 49358507 615375882 496918642 214269854 810157113 900081154 925141274 52579480 493906488 538128411 718817987 180606224 158182895 263910009 511706763 98330789 86706445 839383204 777831430 431550092 132158726 378554698 839761741 4021291 616350508 452784884 401902522 626894742 779061724 117503819 355717748 821010653 605105264 276798246 746283353 178368763 340765494
95
330240861 530414893 742058978 721380796 540091535 788926388 8893794 740150831 977956516 438829099 915768210 148605782 152568291 360748255 813623538 925687834 672426298 523265509 746682679 762767444 766385490 780526763 143503271 97485078 939932229 702029342 787646007 414249951 347355464 715665070 852835602 251087690 670063161 483603524 552010967 107830563 143581704 80596877 292810646 169411020 636537464 639854191 763298424 45989850 842825510 177077100 768055371 276897626 999071734 797098571 171307429 247550472 194593414 923605240 778446182 301320160 328040423 659897615 641218679 600828164 926618552 818357861 343649455 247217521 262035181 745567600 21241747 613285601 535795736 889201506 424511091 601005440 235118588 289949430 232967183 238117930 705938106 724599646 231405257 215456435 980818901 931193697 708723721 345350929 379234230 585558265 21087635 300240341 494811629 454853756 247168115 480493687 478924621 972225131 680024075
77
158298885 787471106 84946423 970610018 440577721 885243416 665611957 957621177 756014467 161364155 620463355 213917914 560381499 125569080 397925283 975803273 729042815 780621754 458222798 87232692 251888245 530025747 317687786 868522655 70735427 228056819 664283192 729526919 877411483 476580560 190077791 301105205 255488171 549678534 759920639 890608815 166253398 87261519 928986874 161130884 521416979 27939244 360689353 794076473 939053357 772550764 994380534 189620420 196730578 281727054 12274066 961065212 580915778 987706958 819000972 830762466 434371648 69812297 518036619 403990429 789114226 706534399 274126995 215020899 701858518 161895213 635595461 543025197 889709583 992499200 886010264 917471709 441471200 489716508 211174005 475817825 241733618
66
544870156 431662746 400512739 809172082 913477259 123993112 179210302 825569793 974162536 892850586 65069144 134536770 907922135 696279568 370535721 148050250 374257460 71059606 485843731 565361160 332089540 594281592 853533274 887529037 212383031 264709157 249209356 68134865 187975385 187219846 904198774 590104406 195389688 338387525 807935954 175796646 380248290 19425652 593239311 748411977 765575107 361817747 660660122 846414569 86040695 260194156 406744924 433150078 269395831 752476881 195479691 612057797 800612172 253147583 829673324 95446613 324075967 835307614 794145685 169807800 794274198 833904914 485919110 722720771 443940207 733840088
66
161714453 617617482 883092014 270147441 401913850 969031221 147433762 280978662 3730216 549228778 661627245 390525844 777587530 536117306 55501398 619721259 833986373 506209821 86252338 585984811 233749791 983608083 113399344 545848582 504365590 330994721 594530017 150193341 199435902 262430489 391709012 261787209 312490713 675110592 271134320 208909257 735926567 581848134 161758691 977763253 332543459 391615547 829239751 416617862 532256768 19774737 839437585 491653290 192926693 565676567 642238544 769843636 761843695 798095177 545148656 352213719 825685491 222964569 303219092 982414684 335460862 2574195 196899373 646671695 532791844 886065595
26
868132916 949260310 702693700 225452688 268119246 867554420 704034537 159318874 285617002 814512026 614795738 452576290 842775068 35924853 623184183 962280104 146462280 965962616 879335295 216742051 983559453 770085724 18483955 31491947 668696120 355747789
16
622643279 83337625 339321122 457512344 448315844 296824920 584995144 46651839 420837771 199005479 130503609 547318447 604436469 870540581 415848385 804850312
90
96993360 279533339 240945935 421352954 199619844 617021657 894787046 713946194 40562647 35768024 309532021 827524485 539246300 473929714 546474321 295263603 619920502 75466608 677084165 39861412 951980498 148407938 301303882 693332541 333997111 363153476 646165957 105514252 615030021 192664341 521110015 13255962 775594154 4575075 955440214 723988700 398236174 840489465 333386957 609123982 271922729 115195889 733246240 410870340 339597756 294611604 448474508 389973750 458568631 135510427 146950146 425618107 770116740 410698441 626669809 678087905 543179649 861752072 671789687 468817091 231198084 330784005 324072558 781152140 536239046 42900791 757083780 379244215 376836817 201397698 219233996 641591287 580799846 392524665 236925276 760944717 827675558 441822364 727149203 163467853 380893172 480315977 518850390 763611734 980833450 860494874 298649881 586068359 211409187 735752832
70
970135557 119059716 802953812 609477893 712126193 505647642 872810426 7855923 367320817 69582725 152173089 929441323 172893424 422688864 266385207 248818225 81560209 654653916 450292614 448571872 963014454 300859924 745064729 182225020 250102790 188716743 813485439 452618195 725778764 563445774 94456673 561909813 871090435 310672380 684136225 191177466 499966335 332720184 763366124 577275410 262904473 161653514 578220490 613016196 76295006 897026618 221653100 534639170 239480205 470396285 12301758 972549739 264317578 810819266 992991147 533018294 854884712 484320320 613913723 972034512 620162716 258081656 284176284 561537070 372227468 909915181 138719330 2115077 147182134 512752029
29
479346535 181994105 478160094 994997993 73434347 306948071 157678355 159071394 506746407 858228488 414869407 983302002 130823680 18277275 606832623 813350457 993725995 395901638 339495891 564188958 482537484 363835945 258400015 273490047 870923948 374854168 612678407 146654150 567992367
55
453921876 539784287 485294605 605429197 280978123 239162159 717538410 75064650 492646575 46744526 824189674 375925170 424533466 666181276 56230405 588482949 465465886 151793288 624293826 496161028 275243271 735036824 449271819 895031690 627353524 655395034 474578660 668324655 267422767 883344801 366654718 502689693 630498343 193774861 993707454 347792947 943342495 7214363 211648141 560939540 214699695 922998977 814475035 160112805 633677289 761776830 351336550 916734921 188465483 456523496 19222318 332968795 404854497 347434654 952871810
52
196703167 187604588 427829270 27440112 634192018 803570993 971620119 902160263 75547049 769862277 251477848 832777844 712116733 451383502 187909806 19492522 792815206 618955515 801010188 354311227 900523855 296336217 72453446 860553710 643063268 251511255 258512410 313418984 371715210 474639373 241184306 902920630 653816324 837653726 99199804 217989234 5737468 216898667 436339281 890247332 591025319 533058911 817925109 931186211 288845553 743096810 301567857 959280316 404609002 400335140 599381873 468630221
46
324432146 769977858 637777765 194030147 774772861 454659111 346025132 407967139 678362443 533269708 911773294 435394990 118424527 700745190 221728514 916984393 484308942 168435699 123967270 987023045 523917677 450687532 758670627 891644716 211289879 844923413 966515369 60873946 703762633 709599421 845575280 449868586 273503856 150060780 219108570 279345368 123627440 611987281 478919038 846716686 520179026 782146939 830659189 473018672 688489244 76677311
99
829531016 481222327 504715118 856667630 847372450 126805979 892174693 892291712 361708457 455445196 711452821 921106485 62412161 77201427 352033657 71709400 765679728 515800952 460602076 177452061 897726693 165398361 527428296 273393169 284770309 333654632 353341626 102430032 881986049 789844639 790380335 720572433 624093287 225397037 37625764 68858507 436495722 352529666 209720963 669808558 66943450 112521518 547162526 895501602 859908313 352050671 931941078 867759817 780706041 786180490 266364882 103088375 64455133 620943781 919648044 134517068 62658878 961873019 145716683 427815247 390476132 154140138 511571397 192269104 464594176 752804795 866293981 156617262 627295864 711734510 680232748 829139417 801508809 534685592 500695042 63599053 860596814 928349550 880555792 635386771 160654380 783081066 762178516 517849818 358660360 753257224 393549768 750655426 377690482 890699091 75130580 102967488 74288936 916168620 749068896 944990309 825873757 852075674 634026479
59
247126239 471960522 885806052 542537409 895010482 317728971 650430483 582050194 795296931 116583618 396008986 423963429 401349932 335678182 439606163 516404567 769995998 161979021 552014067 387999171 59340673 204313984 95184065 835807998 777107617 292168666 566587313 709459711 11870620 490916209 806550889 495550767 909267376 47951515 299031466 963469085 866888523 835896562 493845832 294907809 846505799 266413045 567061271 209053669 404271586 7067780 604325488 620270573 824887984 744893786 539759031 90229580 154727222 252974883 4166127 417020969 91078386 937927072 536256318
48
136863244 434398727 625312477 729443765 917573506 267095712 553910077 808865506 223476462 526252556 213211748 946214891 661364288 494449212 601130888 828208037 592904467 858903534 833507238 621526223 61750905 885545193 677958400 462047704 203474606 473123905 31089829 632808247 266223522 537189901 898974151 770749286 70019009 525738361 917908719 712512444 767484922 283013335 679158699 220947415 480677649 702042558 457649693 749660475 362285816 694084980 335927203 449648684
40
166514934 602601626 195958134 816103621 590539327 358503153 288000584 995929035 421603840 529768653 710856221 445814841 186314741 165678600 540487258 202277837 917726665 36757747 998259463 345739922 762396735 942034264 625583266 691432977 644675423 440458999 443523207 808416062 85695096 751408667 675956901 487003512 564505430 738620489 679648479 417089782 127543294 44949859 454866244 830524089
72
6300357 119083129 341054302 183329542 446100951 792003391 283811798 100603430 704225132 220962739 759373954 454985634 128111781 317000819 568123380 243826989 923927114 60864216 206656624 608072347 580920569 452408236 826488187 160683045 69233565 260944902 518167946 360817877 365172401 324340056 80975416 200764991 277994945 279668066 536199345 572821496 317784498 631318062 462970986 937465354 694041006 617184820 490593654 755251528 676076888 922397833 464197462 100974251 318931846 320228039 252521735 309531101 50866909 964908165 778026370 908375025 924598213 864492820 91910626 835642375 679915492 38308111 18060464 687064167 926575411 964887954 56751878 18990700 991999047 892908388 669325621 278190602
24
975856188 925984462 159377706 191669277 272578032 799311671 621377436 694448341 631988118 51413263 558249339 802409107 529877351 179277993 819261634 602506609 933229178 761570059 347687840 577935987 736039957 53832461 368864976 57971671
79
59782764 408689384 645277161 543024869 349000970 528067706 40869518 926448163 483619521 613124111 266220252 654140893 269321786 906352283 953338150 712771325 284924488 300252517 999629958 924848381 91724702 281721600 846722361 732715017 95563079 371813869 640237536 14440153 900705022 572634765 186720919 255807646 330355437 598096245 603357163 243815469 332461256 893892487 909063978 588266252 159192101 415944201 170984827 91698697 855528362 84696961 231831245 100633703 70771182 843543389 296928357 854488165 124960987 963411904 540669849 419810828 427278439 630897969 794502134 631799745 205495950 269684942 367091572 543461676 891195251 972498476 855447103 773926582 287962310 274264078 814815586 919752834 885097967 188259343 791023720 312868523 995486109 10620313 985369026
75
80200173 651940791 991754353 828529165 600665540 738850414 690348842 251110627 388772581 550059124 169327952 948850819 300197461 776374085 599863387 806881162 213876341 353998216 785842647 509503789 556003914 395402106 598777885 353325299 34742777 389235418 838003241 403626207 754579765 29675884 263673782 55170880 704788049 261940334 222845560 661071637 786894327 291772501 376876571 243514077 431880155 618103225 273224670 921720983 868376034 392666142 633464336 340747038 13981309 880660055 11382809 62462118 933537754 398607959 253537426 881609548 701624641 938873188 479631911 358627008 696653673 184652532 219132339 843116240 318872629 965688466 20691870 540264313 903146519 259621523 965561303 565563192 459524935 522010574 882784494
65
786847172 862394456 164009709 702462679 96935138 771374122 839908464 140879117 702821156 59570406 412316289 431016869 72188540 464280743 906903021 301689836 315495386 415493049 541849345 287525324 720199032 848094042 226815120 909881656 192151235 703295966 658880048 239901878 21112638 688262032 587400541 678225547 631829105 929709076 175380216 951751423 922860758 875128253 353370168 417568094 400569342 647159362 419392207 316076893 863044150 581531604 871782010 826108345 837237136 361383866 646302024 904751038 890022030 847516482 3389905 692233731 57929297 239091267 821022373 776927958 614670217 13920027 599436079 870346343 202948513
40
227611290 950972445 628798947 367933285 270479020 632515967 408558002 762785315 366476974 603245116 278106580 184424244 187587387 147506368 461709701 772941842 331873202 30164019 5213056 308007852 388275050 363483435 237442404 2269144 859431917 746176532 753515713 266057890 74011698 290098770 545107 961599297 411629220 850201909 946260318 820709491 504103830 394985286 389979025 10631486
36
886327406 201726915 927610746 410082420 316743509 513829459 846809999 875124321 539862983 291573827 706040504 289879166 17257195 981960525 79467130 690211993 793658912 880885500 416155138 10953840 618860593 748854193 90317734 411993336 784803083 604370635 767008328 122293626 722308387 945071583 899031756 561170932 162327845 869920019 760840944 346214453
17
176496031 351886910 834476803 935780676 409158772 106231935 365788414 782165740 538303618 402525618 272020102 453413244 233661330 584528910 781344793 952655163 206908141
18
950552490 53263394 550237935 670673268 579317869 470631417 386001318 264263197 910929199 926574930 386003690 269027377 168246417 237056368 494954714 254181128 534768828 264032065
19
668426128 832494045 27316252 578761620 753832751 561485097 209848079 319435280 607224637 433765153 999208244 450252793 645921078 634410166 140082846 74498559 728605467 768016161 296159029
64
646336081 302715007 702586782 983169987 747872889 885473027 369447888 213181110 10858431 57540738 516936555 909423376 447239107 472224644 280863630 550790295 307266864 832263636 840666479 321220257 779707177 623994856 140810757 287129613 998287207 591883503 122663943 542929214 902003446 299824596 45027824 497550051 370181193 946101972 674874320 68095074 918195733 487167929 918351812 626006902 592043300 212050955 729497158 942489690 659620407 224259478 335206476 864924158 343015981 920320980 529021694 717637059 575588829 500180965 202006327 794464956 924317464 382235447 688181386 798138379 208595696 158143164 934931955 825649911
33
146383743 682458102 344546377 185633368 86504036 627711262 170437409 449585543 228877058 633118036 701721218 50715230 984732999 655265557 927942286 438215951 770511142 441020095 809070616 421397837 501626344 562332334 911618000 669334488 439664584 182940510 995491189 364738331 862483808 909868885 474480220 506089709 542322251
83
259371360 728914558 448565764 311893221 325145541 364729555 954083826 218486284 255890862 377461527 527685377 52543888 830972326 884788817 449278325 674294673 24432661 895893664 58411981 917465977 577484514 661697017 36019881 310660375 482860325 238490679 873231155 223397741 424153030 815393368 985203346 787430461 963923050 320692845 733687446 13556754 399829957 691787745 544272794 581282556 466386062 967761819 681835750 465006919 536853671 758469693 401861829 616454844 3039859 963896066 931294335 819389969 665742948 587409455 411111442 416164299 635925384 582036342 521774471 366898437 298258257 632873777 218102864 617892831 351772001 385014981 857530087 219566435 267842228 616343138 494875814 337683930 405250026 377498495 189101836 715675456 805013048 583568413 510254845 382782227 493238037 206235998 436017264
46
529039815 29861902 99195794 539500148 642625562 898475995 45381512 800645382 398487112 329130231 752240163 369384089 539160727 384728072 328785479 605953866 345027335 212939138 248773749 413209473 145296148 41666333 956068806 288073715 851784487 816955899 346457082 276549539 798868861 501231871 604740039 640618784 81377473 305838013 370529361 535642087 54253748 567948214 478868187 751271987 444514683 83898361 622534716 243400846 77939560 273251822
80
956323803 647814792 22977156 545982061 480722248 221074065 844133139 35353092 367002133 309023288 883381730 944780764 550183309 487419603 153540510 277523524 889468356 16410820 366019305 9811068 735682521 548478263 76369186 203909149 637027494 171267323 224666785 729885453 726311614 574896229 205170727 126181108 486902120 582885962 995466702 351335300 918504354 29490697 700106039 594972241 626086276 811959703 336022105 526173402 3713594 140487623 589097973 277392771 424851818 809885352 339771853 961393490 575266066 50064779 405139400 937191210 979370173 84328948 329942700 95849557 766414766 176310415 730860873 657735608 46526090 902792536 500418732 144382402 487978084 170794608 508409692 746336819 201273489 824825622 821450929 345524534 260391535 359819050 313199105 967159240
29
1619905 872498896 274279047 418369462 240352727 302651216 506891344 360778746 46302510 322947560 403530742 273699368 525006245 89859044 399496094 718953197 410660242 173685419 292868853 295686969 87590190 636214915 231378238 660423523 932795980 320257080 325490839 416202625 278548302
95
505906305 78355289 149265883 47970200 282853581 99777108 661795409 484581348 940347075 982147703 386735767 223607187 450906803 912085930 177441 106364603 494543014 104114571 881152475 809427449 632537276 327089532 572884669 705911768 495422961 625909228 283145892 283019258 673710492 28717842 393292897 683765755 220132989 393515264 602926050 568382737 977292461 180927393 935290870 608656955 146881227 743989271 847666106 124980309 441463113 748007096 140023557 267634120 780708491 629892601 340237677 246451247 708389898 567904607 376233591 764192343 844871611 492429377 438836607 247980536 148727514 702251507 467702040 331176421 14711145 381935005 522416268 69439757 315621259 16770118 836543249 5525183 149244265 591457402 348394479 150229240 261954270 139406047 623668506 655809074 692035632 874848091 86205330 259775460 662640369 669970003 740984023 483607910 641528842 496008895 295783366 674820628 826522498 189267381 237056999
70
954456408 752369984 200101169 762098533 226245576 427755703 745374403 231602653 152755095 249583344 67173608 9393337 142960323 426519955 421467058 636419916 489056740 200146130 474665777 857743716 268735638 708090776 465024706 299197602 866190101 393650150 632743612 226933241 209750444 556441311 335865275 183226178 702140389 690638111 757434024 999494668 741634211 563530343 559289885 988857516 838270714 828802870 354795997 965622572 357135782 557063082 293632133 481815530 226291710 251324528 827795861 989291893 832108951 873120839 492580307 170634050 575142635 358570818 427920632 165731182 871141505 406278139 593081 465267712 381440668 98738929 704772290 782976969 447857008 260878471
39
571715675 146490421 182653246 899658464 560979689 134095053 993065506 341059465 790461728 674024034 122660668 893655387 776936330 198865972 440958951 366201685 359212136 438439156 472588581 464096735 107788893 792596185 23316579 333394163 926263843 68228174 843457228 386168821 184874114 446671863 239291420 289759474 483330464 127328471 677911832 801595156 19549911 275329375 967293424
50
779954015 137877127 588923930 378879657 688027480 318596569 759715236 615563303 159850708 944701583 649321811 185983503 30272083 982011405 901596423 34659067 951077741 438160228 588954818 489407794 669933414 638279774 510142794 377038516 372316687 362388684 59194628 691702716 273191899 338625010 785524286 331780187 523865990 431354586 205351479 838036481 311215245 135750689 296885736 914811862 580000359 841118406 58482634 407110681 963300031 6588993 500633829 464580518 528571991 878171222
40
361774345 796476016 339458742 321083223 326210810 566926251 914990216 929043371 582592103 551089447 945071107 325771539 655044490 984873040 470579977 614815873 309379276 900682686 174263734 801784433 485448338 332242854 528935888 897172630 413479135 441046229 730736867 647843428 688006059 884041064 562743303 796717944 899042705 528558487 593076738 519096337 848360548 911607302 249926837 219015993
24
412947796 272227872 897172003 780169255 67716801 192117174 1855630 268143894 675242603 587907375 394365389 528444333 389849045 421100513 963645646 147646901 298351707 3688422 35885603 64394229 975718415 342459394 518659923 422162055
71
146513451 135785379 384767205 604595960 28801383 948479799 31326310 93244622 775272791 220012413 257676864 73734019 796650823 368389110 232891062 935455034 961221149 363832706 26817434 96887840 405025192 975189007 739082517 483016036 95290514 155531519 415037499 106594164 614669166 228626961 925613625 751292439 129118630 535921461 103929939 518928737 589494889 143764172 136888070 582358196 917775087 708437112 575107423 744799761 797693459 808412338 133478087 443521265 642578601 181512638 970247793 978057327 589703408 943864280 235185099 808557003 60099559 585534378 4882106 780536485 748583726 43330037 622396503 674671724 395809800 380612958 976309820 643247713 566414040 407094929 930135514
77
730057000 162069338 879477155 175703324 649406526 307799286 319914068 701517717 301565950 968151859 246409749 827788509 132407034 671698737 899752885 776277159 540590598 645785442 692197718 127497383 491142385 90596787 435608178 560475354 72585681 481177092 350900933 900431106 881385027 605969481 537409391 229563733 584843129 163827123 569945171 294537408 270134239 200860011 698537145 602000953 891299869 854577143 667593704 955810264 310979482 609417185 112423250 200658023 479116115 633757659 666883202 299302458 314251698 423240966 46151842 542177046 786823497 903939712 95762521 705421084 678890646 511819423 998226681 667594253 235652993 376395350 673956743 793167555 940416149 319199079 323760293 184665946 47482581 584418787 979919249 399054405 103582281
87
997763087 332295400 186664853 336113712 627670008 281090446 144445997 282755365 795425148 98924998 319593677 322421196 660151153 829641491 588104063 2677845 208687925 908078869 774352816 647867053 274912484 428914257 946970315 586571620 354836438 214448798 569830444 310579824 342703963 369154526 347133795 221748580 661416383 649517692 776828626 325728704 816795442 458762594 696516883 893118907 470297219 293840982 82008880 525482388 361888102 960482580 458199532 628039484 684577314 106511668 197546964 50009516 247286318 987119878 203411168 371228407 31982671 792412679 448262296 893464275 838862715 10722294 891033761 510305501 258395204 877160575 721736259 432152356 339172364 194894832 308196362 814520073 905155439 284382169 588739151 610497663 717523679 694788061 413795094 180106544 878114320 359711304 534326330 994651598 222241785 95649416 987949942
5
303408690 683508737 134087084 322228983 716919633
6
674529135 127395390 777625767 697240632 378523460 748249532
65
742540493 265696837 527730613 707836040 133726594 949996276 732078759 230243190 820820672 9176320 203141883 877172878 770812799 719997761 748548323 130700914 106487672 136620841 579997569 448036362 150525718 380770703 254995616 247781370 663460949 557236433 681642254 890298661 130958348 671939344 363924040 689737279 105855239 637731092 709668208 590612199 196997425 689806042 838969021 937253768 36925847 810875995 324747896 745979686 19543103 431234045 444742704 836674382 609328450 709193381 375763919 678877016 734257928 815840741 196292326 376929294 84388151 488105518 377259100 232446325 284305926 350656440 52422927 42353114 774031387
84
379333187 468723609 521633839 637748036 444505262 666394522 268223103 288363244 33009677 976478901 172890569 313799880 601581909 663469305 269459510 654433266 574481894 355937087 175940426 742323225 689754960 856883968 467421393 507942560 757419151 723758879 616694188 65007655 700085615 826491001 700044082 782915406 187460503 49278845 983940470 880749649 504136121 779244642 393605392 949811282 767639231 172540609 190130280 832409470 693504033 725539351 968113236 569116960 404250934 940700434 938730140 756270137 848345321 678881319 188367653 298864458 591681338 208986942 818571284 655326932 983448545 927299306 101807002 5096690 550559134 85787633 313994165 888100412 909498678 115580478 590017058 546321776 415393201 763135115 998462341 84959529 943306071 201650689 532961003 895672617 43662704 159746647 250925737 259685613
59
247094791 700286698 805457833 314619731 173549652 145240163 979800179 676507902 224061285 152673304 352254129 92550535 842399824 384923127 26071150 925387302 205758679 812868026 45357938 851621497 421103408 988649250 758637088 773206326 617133591 764447375 797269031 49471077 54194821 23137279 690891467 160139601 674048716 881992254 305554902 159847093 23399850 514507201 452432883 959247636 67720823 902625837 171012971 897023672 839196996 43736993 514472805 12543450 118076363 688256507 325095094 210298673 777321718 343567273 953940291 41209954 826960484 154781233 938240666
5
762546694 307438815 72727807 843493924 782674365
96
451391404 338951827 140496033 660383767 789464443 605771449 568295906 547356649 736349679 471507368 167258370 999811305 656404935 286628154 655810334 310296581 433279486 143253 853825186 435054950 330834840 485560323 13696762 933722167 852035083 972893009 501490525 7524048 761308294 744277554 875994566 849636206 885743091 98826295 296594261 712865233 124910731 123971257 971350893 787280477 976854667 473457505 357556837 864154506 356188660 363924401 630081888 534298601 226816322 202211528 742831773 587001979 766060327 258446285 10256320 628678683 541310058 540515891 177414097 931073466 319983050 393146517 565976479 447954608 856485791 397430047 892275583 250084909 597523026 750164748 446086652 425181988 814261230 871148794 576932066 140724105 108493576 718186593 208978460 292578647 30260220 524933085 195616295 806880361 626643062 512945530 34236755 324423051 763179059 105994711 804692268 507772119 349739999 679178111 337465749 272738033
13
13750194 35900699 379757426 882130043 287372694 592155146 108455946 831974665 156909976 113443568 429387902 480153863 608979312
55
102254395 319574680 563931578 382700321 327742946 645941149 903131822 608074354 820621041 275343198 264446552 791961523 522865411 400780737 586151078 666436023 580992615 215140695 535382839 473089986 997352939 579819871 969279512 898057439 18111910 855786951 9691531 200412394 138732758 64071850 688674358 193286167 72637282 205788451 428475441 862690340 772512956 417385431 894240248 364591113 824620778 75607928 994067308 801129579 862192892 725754123 660256274 653155542 151231388 641343251 142705835 424241696 3958033 518919227 441166844
75
375852131 361978640 311844640 206445195 206083916 780259113 646631158 514859847 549400600 921013162 746486605 25577812 433052461 16507304 609823662 380356625 2215313 484544492 937574340 422016580 395994259 215037528 436795394 176786148 397427061 799816998 898036304 707594517 127972753 672373152 206474355 316757561 763945881 606645627 809471517 861166463 391751826 269809599 673922445 919700155 312101478 659074442 690358302 268150365 103371138 169096300 730529461 801880499 286471493 619585430 772288038 803501298 268605355 821901404 790346612 623760487 562354402 4834964 6708130 787099392 600937898 395770479 298296316 674086380 343561218 443610507 293420228 964051023 459986602 244905358 328594174 884184822 176671207 677965009 909741186
5
986214918 804535768 627071229 998517793 906022031
99
815241651 406838530 567057485 881912282 404706106 985704472 35285530 166631293 621218187 945180563 631662297 504397154 614546822 755756995 902071459 842727713 6773862 150896617 900323617 171551778 281761093 503629953 925633154 963701567 961350392 676378534 995180330 271570137 585509467 735110717 252985537 489861080 631967604 719450222 941486738 389276163 576073097 634045627 936731015 895232270 376997721 490089829 726571577 506293896 472326850 428457853 271196697 139814136 509678365 4095223 541044930 209589244 374994295 16447592 540644095 382790759 971498148 545095493 188487527 309535016 23809617 793252094 354278460 15162649 389955755 319208199 738217312 460413567 281741411 199546735 272679940 621747713 276361486 184047261 98239666 137876995 445524805 450206187 81913386 490000769 398934448 996915687 444278903 973403171 749118610 561276336 457921872 553774622 136412366 206766742 173471445 161503590 132724247 388584185 338823733 541914703 110794172 245902362 595095700
99
913261175 183694758 992171623 558580199 31010241 141691543 186800009 502440755 340319021 783822297 275437374 957690321 469690098 316244158 329079422 48614518 394237522 544888261 452415948 248333569 821476090 76953738 575970130 28814335 324964614 865810997 784690520 106846916 813753931 920785298 565462840 214734889 422730246 2365751 875049263 605130280 372991620 766637433 736008340 508394537 591528948 243619753 780808387 549298899 627379534 18527865 627295343 675292248 776970900 604612704 681643736 121227083 927022212 403794964 152171510 923948439 570214827 632359818 8122985 10809491 325460679 166944727 786594272 668051241 363739353 462135694 341700856 423737346 279107568 156563987 895448409 46641694 804835958 299286251 23096429 330256368 608882942 385028941 357095796 528031085 722570201 786642599 799279362 336438574 302311072 294326849 998718641 906315677 382216937 125562259 736960675 334599224 119812722 948283171 56041535 172410235 789909043 487560702 885918284
31
923724333 969616257 978682080 203052406 294338471 630726370 946980277 462315862 643497570 824393938 727358618 370448428 201680440 19663996 774746361 63691737 212033540 973363183 398229407 42302253 146530936 705255081 795340482 30541140 670520162 919571498 615699504 614017670 625390744 104859932 452643009
62
248015315 209722811 685035486 721727174 320412425 236776038 612290364 857768453 679718485 794081341 976385195 74750297 367681450 419849644 86673590 609983557 2967010 298044730 628097644 75698168 40093667 135896579 76658086 406636074 739996209 958561815 787423976 59953177 424365139 539292664 178589582 592763130 761079604 397011645 941566340 649682431 760955344 545485075 904049235 450537872 923378628 817520514 929442402 9401135 260731228 582297218 788141793 131605154 789849848 139014898 929614047 105465465 929876351 801138695 387832742 402632842 93003607 484551598 891600160 513455070 645478783 47711528
91
132493475 10908633 547017864 378569918 638010180 614520924 327348654 876932915 429919025 300911376 384805241 981316424 351067767 679144479 530416428 533363028 944411587 849677282 649400453 428222386 777169683 945061346 709246688 667626763 882419118 355606082 652703548 763507288 502123630 407688309 808961266 890542425 867217730 118901007 622794258 306807013 100529269 43707417 452733971 654170749 358228339 149251973 520839031 230978120 162196856 928979215 787912842 446974340 962671040 53007673 966027673 717946643 704395381 58205773 863763935 180735137 770262188 80478828 872919929 227798074 42897755 573964185 500267466 56751394 713887900 973723356 321156159 900250269 131576494 839012929 92914756 136206693 280093727 498084159 104064725 556493722 439686542 843095134 986398097 475103478 52409267 823823246 956173688 919106156 36488504 190778237 130263689 475820875 208988516 266782677 989958510
40
40486645 608725298 183531999 513628107 975422758 133794039 387113098 427699537 82315983 524993922 667904031 976388523 986869685 710189106 403265920 954033534 162964812 20106352 712781580 880443543 446483043 409380135 527085066 184912001 217954816 618211599 540313418 281305437 970512386 465661783 497073525 211120752 681183322 593635975 499407541 602731581 730801910 350537033 118937341 605950898
45
170012183 129470955 632942554 662388267 202839328 569453339 403722507 58642751 865897722 976342631 332560990 962988652 453196509 383462689 223852962 94751379 129624188 756492069 65236707 788902308 715717908 786232076 342420110 262274107 740812340 284125869 402926214 978730449 514889364 277096086 742965773 951185467 520438035 13499488 595684203 459199784 660875857 302730085 49304898 564144034 330962553 448093118 839942503 954189147 488336971
28
570380161 450048427 643283859 949826672 807918018 477789264 874949056 289390105 125557551 210088579 67033009 760682679 951406847 798576892 429372365 719593499 559952765 782188141 792646764 775300061 130118125 351337485 623787320 94201609 894028826 13062447 425118592 127194386
59
7403653 156612448 110744643 882267850 711386039 385852041 588131651 128036997 991908852 599540620 563689756 370293614 564373042 61890542 688634396 753179316 861628651 560258335 940695614 521258367 87232002 499331116 944911466 752031740 19300215 302041856 726387827 974501065 464006491 751655184 355398758 574677192 875982965 171535264 894647068 422633852 326215191 309609784 613442502 330833988 435761977 799603372 775496504 152197326 795139318 897114171 458808519 934896270 678382316 672548585 195253429 815249418 52795644 365140205 756123059 98834302 410666679 38413399 33952600
55
712942122 880447691 342513219 262844949 561606475 463347504 27092136 30505373 555365932 497035267 701724704 719374559 579649876 646779812 871593314 445524828 169657213 699931929 151341147 530924722 32877193 335061546 262006286 649739838 280714417 818730910 807154575 16231524 10147148 680807567 177347063 32233150 552147117 329041548 495503863 751909053 285645135 343432697 59400377 737982566 10478803 68338218 381109405 391476865 702104303 745657878 403871988 87390088 55819728 291603752 330760548 659192694 421053595 261406782 921502965
71
243487546 556475504 957000744 313281505 446838681 780507381 918896132 574274184 957011494 293426805 224163593 536692126 433152389 953738116 594688473 78827506 107308515 554874757 809891531 524409381 179596968 933803378 97958984 538191974 563924014 10028447 603017289 788211233 118479567 900178634 804562878 842280151 711301175 740234601 785014450 10447500 67263442 540057229 107771759 292191363 40284773 563067027 5605085 288730882 998958749 249419794 732037009 747237341 992281611 873004683 390179549 368955068 749048521 860755530 885841017 466567873 647911954 571758531 828710532 205500143 850844228 560644438 538063427 802274686 890713492 113517651 624763118 331251430 68413234 438872688 446252951
87
889963992 513148862 489161488 588846426 818434200 259835724 366282294 645371707 638537896 274229785 298136479 25348359 13232758 586962819 841613004 467849528 498980771 715191785 33822373 40928743 922101534 323006928 22401630 896850537 739994310 673478106 282552606 158311427 851155604 694291252 444212250 459350360 954451261 497387123 615817699 823463434 65006239 417214369 668499643 245813651 117023168 686766492 227416928 643488310 737371399 348822295 570564057 147592278 361916079 123944584 821390900 603093904 983940148 224840218 308586656 274482571 61878443 219318635 199834014 810491082 265651088 131239957 146173750 871998715 159171833 31660895 955090060 192470605 877552999 756696550 527856110 896337005 479499866 727515971 252035714 491571105 804749050 533348155 185564049 110832561 473085738 985257838 855029680 138971262 933702401 297912981 923339238
96
375895063 681480591 101547194 332656667 763608749 896636525 736766809 738382857 296069309 711742797 48418447 261106709 610978073 188183087 346278277 351703965 56810863 954118345 453127140 454930484 565351419 81833259 793339630 40899964 327962092 795704343 472219272 903480383 727865264 96282504 985669255 717121012 26692378 438187497 142654276 827587998 137908919 603598942 538046786 586693259 834990836 190396368 550935194 234579681 726233016 459173238 612088691 43817025 804931834 553931285 983485043 59916048 214582821 884335538 733955380 838330487 971247836 79342779 94544880 442485481 28703489 335008071 827816296 299849344 986088840 775207524 382606715 864238516 408947341 751123519 272715295 763150940 17901780 307050659 96420675 34216255 611075848 947252422 993690221 915475744 954575906 255547099 239148998 317198198 178592418 775628928 453944622 777919816 830747661 181674205 563726645 883795201 640854358 214673027 593354233 133424788
61
208048930 528030137 212339711 185709124 391160204 434788213 993579464 435460889 993634921 571936043 808519523 561535964 595188170 727316560 419087827 572922418 133731779 247082827 134918125 280993139 206515169 977251620 797362414 996065407 380567758 561485494 177226891 962797000 966934720 150870150 178631751 835995936 467470522 890839633 500819454 42404789 430912740 567045122 954914263 325188940 179581288 921004219 709142374 665521980 285198898 914275232 103968727 381585431 402662553 10550374 326835846 237444776 42829333 393310224 190266741 18176717 981906504 304571138 694782046 257181368 832211717
26
680281815 929271888 279450492 292710495 170930122 401793498 68702637 927074183 243527710 252452668 232459799 154497047 508745226 526346548 114287430 16060305 227102789 197766749 871026162 962362398 63211114 102110104 618713169 740739064 508526110 623543971
75
725495753 303198115 333769898 54633687 30535441 563784497 88121768 74935699 332846469 368311237 734535076 297075631 973736868 422356782 684350412 225188919 75236729 788636736 428961298 26182756 493743754 32122395 567551620 99267936 147893962 526150826 490154567 174008150 375663946 672912595 937561592 785007261 606636574 851707351 607704743 445195992 736015885 853116919 567699766 66330136 168182108 36131452 278303286 122080053 270379451 969452715 70622302 173610995 788785744 59520627 183263115 256254769 839812540 98367345 736620569 617836450 730988373 538113472 496908511 129406251 235568689 925319441 149129880 627009903 927544581 696050377 48263749 760830933 969941972 116339871 668659241 467293590 690356147 982708645 29606484
32
57659541 10545329 898537570 880587046 687670297 972376711 656546008 450955046 550613589 411422207 643123742 963172531 20967791 259089349 908325910 332810899 388355911 615807215 884654138 914986353 781373379 470705597 329588796 113256922 571544755 619173012 624411270 525299473 831652786 964513257 784508316 42774084
75
898939720 125004819 970907049 342896638 149291467 40974183 656140976 783723603 116853041 579252152 833910637 12057259 346365439 42642818 323266828 90929467 334241212 808009084 252883202 193726383 772679800 983236056 320896203 73566894 830918882 748939702 500872376 764404552 270787258 833509750 762039222 255696754 413125801 346430725 771264890 22777464 972208244 706238556 465435530 93587275 210426620 61880217 706825304 952204277 754248728 102023148 545571212 730459782 630106202 899447823 888879722 743881133 273304137 229409110 631982917 162642623 406261818 634949920 51787712 466119141 321711046 354799068 11312020 809696297 28759369 561987985 428430805 590076091 707998609 703952781 916790700 389470762 644674463 335401386 356478145
66
527498773 569837135 552348287 101225034 314761429 787227735 454645695 3481492 411136741 846313328 983072130 612865560 50566270 656781208 289407169 117959925 809562393 437231113 391442167 650695629 500150080 738619236 206897472 347454160 700220382 884372757 766609813 512067957 46657428 72124395 831365597 239247942 160053552 769320955 940164457 566611487 205811164 208590930 976590572 577927891 183951842 238948171 587501574 351100691 514778248 29633998 93992973 557107462 824821608 663982768 690126342 408481349 530803697 232981734 808638084 902782297 234043443 39690354 75518691 121519129 577261033 824271504 269448541 510550694 649089380 879941586
84
778616741 687880484 800663599 403303176 738846050 119771703 149320821 36657034 828020440 115346893 408798690 533924728 315821360 801339662 447959411 753385983 708100653 99195122 602680933 930043427 912159874 919094619 453692141 471226642 836730183 849497424 341279498 376296838 286668346 249358269 75591625 96035088 337494582 57187217 71793471 946553278 778714020 506007690 777380846 761926384 937306304 592468877 441004358 870756796 211543542 248548914 966206211 204442028 131269516 687225192 428720932 639423905 934064159 485333563 517945794 694338123 824540169 59695018 62696701 65730979 379646289 242876935 888501859 206971710 680414083 63284471 905003810 244019164 433779756 216588494 363945694 674003499 236802788 876961770 951552551 57011100 95877285 931101684 242295181 651828212 929036526 7480817 21627570 519049232
