10
39
55715 277377 462436 623467 856173 264307 884981 90290 835907 587915 369669 839844 104454 461212 916614 465798 311976 522766 919229 802832 313388 322900 537566 21629 514044 574387 88091 461532 457493 845580 716130 117894 651586 191299 969102 596449 711226 127674 780769
93
156067 821249 981585 190575 94465 84476 882686 590461 137169 929044 729047 599242 513883 833295 671419 777309 883937 326130 506960 784336 873423 137410 420344 377557 409687 835043 561196 597157 317670 80400 420818 353525 953425 576290 187632 224985 124891 922962 451408 513656 352525 572658 247393 866600 276167 619160 209156 436753 947721 50105 503362 876875 483638 233166 781491 848229 211539 746352 28031 18435 39973 774796 756012 519246 138320 714143 422742 618593 814218 206695 950834 312640 688999 362973 647365 502854 502875 37946 334832 585702 187080 315381 408769 452458 751467 725070 574085 337077 800304 340789 888741 479886 393351
78
382378 704263 829616 927267 424696 122726 720248 173056 45596 776725 991742 483128 399365 158705 219102 618785 822795 369161 607683 982761 522635 15132 144538 765788 609881 884969 848614 416758 188181 694335 391796 24938 361665 27815 45598 571230 202886 500713 662445 933834 471356 207110 806979 660487 365033 433497 821026 715421 451666 885015 618110 792091 457301 490808 862967 24767 40040 154113 713812 553419 991659 177676 268389 588909 575284 486357 575062 915588 518322 632506 852077 970512 720664 306603 842370 359915 801999 5196
73
656811 228219 397699 108790 14744 261527 633695 522000 922256 68625 902578 927157 472321 975075 747658 677688 647532 570855 335049 973640 49135 576421 759097 139791 752923 160866 482776 967854 331591 24304 623878 640379 86837 376923 907253 899665 882704 234357 625567 776243 982369 351219 155266 996669 300307 243619 466217 570713 770793 177811 994971 990779 279720 28967 628857 977890 455531 811976 413157 590231 103955 103291 153593 509401 878221 427627 751982 280101 735099 829921 303783 691169 952748
83
789659 726096 141084 196265 454575 164908 997731 550330 795364 314797 657271 189865 17123 80645 624926 871533 14841 584208 568908 251356 13184 409844 604980 457296 571413 145180 602673 596269 775970 942385 412798 949375 804239 878955 150843 966889 892863 814877 613390 444720 527064 571509 70601 918648 716123 272910 851566 402708 846083 755405 382119 864100 645161 987583 593202 191213 952265 78365 722231 149649 466039 161638 769749 412894 309802 550316 921509 506980 336824 824351 412585 581496 907924 240446 186429 544185 966062 636168 838933 258595 992450 262269 746568
75
506449 842131 687880 484327 640706 31003 427802 318200 616626 967657 700163 73863 705384 461272 614491 624404 343669 480312 345243 757474 589125 687214 769489 274224 828393 848691 987440 234091 148887 777944 350949 434849 322765 137236 760728 263455 506801 934570 295504 861525 970797 309253 538790 834305 890861 744358 788279 767887 221175 624656 953011 905481 429898 357655 685185 947269 412649 997643 51537 588117 812990 923006 959540 266732 276426 441972 4975 417620 862338 892778 523205 59839 800869 791689 517101
52
971495 407440 304951 973179 586385 51355 736355 797064 984115 280087 291050 423485 879845 427921 895079 437663 906378 462741 963813 677058 799729 417793 30687 263653 640915 572758 469815 944166 966567 922880 941440 141857 359979 961365 80396 385417 149028 351227 256605 512030 300085 499867 19817 469681 268928 947216 236203 724048 408348 82513 763770 198924
16
994789 53254 740413 861508 709756 622650 966472 864303 177548 469873 171527 569814 76352 118457 28866 93287
30
392681 186895 441773 227598 368390 21451 433231 196324 484663 35706 716524 963630 893491 263129 888966 975169 743885 20004 370175 317494 116848 593233 509028 744461 920070 818636 387076 957017 745729 395046
29
231385 480375 857259 681360 627769 468533 682747 269867 717208 252375 267394 196033 933912 111776 100780 727707 147858 883714 535903 54823 831295 683189 263757 86975 662410 389229 385889 226459 84019
