6
7
258925 580870 123455 327915 923464 422702 770408
11
319416 94162 709502 780203 112227 487040 543697 279575 43306 737469 278030
6
578456 199656 521888 783856 82420 32519
25
354009 820624 460337 823768 770957 362202 331463 897534 395245 96045 482755 142272 384110 661477 867442 439959 292254 162835 252635 216248 438010 83716 941461 109624 810496
39
768623 578377 653836 227054 861325 559454 664176 724563 733660 787354 822540 385973 785169 149943 788532 860426 696854 970597 575995 692692 608176 844747 850330 320694 157781 729302 935065 651052 679075 335444 671750 185862 618151 319723 893755 134986 280718 857024 930134
43
442530 952495 478209 641583 396561 708786 756019 435518 494398 341480 495804 358934 212010 439887 894368 715234 448856 248283 81821 244546 980780 218430 202473 446218 521278 805114 1540 249427 273579 314010 745177 418253 469419 519981 501025 427497 494119 79967 91078 806532 855909 196596 399957
