100
80
51562575241201954 564024217659818516 425544179698945305 560607439310738280 175958892547879670 588457649086539157 384974432980472045 568283714273932162 936369587837267310 386766949576647027 482996543532768093 690640326617854787 108511643231186726 143891385916807673 317624943475535326 265227586427426010 490899221669174760 895134228721203581 294726646044189318 363985715152004030 715870107812958934 229470045893061935 682799657530073419 652913496484825030 965822266944390249 276491335015187787 610428863518535311 624103696225730371 60815153305148595 452735843506931887 381432876852288455 117121969311940824 84910589626166502 44556862257433933 840029570996195943 393787317509777593 516690314010557633 439133172493652876 171597992918126193 425038793835562216 563517030644710895 518130221527869301 327421122565626676 917726328635910770 921858463723848772 330655121564496905 963299535015758756 281213902118560213 123699043767881734 736388008090942772 785197891831804834 311005256224172215 995680460318042453 773591420659040232 529856864189950874 755388273877761789 964374335361165517 836314259625668781 439259671796325329 95446863269976934 526033473143936494 244742244821285807 115582333194468700 61294122958756062 155272309759336143 354355091461287003 218200491485302553 594979595397992920 970101602012807616 721185352561997863 627722374856220185 526860510746138384 356923338361089043 965475690876302263 56724686267655080 909485416882526710 794105390978577776 961866307666832851 207720831469360819 887694513523919687
39
152842492865556924 232711227753085063 816421151760797397 554382930108356364 110598249298089900 415206386840266113 649473551784594273 200330370776052327 593543077379031538 947828793933397989 372423138293292836 781674302467865451 188348176282294659 21958949047079164 6788634569989394 875557864304545870 877665608401186906 388535227777861168 570096837542472620 346742177503657001 48841373766383206 185693352920088811 223490670645329519 519299573975439633 793130879954713548 338734330410181167 382382007567743315 880263816489262882 990862554819330499 231623985204964281 41553329940941841 26939278731385968 199769924756610429 822276286575794191 876044234914560534 129102796292711494 797173462237498677 748383003531094850 560406033764528511
41
637575099245558262 682148867667668365 900958224484687914 506189146554068308 494213908846052119 846466224818241655 380033806885748439 973628306364778937 826616088833970324 173297655283616573 442245521339805141 827143714056254978 468128957681613171 66019908030817751 604327104109043298 90233649940990271 792808586553119105 271802474037976083 403629289940933896 140482880028039647 205318497781717746 869958503920004167 655629833336580393 456289819645959182 542503000384060408 558602539049350986 139309618934255 298107489254673445 153281142958736670 647888163077494049 841080949685638302 590630797770064488 818400086516394244 956444227081679162 350106934752332454 818537318287903779 99624180680563202 876411716063222797 190288400841939796 597443379074500622 318672562531277626
28
357560059274645256 894563225493828841 723388009320397743 414396334587893764 576845376998058049 311525513337941065 551016218209106364 800807681505516987 324687708136229225 966174158062414589 642231937559152273 801553902170497782 663342719960360761 909158114854163197 275832598862030024 364003044544268072 105366170836865916 658592433523789774 352155910549925841 603160606620301726 288303892134350921 598229557683550600 329455096317318678 29766894105233931 983905790269618596 231569361315013838 637240778458303652 868943894303637036
21
724427831159166978 457313430624117952 574032700797868091 553122512461715361 551401687107913885 630869470282556844 844524448732137213 385640796338098935 194024773277199647 330242663936079518 316164707221125942 654244648644113146 538400868857184932 679722721040633380 561509871451233387 355799358737993308 559323171975562141 422390539563786461 988573938720035640 303358676731881575 227284679714380739
55
947507582005105627 251471768207426138 769553944866900190 742608484101301258 497064065714191820 431865222257127128 579296715350966823 644035195838739447 696775849484914899 508378528661828623 565194548921616732 851845021911800958 141972623580486344 206651871457141591 705814278625603154 637526771234027663 557037509977861861 115929662071064942 738650537136545408 736854170821920972 671869282839495484 648496177501130836 3894486308353110 835865184986753346 686258426528457066 704807098998358327 188308409974004706 893649397187860157 954807438255804274 557932019658301373 40185313434650129 953846288435153079 493466838262693593 757589714626091197 778127664916993580 701249034434325557 191571416408386168 293390376303292467 877311367318410212 615058212984735913 10048262061368762 211014887574771618 382774022020692798 663882911119437278 136324064893275936 363606187033083092 904643569394700469 570076423737554766 842894426949857372 806225079807632164 152057534206419942 366134962359212911 777486159189917275 939820812787998821 489654391020565487
88
198654586906517905 547084495186912320 897138155689940744 379574935758369056 972315656410853096 844094389809884490 739392416091846421 59301473184636466 35346893674728718 142439256299408445 776028394576237947 870908443430514756 809160607267911048 591180665526875009 304985195923295683 897280190615313941 882319865838183625 837030738132289711 338742858887097425 624283606375505009 582399329463941788 148023950036564674 966522641301577900 213684627073716735 585988300818447108 750870066425974755 545416681876858137 992570244078150596 939751194376278319 131666823282763974 634975575389141815 37810610993153470 807029470540529806 134853446600187055 766517620471651547 105997475590931682 339962144812311020 841614280112542174 289731418888695577 142145878356065968 800820730138936505 684920690366870556 242533397772135364 77247899130768781 903580629880348701 230125329127701928 16709530765083212 938540579820077784 844658288784171148 62399998766827735 236495697166792984 858934566023556494 65058204919220431 514500724945924519 559648016012508466 396327003861492424 782652050323360238 906731996525914342 669594944377410492 252442910054921346 79099623259874675 474497176161988732 695518995497074000 65968036056188497 204057227541173735 343712684616407883 944866250869596151 888090565728709371 777218797604176443 853236524734584006 770828142398122792 329263578616728088 55597328129170479 678372143972710841 971143453169108548 313584143609064835 78382423576478767 100493766418876980 33945413480788789 490799089197198506 61675146544457942 401844110718114461 283011587444403323 840903822381229207 297862383446040627 153395217293437844 583288663109993832 933809798941766810
57
643439732926344384 799609373020448951 774461969283719336 109033290583560479 268033053104890140 908095351427457109 538235397809115186 18128824999139646 955307347864195124 805400663786389887 471632574223142708 387527454884552907 693039646363760090 968582741369750446 700418043220259592 940809371554587222 953345512832773540 585168925135334614 493430975005912413 18080411365834292 858739617604414990 564183376941862397 581917222345698919 692530895465707608 541499684614147796 246172252995798575 733164852603568770 745845803580255188 609039226170181839 877737748795749628 949121455992584543 947176441297462226 838198367989034119 4696537224649636 371627915600173516 315976701598141645 806603621566724069 784156580042433015 647530573842127408 374173395472227039 355272731334775965 201978427033404787 963363410170608540 630686564512142025 824296374464533201 580372626703014533 834563735882926915 766379928244080633 156009517794408221 161797092592337205 248445757024077442 85301614383605452 534836206380425313 995448937547416160 957509738119102095 755682042239461804 287030734785790321
14
156899498107576690 6090793192327553 783577215982577436 510879135647583050 596655289997645690 600011799620789312 175646679975364366 203442274788065352 334910679886681528 555850543118059265 620101780808632650 341756783731743013 967040786256080935 686607929192443488
92
337444854459572411 225023106222927654 228988012686900761 466591978234446854 540638906899224221 448340591218120666 94314625801380084 619305597262051740 348620032488475514 553528626669648269 641421721161086307 7635682874446768 531817428344475089 742503433552976030 887468907182168905 275674850518903119 906994529965519795 926067329318539798 269297073065937719 233332871446430917 579862472190028413 682863235677000307 360470053403291698 29111804573408312 997541098982348816 474460685672726216 629158576595813790 79294599752633640 144044634546393986 754921998360249541 280906129228155203 966822610462885567 167870613986376467 672101161671128376 468148921875338955 247841551619481453 605382016344696524 762993807076541536 990108389393947417 800938598663008726 221989524468486791 212076871542162610 445084385241232898 684066243094082531 637900032206459652 64963903008520706 863995661652994055 855285489638037110 371520624340937349 291004503674313016 153989138463601176 792617544914686558 540988909640512746 670087289362558494 480862213863528029 319732873643031779 411971756636562147 533957975983596831 481824624705611241 907584727441019497 730384359438729573 515607782062506742 611458545977279096 697079695467586515 966089748236802272 516488691597554989 77800265450722196 770852114654167219 889111205573507961 290392841357125016 164596848121834010 90049859453550953 674468381073135237 982929301685372706 50854081620518693 33900651052025475 762204967297726370 887268193356013353 155342068256025200 202563035967668198 71384659685746655 544198229150755311 119916132844766564 467781719782192938 45432913689921555 963160506939861773 519859347762262142 379695084878856212 714209929664553121 507096618314601158 928360967291859260 221708116283055270
33
39620254324529531 251915344915026241 579517412186657271 375456998241137349 937675985878004633 10025273621126191 103569766995789745 780343131006308406 579836511952292012 93507462993170354 679440419581694642 893130357982590707 496032555895093653 654177390332607570 919846818852362994 237120314781823336 303255491110473814 812140005776999206 516428837269845833 339962472873155885 513886172522279800 372833710538551053 928530368479953921 114464189495329224 335347734384149019 73822545511121663 272302644084142697 787948821157366985 431686981675685838 718052824857984348 952876518934010101 503831947659034354 998250528323616783
39
229103444093875546 389585157725432782 666441429885742624 206441140692479346 116113616449607108 690606277403033240 440989205118351297 319787131825905071 829046122294305512 942128004940430125 762360833706097252 745443253118462575 317586169484037559 992014896012023327 59805117310173911 604186977205879136 742356614425221060 272096157385269388 331834634429217089 843507273588734528 528968413594120425 630438200231072585 526476395241635786 971798454616227086 969721015910013403 212569167831678857 837925755342156244 301981327976839998 895029821644082258 600489869564550306 443939706551523461 953735453698244114 445197419017184680 98929843870680266 951867774690336800 576960101644340842 577052744789482242 630066217419242586 17403429847075410
41
409719191091312819 549522512004221205 924447399943720000 452524478349347391 909464959341560869 583393496242055819 224555059712082886 863279115900331654 523011992627665496 279531393412988279 175344816857434450 950700419050642676 437743626082792312 390645476418468771 702786577804654078 212922562151696371 802765291423791005 8894809655778055 931905588905599867 508278691455522962 987227593032355006 100766973335007236 31536328678002695 209610402445019118 980479952715455936 842133559284027027 688184624898123672 690782635903196033 172792072296611578 816158111447622288 63671629833256515 481149813020437680 624356907740703640 599729753029497992 51390831521989086 154233975717193379 889824743246857246 130437343164587621 727960706324415720 235528683420882263 87926693519003403
5
389063872173126821 163510575351332508 16683162334370245 902465859600929467 355848992983826282
11
948401968843243716 238414754950763586 156385136648016760 64025517318467853 124354237491524333 999571857882762905 645049799094440065 625611789872895740 128529579934760215 221139374255208706 809092703034621890
53
571069521762194500 81256924666476611 345724680783986039 885885794176984914 644996589669221435 490834691158579663 31045795286594744 765326583802310096 565122466147151100 409051535358281092 321220048755849423 638168415712625672 59226435671855731 882584375313041303 719021327952991147 962861820815883120 754938112804035600 34068086716257390 204405544072359920 414870756879315949 702778695428715749 913130612333668816 591405886338937921 156657067735133698 310379905149235897 243236895577353366 36450908064141362 798404107565236660 470000409642544640 555759310682617867 736087634405704824 859017231737440254 559337301411891934 240833383175443221 914088374516429492 905058973184796450 761320518510374727 375474203084179596 316844705199593249 30899893903960832 442818186992824212 105204566599053274 271262994562660670 915505237179145317 722911804994927448 865224565597771683 462184818276301490 302820066019504712 933571610035928479 92588752344507139 428291376496683405 228524338787772785 189824254094394498
49
785051448415343370 434809460083604909 286520900345574668 591471840887740679 5772608129442920 439532430202774129 559428010444521981 673552770020361997 237547846798754684 883427649869032759 250245113941468799 642461913542699961 335747178112980204 248324230901679836 841747840792722192 297769624908111588 807759940130634868 863533709365220767 867939292328366539 893009431261317114 480771912887887700 857520141516925827 304806787450625167 811769536696973338 823670616872361175 369699733444230357 786709822322474860 392189490781154055 565659874165699851 493779033288533052 701349173981180900 118268664237476401 796010626733501513 946216774613298004 28981767318809850 701351863509235211 373803241859291431 688517364667038260 387710798260536829 393978303077612656 97706230663345441 28923643261234902 66137001227729405 200161889531011441 70762529172948389 362228255565494266 864517805454338706 68779384845577662 506393180758255409
59
687183838514877258 588936300763868860 875658605585584415 113574752112589237 938434944699894115 603020757296472848 608232908840700137 757988806507694145 900766613974360833 954115314569373087 627997673031176136 757684554019128381 254330661690368963 865243563149297946 952516004556822148 685771958635004980 193158864152926419 566367714745507202 815105289073213140 551818306696053238 991989188305800523 211241236869014308 844123337758319766 214943060604694224 675933839015926521 767991729944048849 877333459824100982 958130684099754772 182577233745003849 433713549886884026 678929447511639352 597459297990085443 555261673451611585 829525266842574823 904122155945719656 34233690797533775 690752034349757141 712610466352123995 761962782943960571 346035579692739257 641562724716652323 2389149504466112 631230119945382868 654244811366795056 911826950498608000 329440205346043763 575774981667579049 419527957691802230 560376497297264548 771209910210004404 250588117981734702 462210081642560178 518542571482300994 902892132922415552 569491457531327168 753110259184281270 981822477570833938 661299268755685054 68693359406373000
36
908913113958771002 703872403804471186 816207835653323342 478129214045791881 998224738640778485 412680287625297599 582671016393506678 224956940257195692 153505820397486177 505172451894361632 153374940681128434 496966293888907389 544078083369222892 947268127579774904 772694643439023791 723673770759563565 6477309784069995 794778633974515625 522594324794573110 660552124441232786 373976836688142406 137117989513852251 966646833878220958 35489123919790627 117830942607818840 982143806264877360 328147018962038443 841078835209109583 410521711529420626 751142928770426566 336327889231296005 716575740677797248 153036579514942243 160068567875191089 557309607036552986 929232604938907725
32
380964233105444849 997707464365971879 523837980994337595 910523383197850430 399715678534911251 334843741823763239 303028757507194555 132291602250656557 418105869797648696 694584307438952663 490217552635721841 437408826075685247 353777577310221697 775101515214425885 660202684083265112 808210527892784376 181235597752672205 79439255014682755 929699286295853518 147230435296659414 841557266844636001 246937321590790199 836365393211853335 377153628100017415 503442347669063301 355150576059398557 603566772140809945 899635079865774333 934311310282094702 340605433237233760 659335594611531501 527733044157419605
67
402065617312422980 707580413856429947 550510507551030991 130039191372016211 436372840500298074 103550677898321252 434619695445390708 434819678708483301 910954061301657407 830838069752126590 46579291487242570 103210858843733659 642973670613413827 385221115632069227 114329687410675061 332011852112784854 551582216355997194 32742684334538879 539983892668075608 891239740638364943 974653622737013728 756923247217181432 757753973429530942 865398085907465400 319719083594147581 667359165944769505 256199300462695469 73564096904498444 627404330699417940 944350909546645743 379342729176268421 927033224682076832 586607162616173031 158271888885725491 448590194638724626 807553220423961544 583040322095146660 551643954284575506 256194628592487788 352263107553729972 863596020110789670 911031909124623954 174966967377537349 615846000671248776 723805775277810877 343271233191369044 675332159094152593 781569325493574840 380383915077494493 96475598619373031 929497430533738257 739163041107378084 595786308647281954 760021689692121150 478290074476773564 118185780911790117 499322607444433135 517613880076234425 234314899850417607 480007766012603073 516586912729993317 247876979582992945 837361775933884004 373752768850754128 70468751730402099 724029153157700783 786670383275059385
7
235902397256308112 506610114629912016 374406071886917893 692072893891472307 222882445257571491 578507410360817614 607550288769384767
55
820168363744636739 576148490861344163 7540408270702157 204654798504795717 423849816711508511 295465541506699172 662416205376240584 125971497156418019 534388408897683586 782770727061640990 868901574073102926 138394944108608127 38641314331031850 197672692532739937 226891548012010571 870386245531114497 855843486675327488 306779001152724556 932596244821099551 420707268995598032 55972581763659215 206536645688506825 193271487336739225 525910272282553756 995181434425417547 611932266157107313 590303971094295017 552643036451397766 919742270634785439 328555066574939552 465751511657416283 650213821082596612 388618746860277758 843046075879487498 518186218219513120 170911404675612068 448781975838946035 315714798659988368 741326629428693724 741618447544645279 691825052592687780 827122172639916271 622972833738115751 186414062270773556 266935654256528285 529220161705093834 321604629501749787 431338080529300122 56281245716193023 816336154305802837 9457723579088632 919513766272393926 342337339439290620 527563018819051021 615948817850790430
1
867460442152998492
86
382704308376198824 910391396487003811 433975718097053334 292439152294823831 197111266926058216 519921904884091098 136236653001260157 581562268549040631 149730418769219698 365031005671531055 539438214298054356 386520068176892096 390500826756544161 425486499196661332 572387761601661106 903553240837349376 13852754861923343 275440426270985995 565654247328246668 109550989881115868 296322747799155994 908403977916545809 641396706296906691 383642817982318828 269638485442739172 969545082654222457 559885586909195920 429830392262629558 989120201237524492 507795858490111966 837309200163523541 205593158938186422 643830304797525032 587521991660179960 937587871285587591 785283969845840756 718261321342310100 710012289201367726 558164184656062296 269609505676411582 770542910626726860 266387829885767768 288635570210131010 511244597689418947 507218931725072145 170930546480964607 455730225681129201 251175241484751603 895233799583771866 221357802195618618 760646670687029195 889447383800457320 345460522700577421 554975022307900168 457592366209110313 994156143473335357 100726294125846025 214060496177108938 14977898354465385 331971277159526328 740550757733111976 896017731654858550 955824865811510075 117520654964542926 233522429389644081 572858051611803359 670773359155554681 307594986110497437 498345104070537330 589642010171566993 347330055682002312 929969756573943131 380501586813675933 848141585875977881 772922589029674617 819749865457637523 924004643360489834 911964306658771648 141617719054684705 785744282093401595 863623688040310575 831274688344654146 518774583540407198 707955413438593042 865642080255615495 673524243571211821
5
663847196246478639 139953802021081571 426981706392174867 92753159288428083 635017894244819318
52
455954466976328861 783099443838042007 901870385244654976 269697557313763007 333350438837943084 95787183157862770 201532248860368912 271471625682858991 501400086830583868 363334669205718826 617863533429941026 248654488737539318 887236076032330214 274378311213015665 270315712642107805 691382357843040625 463876017263790763 549798016734540381 575069342979599034 901971518483145240 744235850458870880 356807231805002806 134623311980240264 716256535072159000 821867717002201650 576157146382523621 984925063183308252 215527013549496372 797805095200741652 583387664390040515 838999487954641609 622367787684303289 435971141634835084 747708219396008436 593902614318391130 68965425291657414 281931198343752915 113259735873272840 574670891632323510 461222066975203691 152290114864731792 571161712754833082 960386724438891503 910369537924419742 855023806059199956 14347023438008220 421286695964370362 944353904381671618 870149843367508315 828649875950499683 667577875202413875 603293340690473342
19
698725793737812208 655153984257960722 80937774859691393 703300032404086591 643942455900398465 569397234980922499 824203623309953995 373723169832570967 844665801582138001 975397187046297970 127464239979553241 648084747822167945 913958198891272404 320735563175381785 596408142310258830 68098703974021464 257295216769046323 270076401104740563 459162083676175942
41
190933825428473266 178676866374092059 715902166138451638 211930640882194934 495775265400646258 745731105016047120 820511065165739736 438634725281584407 560989983635724696 260019248754069754 78455583596180273 139717697625106910 621856475779122611 517493624192883719 641284852269576275 602095038855901539 566201038169150282 419854672412178348 863485169949975018 147406913170839344 713273792378135131 514638383801082016 294617581739515209 146508136797427597 133655712147899465 613933456232279788 228947501600923457 461899585462956667 385632501682030477 543403651014099413 28787238105633874 55745104798676358 356725636691496577 718486283433878216 451116799350552354 928782972535000730 58361469856080607 133764206997234388 835604705430518036 397908550900070212 995335325873663979
81
323923019851907851 756525605586767402 493105280922379319 670844819809495311 928268119643232495 375252723719954816 407028407540442644 782396055779975175 707588375360670580 190424991886945258 811277619865191820 176279649212056405 581712262462011896 170310958771723938 191040834038212682 21834212731493079 560654674921781978 784156289662486600 50024231743304853 778862964644289618 216439369175268964 772876897921786790 137932146919661639 44523225363632405 778376109656678106 238338643314627114 233513936463517330 320539040243679426 748369757137396370 864765515192108177 959531244328398500 281747497585918525 853416029436380682 870747870823496692 324889745196133538 6803082067633157 877865903652976945 442277575448745461 513431124272664006 205639996099348740 55768554918949529 717057651359598682 409875444743646509 501097573286653614 688443733988945080 84561007693731198 915771660016986616 614802959023932564 127710148586329376 594128477120382367 989757027011137402 383860862059466308 236916197749673385 368281191588943103 45203581632351996 238727611432896905 766434921392695148 123397447934181958 662097069568461916 11324389860818616 793599231427417264 23914269931757687 908437954824056832 556295126022384938 26995453119036898 967955287018015469 957137727087653401 528531658588520470 818963690086283205 945987326341085347 913441383744949965 20384346075317722 870582244952539625 266467545872630238 689653193289930643 232318068083594116 309339557894789244 749717007070414641 958649953095962229 992736228461992002 704127734659664754
9
470553655166924268 17877536836328315 423474183031887054 562715235147327649 730645632057368380 458932776294645386 954252916657197607 275391641426050562 868069074138230527
76
395201188853383405 541741807828425971 573305006464501430 809330815635731905 677336416099649163 466912110662713707 149862406728806494 443477729196308774 191244908709030422 403699447085757453 351177256730358306 621655416726386113 112605912557199341 318165023089987201 949103252803188536 844887987346540809 928803009797838818 780966057464875719 41030101342225341 677903115826939930 275071331303735262 30281726388417601 252026747305780219 67398586949348811 810870690100909689 544198605069082539 608407687387273879 155544772039922705 841657128933344176 867434029060549332 802783456529457674 158963734911580601 223022916614684068 87406540461419164 75832026537974297 154420507287746468 498550557020406280 320504475048196112 235635870933318610 333614387241585997 649700914595316814 559724857667276095 610381809961684031 293668746546127424 466439653315409503 764182685768570571 285012169456330003 241258762249203803 787751797629790983 461807303579916702 145295142593533924 309681516161290312 337109794280289124 606716149166185748 423285544804415886 78563113553011647 488518897001766542 217127260595481668 627995345669888556 987669257694508686 760095754276166585 751385393837327740 698949395616618503 98724842347990946 126144260361240269 847072281989975167 505991628662655465 69378608984734945 473844688647250324 88459759795142255 378402270250217195 950008037242069533 289378995199217865 911225164284525680 829049844120131603 501791631547145917
87
633507612852277748 450642844636925367 562501558349231293 947520542466949096 851242658569904645 70972402863651656 996331348229639736 254122848759183600 804032790126564098 415321950546119530 730988319876636677 532705369207882333 747561924395190820 224019795523971249 877108598361855402 45904103272150870 953384193094759647 963027460229605083 211961799545306244 933208287435309479 929843555122471175 992489275062383083 642162555283143860 406785532546116474 633194053661733485 12317061667875217 162098305469021611 275484177891388854 101514659689959351 929760160544808433 542758704491834403 418636292473712984 566712311812745283 137647484349236859 339104542158327880 365062061707861513 164402167369847155 290331637208498549 32584819341724756 26561931546756130 422810956907549033 883699811747700287 589191045886240699 316013673653655203 969515037784848654 505637382892292212 454881026889440342 414857451728619980 772656436215160242 728492644622720098 103412015698067880 62370801588267951 63166850175792433 291213086093636891 150570062298249102 288479546334372155 893460725999107101 251489599154291907 453673692978792687 695665862581542345 411769980353974279 588778559950592014 250869388650993987 240152412851619978 995072705459758387 389003589755541258 210219877002687553 37324259720329973 569650420185886326 349610390832231420 842705716261410657 793870098439736942 61511096854671010 402419665773631556 872739461227123376 808961505786377484 151686454056750390 150673170335102664 14336173555068889 35949636268451949 783179824816263341 847694123876111964 578888201425744512 221842630394609628 240280132590857874 267355755437627231 926096494131403333
94
149177130984941717 165390716853740669 898307438330708258 964866895072180136 768942379852222327 840514980186375116 826719401351679895 459906791033361216 321471421455289539 297146677185863712 529021157243354183 244360992200609974 297460890062439613 933585509150517621 226747459452860116 858365897833080240 24528280184974799 638457496851729409 856038116356719153 438663978959681199 823147125026552266 785700696810970051 344289782658210842 509567188515420033 980176761941510210 887523454773623372 102393715643740636 534392195079488115 886932734699901324 701129198824765808 745853464445955508 234767604789503391 254328895059039950 201162190113582891 138292213126031072 146636030370292175 346085223851786090 38517074631452347 931154616150295600 290672397910776034 155897406518702392 532183829177409872 234857239467615213 46131318848006049 376971707121026732 107731102172865625 190033275268094312 288981354671222890 350724670146682355 18253554228807092 182508267606690093 328593803022845712 885263777207333310 223286763397276882 410381757587496482 804855564869447236 471782081818398560 342175550944221904 919739923933649743 223161878156296379 942664413363740716 298253511328434741 317355464030975140 641900138566716502 407047628727562527 575651646918097599 521811057493986230 596860674316656766 263747374722805300 326363429154411657 360739563875403446 367405516858063486 686725948566808322 749714508789279926 655512059716590879 978747386797818459 956287253242840890 439692205516130547 11423054859700819 535974848943058311 150971831452110129 4897638928599821 364341581586746111 1542440480575772 666724787022923275 595688968668225541 203346885767678308 735065150732401114 555080096159263110 791630954771617533 233680827442391943 182573748869659749 248022037555138004 221800596351592156
3
519331868271925970 559129639484491666 94101164410494819
15
933627932518957903 255360996606924508 422825278446601448 662330713478049096 770523271408103122 193951812450299452 640370971063047359 989045707407528834 485183033196037015 941175655843530154 187115249583910390 261583790847210460 319142394942870463 301852264658768379 94530329161682457
64
671662459452018531 196404938750000788 871274019857977954 493495117700586398 84090764220068556 401056382120773576 402512831020205473 760361151272385274 223963515030358535 59763951115077142 301195780565115481 777303563944286962 425614817077812026 593964266275433363 820644821019914110 132161209473015515 837459780583801763 28906841864966214 158768002787121616 99926665512568522 505876762922544349 659872004144341925 187666437387802020 997137110749730330 437412911731777221 419669791882515232 536816504537350092 706276552435921926 28785517530280557 489350080030537827 534292607913993066 423860079255378974 235365423758582838 904532615838355445 940281189259772454 809385883157433686 305944724843744270 304129175847950708 12471723655636016 521361563025583330 601531885682134943 278959605163730702 229240895930711232 286725974265283813 209181250418009504 550240926766452745 905628366191540506 776785809098542497 569200546822522545 343383935517424380 412982453065532368 771887209933043247 404836508522389493 630835718310018334 171840633031011718 845977968883095111 570974421125536505 383968936339661717 333663838350051890 309029621132924836 627225832157245103 355397842690497379 504913935002385281 928168092334842766
80
288997959916201806 450980528554240070 800668189152273994 42760792957992964 846253373963022117 551136968025536640 916810019629989948 732630334820688414 95555164363131828 907816281779103007 867618984132505456 439994211001988027 522956251536901172 163271766238453233 177517906123630027 507845070041753870 49956151958940367 507061572658252577 67072000647687661 233615274592958831 979039353109017023 403018906012237781 432387041661624976 826418921445735630 51103944165051755 561303833710010821 213940082709678896 767525248424160960 382292048771815107 412888686854492328 995467322356891111 349311115158176315 616130327461614571 945129185173913434 230886456776268751 783903276581122105 460737570332778010 718949984621836589 126222204910512717 52821662313220025 728668076754151185 152019270151495385 868577922095077634 571188508623348071 734743849390253784 913343250460356968 224978337181214640 145660453672560391 892566632429408185 469891704217434010 491655908741226174 462932899574367071 62004565141192326 273867819062508388 295095583643040258 2707757366918616 567699698908299880 32756026236095521 242824402654482337 515295967309310396 212649756769500343 842238703289278126 453465973973644341 478589393544606374 263760834697472675 158956594583987725 410196540640157755 715380666625733206 758725726769488506 949784018132768768 275533181754111698 552224244565184660 182394890485664720 155680063247795763 93492835820463637 874230524966635094 808943117222731983 684618597879336217 703202815827679931 221523232378966268
31
488753855660483884 655029232072231499 548360307059931327 708323031051327290 610382174242362745 729256081451586707 768094079094576241 972761626303073945 637433435057196821 848932241995522458 403655115900788983 401446355083812130 963677739155605686 14356727321300394 822808126848617521 496739101090055294 775714533730415276 285448259512960631 297266857019775670 45483773061053045 565634834668153151 650257798572295382 721061811646069760 285545598136914811 622107556737710012 90723565602524438 934781655753943491 777818781631551866 985792474710852464 541170020366967083 523847831124819910
92
990800257143725095 648070151345825363 349053930309567447 91170687352237292 136346319657706601 923212773473989992 763734842460542884 804179131043961956 396666009116715151 854374680363814370 53031272382598352 621573399581094161 790599761387597232 392102016498866449 3840487191543940 973077203711721388 251572471155060904 755582695022589378 594554189314847042 938815809814640578 22083882958185808 399519566539815902 604372343066120378 26003511649528896 250942856660484857 553170070991898599 701946875996566157 538778593089229668 337999987398813862 325806435791023014 370301937900090006 594876578866903249 922202566193134479 689062551724377862 374818813454161176 211954598872800969 369622015334067627 738471701837500432 573396280518402439 781154674053168065 221675424355381143 282613749174968378 796560743348772024 88113808670991371 940216200626128458 402305710617631415 295607967003483766 963859659073095948 65545686200088208 477493204886939854 287028877560317926 697028379924420032 302208274017311500 311093908517378181 652104719455665654 834351746472087774 796514628417441925 961213208596596549 848390334886318093 965291607356397045 109120352334692686 813109436298443495 144097339476473910 477173039838006484 288975720093324647 77956999413038984 824025647101005584 245793487576078349 490215805813453143 482978368925083492 749913855070859640 964561651102263350 599086489466852905 715763711414098071 541371602816795329 65874760755812146 265963470431311440 862478868722463236 825635061618233330 928323000330214577 962850758901980623 401281192426306420 211842197525092247 244889968876682695 846876277638743911 393329758389366259 722030913325413808 600050364483441795 400991671206560319 770732732271298004 918310965973599622 311077265727568708
12
921793014858777024 88420743080202523 157639360283572942 792389515697952110 869618410598739548 933299593902353153 257381330552069474 251575823505376026 885718522453564032 280193411143812940 354565947879408800 465028030636202249
19
710704888591119442 276713086679030241 82690127453499425 78793299789600639 366261560547338259 843480270206968718 235450717635452469 327537857349141711 266090709694425495 416376061737678324 492177557108739020 465342646122183230 583398134810605370 64983363912337514 926991629590558162 15533439672116888 15120560007773181 237093090231609963 201559325048192310
59
773060625842718343 634864893559106245 611214335308433972 833831774691417711 661586433390045330 473003903429973929 703249145566180113 474261221472446045 25820618028937185 994715773208892381 439666066100012973 439450039820072198 621787227220984452 248048005769451361 67841306915278861 771693244028038779 902468936278484210 733281499715494106 441174908200326013 978231404471987453 364275616377152940 655060915762189021 834323202507707795 777102758787891826 362836142274703035 549761395545088236 832688158734217269 150621085747730362 252584059859779676 938617045344599824 348724705805425949 281280195290846312 835473128927381342 762932325763856322 533549804511643316 110514956983377113 812558016484202403 77734519554164317 755926667130687027 663205357997179165 166565726282495674 355077353752854213 146161250588383474 263138016536674743 272109572364321703 555933358946173332 467251879250403422 654710050471920362 213233541761126052 38551534853534712 177727768932372557 589980510801233089 135861774251133433 150791743607760177 41278003329157049 222249249209075458 343680009723958130 80206483482154064 610851862190951846
51
16732121715991470 936849454061130360 711765175802326121 791693162904324394 616626198901203569 37095428748653114 97029654669382861 423213598915432890 101731823619181750 698746235794937 115698432386305014 987259888705683218 550576857598615422 428991482230303066 146421391569027680 685307249108306244 706521070185402718 514988542448045927 754424269187118315 199091542349694178 579595348459492031 925441149716710698 82908984606891353 623446653970483822 154761812137870527 904643116361006256 918400240635635956 475612207139293096 381957156937542518 873077337349009213 658994754498051114 253854261861523961 539605652769751197 286418496120329947 643925742162456494 244617103911458790 588675927236181497 271499917187454310 897587463832149009 877390753873008564 890996046879035573 189966889052370372 24614649189729393 417899113275384914 499808470767267352 750604428390881695 859069713074076524 521156328182026436 503382454169203025 620515991669796784 167932977509544420
14
290320636734510303 96185378750445157 751874335052122223 760190581557595789 422077890335198544 795688713234166348 499046214436132746 306439574816697485 645830830951807888 971968193846962759 770349790963333144 619459467875025775 387142832819391986 670920978162583084
55
995299476567013999 70513663850409630 795272942792612767 757783077282795470 734265719239402108 879609678880462383 734871388776222704 771916679185656793 18340027534827250 578778024046902646 344068651536526094 813986153457115137 951441816805581783 279700796789595502 813701141607370055 343639871750377587 550115554945537114 671357758179278908 315449691979243295 91703239352180826 447370411266857276 58929054385060527 270542682966677476 201769200352117875 869406433805483203 466798680953242735 871112027701748489 476607079110338668 694546617117102957 740734913067736445 578715443468089080 631462169153784054 667626263208828551 225284106480171611 777936591413852271 270173839436682344 712079956957389137 558380173355598911 928155832945377145 472089236287682049 296931430965589709 530568560874380854 35726835347024376 597600843105744088 441705590711067597 790172748154383879 108160512432380966 614687890768393436 206345284864309970 938675633833390392 218703094461242227 763030993128467293 748560661735567787 501787279730136360 470350745300056450
45
803205715669095284 99941404289172961 660275666400178488 785051875585568624 432743091638463578 544258406666209283 218733511597398808 689939318601714426 124515742759705584 944228586044805835 517872843537798024 585450402773409312 876965612425647956 56453137481978837 307054387643871980 670701364264366484 84183885232667796 428141728115619614 699981709441038804 748980015634445314 150408355534528659 33826011131806915 235098965296936664 555012434570040171 182164199617643294 731771300856614931 567058919240705020 97565077716845941 896615824515276526 204423301214545601 521569668563102567 944925260658802673 928953941428210183 263147289706983184 208969567520042343 961892960831524165 907303766530196813 603635937892665974 370415976807514130 145953836079937300 964532193729761722 126725444664515796 279049603053474717 442039295953116492 905444338596988207
41
999179246208723549 793792673919591532 348002519580193567 811395925516691244 882041614968568236 165157485600048205 76217202714692830 922020930411926482 636694689700327916 714221257641692557 733845506373921238 413889309009483481 909103377577674750 960734077439279292 933344217764854146 368220318091597770 721128124028549916 752826727470417013 301901179131394872 936303395942314789 857314743774725992 396780046902351648 264600276846796312 262816877386669316 638738668508248239 686730699354882451 819570416592326645 880060541859811643 163513596968017330 152915411045031528 915442225247758686 181878487417593325 620999476332616909 34014768417629814 610458304558897330 609578171954545490 74949992322744197 401360625249797250 556110197715815788 545011607174863642 83463587042898683
68
749049515446285524 950723438897194083 917980777341834137 533349236407499228 990115900055385365 69403285151728317 258198073053279136 669021243616998946 922846491021016316 492480739950630690 601102872980858521 536312287956198385 81253262681460291 138970074917714438 995110539180421515 742139463707480675 69940508685489919 967978766955589403 239847966955083334 964434456744353735 653356779920142089 653943501110881992 363786305607728977 85874081125784392 385270151325944548 245606745736922821 418538312904486631 959865551211759887 588594376502060512 450122191309838176 919737506269245530 723760004517389730 219047000867168119 439672782418464804 307637714866826309 724142212624233503 220916720552885646 415714616001528658 160574169860271883 25897484714214552 727269751041804372 177319852165205759 699432098378980350 493108355164130819 144108428855221855 15472461259979015 907187884276170537 493614629688906286 267930904362299961 6296483754536166 281993931097350347 414242802920530680 22186210340771474 464774112592663008 504481478381788176 427734282660943219 241072076304290346 303409552649804476 71129205873684035 239932110525479159 338489962748716051 701188110813963236 326420933887883451 405132434545349666 463249175268376139 396228087304020669 991238809547095552 164700707431422891
67
586276966984736665 268773273738287369 906034896991200630 861909551429439151 363996925586673522 11916090559535596 803628956756325809 994813823331812502 954605507680222122 925825099774302802 451532794256971285 176025417098870928 144275875365582178 4478134709913067 893804388091021533 961636143995175111 390708667279954171 864343132306730324 477574436256574353 700987975191621595 819241914546862702 808747056618149324 589586978497483463 106761251442200808 805018511413920054 690962881657375640 729666045833424944 964300591873740942 384142948938472954 317113403151758590 919816784799960938 927430271102823483 525596721649940209 262763348527684909 369028594248342911 386693320907474421 916667746697215948 163411868810731507 905410337673951669 848055887183938535 509833969157822218 369898520681692377 283118973373985781 578276869697385656 791828217607299634 656399169319974060 669828943967374698 710967896250857852 977218724634855649 2506278704108185 994450695818649163 405421358243123272 334100251901311205 281497240557549738 147920124063602072 28029763748917203 344746222055813346 358110291502864056 523593436451707627 605057972855620860 269816774661589706 115805985113184491 290178643524481125 998595056558496174 797306069959640890 276328652753840989 188226317758931577
63
586698257597862857 375139573132422377 608404885450340762 298791592728023477 936667794626006771 780445479222554945 998004355047360931 467338098558252140 936639203299063378 602603805403706365 737736882049011450 985111494924051519 877893428413065332 742685264400471267 363941178075396611 364310638974365454 696095544545141996 839557482320579815 353641578409370489 458095581111549486 497289410667986710 901659340319154326 791783947580372701 946163263722212916 6293413853431528 479238403411507780 285941040000878657 156264452382106173 71793571011583686 109834557449408917 268680199662826869 321840500421005104 31073109335582370 175873389962340608 659840261012108269 496698757516819062 101528970907071447 62515333341546582 154481500906263059 260640028558537348 493846699912238287 397986465461332224 938023091451682635 667457164585302429 50884769200902082 552216605781829458 642575765794809084 941838229940358238 937351867399662347 703689834948691090 784324472549066051 566230104634567997 204501753249735829 195354965761940663 333818167102311890 616596982693872541 177070100466402536 197224475307231776 88842114735172265 450298527056519017 500619220968888848 355522324324466641 106017842668958228
78
454810766157512602 122665995378840697 566176326455719364 248402045817504992 535113358875534106 783810416695328882 428715670885373531 731011858103736053 588095429309202702 229610604848285654 202125167458350498 589799443583705023 26612261532119619 36654303783839333 540950731029858834 640585658151926673 850484959201233291 163001215541136648 760734112471239089 452377085811505228 471805361160583362 690340062987775012 700468210569511972 252655831383074328 353787549179052750 789648306885217031 302154271736061744 547224026197806800 44572307649180188 413663161071099068 777835152076556178 858851928583109570 515252820487630685 197945631957167660 674329936686457168 97428401095899455 858118374690890456 670402451894466822 252684765764921112 62054802534417457 135754877001662244 716987407102847197 911472291151017379 568870279678442940 856633083972259509 504233266799670296 653573155114937014 688494037140276035 142035241749321853 456535653247365059 264414251452079694 389514584942917764 294174580431273628 195263166080567170 631724982223551412 51601973197797158 144755440935531267 607447454668087898 6854091830174958 632312798738993168 334425368565640467 315929099359416185 726498260163816854 518651982803891094 145790048527319399 614532862819186972 255595214518008506 935219018235447281 846845949098725099 205991349626797796 827506574984404211 168301144767695889 398298517269209089 792366122882010951 579867487048466964 806370664400408377 172884539806169914 553657617588737911
25
827689898466851132 549746935646964007 313692888132942706 233175257731708174 213570834580552492 802558377573593732 583240316158029850 562636111881249457 949036586343626477 771261952566532803 964522336804410830 573045217879840446 481801002683107363 211031407626015077 343428205616350319 353548907461537510 856240602627340330 697363053592545800 268402967294296056 389294900499745361 388409658732429525 458835665663743685 483572250218049173 326061099077618156 355460112698960766
60
778168726663831852 390473934652061657 948458529310690796 779992992192528187 467202150677195703 112289995565475570 483891299140634052 980305001494857114 711208500919297328 850206020685127586 86505883198005117 263417641345382864 551920739427605911 340936825698684505 643091262913633932 467010883981832979 830075216415478556 253862588593390225 183089602703106851 645833507820300782 743595244411551311 97951848451775564 993054910888280784 700800523545964068 417523118064351716 824504265438524289 46721548384597954 276326536370294257 433305282952097376 87461491778311884 192958906138858557 530967702926584432 778086791894269357 539633501264064844 987159238297065774 907680248254721020 644664129196357925 38920233234345804 186775820250484438 743160904670723584 281211973974298300 254699683545944933 24930519397424908 991278854843246172 489937570396860434 101976806905382224 173125040935943029 414535173267027140 76504414518931138 198391018006792761 802401172093753228 581090947619294585 340407735320780215 876848802464168205 513792077392220339 856608106082445417 123120025705383842 303691498249262488 652164204417406178 386804454771528326
77
725388026103812549 569481641371511878 303075419169335610 550329814441351416 537222337224633645 569107247325659233 628334248653972425 130087661239742686 458121825865449970 49136853216762603 823983000554480997 679135186114116396 296904172405972634 641113502650440328 872229537802367238 905547527172089199 563916427828950676 526403848266266476 538115185768768265 819427551838371584 211349911601730946 541865816141222441 307988016800333131 114680061197861474 921387606833987520 938539713852181620 768082170530608917 2175761248345327 971743404571876411 575336990868529789 312685244462452351 200387374909371764 789134910559657688 563773966058522041 787090102829773686 200347416551747615 957886367935874660 751278975822815062 951005793281303074 645270505741648183 714980958041685137 411193944827148850 820566650860968717 934978445344767302 847161612348845619 662361331384395040 200839656712490306 763234981240498590 574670418964613644 217913781306964262 236020807947183037 688172887568389316 333917373742928165 779101286364054860 249641263025315758 746671175670059931 285610384069799197 835116589010462668 582597882527232853 393977062980985938 442459123673723642 397019775726658363 349757331475585395 873056620133954234 351019832031197457 521689747548256981 324725074625017447 777966258452738824 632557685490653012 241027853216208841 59978499418190991 311688022962901387 252009084111641296 234852270049763039 438541429235148039 620728307090407495 377240134619004205
5
645107799073046194 730114031520522807 696838442182995798 117922522476082133 415123603574555681
16
944823827344768209 399347354008962412 669650765640211883 592107974860960338 778967214592148512 785891760898483041 568319273165717318 154704830486181782 326928082721059428 595698032853851481 759412356212669593 322498997899506651 579666315372197502 511745792291125156 185623899485408738 626095441628991454
70
692277481629958256 924778608795493261 423188627849911216 730351302340184166 615857503988476990 150220318478480198 176911725003702281 330449805972656031 485997641258034940 302644256904883610 959834972789658670 629155400046795421 904862619765207709 438737135483223052 978285901665160331 307897925012181069 913409981803390091 808144076910104421 696263485102305689 51047699652134694 870642111613195984 489646472895193167 956833001775203732 921802028204900049 762063374054673177 578359226777947840 319549640766972015 977308513359941829 349558230031652322 464070447846919631 127291760881771984 324677677083915719 846626086881018541 486229385284484580 180067027342536395 43324987365321627 620491345907197302 123908942224565076 222835238243718004 857587212902952044 263270804792918635 593882855438062745 896059586242761973 893057608333364241 894735715817039658 233790272713548024 486833170152762900 414906996656515045 563359887065226894 867852349749592962 126118885065334373 482955632427623887 862641508369366342 468818047929118633 996618259558269335 602526630267097630 2120667236968912 278460348527885094 117158061322493594 161563635669041814 997947073850639510 92429531549064033 733285939910465522 156080942746677536 51755762586487443 595657817631790393 461653876993898756 142927730419247007 900930260254515597 301792778569655934
83
256195073989268487 186306471462557657 119090069721059834 300032703035150897 487110369993233438 369379388351634798 598173071022837644 468524388200000909 685489783313677871 763747441124824222 997819725854188554 609229073258251015 508555291013699157 553422330765503838 154569143620943497 706584023700293564 105833098068110991 89596323950071122 319919409082731659 146549495476713863 37456514950694685 715468139386061767 949679039850798072 732061901613389522 647688470484920147 507948376321237061 71879878931900405 949847986855517389 832190926728788235 829483878798298540 552463151751802750 744319689459695789 991710208952571905 715966762980242775 546253551145892120 717506395727658100 503040544636524653 470104929675694982 812435332876463584 583547575655243555 523288753257250090 397785106506265750 710079748554079009 59263838950824259 360150579373196008 774116975881690119 625057312197736583 622154154838827357 273761225881002783 816355862212712318 693381844762868820 321148661964696896 666289052014779530 315065844231659038 919586532168863551 805519530393537899 154440115006386930 4444315365370109 947409182442519013 383387308451150921 837260553941120160 583645327271763536 584893813772765135 49443127422866288 717269188522317528 899909180302703899 876574185383057246 671210873925298323 72090350166567960 991795057065870060 599825476953907277 728342882303069995 676967464628768496 544841063774736339 842505809161752266 327955109507069099 632270528868224213 366323082309297270 241170329811452445 328238605898174834 301941501759724995 191208545287019449 672362711369276533
44
308620545727198324 104292674717279063 923153169391463820 424847409802425873 548180745670669990 128649449315836304 104808238955571983 988127784967347644 716116381112809267 376728505178015115 59557203024405977 88673187587720954 149794205636046466 496579833111047466 479293003572116275 858618326748358231 766013408602212295 610141246160586509 646043228647262701 883899961513118110 201297704188529617 328506687166342328 685480901589494540 658587986866553396 394454591904374938 236595244109094271 807219771453657047 956101640774725571 613699262781273425 519353630908910992 723400166305943327 84966949503517418 353429310757231910 416866549880071280 401552179009638808 311670694177743977 735932779544505327 788160968469730346 991629688008507434 500755309656020768 428410183610961566 382421948329715034 901836424240659445 432754136275073962
45
531140917601258521 190850152473509618 107438097578264559 953259638638495161 802569016287176454 876285966485097201 295464091611266502 95734274267276022 728509581232974696 995195103770221862 409210794938415682 549086243619276515 139268552183029609 21294436158912994 672601880732801413 986012470708238125 783044898961483619 561153653044017360 803364322480148949 853133444524746960 837683273927859568 900418621638282340 341635856566869572 831278273311064875 629497827041197111 90104850091001542 706087519348361478 267291632675995297 643043848532577951 848894745597988062 968070132153453636 29048685298357373 42140621670707256 55710186716190618 554164791847339330 423810202935539601 579925782804553792 259596327461930829 131390006266849035 134098958661711891 595285879380910844 58290987892570776 418390220894201056 91483148580654589 898410427668054774
73
756294883942611158 821366405838206847 675054868256501197 604861059836713147 303771381077191479 923506343229650075 589838876680755397 689743694730759550 647893491704225238 95142869428372625 89233541082474244 77237118216193118 814405344124362797 546605134504870161 261043919809108177 319173358808156228 144808624430804434 218570192312244967 799316023311303668 414557823445397093 330016442233159762 971960292341184149 370177771608129612 799803500943316745 421518808436298235 950726780659599443 763692811935915076 490849393286831454 315064301442918277 285606271578197106 523466286917425345 39558444640067369 491234473420933732 809878071939342753 228397355208678842 620574990680953228 740112904983031741 744159261932073685 534633781993429851 179141095778176258 930163843993763586 427943674894432827 570559335154671704 621040040207466326 154489157637194147 443308580133754573 944253658606714733 617494766724044885 475879166029092975 597511013019008289 729602418074816993 353460874681549316 77883573682141253 606282077999875915 306046377259494199 841567063760259545 795878512681655059 312622347675249809 175471560157103581 81208707349800878 745283302303483481 308864654301525221 95273923022486817 806776037624561806 171867213532265925 33872208229769619 397081499597761144 963066331034428017 354628837667121241 921893079794644907 169922521530346783 57405935575659570 892944817494870246
64
730471816463802712 350736807641177551 944323854294679129 267141311757521303 316401223153422893 226576051515458495 959377994323244209 947238441878782680 834195185392541689 321908936944641995 816345873574561806 838140853900987196 365481645434059980 647430148523439102 904785075857169845 501988470659735842 505827485653069144 721293740602627417 186540558776974514 700708453113760131 301359634010992363 723880468105553802 178592282457111014 907396950820207013 932298916118267315 534110067657781661 801868706398126151 819385337112527321 740355546127157634 956312903724555549 728752142518186116 180228056573053231 556713232959651084 719922333423531140 522701708288989138 181350057419823976 359014393156810563 277382608357183189 868807921555404585 58717511654805180 29025345386897581 600873388540463820 299689440622219205 891735030592479705 803114941856247693 562504703382607787 320614577290319165 158448570071461125 84211636788232531 213971190202680401 948545317001525074 822067229164154456 240206612765346268 174163894567814426 231671412197242974 406612372376561023 688161516878697860 761205794243218598 740053180393324338 787052346859382130 397055187049305850 218209546527466129 500899270060147982 646834744475778527
81
516850277084962753 320869330556448160 188968104871834559 677164364490301686 151032383471345774 448334155972949530 495904076173448249 386109037744976490 881106384671477990 779591330458059088 307520730705493218 157416904384991177 123878979562948964 272384728462247957 301080265160968704 180353359203407072 314716484060950749 260002511789181717 812764670154765323 578061387255116528 540548829631357780 363332497320601583 324766690702462126 514645773152532965 496629706905601099 90175196164392018 729619306946116930 419185821018119425 918058085097633234 368081748012902910 265197663806981530 808586941814602636 191833619852886223 912624945455718720 504408408186164659 126253458287890807 6518878992755158 629723731003505122 282625913339617693 184783675844400078 891514583087779910 596094098597969415 678623350319203405 24682064747014222 383788856356894691 588487651510006223 360404664447187014 149119075367887264 643027810786275119 872257668731046090 868850211398335620 947090539088673455 514011962535954972 598940011864986332 648011847656845875 832438387203235408 366418655104205208 580343811519371212 500327750701397915 858362410111948807 988718342185722940 617916772346556274 638110823399065421 303983944151385135 802076885869188362 142138712193035907 160106758395443149 232622787972858318 583464679580562298 125638538007896800 836113756019762801 157368592699936579 684902907267385035 479539014099085408 717060310686444151 314640446155407446 976245972580563528 128082365340496095 526075549287435846 486776364763577084 882231999327495628
56
30371095344772391 931396716871470616 276905152451231735 246050292531271117 167124093840278782 92456199844883360 310973425764200538 216035767671698145 648482922186030405 14635548841589303 91519113487454527 955374819378333716 953849692079751103 977388392487773233 498486470320902893 425877766401484661 531572107487226351 565566932423741294 311007534494434244 369501020220299058 472999533349163747 812716230130242034 144513269899045827 556936599504137399 324205246112790938 654391306281661269 780333747495882682 186283640166205021 545267542543593678 706960263821475886 719853487632118844 353471871958141033 785203463966151314 132724864583407760 846898814278811524 593884193782548687 231521833314008777 209085764039972817 160410475658476803 996830471362980425 341041871696356657 171912480576101546 731326097817803382 119939967840327625 657983161351232671 419235688669701648 489189815746477684 278213165024144855 160534060650141809 885390745499667391 544678499765877692 702510948123844351 619253924322164393 384572060279527473 838321583440364984 957745300777692285
12
641833701800748830 100648012630023896 875203373544845175 377691692642811395 285391986745429785 153548778531372940 603130015417622076 25990910107157121 510560887502574865 779052263678245768 629992901879683479 972122086431509890
77
780344804966527910 344935952708425055 980765352636438766 53688824896091277 490014224526673724 946552266850592545 543129972077551825 392797568213229910 108165775699139801 124119615448194282 962543003663688868 704479726886973661 295113243640730062 256090249097320432 567986686126281827 266281751025764049 545642910618291692 871334845659805461 334806540496959888 160579020761993214 7146267660736439 245734208350055057 361144283287468151 589742704275233777 561301259954270396 354785191828502805 624742121898126799 750139915592594379 524454332825363671 677805142176100122 840584024009959644 380909313454197548 821412351604689234 288897332811800398 523408051718021007 253462864050556708 328390410047445449 90634546036356344 118381251714475888 921336389652469635 163577502517507095 746646089818243953 602820199737137259 299091902797033365 863980075424924438 430872451724683724 880044380381730842 322132227963607994 550645536648569198 824842279616038392 748709367790773707 561214500748738994 753720657267650348 361639246133597093 677227621178151886 441276729073230452 552795211075879971 3881069306036151 189983107701126183 948833888093972787 112353473826132476 264239911145075134 41151855950971609 328060191610013637 388266820840322728 756351770580559300 985545962846637074 697875034026873970 372909472068998522 307411271187546097 506045114951557941 566621439147566953 601861014548895260 737411489701398508 199042970314511275 787834741349130712 81750443355758971
88
162792795376114509 631472888398188638 812269426599491309 422192248520113674 659370075095890011 525305921991940955 313067220341192890 186112035734383037 148836349167075588 197280738957567873 816086285010412016 120301216353577308 792556829072695049 630783801465732031 166317918835709500 659712761574432559 268327209832633954 751141690114328444 545931851454397058 546074828073051215 478243074762037785 489161128584182499 340812641859381751 828777203213769524 54871612295903858 899895735795671712 953392403959095235 12769301765623371 825053972862301964 925626509416422830 860266541152511023 548187234934733145 404503977087619426 238552935864822473 999970688253699352 518568484560912012 640323435571235002 9520099940321256 758249410370168495 816055430400101378 553416769662971391 956202212081523360 891389206938933946 453380240397055283 607751868693116022 355749904981451107 344382884038410283 549182698466414075 524340741847574434 790109259466585283 18570852850042224 527496423827255628 421407653595816577 837114419310820683 419022697500852705 13909964577670083 596038363898603171 730214824470304958 479658767494652216 208590992105593137 17330557418204117 792021780350783099 963181423455757330 313899383301399213 744234034977812509 28858769326633077 100468762237502906 410534173892522693 111581160555869028 687163962067440137 431657819614873450 936146659123006816 139407569032983974 125912633028979435 652053657000597059 546524937962889639 248286436303079808 487202062230867184 876745364680133393 194814110066525566 261689747146310000 328374642112785527 906313587114939013 67512154167036602 52449681346909838 857510144893318095 414877276386421811 871515168549915078
98
204200033775224099 140617527021300902 43012985294723817 465681608718821878 216725273790292903 85966307667498997 465770973641014673 748173770147452006 174530098321933284 14314444986773985 622623272076547936 139921418205062470 391439385914081384 575250858209021186 737007408765567853 914000567156335429 505136698931339740 724564783664483490 273869965814629933 696266445131053899 258789944675657422 684749085886427492 470722671054147389 597697790790385340 552637209395543248 185260027498286991 131521362770762969 334546480682306681 128117890510956779 627533618413157914 685407198661464597 496965215097571060 692767942870617859 980374570011730881 479647040367520221 810460884118032980 995973356438825731 483072686294055866 441143834923327307 708789814393447382 17242369130590032 488399325717382533 433328102175801177 636054885761704289 179528137533812670 548522495526194027 694184430759660267 311200007231744521 584016254904501628 561798654638861547 366936531469835973 650253904209320989 839870961252640773 351040775434106792 822559537543665800 641320720026470054 337678219458037518 637023672751524247 102041045002687717 778935442578754903 115287425867948934 382156935052680321 396506489605192430 127541732469162478 869116782624860352 492209228030981791 864877156786096166 802913541803464130 244611835069212393 884910065281981430 832272886163819728 420144726254139581 331836075490534309 984212226744987762 945587639399671357 55040026789862581 884845877814665801 651377304331136601 545265863650781958 572392698859849141 387748361669071261 281601038460512043 962206401770087647 298184155787373878 899357720743887317 915913568263746969 99326487121808464 784468220273307266 594521528379008884 566607864642382846 815651421261110669 3069304842259773 925642368165260045 194478729759709630 61797185397907899 359883467285750438 879700551800778184 737431241568508907
8
133747811310183000 686804295123498456 536755171082825487 592553438517071166 878762102371426854 361221456870475705 910018943576642643 339571769030622238
73
681065467338195949 121817559866708126 183684103226035640 578827633377875401 873336245181280922 421164218328003394 825097185132411511 236060609945935799 737522109416838429 720680349099657914 596001388850352106 56086724703870986 969227593234747010 726093077958594662 856254915599557026 106562920740088290 310202253197813102 139468713504864577 5439712346593270 852178254375153681 933690552891367750 906211822435293643 794852579324986452 680129129534668628 906476193829160507 424835419604644533 884386390789454063 717821326762403949 575302253753261744 724276976762233105 100941926746873547 873229248752254066 734339163702955218 527173384568554358 659119857030813816 609570561073263854 433470407968096501 877978440769034983 906013714417220842 750527557227400551 727178011813240542 602393533645103994 659183587519394462 626947526416579849 346388252164271113 716868018026967261 71105805488335898 803887274261080361 227387969686719008 775991036163619088 96548486900746254 210106048621346592 198881978944779225 930410951721196402 911386296374241869 698367203837528973 656168796184507209 169979814128590624 587394941214500599 647864198286313123 826803761379142138 119860912494586386 480107638809657949 281955730098255991 299470480515034012 355643060235035488 836593905617793473 92436228664613508 887593613848235642 765355438045084765 742504257192593540 499235593015862598 21946737685848095
100
352469492182138040 516494654850304532 434768625562451644 545698586309580295 431070949706697347 911210309527604424 68656449228483093 983908864780884398 173275591480303540 268958877204440493 267374970763133847 167370569476104266 893546047659744453 401416053628036146 358819398737762988 601114943174666529 216243875091565448 875160834713539823 821569514170754822 745643730777360671 216352448016896782 884351918102199759 860546579331320440 432706946669422492 401838418933233762 686875608452746745 269830144069171441 838616220253555195 74827270899448313 576324882707544911 908398500938233514 556999953984523881 710748531865037988 153651083673740715 953874671653859486 181488451053867893 617269931328615566 710071580564260795 955158009509808003 140716179342179560 9785920928495844 433795001800690530 213532565645254654 375029373321710132 328586032628109475 809703869237235043 851052200411313449 117807437800766836 274743027023785172 260516975742384383 926940773125038319 558311582435552410 518557938105512039 890901712394346058 567556467069937677 98767279164214680 874967171708567907 457202331244467642 496184336974233194 851779495998578604 571253880275726861 88215492564652397 460622000586578915 504800979759506878 666923812840010617 53029338345133543 370001002915302451 567684497623275717 734552029783821742 674579259862367000 19338705631393966 371868724175208330 841902603594529092 136058766480852572 490991264083684780 413205711066183202 479433314415924142 240600670351546826 29520110015025001 644464911811229160 833063869366446259 560329899519540549 807581575682637653 9304229680819491 289859673352894632 48274911374541158 339563785862975098 163206696531634328 516527307690443614 487974979296606407 798092495927331487 231054398309636997 357412578188778237 236299916578757659 277275430669477695 618136777729719290 352971183834778120 673946025313910259 950641166769087842 9839359560819325
63
818823923243468396 486615834490231662 787849039911756798 130446846339375295 64619636164991256 741053334206393288 466566891310746459 258487535302685417 166613574888327469 962662265661521480 361063921086508958 632284565200890007 332049231757289640 94417299124162764 340230819443122797 511026192157080544 260067491688304933 702661032132934619 891674349476019034 598109250874993239 460460900908369781 813094354299801919 902727273022785733 565667395314016036 655842817211875869 306261592846851724 612537769762194708 603536185944195153 135901375957530680 66351061133146837 119238155954116283 678015276287832343 233238135441275510 121528132536153165 434331245672903745 212107267180201277 78215935603474552 874830691058808724 332472184781190473 968700262081313733 202778607189562011 357737134101990157 307604089799824448 915917891786270232 122627821069269623 448598690294083096 510518288205805545 463143674246444149 459495137267583732 127709591375928223 37931343528740526 444238389852671810 853357622801560588 692073208619623823 880083643571866313 537157870472579507 947553304104602682 870686702500310491 833502493567268624 217570630255401754 222809615449827555 23775596438908227 82989700146204325
92
547463385760081704 487400656182314186 314114782083432394 929131929515542912 889960305266754165 901197453840331822 313028124690582716 691939398984464353 414492149988918493 298758151851500934 542120107258823252 276939970383523343 874991453122141126 56417532425541928 189782875544195441 766508083789224746 477161445523372985 750163181858435683 644687020332496139 58619817377723559 671000284665997397 990023630567081941 574203416411662930 937761529787896102 136094045929162030 94130667688120316 108512505404193983 308959811306759854 183668728241181433 696277999112284597 638245201828424965 452550438646310344 17920411129794768 614965413831532330 689170995106923425 532672008145323606 114559018084214626 520852221336483636 251537166419065062 195413629078588732 817784585776075894 685039825885155541 303823368309346445 486150742588149973 770193777213615874 132711026563124991 605381346644379685 889324943054322551 336683722388231530 707508421733837683 127916201785397865 696309869550809628 454474264258519156 318371307614672653 946000603352352190 525128574801787107 277395718137735641 196465518661164997 188897568165800416 685265620647758795 993735311872633303 945695219137794848 300789425307288595 187382460981873358 227697031651216132 865846370625370039 319124750226842809 936683512801037933 481188185171400230 367893127950828040 411064712668856187 774634687108990238 471801304699275111 322616214231835938 967311128815702308 674456891677566874 446281313417045254 59129041585938595 686330306459092965 326255049068252302 588681457160160818 246989430775132611 18886760552648191 963036123011853229 435995984539218831 365513004589019578 498388706791838066 804207910089449409 341549478562126608 933650832660281348 549536711360390189 259186662553132625
59
413617336617100702 759696152022247226 25042308432157222 63605298926832418 184296877019274839 322192927009405668 360066481216389127 274269793488342081 672282344885871865 227441593544705786 866083144208647508 237125849516954032 409606035358615291 73551351357737195 768685368275985336 419349567860530789 507599503808778744 687191683113667731 773807136822152812 273938651433851473 793614945874151421 90976033349822590 400467950411524607 59839346976361723 149962133795814128 707279062105797931 291577974319274882 640063758548686391 400448017164801530 156130321836638632 53040176698344890 212634810601225564 181094633474030584 157757805036505558 390570714477300066 548790509589525795 976496881648622757 190639875400765609 579081163294567042 628082487243687482 421743521465825002 104865081851446574 328810999174576397 810667008719522642 227485212789277639 495027888740832623 904427528689244838 762732140155073842 412215163379851402 627507321550338585 224838956083375136 322171570013782362 141974906507841992 944431850571369031 859297514693296670 818690232654133101 910048743600639835 403893060213395695 833364988588535567
75
210638044739152877 164656092442113632 729695806507645304 659955968364368439 217144388362328559 504699199190305997 196348504960083193 284915343943133462 535364239765781228 636403226759425373 734639778197036323 2491948325546914 245419801364366963 494564543852851770 851076435182673890 983693429440343335 872610858932504435 639319949862151668 178478072840032858 424561253168094805 853022703797427950 206616073165015703 625515283265600907 659583360524735780 583797782573329395 390686836135526296 628232263654767093 971959442387129382 555697535839007059 268948010299969862 27144641032918275 801304117789064677 786342841232641786 677624044329282289 167125061498800031 495429040363913684 669932238878622334 706539454735430217 938886951406422635 928469354856422887 572684919116936897 178896766506392535 190884958327371677 228693407737643099 658388184430063972 489569567085942763 794164868964137392 945661935260463036 213673650736381054 894295434757298187 980175697556983277 996956251650675917 193937731225624245 201437855378833704 832329010508842539 967363665870074865 777347354378613374 857465752240348991 137501756490458990 800632245028344593 383245025105069520 276573755454189064 586627373853256897 735843879617187767 535664086658493374 708814599214550767 703310642428811956 359617889276485064 287712987253713872 886046375075742205 44540908474600932 285730669836313704 906676959811295495 877129610674000826 52297762744224515
97
766137654362089987 771819057090675984 82960097374538872 881928263856797810 115144154212333440 52251848535889708 867147266975707473 176911344365186690 294187581587348463 328870546522971117 388649321315205784 778978472969196300 853411495711351705 607783159748420020 759324318326554375 654251757608514190 282596431943611514 657583840984024782 742128129809490622 77934480612044254 732686147413816948 448900914038391945 274011629275891522 380300962434202670 228860973535615637 611626868006115620 869892173697334070 637318642279282142 756061164134282270 455306712251830744 578526370594847274 61034619533692476 658390706674968771 484836265309584815 867510516053271665 856310794295483203 59018189697817398 537310972931848005 335291143310594536 877684046605502812 305809877665282722 287363797904372974 72461763263918475 868626151796662397 63305001357751680 262803521461866632 271409127045717782 15739879264498298 315644925866648534 617360028839289098 58839094431471693 352790275780874569 74335885872919899 767347239375330495 58447297193988796 603210015256798611 387872554779991599 354732828239126975 919048772047991265 73118604510699072 268342460006135422 592800512283155896 248524574264378660 294032408229034298 462913844951309491 841227334983959118 776048342551908208 571142325872127833 915628697694983666 500001335906911921 794900438360224885 705982220832552008 755789880294308835 991029140050049648 704290159087401131 705545038512128977 784228286044240369 989182564772141312 892359782981657400 177004828967142472 325875845548635477 449230102314691088 52261365210973093 271346851668170643 839121022600148494 877283194795928598 953955148393387617 12576444582277865 258709923900863472 768378695739093897 779718071782421712 772584933099755848 84279879144853443 849926812382421368 378573873033031948 172045541397824164 66782625815931043
44
76979737338485714 146529508530737472 295380738728999187 500963881870547744 389940085244363007 589156060467098620 469473226097902791 325498886694184067 381731260250486603 72542203928500425 972203095375648725 933212549587929149 36046483842180671 470853458864028711 480826153587059684 435524203574660637 979297984208168778 434448699581317411 347562489996058899 787490915397502923 640204246548323064 712835989970503885 594585069454261600 753824322152370369 542920014252454393 396938095183317694 859140854121459718 346313672966983636 628414577057079460 463843854270842254 919653691013753961 877029723645986593 574158167659971937 590610042951263746 960946726613666242 807240937145115737 256427875477863430 527839630723483518 202681134610009244 564514697463322186 373513136809634037 971580186491320846 613365887872092757 959197691452496889
31
897459942095267544 864305908575271001 552453961515317418 957614894554733580 717750008300833315 426900015300086271 908247417367328092 659481119328142337 160792040666993199 371313870617541557 718198808109305599 622283709220843231 901526303606076812 636126380037055173 889374721953080832 17539307440392121 752914631160714408 121724189144270759 600250824134975645 970125359779865242 493421605789518228 486430446353075650 914380638806390550 385926270481821280 985037948678613799 394891613155087771 939709215817350696 217894922460854015 167991974335685783 349015589449753086 64190107132755632
62
399956363465072272 865702032301217644 136126601732671564 723528593775867953 14425572380791182 557104505627041698 351740682218548515 583610659352957639 233746635992482897 543387839014939974 376819903637135894 21088584338323191 514156182981577430 368090861660905200 923542611570808687 54851154049395862 96295495812841759 276340719934911406 689885378494056681 234218277877366665 629293311613002903 360257738596790066 810190011488851829 343974639349307962 885418092374883031 619879241843536664 165913471768618132 820982832789477619 473832319251516243 62401923825112898 365057361009355185 978411935026678141 891982062559101371 727361662051128313 624635789474745478 205946157734205289 385497608559521551 58719994330253383 285406156406804193 547684875841165996 289881343920629582 737608155225624914 244300491334972338 471910473426369756 794484315043050262 818794268662511682 120384930374293072 284344417825410811 625452493692382690 749393913892818999 916164492158003589 255098699819070281 814627196811338145 350819271865709027 807667541208140638 806585852689063068 751380984422199299 647932049161296052 592720093362954747 778458647706128519 764171354088474066 4618599699501290
4
347424180934466381 641749119374642293 494214180734784287 277907924685252390
82
801015672290183722 634733181928878790 371917390160328597 478030922908892993 725798250103970818 180748508353136281 68866976408990335 977463344005746124 694028710476565296 216759955721883879 542450675132520678 907296239806192109 574274804699831964 900757468457348014 647593821219507533 370224828934208149 140794490655871726 858342251277945506 622488555123132390 865796064072836547 473587345101193267 871560638362420590 405569402631324114 897140047601060333 52508999174736752 417413411173830481 163765763193319752 933780823668229388 551694323944033791 773378600958106733 901839810409361435 6912023875404613 99792123680103129 242366376257222624 878036648113271372 885218410072924929 987014695858495982 378598240084044951 37801473187916376 544761223971127550 484230438811906705 330480520797895758 390870513850933070 596163244338104563 960400908513672472 199628237786106196 530025943848968152 436269020174490316 486419041023655031 174624666499513670 296751769905239344 66217640438650110 860677423349614673 74724688718462054 137134869880266329 655748628500378768 311205508137455788 399487284553515172 351298157743231149 313624303224829802 804892347198507254 349176573875924239 342972069913871217 778028756706959207 933225945113405006 138654295392652503 530022284055364432 153379104941401789 639001875506432442 513474037013477240 101754433176228728 939078739937139104 943633663004293238 137872590492855277 539357752147132103 946622221008601337 827313492901559881 238824376941605333 128886623497427940 755307664696831489 270181434637335624 135880289941322147
35
110755277719764821 143031205759690007 159656864546966110 580151864070721048 166482869120796490 333473262808782643 236206609312704726 102480281684178810 118599133770383924 534963372434261714 232645596865665366 272619935547425175 667255057306416095 559384145909792993 721444800540156754 221318582567174371 246876929614707909 233494015549617012 799509835687380428 366781923126633904 831350609182301233 4366634757450854 436717400107847114 402706830575635402 981784345404211657 113521515728085629 628612300280349807 279189813812332770 783957457444008948 220438882344442988 546554242474056770 787933907293744873 899200850960239588 122046745231870002 653712245221329503
50
957531109298383864 127356888712150132 370781923165410819 20429920961023915 173585920278367285 633070223432683747 970927686744364131 542561162687117970 137898706489888559 999447436629817311 137136562891396817 875295362051885800 58681525587487140 217563493811702041 58621590362816767 216706576129628307 870985163810933638 826530978124864393 256983173021042991 675253364990285596 642526739976563375 334821980956866096 741964074613731950 538692810733865178 31880433765361861 237085575759157058 767352014579820858 783637807550412065 508605715928926740 163307386326415244 588937644575794665 112873520506431120 619681422813916429 594274685242811341 159572310694027126 184891575741920536 891236167870553087 15335793233952390 461082014979996213 573670589202960292 649957159563852133 256838683866886163 773898558450875754 123433293290264828 200833633143334634 386752125642005143 236460011967709219 742979119207806363 609836867334523780 135056783814499183
80
923353120424035339 22401852343966231 293371481042584520 817215437366826245 106213128463112931 285254333008218486 768630882492301889 721360134768758511 6301793377653955 794112258272445865 471556099168130836 739449157894713044 789196511702881331 985471089389661369 195356201508515234 573866432675794686 316870492619327951 619289766706501846 438433224866153410 694983569545514772 215940386610080786 32263057341597298 969179246313435985 26572950620946214 296658230429629259 108425838135446776 945747501434714412 23693172205021609 308314887136907233 22492550712526802 485171107633431740 466117679296657167 636027851203823234 948536356494263670 330585748586766332 797277766542020541 267339283244299509 287313325127086880 442764508518872003 197341861216084907 961699636082376882 169134643704872141 433900054414724597 786980429246067259 170451646383774794 530702650347802090 339630323295730797 729720998735691502 679230177495566228 834436093948181551 18168193542337832 265377782747686435 246352541634624174 896601272538647367 605732323203543934 691806510806485319 399960400229714121 804189371005402245 731424962189256512 690650267613597278 771990693897362496 759571295722660154 300202698219158474 455767431324145475 270587678006987418 405456851918804663 286945407266215774 43400517144006001 429607890124367727 300083473978931379 617249301537945896 576428913445683910 78883297572695953 650270091791469939 242567809737993692 947415037288572513 84287340422978226 404629241359768084 112404004441401720 275094496861559278
14
162911035019093979 967318953421858697 669740548874347207 650384715007949343 503608728860721677 431907480976657203 897465218079300648 843207286665407858 552055659154956701 956259923527812047 716668411249617131 714344284747544885 798346967265994323 849036865789938802
11
626309668819845674 410996912783673735 444394658139562354 516873170786431186 803904617589192603 196978626517382366 663079458471464308 52981485960565230 403015191731386153 674720074733813661 165633149833428065
28
230972903918338987 112740111593770232 89216242850663538 579762061474761334 351256964055067673 80241435933734519 827780664994215050 187939899380697150 172534390060000131 882732707074328476 759354634914475396 364813216919004481 884681872012536422 816572779876774720 29329080196932981 489540657865667255 200280752483874679 933489662106881880 352004383639812835 252193634272685802 577076385223392375 312595514151278605 396988154659954298 939085714865308433 344658794176125844 936480335676810535 281091734948906814 546619788203562342
96
347893927456292118 495809470245382759 626588512347174398 126466805593410436 613557875308789641 32693172251771084 893539502227928942 482693479802863425 911018705701396771 465451673713270993 848240394965933235 786190403115254486 68082554959009617 845238285473604157 44025866322728164 672195067997397376 252304059104360646 319120945636730460 698662006607463920 553730854041499022 55148393023410429 988832143402864879 726238300809662807 793871302413823839 87405896000218026 416823829211875843 207952541390548875 553649754688517333 193648144004858222 968243934622511368 125626494683025825 481936995602366684 934196419106241941 73239282084107143 518640005821798688 836849082415402494 298864546760912170 18469129720401579 185102285408370976 352053662338466503 175203819167281617 378222122516795071 609722904061660747 309421919838105956 490769384982287519 980936981970022520 301771611629143545 668238603415847044 175129167253119187 143568678497261941 505666259333849110 552701504100822710 181415627317141527 186668214735373895 158404312572828367 547014666897984206 626685564867186672 676421691570873081 681632203124997897 136669504251497008 905538606069832083 77264728937108370 404917460791459209 655983005317484388 817777523713930141 543893576867463444 544187072576841613 663251688083800959 884645460337123529 399116202568483467 404960056779417026 536294885069803727 813776805015816810 604664820624450180 906019198640133131 344465595299269177 167155024715245670 636985296783397417 901497785670595837 39142753370815035 199251051637612334 42448506497424556 895075879488350070 756867589315542764 152962990767537601 910340814449128401 818214025015504395 35445814288795356 106757008578584917 179178849280603644 980264175410266057 499248106568575087 903950889727989341 95258652392672994 999070736696833621 172649497475583747
36
391710062335204146 620851621414561017 571074195663676471 587745233033506934 300947982289359456 349428922310240652 208114718036603462 984998399025281109 746942674217619242 877473789496200800 340961416385187204 624818219951454704 238209505795052274 529299480872725136 175408749511157785 513232451131552878 699442146449673366 859732368341435749 381055105557007290 921770768115235483 308258808631748946 873413973164095486 687180103671413918 543803497427687300 555477313688987428 667691325411735831 581302748166020103 461194023309455980 961544203175489650 158817651716770035 482042681386328959 782613912380172548 414599386043596945 150756091492679196 24552720263234162 48757275079958189
21
147368863263825164 412438342378620850 350436405068615994 708378698556595725 615515512210905218 663423679560037605 998058807068253104 135321427167549857 276821587003935707 711544451250055568 298495708410841855 332291444546302096 271943368337623114 121234051051756452 269059762488117091 351435835007436466 10953441907422365 267997801412581568 142954431862278000 973973289172598951 111482840066162914
80
391530998252727166 120139845311526367 879994554228613715 343754924614092109 978839851744147119 208979847832069050 877937147309636382 851646979055624093 994522955448863706 985749635563872242 763589688846023096 449513463018635409 470061026422646990 5157543457975913 106288220385257532 43879802817124427 545548971640825183 671327396234109916 635052441814350378 63975469526495478 114894659103062598 866185664926688214 806728294177419650 736322538691845146 884732325560817202 309021679827643787 176318000986822377 846768932159510630 295999889979176333 157948213953313643 969078703438302895 20091786247087947 421573297601831939 90507958026309789 444850477773730653 878793528487234040 413280106172448019 702804840852015771 524762217706540485 258501546881585261 650087249673285695 515640068612284176 981071173853917408 53794531112153665 952464876830107474 174760881749985402 932533928807772373 673697617225098018 81441489489122276 328451981563220266 481171148542312520 293400013774431874 386991831386036901 765744593501909835 570500110609539896 131148876243369872 675139751769377590 712069621227777542 287872583140645385 399441487114158946 176687254481451914 589591203360766011 528634589855726861 82499356311667975 882964628671086186 272789658683516798 966414399832422263 749336904864768298 874707783583201102 162424814333006202 932813266666551633 270752419818877397 504802834044019428 870765828008029272 574096702737368589 274657249811184565 893145887634429970 327581671496892839 205885699419932834 222814229410564041
57
659607938799506231 57656846286838689 552434436382936327 912436767032862303 852708282246251491 796546894129308779 482134841145534426 607645351590740044 305264493571789370 308320832254703837 992367647673150722 130930893717983212 842156575267036192 40987979176274152 879354563736579796 553124846575263591 122128502372280729 487702989719202513 95724416672769960 872110502288145087 719041206687887671 200942380363942669 670562841121904054 427034215014285073 239940504974899571 459360518816730999 11890954102800471 239150211044074753 972227088334203880 654499982973273370 115760800905651843 758139554025548507 85573148049814327 666332404615710134 523844740645519746 764763881469036333 344297891812837491 238811366241346510 785358222565579960 175324800807337285 794766045408999307 260091338818745982 868853207130002149 5446324336497430 513459582697011717 622118107363732020 406019897697191032 385109301967852318 637292568492647471 424233216240354381 989041857354514762 586127244036650126 494294676287264207 906755748889918000 23207770751285086 789092793907982702 31432608465454362
15
875565615229645313 450513658073345926 638172498002162795 75998224747329125 171254777061521940 304815434555147680 455244072880022808 243639768302263202 642353527384161179 720561119429938889 682281415157329882 246617830866230197 142022420008845694 173710130879903294 934744659268432168
45
827389913440184222 995460064254993749 301153699447982272 635122998307441052 782198600380817803 94733154966864427 126329198629092372 585013414839234962 951627222906622372 688627064779340465 695236279258242889 838602841190247642 453503247745076982 626398835168035451 898816123872474498 383367933054922820 651244603055996424 704084572961896240 221521944908750897 270682090641429377 829517585025725376 689397191856844949 331660013012134765 977736595071122791 752100605541901212 301243365879077836 749228111628867916 413960854889821553 536503692237472131 539508275583873136 662679487591403783 871401015915417455 871817015616637365 140719004236548076 954620746824276984 630849449064359560 210276591489650481 871696070824415788 192232336417058124 213183525776238074 447305324686834266 645277656163669058 416156826101985442 250772869863786078 647981984328857703
11
218559902873182799 334352658620481449 131725752726879494 223763988201926916 822313774578242144 507593340222884019 407872468753998492 136892022087805111 588894513040241601 493542581560497090 101295203072358063
5
618544845828191455 988250037320248180 746835764765724327 943561714104723305 193034020879602908
27
800636927686983314 960567204179265658 790497249140243820 251090502233041527 427135209052765861 939201986951614823 827251581350395801 52144592456880664 396612917591044876 694152030554916544 831343833734164894 521492034599185167 138245538714345126 28262647480937897 102333998411113258 1229407096957702 754328530527004361 663541790267809613 518216554938616423 628539568147869903 747432262322858797 568966110400238169 170901637411940717 378306837940255216 218733598857311397 122514987787767769 99540467839619858
44
423418749832937137 384743545930064176 290436209196655493 557296725935285362 60779346898784715 394918840484809484 226012199758005307 995443129684382492 281649766417264470 491123713644578663 321649042338265698 201831927827400837 964200463064831921 806762662126835326 133553317309870719 481942892761201995 354000174219088060 660473222734028732 174614951276636558 272003011240785182 575178266666681435 540728729034233164 944694116063322722 974170553179989094 343445026431894382 116392270826144648 210803643117373875 831300897832096905 621335023895474656 114326367144652193 839711314162640120 934291741135938800 284488651768965399 649453083240448171 636318769593611555 898310939428675262 952708177617489925 51586900910402969 841777530696873459 256061683914860701 715808737174092407 951357844647465881 172031866831947078 74333508530277927
81
290301912160692741 707780441087584256 4768153379019664 60778237597992972 871725305396681430 476290092772871372 94277921040112228 856757083906405426 966830274762552381 904643874853296217 5364956605029458 858022811518807108 914709646190506130 82663473657279030 892342316276515729 705571709850012683 770864270407775492 997711289359772831 704370464103407143 98076809412645642 683864138807737813 896186068456025264 740657540474548951 80131026788902167 990019333148539308 786592027428409365 561923033925105333 160859322934970313 93592555566157063 764797587809485932 852198342063632204 38026153444323868 481641563893889105 276953216065122148 892410495336700917 673707002499017377 879789543397597808 293717075911114067 190868903176145994 561754517563164994 758076451638358774 193364663758727866 806624666639991012 56178089112276004 876938849295068440 321478043317286184 229783173895058546 369983443017710383 526748443178124762 708628318318352746 807251155339456049 875419706060101731 972607989893461012 38675352655620670 411808997171677052 432561100676828386 285450769401001942 511579630343108966 133042435692739206 523406325431187750 48871352790391644 450976146693573143 70855400863665724 9461335769217997 570970236638050782 118108681205577231 54597567284619346 941754070891946872 560613767048766330 752358285873458798 449870126412202720 878442044651054354 529308606513834479 49163832222950539 774589429172393495 113991393113350097 325636304283379129 114530867574200014 703721412101788357 589076716318323374 278133641072745489
