10
79
276021 839943 1108 602380 378002 899312 937751 443332 404969 797267 981724 656623 168368 567171 290771 773071 329376 675777 586246 51359 90080 671161 913932 934656 823259 302270 650818 617114 129045 392343 890193 810927 73523 223741 390715 497102 231887 527683 51037 534070 492307 135702 775199 846637 826606 786181 478727 756645 158435 412712 927176 4314 765573 241633 263519 277878 700903 48984 79550 239931 342085 598726 595961 136603 840650 748876 677767 194524 110076 724307 511966 675413 225862 450776 350046 796979 719359 307970 198807
27
401697 960882 772678 600843 800977 972704 217799 982233 432709 242277 398431 890143 84921 291896 274265 758899 870747 135782 143044 661429 142908 677626 316769 973262 717420 321170 875146
25
787828 102100 635725 239094 632698 251823 347273 681891 995428 959685 844946 709835 536355 489521 331241 289369 357824 612386 41924 744463 956846 646554 967864 792202 32276
70
645094 596542 116399 872904 145760 519017 598942 837691 598664 722576 316779 212646 358247 284182 146072 534923 339338 467415 684185 223547 48927 33046 363149 774346 827213 28980 125844 341027 164339 204477 646726 477976 174957 747777 734401 93438 904293 759597 502738 208537 225120 240156 629185 287350 242850 207430 923270 167953 568444 704677 713040 184000 129654 563068 71600 375332 556974 698650 722152 499838 865935 161887 698823 253739 951204 604949 242734 593997 390273 193507
18
907205 976397 748552 287615 895233 7672 950311 300412 45545 133114 625106 346805 929398 924142 992040 659064 768774 542462
77
65530 878739 1521 78631 378972 471140 73967 744184 599237 176720 700116 691241 261548 697219 990062 77977 136420 959512 657268 117096 536819 641893 426687 966192 638309 692455 461699 406911 142127 804426 661484 555790 389672 689037 64914 103594 774940 968082 954658 609005 622462 439158 870247 247718 155843 809224 401055 709140 155446 903217 479910 647679 831109 123342 676401 606103 187460 681055 913057 816665 616526 864692 315255 574214 544937 339257 788124 269171 364923 782556 779460 303988 800484 862190 523420 991701 973675
79
575745 508506 329308 868077 228469 490120 550251 57433 277361 959969 457760 718140 404953 166107 129223 492919 305563 408572 934308 341236 388203 509962 267143 443013 692233 672772 426530 46001 183537 612127 285682 237289 419519 254762 532987 982050 523467 721115 188651 728595 335609 799783 341806 588575 870474 290861 183808 385300 325226 66905 662399 384181 8507 171364 534023 75065 204635 755661 172353 229912 175491 203247 365315 477866 370591 807028 243980 62621 904454 49950 463213 912393 141902 911387 785289 862367 711903 42815 335010
35
929728 427275 413986 440200 831876 154426 634000 417707 107698 992204 609017 569279 130666 732299 602823 869052 630347 670689 197218 925552 955113 935224 766264 591353 619473 309606 939274 172720 515388 142155 668501 931683 174194 213032 735225
31
385971 416279 721326 636626 441989 775474 587737 375944 702 671127 30661 500213 46841 392306 928573 482376 511779 672588 615576 252784 797062 331707 630437 537641 198915 809971 858638 906770 703478 634029 224702
63
872848 86786 567417 345535 779985 125673 498520 433021 570853 172979 287873 895772 561794 949082 652766 734989 343474 878504 870896 818995 180680 146813 559098 420155 152403 116294 126377 579802 932035 275055 989352 577609 179411 762298 771652 857138 435819 646811 753746 561056 386074 98313 32474 719112 342369 109166 233103 695296 419066 915362 999869 677782 143888 782761 969816 764732 204561 895055 666865 287809 444429 883402 748757
