30
565 7
177 705 254 495 315 810 360 485 431 332 196 286 385 37 930 246 417 307 613 230 504 372 922 772 746 96 813 752 469 66 202 428 225 189 777 925 889 585 282 507 879 743 983 500 63 241 348 686 122 130 434 269 995 642 98 93 399 160 736 156 138 873 196 580 570 981 269 704 49 670 643 885 773 621 973 513 327 862 923 298 967 931 62 133 506 659 196 975 860 596 176 162 60 625 140 427 766 877 465 536 685 927 51 843 425 615 210 645 448 745 872 296 468 448 109 70 456 178 440 571 223 438 39 918 156 275 885 221 503 302 212 783 499 729 480 832 86 642 131 95 628 281 440 603 866 325 2 406 311 227 986 362 48 849 969 838 213 969 400 772 744 721 717 557 711 499 926 892 797 177 541 999 857 949 715 270 69 261 128 160 610 278 988 821 987 53 448 907 399 519 223 686 605 440 427 463 772 178 557 397 332 966 943 668 559 211 168 652 90 640 497 810 779 600 133 30 612 537 576 854 47 17 653 508 636 233 750 289 25 543 812 40 430 186 394 368 194 947 322 966 366 115 830 992 370 511 620 590 674 463 716 498 603 776 327 854 393 452 185 260 584 36 600 737 563 984 25 732 420 578 954 942 696 716 89 124 90 793 396 375 254 213 636 923 139 265 814 928 882 504 757 748 371 435 905 611 239 366 295 115 488 557 680 617 586 314 145 61 951 867 432 333 83 346 279 715 291 765 414 874 259 234 22 627 135 684 190 81 56 750 972 757 872 382 546 561 511 40 262 36 302 743 36 430 804 732 196 478 774 62 775 760 298 884 719 728 869 959 682 895 893 567 697 703 850 397 804 656 63 746 971 66 664 37 858 492 435 72 867 126 349 820 117 571 869 695 231 242 594 328 462 391 275 595 550 984 694 627 543 419 238 37 98 474 561 816 227 91 851 817 409 771 947 606 60 16 495 638 158 83 354 632 500 921 302 7 405 671 875 594 354 739 380 648 987 63 771 629 503 121 641 438 900 306 32 508 617 355 141 314 131 350 263 152 277 208 858 152 813 290 695 152 489 215 361 430 294 186 384 617 859 536 216 51 751 953 193 107 477 862 402 514 727 290 138 311 172 360 807 761 524 502 688 358 295 25 599 166 36 564 288 824 283 787 183 849 838 348 68 193 766 882 624 995 928 257 771 898 339 931 290 761 179 32 291 745 790 33 811 366 49 712 0 64 144 719 344 820 690 85 608 249 646 331 297 120 735 589 524 146 879 9 830 388 98 415 17 880 951 355 305 566 533 187 785
445 9
906 456 417 923 43 877 387 7 12 321 383 698 629 473 415 919 666 428 969 549 573 422 207 227 656 962 562 409 257 837 908 631 585 484 445 991 241 619 995 157 334 260 345 348 788 879 379 172 473 210 368 651 292 587 255 310 518 445 562 364 916 522 718 732 717 586 112 443 923 732 273 893 705 792 251 58 220 771 507 983 226 705 417 659 662 371 108 844 612 287 413 538 634 811 577 338 674 896 607 532 495 525 257 759 752 931 231 55 835 851 480 246 514 440 339 120 634 620 368 264 750 634 700 573 655 522 593 35 707 348 26 674 646 57 69 338 257 941 118 884 663 929 284 139 341 884 155 767 961 771 24 381 727 792 75 307 824 992 444 770 962 110 155 608 273 8 77 491 395 769 187 455 903 437 843 846 360 136 685 536 585 249 603 577 951 770 14 325 489 983 284 340 890 236 957 104 113 224 821 382 475 639 831 523 298 131 379 554 174 795 712 630 183 604 146 849 31 465 949 718 804 752 322 989 451 872 351 947 343 8 928 253 657 659 419 214 306 747 841 56 409 137 571 68 856 66 939 570 887 964 919 351 385 925 150 148 106 634 937 819 235 755 826 973 911 709 707 872 267 967 337 176 431 472 693 500 687 211 830 491 364 810 611 544 979 819 52 439 826 557 810 267 748 493 16 217 194 285 872 926 493 408 670 412 595 952 121 327 626 487 487 17 472 962 336 241 481 153 665 18 181 579 876 686 123 943 624 507 943 499 346 774 191 222 638 231 518 962 972 823 195 494 204 726 695 851 705 165 969 151 781 985 512 884 659 463 758 224 29 39 385 56 669 891 397 741 656 982 363 495 293 808 264 34 647 368 20 320 379 471 384 473 731 644 250 849 709 121 744 543 904 609 295 279 955 551 339 171 293 240 131 369 562 591 735 767 768 376 65 566 479 431 387 23 0 300 456 996 227 842 709 273 223 413 344 962 64 862 978 251 798 481 909 69 32 694 845 495 298 172 640 455 924 586 395
911 1
403 209 342 241 330 283 145 398 147 572 782 519 754 951 955 513 132 265 149 29 537 91 897 162 110 809 445 807 360 40 28 19 74 978 480 791 161 317 975 955 758 981 28 433 746 486 894 177 851 261 15 567 478 553 209 563 988 589 701 897 417 618 126 37 613 227 521 696 133 195 707 750 860 715 938 696 231 768 863 884 626 861 340 818 510 916 96 910 97 726 979 987 997 157 430 656 24 207 723 171 497 933 451 195 68 96 858 967 681 192 569 71 483 136 13 581 666 247 908 175 129 229 774 727 508 91 624 368 147 545 726 739 713 29 263 254 882 27 495 946 630 269 197 383 362 35 127 796 699 748 627 260 747 300 171 793 189 392 542 295 318 497 722 237 645 189 68 513 404 35 323 155 36 585 170 559 881 180 77 524 791 521 910 900 764 776 34 311 746 671 39 984 54 843 281 528 945 542 343 562 914 423 661 483 5 82 991 478 934 985 507 855 47 939 983 906 659 263 572 575 39 433 94 64 506 775 143 900 895 927 290 443 5 439 944 909 317 884 566 941 116 689 924 270 339 843 990 569 78 759 911 872 471 712 259 371 669 821 641 997 339 895 446 756 657 759 264 17 434 562 611 300 26 7 532 28 224 280 769 362 14 298 309 649 55 977 728 223 318 992 836 419 382 327 531 257 172 941 666 526 876 317 667 571 346 10 290 700 610 640 893 951 411 416 73 709 900 606 856 794 530 197 515 727 671 221 495 845 147 847 183 611 469 633 0 275 737 325 662 167 160 231 40 488 633 142 268 987 218 234 122 216 758 263 799 652 908 538 696 810 897 112 141 581 230 108 367 47 998 191 894 52 210 383 712 640 962 344 823 726 291 187 388 792 503 22 325 817 855 98 640 704 315 997 630 212 554 534 513 769 105 223 857 446 715 161 954 463 983 977 884 695 352 573 842 411 113 79 970 256 597 346 461 914 401 582 215 940 487 946 950 379 535 331 901 620 662 319 580 516 904 505 867 476 900 73 942 252 504 380 577 313 18 90 978 922 339 943 8 36 3 824 339 17 458 188 887 388 370 870 407 668 49 904 628 236 122 313 354 958 812 232 228 62 90 749 185 930 923 653 448 795 326 441 623 738 390 553 888 689 298 680 852 81 733 126 928 425 627 420 317 826 526 590 693 563 809 771 777 726 693 629 114 482 753 145 477 818 19 21 194 549 865 85 721 710 173 229 691 192 304 6 545 718 810 191 686 215 645 225 595 150 344 93 78 343 561 963 936 251 852 641 950 982 680 663 272 46 506 190 642 264 192 384 736 659 618 370 496 567 670 10 252 637 957 374 659 701 240 382 207 466 817 232 966 330 104 333 264 743 551 394 497 161 357 486 271 228 610 688 691 925 696 661 56 263 84 252 396 820 382 437 170 557 956 354 612 18 43 61 81 634 983 420 45 187 141 636 310 944 340 643 192 694 348 107 328 673 59 137 853 701 462 160 431 71 74 791 979 687 238 86 222 11 754 643 686 987 460 862 110 349 727 33 130 643 126 214 250 840 803 296 886 356 74 657 425 492 483 571 86 164 822 987 644 141 994 747 40 582 521 342 132 214 559 270 435 799 629 534 393 271 505 55 726 949 763 768 968 776 730 258 999 440 154 708 778 238 554 474 459 358 837 418 715 393 51 169 984 51 657 206 140 228 627 163 780 527 262 815 580 642 257 639 600 312 768 367 293 524 551 690 960 365 0 702 943 23 129 316 906 271 29 549 757 392 487 675 540 155 397 338 529 895 809 976 451 765 852 950 895 578 769 619 123 431 116 176 867 45 116 55 658 534 636 79 197 439 508 360 717 303 705 389 418 868 438 960 34 912 518 814 47 487 304 275 151 390 651 849 187 764 751 901 631 303 237 55 272 627 359 742 127 195 911 598 612 734 82 814 921 818 935 142 592 490 558 947 220 680 705 878 401 935 227 868 980 783 115 178 62 833 970 989 950 658 785 645 330 229 30 832 430 181 589 242 30 881 466 320 201 314 662 730 600 996 673 485 951 408 179 873 264 79 634 604 942 152 977 668 361
686 8
277 607 542 369 391 621 320 447 374 61 667 956 658 82 61 624 976 648 596 311 441 112 369 605 33 5 976 503 432 861 611 831 440 642 66 177 954 802 673 345 794 550 67 48 603 998 100 575 167 636 354 39 173 276 897 829 888 128 185 337 759 10 742 931 819 707 684 622 734 921 611 421 671 251 265 321 794 838 147 808 666 688 781 288 146 497 428 775 69 384 805 200 425 58 187 791 559 285 804 136 861 372 26 871 788 43 336 238 159 201 891 342 220 499 774 247 648 389 597 88 744 972 346 497 958 788 84 326 81 732 135 228 727 193 520 705 895 678 356 222 806 974 476 922 142 514 165 37 629 112 731 844 416 210 699 873 985 59 336 123 606 115 169 884 912 700 942 840 975 34 167 958 101 794 446 616 177 196 544 995 49 735 75 244 986 787 807 598 366 229 380 973 55 686 908 809 885 87 360 496 826 313 924 26 191 662 674 772 20 716 232 481 660 261 488 965 907 861 72 956 106 204 899 727 873 57 246 482 735 963 183 759 750 704 205 925 489 387 635 509 921 638 254 911 388 994 880 419 404 984 131 288 359 984 174 50 857 334 378 500 36 306 482 500 89 1 160 321 820 225 298 27 66 176 559 792 337 440 939 557 354 500 662 204 636 732 989 777 449 339 666 508 931 26 705 565 816 447 271 409 506 826 889 972 449 354 628 837 382 312 731 316 197 964 899 751 904 240 751 473 197 988 48 705 714 578 834 560 826 955 644 431 599 517 380 154 987 687 803 220 668 81 710 421 438 385 744 173 759 892 879 936 634 707 838 835 508 224 20 549 124 324 974 798 922 350 914 164 598 58 454 867 886 34 3 48 464 613 353 219 57 897 629 686 447 438 458 403 783 342 821 527 119 787 780 307 737 591 990 986 36 361 827 394 596 290 276 619 964 856 634 348 471 528 855 282 838 197 968 289 750 335 8 584 224 491 210 169 870 214 800 868 593 273 235 328 165 796 257 764 447 743 766 500 315 556 857 671 815 721 902 375 400 302 516 472 116 215 410 254 501 310 943 750 332 140 985 938 485 662 438 413 59 251 1 761 501 378 827 522 468 495 436 774 513 519 117 778 846 562 262 600 938 313 310 999 740 237 981 681 747 427 941 64 119 125 546 688 493 343 233 746 940 919 827 78 753 377 409 533 449 463 272 990 173 550 757 477 10 27 758 731 36 179 32 660 611 750 770 568 841 778 108 170 414 538 214 626 193 349 457 262 457 131 348 370 533 494 863 496 397 756 661 80 857 713 276 468 410 410 844 206 516 27 32 799 715 616 518 160 816 798 40 260 639 646 717 322 780 925 363 57 2 151 726 481 272 226 747 92 525 651 668 338 833 391 297 289 678 442 884 0 332 857 114 829 53 441 460 332 249 969 904 513 192 257 681 784 475 959 954 9 914 609 656 9 153 830 46 544 670 958 880 716 757 138 624 79 44 33 806 242 402 371 264 245 143 89 624 703 676 699 622 769 261 44 761 781 950 999 233 103 792 817 968 2 433 747 65 319 180 98 343 711 901 133
914 8
993 323 214 620 19 885 420 338 154 559 664 58 739 710 942 11 680 221 322 99 759 618 959 227 281 587 115 809 658 95 355 340 76 133 745 833 40 551 314 731 154 858 480 804 76 404 224 104 926 82 809 32 17 505 873 683 402 741 948 229 734 303 292 147 749 662 115 386 504 333 133 562 523 576 965 415 564 500 234 275 131 967 644 50 945 598 759 764 920 60 17 739 741 509 32 871 231 248 676 654 596 333 885 990 909 831 254 164 221 373 435 199 633 221 762 981 106 848 16 28 132 451 823 705 316 893 267 311 894 670 36 484 38 428 0 30 584 460 948 888 22 449 847 506 254 536 889 6 349 761 787 35 782 423 276 244 652 918 265 778 359 496 423 361 336 64 677 334 11 955 116 379 5 897 328 489 996 417 779 222 648 832 762 109 830 56 597 799 825 750 21 496 296 555 796 63 938 854 673 879 147 675 521 859 379 793 266 590 655 502 122 237 284 474 857 528 15 50 54 109 683 588 971 253 866 806 521 758 2 156 14 769 786 995 996 413 672 458 411 451 237 261 185 915 387 166 426 19 617 220 540 641 592 441 245 59 699 141 37 962 3 527 588 285 487 413 891 459 992 554 418 765 343 86 824 267 442 835 67 359 646 888 201 644 655 572 952 920 953 990 506 350 326 712 46 981 416 705 529 41 453 423 223 117 391 440 75 710 513 170 220 430 754 423 882 232 548 624 231 65 150 376 273 65 641 646 136 519 863 919 622 534 644 616 283 642 626 872 700 636 792 717 455 896 503 118 129 726 540 303 590 873 886 936 813 510 425 857 375 1000 922 421 928 633 65 782 130 966 217 96 891 147 382 779 502 153 753 181 376 129 58 10 678 885 6 180 311 400 894 396 196 476 634 886 477 86 460 85 566 320 551 279 445 617 486 905 229 374 781 445 793 676 843 860 917 312 755 397 596 59 392 293 719 942 490 356 795 833 466 323 63 815 597 362 275 663 649 610 844 431 496 505 826 37 620 107 692 187 315 557 6 358 770 609 100 551 712 322 208 714 374 370 357 579 319 625 284 894 992 843 775 660 750 79 947 263 977 594 507 329 937 777 481 11 662 725 590 967 984 374 249 576 477 269 131 37 992 721 722 331 94 910 80 216 891 894 319 909 638 791 268 888 718 875 116 220 213 492 761 287 726 684 825 355 475 200 932 985 641 156 596 720 331 63 162 17 243 518 756 981 370 722 285 444 945 860 736 149 588 825 880 457 84 761 600 0 454 418 434 677 950 705 89 15 736 107 328 7 448 353 239 288 84 332 756 97 551 982 420 414 15 155 489 11 198 849 23 567 123 649 509 0 67 675 10 865 364 437 387 312 679 953 459 805 816 189 264 986 432 1 425 386 855 605 800 792 880 825 505 430 482 456 555 141 337 3 630 436 190 874 946 237 398 823 857 388 50 650 770 827 798 62 462 832 549 538 589 675 812 412 19 734 837 25 355 401 295 816 305 315 774 994 388 235 205 35 899 857 801 634 553 727 572 968 88 663 771 337 419 32 741 701 302 6 309 533 681 777 981 765 800 676 266 637 543 124 342 238 220 84 213 18 545 657 378 485 450 283 278 457 758 716 352 216 148 260 303 932 121 739 998 634 147 521 83 13 756 943 632 764 524 657 728 879 938 961 334 228 923 167 88 146 766 935 332 118 57 892 718 75 643 300 805 190 642 161 680 181 155 80 707 270 218 926 481 5 410 255 733 124 395 268 238 819 166 134 153 387 395 135 328 900 728 468 338 868 678 749 372 379 472 414 751 845 212 354 308 648 99 550 349 897 108 99 580 4 940 100 428 823 858 918 440 829 37 28 270 214 402 108 528 155 970 699 208 548 324 356 796 755 560 853 547 0 270 532 876 676 857 316 65 149 734 675 654 336 532 169 149 670 865 544 193 648 411 986 28 457 116 897 52 147 550 193 61 16 965 907 678 668 799 824 560 28 462 472 925 89 480 508 405 798 586 568 228 650 60 421 509 761 482 827 878 215 888 440 25 626 172 349 916 70 894 205 232 86 769 414 54 539 477 42 255 770
766 4
905 705 739 995 656 899 592 565 296 929 56 529 421 290 697 665 824 677 757 853 881 258 439 14 756 627 211 918 252 773 894 594 488 573 987 892 702 843 787 305 987 826 309 304 671 409 203 641 631 337 971 932 519 639 308 437 535 905 645 339 364 246 622 298 764 959 923 87 503 133 145 301 113 237 687 619 702 984 621 559 225 125 662 337 360 485 539 97 211 251 483 825 431 711 285 677 331 588 726 142 670 840 957 514 387 874 131 614 790 902 337 628 123 893 762 452 797 919 259 725 380 34 439 826 690 511 673 840 839 731 438 924 109 228 924 626 441 110 771 2 547 250 398 880 810 196 462 565 205 709 575 616 678 650 347 42 956 922 101 139 539 444 322 250 715 137 161 661 226 216 236 14 950 658 932 138 731 200 238 988 358 476 754 811 965 260 867 674 33 695 861 894 230 722 25 869 396 85 308 835 29 828 92 55 760 154 485 152 988 458 845 530 42 159 729 804 172 948 977 357 217 371 593 971 853 118 481 427 523 371 336 740 333 277 866 994 610 256 576 374 712 744 589 848 610 269 501 117 204 789 997 171 111 453 441 92 538 354 385 819 623 449 372 169 481 48 985 628 84 287 147 73 508 666 614 108 477 962 249 534 783 61 734 842 792 489 293 715 286 797 547 285 361 418 954 786 574 71 657 467 416 969 224 139 255 697 436 272 913 45 456 287 704 309 352 867 97 310 279 297 169 281 123 945 632 969 574 794 149 144 321 57 864 542 121 323 521 687 134 681 571 451 500 494 440 749 155 232 98 378 928 313 314 959 966 574 721 272 814 805 770 311 18 795 680 827 152 237 119 938 85 170 152 635 876 162 880 423 119 553 393 441 9 806 573 296 971 537 785 420 742 203 614 20 45 162 222 773 499 41 678 863 707 753 881 271 714 718 706 382 551 349 112 742 882 151 583 308 390 941 714 468 939 408 521 348 831 964 407 973 4 178 281 204 899 313 120 528 180 694 11 422 976 718 781 934 362 201 324 418 114 546 949 62 99 151 718 241 498 161 577 265 142 4 245 717 659 475 881 370 314 617 106 961 396 580 404 844 1000 35 410 829 703 22 972 787 503 697 948 551 130 312 609 793 548 3 340 275 343 296 922 357 766 10 715 101 174 734 560 213 554 920 357 188 947 618 704 152 435 831 211 566 632 386 967 261 727 864 771 235 631 638 129 693 137 745 70 972 666 472 407 962 171 992 397 168 444 681 956 434 468 976 438 984 637 879 31 356 21 617 259 835 79 850 702 976 710 595 520 597 413 255 644 832 459 628 242 692 832 457 939 402 125 525 977 730 335 266 394 335 301 254 144 199 826 438 473 592 395 72 760 874 181 470 962 850 626 890 997 64 231 558 46 910 139 888 155 187 840 659 156 517 89 457 946 445 133 7 670 519 333 283 381 329 934 59 296 38 205 504 470 212 155 922 259 330 33 512 643 100 376 319 13 410 805 311 961 345 965 76 492 117 959 8 356 297 659 930 621 757 791 425 76 99 38 549 34 270 221 193 344 35 292 181 46 364 835 765 627 7 213 364 974 967 522 683 786 495 597 484 711 862 974 783 890 870 54 795 95 897 319 341 634 283 986 58 579 382 782 151 10 325 7 293 165 36 78 34 232 449 319 249 150 83 192 536 744 451 914 998 585 950 729 543 49 210 520 683 795 251 956 592 449 323 994 418 938 373 365 412 332 894 777 546 735 767
260 0
576 377 987 13 93 699 174 884 130 10 404 672 185 497 403 851 832 641 703 205 696 281 567 249 847 949 579 633 647 58 281 394 826 837 453 412 668 768 373 66 429 182 495 582 871 485 444 620 497 696 364 755 290 324 736 534 448 314 315 661 59 598 247 969 746 29 710 306 517 956 340 704 467 229 178 838 376 699 499 972 856 162 482 252 692 503 415 349 446 473 309 950 453 576 709 110 756 603 554 130 92 281 513 162 341 79 997 772 922 508 214 302 457 403 549 707 793 726 759 657 458 965 615 453 283 750 720 108 224 70 484 889 782 99 770 245 57 364 361 402 567 381 396 977 46 85 275 370 990 511 746 324 989 311 797 369 113 62 984 779 248 991 925 251 798 639 706 593 268 203 681 915 680 529 823 718 942 470 398 271 360 363 36 485 73 532 986 529 324 448 482 136 711 226 750 874 69 313 863 724 154 985 537 110 449 225 145 270 305 928 797 349 133 349 995 592 425 748 700 92 181 422 763 931 685 575 326 601 535 6 933 441 274 129 262 496 352 809 120 600 977 250 394 976 275 91 201 431 364 741 359 819 510 438 413 167 7 285 691 612
564 7
837 137 481 730 568 618 430 457 199 701 725 298 20 272 19 604 72 184 421 287 642 927 849 954 937 815 317 139 188 491 401 956 789 908 539 331 683 150 492 456 301 737 493 58 602 335 148 509 450 90 725 831 642 759 897 266 562 544 19 728 917 471 846 516 849 725 948 804 408 589 798 525 604 802 644 749 415 564 728 745 587 264 430 217 775 653 502 321 907 729 696 357 104 581 54 720 163 810 151 935 217 458 958 262 32 182 155 624 6 129 828 32 627 530 608 485 57 46 987 174 118 323 76 301 966 130 424 71 189 482 690 701 983 737 219 988 355 176 535 688 208 103 469 989 2 558 688 61 264 633 192 412 729 997 208 595 636 435 144 54 135 556 899 925 501 675 661 54 781 14 672 548 877 287 190 649 103 238 156 915 258 253 109 209 821 27 472 300 95 668 983 428 278 23 960 141 573 22 279 589 346 187 234 48 303 529 796 572 746 79 410 478 401 352 39 330 88 786 529 854 561 760 256 504 900 209 131 10 138 277 963 508 541 292 372 114 450 966 906 616 678 862 356 79 460 173 814 643 247 12 161 281 449 27 829 375 600 956 926 915 168 192 364 681 655 907 586 454 374 781 194 779 158 215 22 18 70 632 17 390 112 420 666 876 574 284 993 984 84 792 458 811 459 878 454 431 246 93 244 445 489 783 857 249 573 330 478 877 500 776 327 349 972 207 22 707 607 902 685 140 493 775 388 161 391 186 83 509 351 350 702 314 226 582 841 821 414 833 774 152 443 98 20 159 809 251 264 725 899 384 838 144 863 457 742 987 916 825 215 880 252 936 803 66 901 659 710 713 940 188 514 897 568 319 632 326 737 763 391 333 12 562 109 670 246 314 483 780 220 190 850 335 709 317 44 17 413 642 310 562 580 763 22 306 814 103 425 706 29 468 676 181 260 505 187 633 159 772 502 62 13 992 326 819 830 563 91 918 680 577 175 194 474 963 990 374 684 934 365 399 120 490 819 799 804 136 701 870 776 9 977 252 357 227 566 474 409 451 103 519 624 216 291 991 730 255 288 536 698 337 975 390 614 858 361 934 319 372 699 935 784 804 427 823 137 46 787 844 833 117 371 346 730 749 542 33 386 798 813 225 696 828 278 856 502 632 613 188 259 501 122 11 640 644 385 225 176 125 104 452 574 197 189 311 914 322 570 380 563 440 915 535 634 596 702 354 790 305 915 465 967 453 222 257 269 128 620 845 617 84 511 206 813 679 395 674 697 884 67 347 370 798 999 884
733 8
485 444 868 605 521 302 660 910 465 591 845 484 308 487 480 874 371 550 750 834 6 635 595 866 807 9 810 75 867 355 73 505 91 503 580 44 529 716 882 229 38 665 759 938 31 225 827 537 369 910 949 872 369 150 914 434 389 434 202 804 943 527 330 776 47 694 931 661 856 73 593 812 785 888 585 287 357 978 730 922 729 857 420 317 677 944 665 481 72 861 638 742 741 678 683 457 256 106 132 269 850 281 312 756 391 997 917 249 614 448 139 754 399 850 448 761 636 887 728 743 123 321 46 980 910 514 600 224 656 137 380 512 908 236 175 96 164 689 975 907 818 816 206 848 97 108 651 338 522 522 850 241 870 989 710 412 493 490 757 282 34 604 391 561 372 285 75 342 264 342 288 267 877 640 524 641 592 363 296 681 427 86 422 880 353 889 517 827 607 448 367 45 605 516 49 996 970 904 698 989 428 143 959 116 805 846 249 256 869 386 987 379 681 71 60 124 352 263 41 771 315 92 823 640 420 746 792 568 491 370 403 948 484 79 322 155 953 967 172 96 781 79 534 285 893 894 547 978 780 226 352 503 547 759 555 524 641 449 531 99 973 893 306 712 729 782 697 731 317 469 776 936 247 389 114 666 268 72 604 275 104 266 409 638 441 610 972 437 478 658 705 112 900 262 217 488 189 726 493 876 247 295 864 59 101 388 439 778 764 136 899 882 686 235 312 63 141 857 917 334 549 417 336 718 278 552 367 771 806 513 826 218 738 497 627 450 164 655 325 528 984 247 123 267 242 492 67 779 523 261 575 493 744 976 11 847 7 659 94 466 588 608 540 937 845 639 751 184 486 68 186 316 546 720 170 12 60 468 835 1000 388 188 643 355 927 624 80 200 706 451 483 517 643 980 73 758 90 910 457 16 366 641 739 359 662 382 260 753 748 14 100 889 97 614 631 273 853 848 854 775 810 949 781 448 713 677 838 587 714 465 526 181 498 87 978 200 878 141 791 660 710 429 281 783 703 869 845 685 729 748 838 179 983 172 602 262 246 464 657 109 88 973 895 847 781 781 304 570 653 798 951 565 420 79 425 863 502 734 217 220 938 173 459 418 202 941 797 847 117 248 863 249 126 592 754 903 72 990 209 923 950 191 51 792 83 161 100 798 500 483 740 979 328 235 304 292 797 831 198 456 662 655 986 815 595 919 301 894 280 412 983 913 333 706 840 708 779 453 507 944 904 618 678 609 772 745 536 131 275 940 995 934 313 128 984 603 12 186 41 110 399 579 303 137 360 926 714 463 222 360 594 722 314 20 47 213 431 547 753 658 891 977 17 949 80 595 388 347 695 479 324 559 976 29 602 111 888 517 869 563 509 821 725 941 588 402 198 444 714 942 801 605 622 195 792 642 861 103 325 71 340 577 939 892 664 89 476 709 279 573 65 69 266 674 89 276 145 988 368 212 202 116 77 577 881 752 166 422 758 956 596 593 762 118 213 157 189 30 770 590 721 834 56 585 669 761 18 936 724 826 630 239 912 244 692 689 404 425 476 831 91 935 698 576 567 134 953 580 205 848 78 515 147 923 680 234 57 465 207 764 720 739 872 655 373 426 354 201 497 196 647 578 289 120 549 833 448 354 125 10 161 261 343 790 760 865 36 557 282 731 634 25 180
297 6
518 37 219 328 454 189 615 446 510 377 711 997 820 934 111 181 752 738 59 209 770 2 845 303 991 189 745 833 568 591 736 595 870 239 96 970 87 413 477 689 273 27 82 653 919 365 410 610 339 622 477 782 99 688 282 590 659 180 864 322 511 610 123 931 302 722 883 682 600 342 526 736 706 456 684 39 914 735 421 310 72 796 790 551 599 565 118 8 126 30 712 799 836 15 402 428 184 311 79 773 995 566 406 744 352 999 680 410 231 579 214 617 344 543 834 744 793 725 355 886 836 112 328 359 261 433 131 191 224 679 603 533 571 757 959 717 715 64 436 729 384 513 818 61 838 665 269 436 698 187 13 532 383 617 818 774 298 653 696 890 623 411 906 152 900 216 595 870 684 975 218 625 89 345 341 547 123 498 606 619 272 924 844 179 198 113 739 541 756 126 32 931 622 6 985 929 546 159 356 349 594 579 322 21 329 140 92 301 328 493 455 319 291 610 254 418 483 608 919 120 536 791 255 154 555 949 916 847 636 438 564 972 359 974 851 596 48 43 42 444 807 30 742 490 779 699 665 245 245 814 750 396 395 970 967 225 444 915 235 243 269 838 777 336 3 851 647 904 266 76 972 226 251 429 592 655 194 877 461 132 983 830 569 646 166 237 852 762 392 672 660 290 206 992 186 840 74
271 1
406 39 294 674 365 352 311 981 879 245 698 232 428 39 921 63 665 508 435 388 917 694 238 983 520 813 268 845 83 80 616 859 157 885 834 655 379 952 71 788 605 355 140 784 589 774 630 262 824 92 395 577 162 292 494 195 505 669 393 227 666 939 716 412 248 315 770 849 500 596 641 624 258 431 754 537 210 655 265 539 594 556 571 218 770 199 145 341 320 764 327 412 130 272 189 585 194 779 464 304 97 293 625 171 368 878 388 877 894 130 292 41 315 995 979 148 290 23 814 706 812 392 629 623 416 496 744 765 218 952 987 905 844 422 814 832 350 71 0 156 709 105 744 312 15 109 212 509 549 856 475 312 155 629 422 511 572 558 49 663 294 969 930 861 435 640 429 92 92 81 545 628 470 752 576 569 712 479 401 224 358 612 131 220 62 631 647 534 240 482 812 729 265 712 143 230 463 305 819 398 806 729 207 921 479 277 686 63 613 418 12 778 22 893 773 275 303 972 866 676 295 892 876 848 52 14 277 197 682 973 764 781 167 884 554 830 204 649 635 618 698 262 132 260 360 32 572 728 928 91 900 192 592 0 210 313 26 825 819 421 712 813 150 333 35 385 962 284 31 655 525
759 1
348 911 712 900 661 223 453 416 269 96 983 493 347 605 833 351 769 479 628 384 475 135 372 5 288 6 692 244 408 423 525 188 499 123 677 596 85 199 544 779 643 4 202 267 47 991 707 748 618 984 154 756 354 533 181 299 617 825 670 709 886 893 218 22 30 739 644 581 105 653 652 500 5 930 670 536 19 891 738 156 241 185 659 679 529 358 387 629 211 557 200 857 314 867 1 833 670 57 426 190 257 780 586 367 892 469 449 925 158 50 330 197 431 491 208 793 240 207 648 483 228 402 803 376 184 142 813 574 607 431 798 717 89 529 967 738 718 602 810 384 842 560 359 139 793 772 988 518 968 268 182 334 103 833 316 472 899 709 688 487 343 757 597 144 756 816 512 94 794 542 25 320 658 522 350 285 297 34 600 404 358 836 349 209 44 617 625 214 848 360 151 875 455 346 709 882 365 692 442 981 622 900 51 607 214 141 687 953 256 13 250 518 470 478 574 630 793 353 872 358 296 684 149 188 45 318 793 237 431 117 520 374 306 637 350 475 16 718 222 371 986 433 997 446 647 677 888 513 958 942 378 318 185 551 734 961 711 355 618 784 728 557 525 188 759 617 488 708 712 7 596 493 537 704 135 409 911 833 49 890 676 654 952 895 294 631 564 362 717 127 775 287 696 990 602 690 772 289 659 320 141 402 304 428 404 538 853 282 278 155 498 958 865 924 193 922 288 573 85 482 627 149 520 672 262 180 988 703 988 825 982 936 630 614 302 884 710 556 904 811 950 282 669 778 73 617 926 906 892 605 708 429 920 503 34 809 104 13 448 516 661 654 66 979 855 27 165 468 330 197 456 987 494 676 106 926 723 390 348 728 767 269 512 110 883 47 556 81 168 617 335 981 116 629 180 101 287 448 52 331 614 56 165 495 93 188 865 142 307 1000 352 405 458 324 943 783 527 618 97 878 293 747 671 9 895 726 382 306 57 326 437 644 472 909 198 992 67 935 78 762 25 937 386 103 153 648 759 898 679 325 685 913 829 621 959 253 980 760 664 338 278 466 575 330 627 87 932 464 155 777 294 15 814 665 625 77 548 518 166 594 139 483 990 726 508 471 586 387 466 692 349 193 587 677 480 84 510 359 915 546 941 30 578 926 525 470 536 996 520 930 313 778 352 85 140 265 543 158 830 233 302 447 182 351 537 258 649 78 114 430 240 62 414 771 403 999 739 561 830 881 304 768 612 858 239 289 1 200 750 167 258 663 570 64 816 126 894 186 249 669 687 108 8 937 167 572 842 915 338 662 660 530 560 48 266 710 724 450 983 498 325 774 636 425 503 813 375 249 508 173 761 221 204 186 51 374 238 335 343 545 627 770 15 208 783 262 900 238 57 365 775 471 745 454 515 286 209 732 430 643 426 776 696 607 491 739 529 127 192 142 121 328 413 685 780 183 470 951 599 18 656 493 249 723 364 807 568 496 991 690 678 81 507 879 465 927 351 999 624 116 262 109 697 889 484 552 217 220 129 682 646 278 323 98 497 599 330 903 192 566 49 69 486 360 297 802 480 922 587 305 449 151 819 538 981 50 962 785 692 476 680 408 481 185 777 597 373 77 263 251 169 591 22 279 882 710 496 368 148 960 940 733 783 110 286 912 872 78 674 257 409 979 79 862 638 259 617 640 642 514 465 170 988 129 540 189 538 761 368 15 764 9 771 852 898 431 759 67 147
453 0
575 691 826 77 913 351 676 957 375 94 38 585 581 907 967 448 266 771 682 516 93 529 438 804 308 237 546 691 355 636 383 790 367 12 460 716 96 804 129 986 91 220 626 63 139 58 905 531 431 155 964 240 319 288 230 387 743 471 912 739 319 895 784 97 824 85 688 428 865 698 990 706 13 931 678 89 592 124 24 257 195 754 643 819 16 275 310 215 647 48 480 177 493 307 786 818 941 168 286 199 361 260 661 935 768 199 568 520 94 598 608 300 137 278 742 453 417 840 174 376 806 230 325 652 291 531 619 292 420 351 441 245 48 133 671 389 845 203 263 867 967 772 642 703 861 850 309 570 9 267 830 858 540 840 381 450 644 680 847 730 625 469 692 521 421 544 89 240 820 804 694 451 640 561 617 563 498 153 334 814 108 287 171 815 374 727 980 762 792 787 905 339 123 48 271 756 154 270 658 284 681 226 639 131 301 1000 312 357 472 432 623 392 307 504 462 794 731 432 413 638 795 239 554 7 161 163 393 56 493 555 71 168 395 189 598 985 363 432 680 985 797 391 231 873 950 320 133 122 890 32 742 744 970 158 280 200 840 740 493 615 125 187 933 382 423 365 904 781 122 406 697 64 847 982 127 774 6 902 563 606 194 342 12 476 177 203 710 490 70 973 8 108 196 438 970 810 935 822 291 10 237 297 268 732 63 523 942 411 922 858 755 136 940 780 947 193 261 914 93 563 410 153 176 209 881 172 64 668 700 826 156 535 939 871 439 559 972 971 862 27 684 205 629 859 173 387 547 926 951 152 349 36 202 77 961 337 272 998 89 378 381 606 825 507 543 754 261 839 824 181 694 513 478 221 201 610 317 997 4 538 884 708 161 590 308 233 71 591 749 410 82 335 957 548 523 37 502 278 342 456 747 315 592 579 625 545 910 6 53 661 814 156 430 871 989 547 833 772 936 57 700 876 256 322 556 292 74 602 353 145 290 539 158 501 231 23 835 819 895 776 848 133 426 798 508 617 891 838 540 460 908 882 550
434 9
180 358 231 676 557 987 143 755 46 763 297 465 11 667 405 793 58 811 113 950 569 158 709 123 225 812 552 194 798 350 124 115 667 994 634 197 352 277 539 244 44 23 665 932 253 623 548 217 364 229 934 695 123 203 908 851 304 657 189 933 739 523 791 874 207 97 435 715 746 227 152 671 488 308 126 386 145 208 313 234 721 481 764 623 35 846 150 107 407 545 94 892 450 678 705 514 112 379 472 936 6 500 177 556 460 558 129 973 366 145 488 132 214 692 250 544 386 194 75 820 820 806 394 12 392 843 35 19 505 690 150 652 47 157 442 470 268 210 341 208 911 606 967 377 263 572 958 378 172 6 656 881 846 441 399 248 426 916 494 842 814 753 149 240 702 713 598 4 399 791 571 760 105 29 857 317 3 633 131 328 652 487 45 930 388 325 371 87 358 554 925 49 731 781 604 298 62 91 627 547 548 566 592 529 416 186 31 246 313 453 388 131 724 663 930 284 681 629 870 248 592 335 651 162 854 944 183 544 601 613 533 299 391 438 854 553 210 150 266 507 692 358 327 29 393 574 543 725 474 762 321 234 690 690 356 382 200 309 993 845 692 439 357 765 3 415 726 519 159 671 673 434 578 328 587 881 862 919 648 810 299 902 441 352 528 482 268 677 584 157 68 770 747 222 68 558 802 766 921 691 587 579 689 89 1000 986 761 830 99 997 341 323 977 213 654 699 920 806 670 283 605 910 825 37 908 380 722 618 201 10 59 430 911 985 449 354 350 497 639 730 349 42 735 226 456 66 177 787 654 1000 611 574 997 228 403 352 294 773 157 642 602 321 300 177 303 661 951 369 583 148 670 70 799 409 410 1 117 406 829 447 135 807 810 217 459 577 175 360 678 260 656 688 64 24 173 544 413 550 387 426 641 281 114 342 746 463 453 384 815 970 227 176 251 967 945 217 357 500 650 289 643 444 43 469 509 55 643 419 749 831 444 805 794 501
153 9
760 825 736 769 238 472 608 528 703 247 224 896 900 727 130 587 647 158 860 660 596 288 302 438 855 626 562 374 236 938 104 656 697 544 356 926 189 715 834 531 916 257 414 792 51 352 203 587 933 76 526 352 849 261 393 552 838 890 603 838 423 964 462 881 228 927 802 446 656 315 176 251 816 879 858 713 911 205 238 900 990 463 619 34 42 339 118 100 402 792 773 189 994 707 433 271 272 146 327 15 35 12 313 947 411 133 673 357 71 296 600 523 682 373 732 814 171 810 991 799 820 257 457 251 403 355 396 87 145 763 592 556 476 102 439 824 64 817 135 17 639 243 99 322 18 700 487 314 407 482 259 586 705
516 6
207 379 879 401 169 368 273 869 703 721 862 850 625 654 937 603 353 344 470 927 849 485 155 488 652 22 918 746 109 955 737 382 308 666 524 144 2 234 98 971 748 266 688 714 998 172 607 317 341 957 692 52 554 468 706 120 625 738 494 871 644 39 850 352 601 237 574 532 633 140 108 269 569 406 1 962 136 79 422 156 415 374 425 805 644 538 312 795 345 890 344 939 766 146 101 460 575 333 200 282 398 60 108 637 839 804 151 207 51 179 885 499 291 7 206 510 832 418 125 415 145 305 639 653 269 679 776 275 686 644 884 868 175 504 173 981 587 665 708 422 742 683 463 419 676 664 724 213 789 512 693 117 641 4 574 945 928 805 639 32 61 232 565 667 942 187 400 102 431 500 802 349 957 214 673 104 293 534 980 711 467 309 424 965 621 607 96 203 754 156 460 123 104 463 445 960 284 863 416 387 553 987 74 708 834 435 460 479 451 341 751 229 507 225 565 650 213 882 355 698 47 178 58 493 883 639 42 132 679 13 79 227 427 609 57 834 77 636 557 159 401 264 0 498 501 605 956 255 835 1000 420 238 104 524 655 533 81 163 430 35 413 25 530 510 838 652 685 693 616 160 463 64 786 509 520 256 710 578 942 518 376 570 435 24 971 761 870 293 878 513 964 70 186 947 172 628 413 808 290 795 166 570 372 728 870 79 43 959 785 167 821 399 990 238 31 441 628 979 827 566 304 916 933 616 387 945 685 706 273 897 928 241 674 532 47 520 150 853 151 844 176 620 418 531 465 385 307 489 741 501 787 535 19 828 320 967 407 133 292 348 835 903 89 683 994 159 271 881 665 351 731 482 414 879 400 541 106 772 518 910 108 524 687 27 71 697 366 773 925 626 33 530 610 477 181 92 568 569 628 736 823 776 87 309 343 793 383 262 539 829 238 12 714 811 371 361 195 190 360 821 807 968 902 362 677 304 475 681 580 869 357 356 535 386 750 456 939 579 552 417 206 695 97 90 64 498 753 178 533 645 311 33 309 1000 485 149 158 597 141 359 760 101 122 5 310 711 644 696 662 85 245 350 224 311 647 636 453 458 307 820 32 224 452 686 224 187 101 826 586 238 273 555 904 227 572 283 594 930 717 501 377 418 318 498 684 805 859 411 541 808 914 10 717 675 819 976
690 0
864 61 129 136 333 665 848 778 334 177 431 866 796 919 826 241 401 740 308 702 677 697 450 558 258 796 965 50 95 329 802 238 718 931 295 51 47 289 623 20 929 244 317 307 961 86 524 466 614 618 354 513 593 705 773 600 722 955 421 944 733 948 731 339 476 888 355 579 520 886 309 363 251 120 256 443 526 984 796 352 841 318 854 226 938 583 644 247 867 241 364 454 677 269 255 206 452 500 103 455 431 191 371 987 568 628 385 910 328 330 328 362 302 859 898 298 976 556 272 314 777 206 293 676 240 432 986 957 285 610 748 976 480 296 660 778 661 318 968 366 0 248 760 660 934 0 421 800 38 160 903 840 9 570 722 948 274 34 556 839 295 397 100 898 787 200 373 665 704 789 903 690 333 513 989 958 765 703 270 356 708 841 999 869 243 704 65 160 169 256 904 740 586 854 872 864 876 530 101 896 973 771 265 559 454 769 425 734 473 397 278 632 723 218 486 621 348 416 465 264 168 463 253 738 310 754 850 905 336 425 354 434 919 647 135 890 59 574 487 272 804 619 544 606 3 873 403 738 164 664 744 141 940 255 43 498 70 322 34 342 12 797 175 286 378 62 563 679 752 995 70 457 23 187 43 462 769 679 348 844 13 239 434 262 549 507 120 339 331 169 530 590 327 76 657 571 612 713 526 170 223 246 547 9 282 925 476 671 339 642 557 733 988 982 776 702 468 65 701 355 218 211 946 502 456 655 803 28 51 393 12 615 350 534 865 325 94 93 284 999 305 698 57 549 615 705 246 433 200 489 521 526 592 518 153 93 872 497 494 798 731 424 676 649 159 268 913 34 429 678 992 387 843 207 486 979 839 790 981 183 916 873 418 804 278 981 191 123 45 758 615 720 2 396 671 378 306 618 832 842 388 706 223 888 529 38 204 44 973 609 441 909 411 268 357 45 86 474 702 600 961 739 148 709 97 535 613 357 595 870 975 760 84 864 92 549 450 432 394 591 585 360 900 623 894 188 581 321 122 968 815 720 403 667 980 791 166 761 126 364 809 617 315 66 80 861 52 775 860 405 354 803 659 723 936 693 306 920 304 370 382 272 206 717 283 134 877 87 618 572 744 247 935 562 479 533 197 501 825 582 35 236 342 134 416 876 713 378 738 428 613 284 650 318 719 771 703 576 775 363 772 757 253 314 902 350 720 222 201 815 166 716 44 312 217 843 61 505 787 676 208 993 496 959 384 53 547 515 854 234 832 632 345 419 414 320 871 744 736 839 866 533 733 493 225 789 425 528 139 825 301 536 60 1 801 1000 48 502 443 893 57 550 232 269 105 906 956 695 914 336 653 698 868 96 820 194 866 41 933 555 439 717 749 10 124 346 193 564 768 334 700 495 413 93 714 10 845 784 439 161 401 818 627 412 785 949 101 601 465 751 645 318 721 655 626 854 459 244 709 429 551 746 138 162 951 362 797 583 790 249 82 407 942 552 764 467 224 921 937 130 666 188 351 578 117 61 386 180 662 312 527 784 434 14 58 605 459 596 753 146 500 113 874 812 111 466 390 623 616 249
19 0
427 131 854 938 528 204 296 354 225 948 362 672 992 147 924 108 361 558 747
550 1
184 961 907 221 258 667 644 491 842 295 583 234 135 39 545 616 706 856 463 183 357 2 974 792 530 581 240 554 269 685 916 49 154 587 742 71 241 919 921 120 28 339 559 746 953 686 818 459 891 814 421 176 969 232 13 527 361 188 355 257 906 813 330 293 385 189 578 523 315 722 992 532 730 985 711 857 800 673 58 143 501 277 360 754 718 948 115 470 432 407 208 71 537 744 506 968 216 133 879 56 83 632 958 925 404 803 645 367 746 884 174 300 739 46 376 599 704 724 572 934 97 74 482 472 980 280 805 357 103 342 406 379 798 692 770 7 954 575 774 162 188 948 552 359 16 622 40 737 279 175 788 660 805 406 991 217 738 99 900 99 563 289 259 734 170 20 636 110 686 397 26 705 836 72 881 360 336 509 644 959 188 310 640 982 773 118 959 98 800 840 652 461 217 719 909 813 315 404 972 868 314 803 66 104 828 51 571 796 609 687 910 786 873 869 9 142 161 116 324 970 772 710 34 496 700 268 446 320 19 559 257 589 527 327 149 279 714 846 59 972 66 289 225 76 615 340 30 840 99 139 267 641 134 864 226 566 631 890 983 338 608 900 521 989 425 165 108 381 620 352 362 44 591 352 833 676 527 832 603 82 416 350 443 619 376 148 49 982 0 424 420 9 289 847 339 239 617 476 766 505 93 913 888 502 768 486 604 30 786 789 684 214 604 322 439 878 200 701 691 874 583 117 188 419 435 689 791 732 499 374 179 212 349 255 510 109 515 606 537 126 686 576 383 308 880 248 632 586 632 514 795 751 100 268 828 244 683 454 354 441 236 12 551 618 40 949 360 631 369 611 174 642 529 679 9 946 922 893 484 665 764 626 550 447 291 779 390 133 270 583 119 794 829 337 563 146 229 775 341 736 490 39 495 850 376 692 334 343 674 205 125 82 335 795 657 864 729 777 789 38 546 877 954 881 496 27 925 906 985 902 834 488 594 268 640 441 369 928 511 745 197 95 904 962 229 325 956 691 146 979 118 742 182 858 863 100 955 973 696 335 696 650 556 254 726 724 600 654 991 278 17 635 604 940 753 261 553 132 897 626 733 489 721 659 502 407 137 988 35 389 488 595 524 463 48 117 412 843 483 514 751 663 9 697 608 888 800 118 751 259 766 685 436 278 344 746 505 610 435 346 915 311 172 842 285 395 993 638 63 429 990 971 163 134 454 171 904 986 223 34 396 889 949 62 543 357 38 933 933 263
669 4
399 492 302 590 80 733 332 282 604 208 662 109 876 374 922 289 569 491 17 729 239 902 557 924 945 36 323 146 702 575 917 117 91 491 720 329 177 249 652 990 382 736 794 662 867 152 184 294 582 53 125 99 410 385 389 263 408 369 137 589 717 381 637 453 77 653 735 390 425 847 320 249 510 967 906 495 448 47 402 760 176 782 452 183 865 300 281 243 245 180 875 660 608 659 785 463 906 307 607 423 758 651 154 64 278 159 589 479 653 423 689 653 441 592 84 195 286 138 709 937 756 913 201 706 4 86 95 967 604 539 972 540 206 916 654 410 782 113 629 451 524 900 56 805 138 349 498 8 844 199 641 544 55 132 851 632 92 485 119 997 671 187 645 495 164 706 641 382 201 912 599 536 262 186 312 747 630 803 366 733 161 384 211 689 323 234 95 367 505 544 358 682 834 13 271 68 178 174 350 557 730 941 47 957 540 18 168 514 201 641 728 407 729 142 414 940 708 997 39 87 75 607 771 191 34 368 318 229 759 940 628 452 726 289 611 228 136 351 559 899 542 754 812 971 266 731 587 382 88 15 316 386 4 629 729 772 546 907 463 381 68 968 266 590 863 28 38 360 676 330 315 679 193 29 540 770 676 389 819 195 971 712 84 574 874 710 426 835 389 714 379 592 744 674 419 145 714 767 51 106 167 591 776 207 169 364 526 162 628 834 156 272 318 268 379 762 279 564 124 529 900 55 360 699 525 571 784 356 11 353 83 144 928 706 42 386 125 421 874 90 452 108 845 112 353 939 445 231 885 929 926 352 47 526 631 102 163 635 839 700 934 350 765 637 368 580 31 871 830 801 984 377 677 300 980 137 928 340 528 460 108 929 426 674 678 475 275 478 504 303 314 150 415 996 75 700 861 466 131 489 735 7 224 146 108 639 920 846 182 805 113 699 780 608 958 293 582 917 496 891 278 434 447 313 423 216 482 689 872 217 368 620 483 730 583 595 366 802 697 417 780 834 500 498 984 189 152 855 444 581 380 34 781 908 433 178 16 922 849 119 679 396 399 591 891 140 89 889 405 344 181 566 452 9 720 961 941 980 263 117 457 903 404 282 298 527 705 529 376 851 208 284 481 27 883 911 470 173 296 722 440 273 420 832 35 438 871 121 587 658 745 60 527 698 908 290 698 58 586 416 250 431 151 881 983 12 104 592 638 697 957 349 412 892 767 507 452 834 918 1 738 565 627 47 178 357 446 921 576 294 725 69 404 400 251 423 12 34 236 79 813 146 438 302 584 476 474 475 33 417 306 868 536 185 870 19 143 681 328 759 790 319 85 121 96 272 595 789 662 422 733 123 870 36 830 390 316 944 345 682 13 173 814 977 730 950 959 69 660 97 248 959 699 93 189 896 739 317 6 148 372 947 123 61 916 471 27 566 239 316 121 688 192 15 208 868 208 147 90 684 508 930 369 191 158 351 912 509 961 976 102 154 513 878 112 526 909 128 113 19 84 995 374 312 841 587 789 433 379
828 2
669 263 392 841 47 871 810 492 138 274 612 4 838 934 482 634 181 908 113 251 741 76 268 429 610 242 756 235 106 877 663 234 344 436 621 796 561 588 550 484 613 63 177 299 666 10 976 11 936 327 189 17 216 765 117 382 160 185 3 332 91 444 719 969 660 928 553 3 176 917 837 882 676 646 571 140 380 119 47 950 812 607 214 92 928 603 135 251 639 127 861 953 739 261 221 143 271 199 49 628 506 500 905 674 766 354 511 705 930 621 294 53 798 845 842 205 956 95 258 519 854 650 910 98 764 779 57 155 893 317 553 297 372 289 328 254 55 948 12 951 588 416 136 826 898 670 656 809 998 192 979 817 688 545 384 500 811 481 390 721 237 552 697 627 437 19 643 828 962 610 95 73 621 590 266 726 339 532 954 390 193 346 916 228 63 791 493 555 583 234 921 626 853 574 292 4 125 367 188 237 908 283 750 270 128 403 256 713 294 893 986 279 996 164 50 991 20 716 25 158 800 724 661 895 628 358 785 999 681 995 468 641 817 56 530 916 223 628 856 351 176 882 998 464 602 639 507 528 195 66 404 426 834 842 509 262 492 166 130 690 860 1 254 433 684 130 36 933 451 929 427 58 478 400 814 703 616 85 776 384 313 794 443 333 239 20 914 982 456 38 677 442 545 777 725 562 368 735 984 31 314 73 179 252 179 526 875 543 887 503 675 700 765 215 627 126 634 299 776 708 865 389 603 505 109 515 621 725 485 173 62 779 441 738 861 46 331 388 484 426 444 93 897 908 8 80 977 692 281 702 68 589 584 558 555 729 674 750 302 730 745 421 838 498 803 205 307 957 599 126 768 741 658 502 214 269 575 218 513 323 321 655 481 625 34 157 737 814 616 117 914 331 853 745 645 946 374 140 7 787 602 397 615 866 132 593 935 998 322 121 700 716 174 983 943 39 340 725 809 277 928 777 150 779 329 986 648 800 347 470 663 214 539 113 662 613 52 867 657 529 680 500 42 817 266 727 952 367 51 937 493 588 285 359 198 690 576 705 49 924 398 674 634 713 673 527 379 917 448 695 449 416 315 76 588 644 894 822 553 157 161 501 919 586 576 379 236 518 258 819 657 67 794 559 951 438 77 751 285 894 491 141 714 828 261 577 322 861 460 611 26 389 608 949 630 146 510 931 695 449 284 271 123 479 625 562 510 387 153 868 758 161 841 195 692 647 513 862 139 602 865 942 964 510 539 87 133 818 383 928 945 874 28 441 868 622 829 138 391 31 82 962 89 752 398 522 249 465 55 339 477 770 106 908 451 736 983 938 454 714 604 376 957 850 12 324 273 522 444 456 544 447 624 666 402 627 616 496 733 967 616 461 362 993 937 189 842 498 940 324 447 610 796 101 137 593 125 984 908 812 682 25 824 893 700 301 288 336 636 46 568 690 926 829 306 17 678 950 308 669 787 307 284 251 884 353 707 93 444 20 436 421 553 216 741 78 73 127 305 706 765 235 67 107 636 786 831 91 821 905 65 153 972 80 624 398 430 618 855 445 240 181 655 483 632 589 156 234 289 188 870 146 288 878 887 723 320 844 870 841 374 809 758 693 259 589 908 370 724 27 466 269 196 433 661 745 603 973 826 604 588 121 532 212 863 564 85 179 527 908 610 551 654 239 985 796 431 479 189 928 874 603 689 350 363 597 706 993 748 779 581 769 981 526 740 92 586 24 122 855 941 487 535 858 137 279 241 922 241 159 884 498 540 801 392 716 479 407 410 49 295 400 114 898 199 479 724 924 775 402 103 900 381 570 487 246 684 196 511 159 780 997 936 812 447 665 207 233 680 773 577 65 332 74 921 541 281 221 403 307 410 715 248 966 332 851 849 300
456 2
503 783 772 427 302 716 31 307 854 18 697 495 64 855 14 803 650 31 395 228 459 401 268 695 322 327 44 393 688 856 641 77 77 540 482 406 508 81 408 882 229 43 560 222 5 339 334 404 977 805 300 0 73 356 858 653 387 727 223 533 621 35 307 178 905 783 766 823 378 398 849 817 144 535 372 310 543 583 834 259 477 909 174 194 814 214 457 428 649 140 15 612 697 536 898 264 298 877 136 57 132 523 143 183 407 325 102 167 702 589 250 902 362 411 637 570 802 60 788 627 908 58 885 878 835 750 847 880 254 258 608 364 349 690 692 267 95 96 599 63 103 229 181 521 394 31 249 290 432 957 744 277 826 959 812 886 904 128 605 612 122 878 430 8 566 976 474 129 652 717 964 224 805 357 913 447 186 62 34 315 559 806 48 929 235 825 294 428 631 83 674 332 92 410 580 327 727 858 375 145 567 782 546 381 713 664 750 60 245 734 195 973 598 873 478 335 678 808 244 176 998 231 219 311 451 257 252 734 632 909 723 888 612 239 644 130 507 644 191 45 677 851 992 545 491 461 524 457 316 549 690 189 79 128 647 869 498 824 235 124 848 937 707 182 219 617 405 864 92 647 93 341 886 339 657 382 797 803 393 763 374 883 743 59 852 519 220 114 219 116 525 124 306 831 168 787 339 845 586 693 825 459 87 399 224 243 573 782 588 123 846 764 313 83 980 215 822 741 608 562 669 965 30 729 107 474 200 344 573 940 170 710 246 822 818 284 186 103 214 449 82 575 628 536 363 879 650 939 117 558 87 861 501 845 995 559 284 640 714 405 762 735 989 937 405 155 590 492 135 954 122 767 648 732 631 125 534 564 586 920 830 652 806 76 322 739 679 856 691 638 135 837 291 55 672 259 503 139 0 115 141 77 30 810 381 577 537 473 756 906 476 838 401 423 927 466 910 606 597 809 452 971 508 413 287 689 353 729 158 651 728 687 727 634 33 206 348 857 723 383 987 714 961 66 128 20 591 898 972 896 763 113 286 914 220 105
695 4
665 885 664 346 306 229 530 624 451 936 415 668 347 531 471 79 203 365 852 900 426 528 426 858 325 281 520 42 225 495 499 744 504 710 634 368 897 168 819 404 350 825 406 714 330 750 574 449 287 595 576 437 952 370 702 434 0 56 451 148 634 164 72 706 671 581 617 532 944 72 453 120 290 862 436 69 8 821 223 533 561 197 306 566 491 836 647 715 360 486 562 684 209 882 926 246 736 163 774 826 962 529 219 863 904 791 292 393 250 497 554 37 966 851 697 457 134 119 978 517 714 113 298 652 53 606 836 326 790 160 592 263 843 958 273 901 599 380 908 62 82 427 769 112 241 887 573 202 506 273 343 814 63 124 182 203 171 688 570 851 474 987 99 539 11 688 809 586 46 807 45 701 843 525 573 807 193 151 185 545 876 279 413 87 836 230 513 85 270 370 777 166 700 325 278 236 902 592 776 800 829 386 945 119 881 885 413 603 680 921 848 1000 384 645 166 996 704 992 218 585 457 343 328 579 915 354 135 899 505 85 648 182 509 424 130 586 571 740 280 571 105 483 410 319 333 58 188 976 705 42 75 759 709 18 739 507 84 879 762 830 282 294 31 218 430 610 349 516 858 283 592 296 14 199 730 914 950 990 850 709 353 208 903 679 534 748 388 419 73 706 824 609 669 634 841 607 766 967 471 6 50 668 200 463 203 597 911 219 277 923 588 588 191 673 330 566 554 325 65 873 70 457 853 930 27 631 608 748 657 364 559 438 11 299 707 744 252 847 867 83 28 244 420 752 832 244 746 63 397 126 994 395 60 461 678 216 663 361 636 529 430 510 742 877 222 138 779 698 958 70 353 939 805 850 460 956 725 714 783 564 436 589 703 664 971 396 259 131 10 824 247 2 708 739 427 621 695 549 856 793 852 757 395 984 270 111 673 329 761 172 136 304 880 228 40 122 607 159 767 795 764 941 116 545 358 968 239 135 73 506 980 538 344 833 740 99 483 418 122 115 240 678 126 747 296 592 747 121 92 48 997 688 630 272 458 231 709 523 583 794 252 181 579 195 910 581 975 796 610 122 58 19 873 386 574 94 951 201 693 9 828 549 569 847 668 714 579 729 246 911 937 299 648 851 477 766 752 163 250 243 700 387 37 909 315 410 577 127 393 494 713 302 36 815 992 991 898 984 925 176 774 948 704 274 40 461 647 502 43 798 819 248 7 845 58 412 889 582 486 576 467 663 972 495 650 504 423 655 351 314 35 165 938 200 350 769 722 159 689 627 329 463 221 720 244 175 313 465 395 799 394 150 649 235 122 345 774 613 869 376 85 630 738 636 688 640 818 931 108 266 816 604 999 5 760 211 738 63 17 470 570 549 962 358 113 252 466 678 427 33 334 972 768 987 384 887 122 521 650 535 846 453 896 244 115 878 785 535 439 352 6 554 958 777 609 988 567 364 518 774 853 753 93 156 442 764 750 491 464 203 501 8 539 343 599 916 124 400 928 38 766 814 271 808 582 815 617 949 610 7 909 675 462 959 185 683 450 256 65 703 214 213 112 527 369 463 879 96 566 671 564 476 422 923 859
584 0
971 566 854 668 972 404 165 531 194 895 925 561 884 592 926 513 489 535 976 44 408 366 22 777 535 23 766 176 381 952 536 394 475 378 633 208 771 562 645 59 982 179 947 953 462 44 854 950 112 140 871 78 478 186 801 277 292 60 327 546 707 255 172 423 124 707 942 733 854 419 633 146 46 276 701 796 796 271 160 914 526 822 698 11 963 897 452 663 588 134 949 248 636 762 733 570 348 124 656 132 447 835 892 225 202 886 963 663 988 74 613 478 716 369 430 137 689 77 461 530 669 230 203 241 486 868 146 662 425 136 227 870 227 980 668 315 411 498 873 258 6 818 939 153 58 260 925 392 724 639 66 167 811 422 708 686 794 217 465 159 857 545 84 756 118 916 774 241 411 331 819 254 409 476 877 141 773 120 942 574 542 923 606 469 60 43 763 16 717 407 606 261 389 867 959 692 80 984 126 795 895 474 427 313 224 432 70 415 884 990 804 407 26 623 62 539 69 65 976 557 27 320 90 100 834 84 243 334 90 524 221 822 340 609 517 928 630 398 573 719 828 417 633 146 73 808 924 153 454 479 409 872 716 976 954 365 430 306 258 224 825 950 241 308 923 548 22 938 486 290 673 38 465 531 421 553 73 316 589 568 985 935 613 778 926 340 476 267 892 801 925 920 505 98 40 702 395 422 512 380 542 760 110 293 494 495 869 59 647 273 542 115 493 155 113 643 505 876 130 586 259 31 467 317 255 328 76 278 360 289 957 704 143 524 513 934 284 581 136 321 804 360 622 580 20 245 257 204 767 178 358 659 775 116 620 424 852 842 219 31 872 168 207 570 825 985 499 819 242 553 514 537 514 285 901 94 985 829 736 161 603 67 44 288 31 152 556 669 519 619 683 14 625 827 598 514 222 120 515 552 516 605 876 182 831 38 888 301 493 85 538 81 135 451 909 940 389 507 420 961 531 534 785 202 187 107 102 925 670 305 455 85 448 105 408 901 188 538 975 38 307 196 589 547 535 285 435 513 932 318 862 939 185 980 257 258 912 457 556 649 857 268 489 256 397 554 143 782 138 698 677 667 980 12 651 738 867 829 176 17 100 584 603 868 190 609 252 224 890 68 610 657 355 388 392 393 473 556 756 391 243 577 62 145 188 20 473 30 785 536 321 118 87 19 266 814 291 44 845 445 81 639 207 650 456 769 588 555 904 821 751 686 512 372 5 227 253 1 876 844 732 996 165 447 825 127 886 276 565 866 881 836 459 636 241 506 154 208 294 430 631 245 775 805 794 418 474 46 329 372 418 747 440 468 608 277 695 934 349 728 405 607 5 725
813 4
382 615 78 618 158 514 212 141 13 68 773 453 561 423 391 504 107 860 443 931 165 656 914 561 644 902 959 399 927 828 317 920 6 417 61 156 508 721 239 683 886 767 748 56 558 133 354 473 633 80 121 484 472 881 392 292 139 758 253 617 86 596 804 882 624 895 592 871 326 982 522 72 717 892 173 663 744 857 537 868 435 81 703 560 167 146 49 269 406 463 723 153 300 895 145 811 382 870 548 378 921 502 355 45 691 85 51 104 220 898 861 188 813 381 56 12 569 661 848 952 744 442 883 168 941 908 860 787 67 364 97 62 257 187 748 269 443 348 785 571 873 920 300 478 867 230 706 719 185 996 674 612 78 543 953 798 255 63 409 782 723 630 396 509 895 376 420 352 830 792 15 206 763 953 646 42 973 735 428 264 205 709 152 573 710 188 312 764 489 673 714 516 445 495 467 344 433 977 30 513 27 114 417 144 497 43 287 756 450 879 604 996 124 917 988 484 492 994 461 540 882 124 612 155 206 552 171 805 372 649 333 841 153 86 806 320 156 529 475 291 677 686 91 957 386 41 778 380 563 558 28 973 165 622 565 921 929 975 236 471 741 483 874 854 327 349 640 552 158 480 503 272 805 574 778 508 965 896 460 315 413 131 818 81 474 939 83 803 302 304 307 778 8 893 656 563 830 703 210 411 369 597 92 702 176 775 590 647 133 686 18 186 781 967 691 362 834 686 16 214 780 141 256 145 243 934 62 481 225 816 957 902 950 364 371 805 854 79 278 191 818 921 892 435 264 515 158 624 426 56 407 225 661 965 877 695 535 902 54 679 671 385 289 740 118 766 801 580 817 100 702 596 917 77 601 291 737 549 370 506 946 773 211 907 40 971 589 965 559 274 556 253 611 709 243 31 671 195 181 461 595 531 813 64 253 100 876 705 804 272 574 488 823 133 203 944 51 479 762 138 371 320 282 909 215 202 190 793 284 674 446 513 273 291 100 343 619 415 542 158 748 80 601 698 7 715 774 591 355 209 13 355 260 732 263 939 189 438 437 814 886 788 416 840 394 385 504 514 970 979 413 757 981 220 431 729 726 767 122 652 577 503 113 177 518 104 807 639 479 977 125 25 103 45 442 354 262 5 339 914 855 603 264 903 237 3 109 950 575 788 184 50 959 481 115 872 482 267 747 494 707 963 70 121 666 100 27 30 154 450 304 152 768 745 129 469 217 392 585 666 234 770 714 655 224 543 885 446 869 294 426 238 691 436 900 259 863 918 860 980 799 829 837 531 507 713 153 577 496 315 598 651 448 51 314 771 783 197 623 82 380 445 225 755 217 758 49 672 79 416 690 638 531 5 570 681 872 569 858 988 859 903 319 90 638 889 840 405 620 23 154 423 915 728 848 254 800 368 904 786 213 860 364 429 417 778 130 791 39 384 99 403 791 592 366 205 370 537 392 756 152 803 876 125 401 879 835 834 867 589 433 551 773 10 487 299 48 97 571 60 165 699 837 866 52 889 875 832 915 848 780 676 349 491 600 246 694 509 214 432 499 781 297 519 377 860 288 698 575 255 209 872 138 230 78 24 150 694 952 178 621 864 631 950 614 48 553 280 255 194 667 234 50 192 66 282 744 610 886 511 483 278 134 270 260 585 617 128 247 306 609 414 551 463 739 302 829 0 849 524 126 591 870 125 425 823 171 293 166 760 372 708 31 282 837 2 188 605 668 416 605 694 823 524 497 688 806 560 467 180 920 43 692 287 343 205 624 999 871 984 803 646 281 607 930 373 101 558 196 354 429 541 888 612 653 388 945 895 881 192 503 255 607 448 953 763 376 6 368 288 574 268 293
127 5
708 285 502 207 218 633 383 654 963 199 374 582 680 226 837 981 555 469 758 622 707 616 670 899 710 113 986 370 85 276 288 205 332 79 856 628 554 347 146 20 93 647 26 215 534 962 402 704 140 587 859 109 254 353 70 356 750 673 962 516 799 524 0 283 585 573 428 659 627 421 895 294 57 39 519 46 863 34 668 62 596 459 535 125 747 809 450 571 761 626 525 875 743 673 481 35 3 590 354 823 792 67 651 949 534 861 681 623 21 837 252 484 879 723 853 202 926 99 457 859 911 869 578 431 403 959 959
294 1
229 265 346 389 355 910 212 57 856 960 355 751 322 512 972 235 260 199 417 808 635 779 15 313 217 643 416 799 480 77 117 935 780 102 13 903 50 441 71 788 398 648 414 438 947 691 904 934 47 574 154 406 497 774 588 663 75 319 123 433 174 675 777 497 445 64 739 497 808 281 102 120 169 308 823 231 351 810 301 148 813 847 436 75 755 430 152 16 612 629 487 805 145 824 178 318 2 473 795 362 413 968 603 168 37 445 84 432 51 481 814 706 26 649 304 794 873 406 75 261 906 928 434 383 440 887 352 844 634 49 35 776 424 231 392 389 114 229 845 587 667 422 801 656 609 406 907 282 51 208 883 335 268 173 490 787 834 161 20 306 847 649 28 38 971 515 483 433 672 569 595 564 580 711 620 489 127 504 909 650 378 683 824 636 126 257 919 31 683 662 625 940 707 999 544 650 610 298 379 310 814 52 482 185 272 579 71 438 157 618 334 846 867 272 30 665 235 82 40 71 958 60 102 21 927 293 567 628 663 174 649 266 426 389 313 844 975 268 829 12 328 797 347 816 754 359 246 63 665 480 23 634 5 782 52 938 394 550 932 704 718 871 322 826 564 509 394 604 758 828 364 359 972 37 148 5 120 333 385 418 757 696 486 761 399 153 724 449 67 329 831 907 20 463
674 5
153 457 228 297 637 521 598 70 734 838 980 216 679 946 788 303 367 535 359 43 198 675 487 764 596 62 223 188 580 155 523 148 76 370 153 616 77 158 473 176 528 784 222 249 274 101 558 889 796 612 755 521 699 537 343 633 870 262 19 941 844 796 109 864 11 520 219 25 465 119 749 227 855 576 573 352 244 149 334 174 868 994 30 453 717 381 354 557 243 63 365 651 365 593 378 582 249 979 620 519 426 65 270 549 162 11 746 658 863 556 429 773 150 177 428 164 657 589 338 440 641 706 847 425 572 716 756 497 381 616 835 95 700 513 908 494 650 104 558 355 519 338 597 988 704 797 403 601 712 983 670 841 399 975 275 266 216 496 855 256 858 212 21 805 491 183 763 75 775 468 648 322 837 729 41 223 745 585 373 89 10 483 946 147 27 418 599 859 120 954 655 749 965 120 237 463 243 457 214 306 417 803 59 561 428 678 75 435 514 648 332 315 613 150 469 544 777 697 641 224 978 502 517 986 346 44 836 440 13 337 31 286 286 105 112 289 762 583 299 213 175 525 984 50 402 346 167 973 290 509 736 475 817 218 994 285 209 410 685 43 616 838 243 301 367 184 374 444 775 419 933 694 374 812 192 496 369 662 774 522 385 640 629 10 460 77 251 881 503 283 638 529 0 905 112 843 370 414 114 171 919 402 748 610 852 341 394 141 933 946 880 949 735 1 741 397 923 283 873 444 469 633 63 920 407 995 218 497 510 695 73 598 14 681 588 963 524 178 352 301 27 123 531 567 550 870 656 143 424 927 89 346 658 507 163 552 84 655 195 37 245 16 919 329 620 605 572 863 549 89 162 777 728 35 508 34 787 923 568 568 413 489 441 805 919 340 923 223 587 105 206 843 91 326 89 507 805 182 784 589 101 164 182 435 31 755 595 406 847 524 94 451 399 985 313 230 117 979 914 49 263 671 472 498 412 439 793 974 670 423 934 691 33 432 928 100 994 49 252 851 397 634 590 856 417 541 379 946 677 824 879 45 347 625 251 816 134 527 18 669 562 238 996 274 966 339 272 154 294 52 994 664 302 413 639 995 200 967 460 734 38 684 289 585 544 479 221 368 57 782 885 929 586 851 152 711 636 164 933 201 721 895 190 661 267 146 637 536 407 199 924 801 810 539 681 534 289 877 591 740 2 336 462 722 591 144 188 333 320 600 947 552 222 794 48 842 965 291 541 465 78 299 255 690 160 806 176 549 737 643 514 858 299 726 865 588 392 139 833 528 39 466 806 947 88 823 808 847 733 505 484 260 250 428 755 445 424 900 880 8 459 946 722 233 207 708 120 443 504 150 267 915 665 421 574 416 913 31 901 50 241 563 316 822 72 26 114 870 340 249 931 790 180 205 40 169 642 162 444 763 91 413 161 280 1000 49 635 224 453 59 128 838 736 463 99 747 747 589 549 300 354 25 757 597 840 237 81 520 35 885 975 359 378 608 729 641 830 111 653 437 82 908 198 655 300 214 856 518 352 465 354 833 773 746
779 3
242 208 784 446 481 200 282 385 683 456 78 674 407 42 747 18 511 623 360 668 352 0 968 180 603 49 672 201 310 878 226 270 887 394 634 913 177 504 610 632 616 881 866 203 519 142 915 809 514 212 994 627 62 5 52 362 964 658 964 325 985 356 446 522 701 947 110 297 611 61 720 81 936 358 17 848 636 418 975 44 549 766 693 368 589 746 952 759 835 406 214 695 941 953 460 976 552 995 91 669 245 585 55 904 302 378 895 655 303 867 508 519 840 575 387 930 621 164 189 24 83 8 334 166 651 887 500 539 9 543 196 878 196 736 272 73 133 861 494 438 893 956 416 141 169 629 997 583 592 646 700 998 371 389 203 593 361 916 118 916 180 976 219 238 430 174 315 633 809 962 130 828 433 701 854 577 204 905 229 564 740 712 513 278 252 720 124 296 388 435 199 957 685 909 44 542 980 313 225 34 878 195 585 221 300 329 316 155 352 77 388 547 261 110 407 1 693 9 510 46 445 776 458 280 324 9 112 857 925 616 884 404 291 338 818 292 73 135 286 790 223 972 576 384 193 664 228 131 45 604 63 56 721 735 446 812 297 922 280 221 975 980 483 984 854 661 306 785 41 311 534 44 288 832 765 8 425 870 406 622 779 337 333 398 763 355 162 262 765 4 767 422 550 340 563 242 218 801 668 603 148 763 36 937 273 364 171 611 918 340 838 894 315 599 796 321 319 414 672 835 578 162 466 920 678 496 400 960 767 372 354 846 280 363 771 987 168 833 886 381 873 997 489 628 872 177 109 708 772 560 676 162 359 844 758 244 144 542 479 927 392 35 38 179 833 532 691 371 142 324 456 611 945 551 317 35 847 210 912 913 293 831 597 902 645 269 461 368 982 266 532 780 102 507 284 632 610 344 794 327 41 117 433 927 688 556 330 212 602 739 423 414 748 9 963 599 204 255 215 149 432 932 348 750 367 384 953 864 303 66 691 115 421 340 790 371 686 580 745 176 658 649 342 362 890 234 894 782 723 256 788 819 208 482 214 183 89 688 967 983 505 235 528 843 653 53 152 22 460 85 314 19 741 559 946 250 378 96 261 44 479 405 85 660 867 148 586 786 754 684 160 45 500 654 279 988 888 997 613 115 39 24 805 137 430 339 89 93 809 56 318 870 988 0 889 350 308 917 39 110 607 64 874 397 263 469 2 847 166 442 590 451 75 863 872 169 163 968 725 916 127 804 74 135 638 564 960 144 433 914 355 614 348 143 190 917 105 256 671 391 957 951 611 402 599 959 43 450 175 654 363 149 634 555 196 597 386 134 996 420 901 806 47 254 146 897 663 314 133 437 353 548 826 16 38 674 562 54 233 173 373 925 994 941 435 365 122 47 162 925 437 598 935 81 373 445 855 444 18 878 468 77 227 526 848 871 55 367 615 904 774 241 99 597 322 145 540 582 350 913 561 123 412 987 396 651 407 400 142 393 297 520 277 200 759 2 621 795 249 698 682 805 934 311 907 497 232 214 652 473 650 688 374 582 556 815 886 588 912 107 834 536 520 302 530 473 352 489 224 569 609 279 294 865 908 719 143 804 643 952 382 682 480 508 458 682 384 588 234 667 187 156 374 55 997 740 76 227 920 280 840 887 855 419 379 72 710 694 242 301 234 103 877 323 757 54 470 901 409 232 515 947 311 892 251 430 917 516 489 971 34 40 423 203 351 302 908 296 899 957 468 109 530 883 824 313 778 549 392 405 617 655 551 575 854 25 343 206 810
301 9
60 320 947 372 778 816 712 977 12 481 707 279 609 118 82 922 802 112 629 391 442 93 464 58 205 553 765 471 162 21 251 251 184 890 68 89 278 828 667 385 43 39 433 883 469 721 649 337 745 73 130 141 702 571 749 555 681 706 426 827 965 834 932 975 873 381 520 516 647 569 957 1000 525 408 487 262 366 312 803 380 602 572 678 589 938 356 91 462 646 622 493 550 523 522 122 828 790 630 40 979 318 474 840 561 751 973 271 996 305 233 916 829 387 186 839 588 132 180 132 80 151 646 122 448 654 487 300 821 380 864 605 321 687 760 914 287 176 482 669 983 299 296 309 275 453 820 604 755 496 180 13 924 260 716 920 920 355 457 329 381 146 0 295 822 395 803 836 862 589 538 959 266 788 897 811 316 91 462 278 280 930 963 507 911 648 171 812 772 228 367 97 528 199 294 623 158 338 235 276 75 515 228 626 365 416 12 904 837 104 389 442 198 96 831 880 426 793 967 75 448 80 496 343 712 267 957 348 38 104 468 596 468 171 534 425 168 971 735 901 460 342 14 474 900 451 891 223 237 210 430 229 742 26 387 737 453 429 243 240 793 228 168 361 246 354 219 475 637 474 505 605 696 280 527 599 67 712 108 431 82 811 881 681 556 301 84 434 706 504 607 208 892 943 241 42 699 38 662 636 640 961
