45
422 4
888 976 437 627 637 82 807 998 807 171 649 5 459 314 19 911 290 411 153 511 530 867 625 696 915 950 2 447 226 760 642 697 902 756 635 215 377 398 615 609 621 599 400 708 730 887 651 131 513 593 809 182 12 155 496 320 115 709 737 576 269 708 560 995 69 368 951 43 185 850 343 852 718 92 76 453 20 526 311 740 916 794 201 265 17 236 772 182 352 772 120 298 130 781 613 53 213 595 210 355 734 501 224 44 192 696 715 847 498 401 370 960 740 744 870 980 176 740 783 678 992 984 278 543 364 407 567 461 727 819 396 852 135 420 939 648 877 870 190 752 200 405 692 708 300 766 869 285 755 529 521 750 627 472 676 760 675 11 598 598 596 374 995 842 431 291 136 51 887 940 375 705 419 310 688 943 876 25 794 58 790 150 586 697 822 965 905 179 394 946 369 415 766 732 829 693 564 499 706 108 933 456 880 673 696 997 952 586 790 570 448 963 239 32 206 955 838 455 144 541 927 888 869 590 415 388 531 48 914 369 696 843 314 692 358 501 469 282 947 839 764 536 389 803 219 856 738 736 693 41 184 984 585 322 421 1000 532 988 468 846 809 811 513 671 139 755 316 510 169 902 365 206 54 499 975 313 219 105 47 469 69 480 24 416 134 276 46 764 369 241 30 142 915 313 389 287 47 109 873 777 806 770 182 695 796 775 868 984 77 845 558 380 261 105 896 629 688 800 513 599 770 658 392 248 663 966 656 72 486 604 373 469 810 575 941 854 723 653 219 827 836 299 926 183 222 579 312 705 979 79 21 908 391 917 351 551 362 939 839 663 430 842 853 385 504 176 555 178 515 825 574 974 644 22 841 195 416 100 618 172 260 387 838 315 108 280 572 788 171 393 849 764 47 715 224 737 470 410 375 255 555 803 883 652 457 542 476 49 599 593 651 988 634 941 337 291 681 177 113 797 723 533
226 6
557 281 546 86 887 303 975 524 565 750 939 565 459 521 323 256 700 654 530 348 579 142 934 8 760 910 458 672 987 400 743 454 906 200 44 217 78 857 559 872 387 255 760 696 273 196 56 27 669 999 524 611 279 561 845 361 323 769 787 662 194 281 768 984 475 647 415 156 6 615 744 23 949 684 635 166 320 372 771 163 211 387 989 794 898 207 268 403 924 217 320 726 190 357 620 320 783 72 797 363 681 760 214 673 41 312 861 691 901 784 345 518 170 43 124 572 192 473 276 694 317 70 246 848 412 533 458 221 130 632 598 146 621 710 683 214 913 349 889 989 670 358 460 903 729 649 576 702 222 708 261 505 131 637 0 270 877 434 392 231 947 295 971 42 750 110 520 952 975 293 558 98 489 74 298 269 434 341 20 389 661 432 169 986 911 428 395 847 572 886 461 114 349 478 109 779 244 795 700 744 480 315 431 653 740 321 411 110 201 885 75 611 161 621 996 903 274 624 440 366 486 93 629 722 51 950
699 3
326 413 751 39 479 675 602 128 944 961 278 606 29 55 545 194 117 146 152 635 712 652 955 994 943 930 236 941 907 182 851 275 619 720 762 681 199 478 151 105 169 626 796 320 915 916 938 66 410 100 832 107 356 283 50 829 264 752 208 821 486 519 494 849 119 693 911 989 531 732 880 970 83 809 800 191 383 462 545 836 147 119 844 839 790 3 72 289 673 17 565 694 329 282 715 276 127 758 172 583 348 23 686 688 870 42 692 730 636 789 436 709 630 259 579 554 634 840 100 260 714 529 426 39 583 215 868 84 328 966 120 885 276 715 6 376 531 839 202 856 203 343 933 299 288 256 290 817 976 657 76 870 247 430 117 721 265 73 708 752 851 990 364 179 154 714 761 117 216 457 374 548 626 657 605 336 179 210 541 470 449 180 101 433 110 753 377 653 35 857 48 422 655 640 320 510 324 269 324 776 941 930 264 57 24 494 691 710 554 609 978 934 166 619 467 141 833 139 908 155 573 151 447 996 270 25 533 24 939 190 739 214 434 644 386 898 666 156 611 963 667 137 651 585 373 185 945 763 676 101 752 876 630 215 258 634 890 347 632 402 795 423 91 76 884 653 44 387 749 448 794 80 427 586 167 107 303 561 913 656 31 64 721 760 196 227 228 201 665 252 804 594 19 752 713 345 20 105 269 849 61 33 807 965 646 404 839 331 489 336 115 201 982 930 461 471 529 338 881 141 30 731 664 468 154 887 685 69 977 248 541 592 702 90 888 863 471 912 988 809 750 799 683 18 534 696 270 858 293 220 309 27 389 98 438 153 216 906 563 826 205 813 895 338 690 982 581 24 185 60 853 220 888 778 103 186 826 71 107 585 127 754 598 409 448 724 725 539 303 524 415 325 283 787 1000 808 534 540 612 301 502 394 372 734 298 468 234 216 410 365 255 971 18 294 996 580 724 459 154 355 464 229 566 487 152 705 166 765 588 975 610 828 420 531 342 793 742 144 664 533 312 433 684 828 265 848 696 567 698 58 889 290 206 450 51 345 809 863 707 862 957 81 25 518 779 883 680 963 301 742 341 400 585 954 101 851 519 595 196 801 451 650 296 197 379 769 426 217 669 458 136 435 343 322 86 124 8 463 573 791 89 787 772 235 461 855 279 950 650 524 738 902 69 631 791 379 200 859 163 419 83 781 895 778 792 518 873 232 93 472 755 457 751 888 919 705 891 474 721 72 563 677 184 665 668 66 391 216 135 948 304 236 356 380 839 195 928 224 671 623 448 505 835 379 116 751 979 845 296 222 360 665 202 17 581 300 40 835 937 432 862 170 635 598 300 664 523 51 345 112 139 157 715 874 881 657 32 269 373 982 28 501 291 725 617 722 614 687 976 526 655 166 413 476 179 506 633 64 948 937 540 737 48 151 552 237 239 695 612 839 789 515 89 804 499 430 69 916 980 601 90 566 659 300 83 687 971 47 719 877 72 891 686 225 607 367 601 383 526 470 158 163 79 267 589 579 7 289 885 751 736 302 804 377 234 64 554 578 33 854 642 236 258 720 997 375 961 418 746 832 841 359 122 588 296 291 49 990 613
585 3
118 772 932 239 109 818 1000 313 200 501 760 263 806 549 262 598 842 228 601 633 732 965 797 949 39 720 63 747 463 369 436 662 581 26 559 215 274 499 480 374 259 655 977 571 496 49 237 325 785 764 106 365 976 677 58 62 970 588 179 994 556 324 30 303 735 53 730 987 514 549 102 100 18 381 523 210 578 650 808 969 984 649 478 403 996 938 77 705 140 59 646 767 969 512 186 167 92 991 699 901 276 805 532 194 637 22 986 937 519 150 978 7 409 657 139 646 899 525 921 387 279 524 486 493 855 614 831 783 618 14 467 522 123 591 2 861 528 756 534 234 536 517 844 755 364 21 94 573 960 3 693 136 621 18 890 316 136 162 42 218 655 4 303 164 376 910 737 426 577 587 245 611 627 869 330 649 136 135 188 186 168 790 517 10 765 69 771 900 552 429 928 371 425 825 229 905 619 432 963 652 713 629 949 574 193 130 497 207 578 374 481 277 272 432 623 612 652 361 780 626 173 550 628 94 349 486 465 206 966 516 219 601 654 943 655 931 291 980 173 163 180 53 633 395 429 546 999 261 351 547 315 451 391 681 935 173 629 218 553 421 517 772 56 804 583 496 459 926 72 948 855 201 471 723 295 132 47 533 970 676 809 61 112 954 17 647 799 814 332 974 163 795 699 783 56 228 155 613 93 397 681 648 519 254 802 541 626 279 183 468 438 673 650 561 262 962 902 510 486 207 597 13 607 555 561 64 635 126 547 243 943 121 959 525 618 930 20 265 484 203 70 740 137 902 19 180 266 818 768 773 291 443 610 217 18 894 196 824 954 733 988 455 491 692 634 510 983 654 498 749 125 663 930 50 284 201 635 820 536 398 538 712 805 318 321 503 442 539 720 419 711 126 923 177 635 555 179 851 170 239 469 508 834 221 509 691 82 584 95 602 667 400 462 694 158 795 748 871 138 815 920 870 984 576 703 803 160 614 789 652 200 18 85 127 242 728 36 5 691 627 869 582 668 143 879 650 199 238 346 432 624 365 362 342 252 519 823 885 985 315 413 378 61 52 496 382 908 902 965 482 741 701 516 839 275 635 390 626 179 911 366 749 181 280 95 278 783 785 424 207 724 256 577 895 995 335 499 535 107 872 794 203 652 328 79 870 188 743 264 611 235 390 487 262 179 357 550 84 651 385 861 113 309 356 101 108 504 696 588 550 909 965 269 494 994 556 932 326 980 778 224 585 655 445 480 989 902 701 614 430 559 1000 834 162 694 793 510 655 841 170 595 770 400 616 226 27 811 691 132 721 562 459 977 646 406 353 561 599 977 350 89 143 120 90 525
623 3
120 984 681 30 928 767 711 51 467 943 994 737 686 319 176 672 435 698 301 753 315 382 409 44 100 426 284 219 365 24 120 14 563 112 724 969 65 806 424 29 943 907 475 618 588 718 579 949 474 839 716 345 283 11 734 711 678 510 856 592 88 843 241 783 608 946 579 996 437 423 590 534 618 255 303 459 816 86 189 516 36 314 106 694 647 20 426 176 567 293 505 894 610 316 52 473 535 108 214 667 498 828 174 162 703 135 264 708 908 332 515 506 707 366 107 896 32 24 601 391 222 208 789 173 524 605 252 747 916 991 811 420 850 409 219 781 929 269 331 682 380 65 229 987 720 163 286 128 285 762 320 205 223 613 370 948 900 706 780 456 332 519 539 99 340 884 836 423 358 422 466 80 127 440 357 145 870 526 193 179 55 313 236 669 258 824 445 397 843 841 477 824 21 866 417 580 893 109 208 994 674 434 320 810 776 866 825 372 805 607 914 161 412 392 473 816 154 587 812 921 113 702 279 720 440 371 810 516 733 583 621 520 258 34 285 17 220 139 968 379 673 398 393 738 564 216 449 629 221 717 323 905 861 498 400 245 470 724 746 385 519 616 852 852 869 798 186 81 310 326 305 404 795 489 753 324 269 177 762 939 176 482 392 693 141 570 744 663 648 776 253 788 523 859 260 236 36 896 302 383 537 160 787 624 183 940 363 914 958 533 514 682 75 997 510 183 460 674 643 768 278 566 862 331 302 279 889 823 821 404 320 75 629 639 799 195 29 735 946 671 440 185 937 694 153 943 427 51 119 676 950 548 364 47 871 339 274 282 495 819 777 614 942 431 65 285 709 676 695 163 234 814 856 685 424 433 785 462 875 324 351 824 138 806 955 388 286 686 711 409 871 698 388 23 937 126 25 144 661 608 509 139 10 181 269 20 232 749 269 873 907 800 176 343 612 732 801 998 425 552 553 496 837 943 862 8 639 736 943 776 763 54 886 363 927 682 216 19 605 292 367 991 965 553 303 732 203 576 843 493 138 34 390 433 928 273 366 553 905 167 195 666 412 154 868 1000 409 817 984 498 748 560 799 907 235 456 282 992 766 631 803 684 95 753 141 956 797 430 538 957 614 745 898 971 433 758 557 730 44 357 339 11 515 833 72 940 435 293 977 313 221 1000 982 754 304 813 2 832 391 74 474 92 212 695 626 301 314 847 714 452 114 404 635 900 351 493 610 596 4 52 371 479 106 668 437 608 553 503 278 901 636 662 744 679 181 776 983 197 649 389 136 718 600 688 653 636 725 732 848 783 95 578 689 913 677 380 267 241 321 838 445 40 475 648 273 126 614 635 719 903 329 36 992 991 764 588 661 713 619 129 28 922 795 157 916 458 839 739 966 239 995 193 587 968 723 835 436 336 817 964 318 820 637
95 9
37 51 95 277 241 11 610 530 747 156 311 778 910 169 616 481 924 490 606 888 926 531 585 439 771 393 642 268 741 48 182 9 875 764 474 29 210 463 32 803 379 72 741 385 997 178 77 943 102 261 760 435 923 974 28 814 719 724 33 571 719 72 485 58 622 91 219 838 235 422 751 199 787 39 784 151 567 391 748 916 308 738 543 641 203 21 78 935 816 1 341 568 63 161 814
919 5
365 678 546 95 950 584 804 593 601 477 554 213 441 702 510 239 189 731 164 527 823 989 711 117 364 680 438 747 955 997 44 915 153 927 655 122 859 689 627 491 298 704 662 763 483 22 848 296 351 849 825 662 739 738 412 55 655 763 452 870 559 136 682 822 888 354 756 715 516 260 638 745 738 861 160 66 591 419 185 601 818 521 190 588 200 220 910 184 965 593 490 346 883 332 730 563 830 204 484 246 462 646 939 20 139 89 647 885 146 760 619 147 311 582 181 752 450 555 693 336 394 605 864 242 583 776 106 246 710 105 786 665 419 916 954 285 26 844 361 637 293 819 473 499 465 118 471 697 64 632 135 774 461 651 616 741 56 488 709 278 119 152 53 333 594 715 767 696 80 101 280 606 555 532 109 710 41 540 244 721 105 394 153 7 243 772 315 747 774 463 819 375 667 172 766 672 931 24 140 232 435 274 336 428 791 214 730 591 381 644 956 596 64 711 936 358 57 530 421 367 665 926 826 830 501 522 184 974 430 563 520 404 845 301 777 321 56 337 346 687 238 182 321 241 334 437 711 465 362 615 523 339 739 568 57 890 556 470 302 800 760 768 868 553 744 411 447 325 973 42 219 199 629 508 693 248 600 778 700 810 952 739 226 386 617 283 66 617 135 775 86 30 50 23 979 400 501 625 905 133 863 767 755 777 798 446 485 909 715 112 935 834 956 191 783 337 117 438 604 99 719 813 120 219 805 143 596 204 394 973 728 132 609 871 473 227 415 909 634 424 763 113 796 324 659 334 529 552 602 393 557 101 538 979 112 414 359 364 708 860 238 591 807 784 340 999 32 558 487 583 615 769 181 655 419 79 284 113 836 502 592 996 886 87 843 392 631 557 754 255 13 221 788 0 970 585 545 122 859 473 449 188 996 692 947 438 79 136 402 572 540 585 16 174 706 576 815 433 621 821 77 368 838 396 554 851 536 238 464 358 417 421 990 83 297 720 693 740 896 41 261 828 52 874 699 585 222 25 547 363 799 981 876 155 900 201 653 345 379 858 245 132 1000 789 844 317 300 953 169 101 14 336 507 599 907 981 852 404 287 528 498 192 47 727 490 76 988 815 411 573 271 456 111 246 219 264 609 868 443 155 825 55 760 343 59 899 148 12 291 184 859 177 28 217 913 474 738 738 542 297 432 565 380 798 486 869 137 463 853 831 670 296 268 209 731 493 477 61 84 77 809 978 574 297 496 701 736 899 830 57 972 944 945 68 662 248 682 566 513 143 239 69 197 739 389 510 629 61 907 148 692 615 350 986 168 937 660 311 402 194 991 871 196 95 202 250 622 725 434 466 877 785 155 320 175 570 383 976 876 341 430 100 767 35 862 105 931 293 385 395 488 5 267 815 321 342 983 366 728 126 853 487 388 857 292 699 844 622 887 566 688 32 192 346 962 812 968 825 708 630 548 930 983 802 686 62 816 487 679 199 231 105 223 545 445 469 10 97 361 199 690 910 971 670 479 60 339 46 86 262 923 531 430 714 826 813 373 856 885 341 908 201 685 977 178 433 645 338 19 90 103 642 329 582 860 535 826 847 666 925 384 166 448 321 411 358 577 817 663 438 544 913 486 536 328 441 962 559 686 159 685 384 855 286 577 556 513 851 207 357 587 427 210 602 676 371 601 219 786 940 950 634 748 200 164 932 268 354 966 155 802 592 487 208 823 927 475 390 423 689 117 120 654 183 803 622 376 117 767 652 628 970 849 639 390 283 443 580 698 591 657 780 414 784 182 875 678 490 305 427 505 340 632 562 542 647 782 447 36 383 699 554 867 474 252 948 636 112 785 354 68 267 916 277 136 165 613 895 814 824 59 770 893 336 636 734 211 70 35 1 860 302 161 307 695 432 562 162 796 818 210 832 323 790 331 125 945 548 346 211 83 282 870 988 831 201 878 3 595 642 985 259 285 731 48 178 542 755 867 722 691 400 48 414 346 466 103 478 635 59 100 326 858 917 897 60 957 556 414 758 340 977 711 115 40 688 673 517 283 594 475 192 58 772 443 570 897 888 298 278 488 239 692 893 383 112 532 100 294
190 9
410 966 849 458 51 363 223 515 488 315 180 657 865 887 193 285 602 995 781 17 34 773 665 477 372 359 831 939 928 456 663 818 821 807 970 606 305 666 44 804 916 743 236 41 921 530 888 884 581 351 639 789 314 624 374 39 147 207 868 150 179 378 714 392 549 770 839 33 734 817 917 492 55 308 412 927 618 370 207 68 563 808 532 428 375 873 871 272 682 484 786 959 20 664 94 324 744 793 808 557 140 723 297 663 275 745 142 477 567 225 540 530 173 554 991 451 72 648 662 921 457 26 565 70 817 67 322 947 844 398 805 908 745 749 108 4 520 44 32 712 949 770 603 163 147 328 605 983 829 583 384 201 926 325 554 671 87 441 691 292 673 984 751 114 831 119 735 227 995 858 260 399 144 973 957 34 707 273 588 224 536 617 67 572 189 135 261 645 882 711
875 9
444 652 302 770 397 183 727 21 576 376 909 353 483 894 229 883 862 732 796 131 861 637 247 466 996 280 990 397 135 604 158 402 860 758 534 215 260 956 2 341 486 953 43 875 167 642 524 576 568 106 238 359 36 958 506 571 970 306 822 95 972 156 441 166 149 450 665 203 560 795 10 698 465 393 867 745 714 920 910 221 731 222 634 661 623 581 662 687 113 593 850 304 609 672 906 357 100 924 587 315 418 874 832 114 268 354 542 663 692 823 720 840 318 48 716 871 209 311 518 124 0 887 227 506 815 343 373 526 378 511 181 355 735 940 237 232 6 835 386 819 292 680 256 99 319 127 357 704 794 100 168 259 658 996 31 39 47 528 917 971 666 958 342 562 935 150 829 833 329 348 358 244 120 78 776 497 661 669 67 896 417 988 657 75 133 192 662 372 855 889 221 794 269 179 293 758 176 161 17 274 747 715 872 381 599 472 638 954 761 778 854 158 527 452 142 247 350 741 696 267 16 751 880 559 307 806 597 353 679 728 405 813 155 406 726 708 648 970 879 276 61 950 887 230 188 161 769 447 340 734 364 405 35 564 193 555 43 885 427 409 164 106 63 784 843 545 529 221 49 756 810 851 391 596 486 58 894 95 599 281 22 628 516 721 244 726 284 625 231 637 669 127 640 357 295 137 225 927 611 229 151 843 700 180 611 972 696 587 197 909 924 584 506 280 276 539 829 493 899 665 345 780 241 796 98 992 456 434 710 339 723 572 283 583 373 654 226 593 256 822 38 290 392 13 901 842 697 923 545 184 14 686 489 190 47 589 639 119 737 209 996 531 974 342 14 521 190 673 493 738 684 422 256 442 907 585 873 836 54 236 632 520 171 889 848 525 328 200 123 675 846 580 285 892 23 272 93 429 155 806 817 74 497 875 235 311 565 855 974 137 764 307 532 354 698 800 586 136 660 549 601 2 806 366 253 358 357 229 221 419 536 24 431 354 14 717 646 554 602 187 8 18 759 124 652 301 579 226 870 970 92 79 216 413 723 285 289 303 90 232 428 428 925 206 730 855 744 117 368 241 996 586 624 335 761 79 29 721 441 798 452 570 829 543 771 913 806 613 318 150 955 118 869 729 182 449 680 467 151 862 772 170 486 132 564 752 953 959 987 482 869 848 107 294 884 287 58 201 665 648 159 892 729 285 534 405 212 114 565 356 914 541 469 106 227 959 723 664 64 437 975 224 185 9 281 40 739 799 584 472 111 260 539 316 193 515 180 277 256 147 111 521 38 694 869 213 676 343 273 922 510 1000 903 91 92 970 763 130 153 349 950 378 499 16 355 835 261 722 388 253 850 883 422 103 57 93 163 258 195 909 793 338 882 72 904 695 16 578 381 230 334 576 234 714 22 782 556 452 642 441 147 34 328 864 271 429 809 930 10 327 564 382 945 229 685 908 139 949 662 845 111 252 855 824 76 329 700 923 417 476 7 104 533 627 137 723 310 856 164 812 5 238 969 585 377 70 302 67 807 186 293 560 782 948 634 459 786 328 140 748 802 328 215 80 804 123 668 834 151 429 588 83 486 113 155 645 616 346 624 295 91 355 861 68 508 794 353 138 368 744 879 993 885 230 402 42 84 540 392 421 189 256 416 236 241 448 42 50 663 110 405 545 417 925 870 281 581 423 543 134 386 599 379 445 1 327 286 380 740 747 388 520 222 937 966 350 564 696 354 815 688 709 857 215 923 447 140 403 135 762 332 709 918 185 896 670 418 905 321 812 852 57 893 72 276 441 866 70 220 559 104 341 352 989 833 604 691 558 109 555 320 453 418 242 190 243 904 532 344 420 424 716 7 175 425 628 747 474 835 515 887 36 888 70 749 514 554 752 603 482 212 250 546 226 56 298 526 487 952 199 657 794 806 971 913 842 379 192 388 560 874 601 417 721 674 156 535 268 977 211 34 567 743 215 298 842 387 606 745 65 456 862 253 84 448
851 7
539 40 180 125 204 506 352 444 781 940 718 904 234 477 925 374 375 663 571 449 820 749 142 643 467 763 561 892 252 50 621 435 116 119 26 890 299 645 43 330 601 963 430 357 120 487 22 347 45 551 841 330 778 933 539 863 331 377 522 154 195 859 167 439 316 860 383 2 819 491 28 445 586 566 900 521 437 187 93 656 678 976 422 588 653 425 909 228 222 659 494 670 326 211 385 70 356 194 648 373 596 297 184 359 123 318 797 917 510 427 446 919 361 665 186 416 493 681 73 343 433 903 60 729 197 246 148 943 1 558 500 168 540 959 586 433 676 224 52 653 108 178 670 338 177 987 474 464 508 481 756 36 178 534 992 13 593 51 243 88 635 568 706 584 599 328 318 283 307 466 286 72 741 104 332 632 171 384 972 253 924 412 554 222 623 948 129 918 244 838 563 321 689 589 63 594 611 492 98 135 86 297 628 430 403 11 43 298 62 52 356 840 75 544 206 115 511 716 862 912 555 47 307 609 136 228 841 606 773 738 381 270 237 130 189 993 862 509 846 254 837 501 323 679 685 221 221 475 214 642 44 900 958 421 216 154 491 245 1 340 287 823 83 413 396 272 715 757 328 157 221 608 882 806 248 210 728 893 293 357 519 355 57 597 741 176 325 398 509 181 853 525 81 34 350 621 604 286 595 950 985 95 797 700 337 576 177 567 387 432 355 801 464 738 141 822 221 341 59 303 734 376 577 36 105 416 602 361 940 42 811 202 582 565 495 427 687 991 35 559 756 923 28 842 801 108 545 285 66 968 998 929 965 248 246 244 501 505 345 883 217 742 414 76 876 176 982 115 782 137 305 996 162 786 399 686 225 733 171 120 345 900 102 433 610 97 120 857 589 39 234 564 441 676 390 711 835 617 812 724 299 129 88 679 788 822 982 216 851 110 222 667 539 656 775 457 531 917 288 782 141 542 928 480 125 863 88 812 974 789 677 630 61 578 51 156 613 646 200 542 447 490 623 64 283 412 771 408 354 421 181 930 187 517 162 952 855 708 672 98 935 253 703 379 131 136 114 272 214 997 313 557 920 597 514 11 210 106 358 208 363 195 128 558 943 420 23 692 617 570 168 623 682 122 611 860 613 948 703 857 30 6 681 345 672 209 21 518 852 729 172 301 615 70 521 541 538 942 19 207 251 722 626 451 434 903 582 883 344 416 713 268 556 251 91 701 274 632 164 343 1000 41 551 995 420 769 599 829 266 408 821 326 653 808 946 768 589 880 985 963 21 477 884 232 951 832 471 156 293 26 433 813 977 333 953 565 378 55 905 98 286 913 639 471 333 19 544 923 132 3 675 455 906 878 237 676 612 554 856 152 809 675 654 832 481 169 174 697 923 414 700 374 563 341 142 786 119 955 595 460 874 357 935 243 591 538 781 550 818 584 584 896 809 415 992 939 869 922 810 69 113 746 159 448 627 590 511 628 762 355 101 309 182 708 884 267 722 2 909 16 853 533 791 931 504 111 370 252 115 736 99 777 954 105 810 723 349 563 458 987 176 78 141 948 159 281 451 825 19 790 269 933 144 684 451 385 117 318 475 91 115 19 205 332 792 183 0 817 883 862 903 671 492 508 556 223 452 80 237 273 978 693 910 335 922 851 931 78 526 703 643 779 827 593 796 821 575 710 61 980 427 700 424 785 894 718 140 732 372 250 177 256 843 843 406 429 112 93 526 28 518 932 758 552 308 190 884 26 177 383 124 221 62 463 222 505 11 438 959 608 423 211 439 959 413 982 892 371 163 718 611 259 899 562 695 883 879 340 929 607 597 779 638 176 990 955 672 28 218 848 605 644 155 820 74 188 264 601 502 910 953 787 406 260 132 683 468 176 988 798 678 319 207 257 115 67 58 288 660 415 430 841 783 408 378 67 548 439 663 97 729
661 8
946 741 209 84 647 907 908 924 480 398 364 56 809 572 671 890 940 64 165 439 423 421 254 654 952 88 352 446 36 156 986 884 527 518 882 59 635 126 342 980 104 846 859 859 245 327 892 602 709 288 976 304 961 399 138 306 555 598 600 363 968 925 566 410 660 339 382 923 125 568 826 892 807 686 514 658 503 608 319 851 266 119 334 60 737 628 503 499 388 824 520 759 68 903 443 414 28 98 136 288 115 806 326 985 599 448 214 751 469 956 582 957 234 499 950 9 169 577 647 470 769 276 691 880 433 483 366 783 498 529 278 267 281 904 75 57 184 779 377 222 186 436 366 216 550 554 308 430 362 487 204 954 567 674 620 174 810 193 602 859 337 861 707 511 390 170 774 723 414 6 150 989 617 442 750 962 256 670 989 638 843 814 631 885 892 301 675 360 679 569 360 718 466 456 296 130 171 123 310 678 149 208 476 998 605 376 711 326 141 221 937 569 360 487 712 564 473 784 581 362 389 103 506 364 598 559 790 153 134 177 597 182 508 452 283 495 904 973 594 186 882 120 592 555 295 22 570 24 791 115 738 120 93 339 56 588 650 228 854 944 962 557 745 917 936 21 681 616 174 840 417 358 766 381 513 290 954 435 402 443 261 100 58 752 357 284 583 213 540 441 113 288 813 190 532 563 862 948 247 924 820 420 603 75 389 870 623 361 33 878 672 797 950 580 196 70 944 530 382 392 109 722 855 950 483 750 778 835 756 160 239 41 622 229 418 920 851 29 898 697 475 697 575 61 785 969 851 733 714 32 961 559 0 365 976 484 763 235 754 869 26 393 256 479 187 435 630 520 473 872 864 429 793 922 317 533 991 333 730 260 726 856 1000 815 434 5 336 244 758 452 794 760 670 658 975 517 356 585 953 899 482 912 909 391 381 518 678 249 349 347 737 517 925 191 604 692 302 498 527 224 962 835 621 664 317 760 752 469 788 228 37 720 955 297 514 872 151 28 89 556 144 775 355 105 887 800 881 435 703 401 716 532 541 312 778 262 592 164 784 563 182 812 997 743 775 966 295 433 242 792 216 286 80 594 696 313 429 208 800 80 680 358 783 412 27 846 371 668 313 572 670 544 492 922 504 864 486 278 327 586 221 383 870 73 735 482 897 307 570 354 94 688 246 348 793 218 218 429 102 240 959 594 762 43 439 92 179 510 742 894 22 275 214 307 999 434 239 966 269 244 351 575 796 223 662 626 82 40 726 183 945 541 453 620 58 822 779 485 3 143 995 413 627 838 179 591 939 114 478 277 175 783 407 324 402 414 167 143 951 744 43 814 208 958 889 11 953 102 166 65 825 523 120 548 760 841 824 201 389 982 407 945 737 15 168 231 923 392 513 175 362 475 848 286 437 211 108 862 114 298 288 872 989 264 744 881 699 939 884 730 696 989 107 82 706 647 233 265 377 203 231 633 569 952 289 225 230 721 543 131 603 651 60 293 292 417 583 249 67 171 564
338 3
180 468 35 563 762 324 125 56 884 645 59 355 743 185 332 95 177 805 436 33 761 635 405 101 703 396 476 578 632 926 561 567 438 0 165 374 501 833 722 31 630 155 148 661 248 859 747 752 755 813 236 128 724 802 416 275 157 739 119 21 614 598 696 657 27 210 124 76 257 975 326 319 363 236 284 435 660 307 105 986 911 867 457 943 749 877 398 284 648 294 2 399 769 546 245 5 265 518 648 490 927 638 892 905 655 660 406 840 532 558 395 517 677 833 883 660 94 900 751 455 345 619 810 842 467 351 482 668 554 94 245 889 282 994 437 668 601 469 215 693 458 61 333 194 941 323 369 433 510 508 394 687 751 217 387 170 856 342 605 735 610 588 39 248 565 717 188 337 574 224 159 461 924 88 378 586 759 196 593 672 796 483 491 17 839 417 183 525 104 822 204 504 615 490 0 382 792 715 335 855 328 688 736 47 411 671 711 727 588 748 368 307 831 825 343 275 917 783 33 151 474 271 797 850 288 195 851 168 218 190 737 619 173 418 983 217 514 325 849 129 149 524 108 365 405 734 535 778 22 906 252 209 833 623 775 78 349 708 448 378 28 38 218 378 838 645 669 550 38 8 210 691 925 631 338 767 889 66 674 135 892 884 775 917 9 23 610 21 877 780 988 955 321 222 111 552 790 659 871 781 583 841 198 746 392 987 794 569 110 914 511 170 820 286 50 875 869 330 607 651 95 463 487 436 146 935 826 898 603 352 809 3 226 211 84 711 70 533
94 1
273 476 563 59 264 915 907 632 470 649 606 304 382 633 360 361 169 494 49 144 359 643 425 740 308 729 47 667 597 646 571 296 752 766 331 206 156 949 771 43 684 414 523 488 834 307 556 999 716 255 920 953 707 777 277 827 104 555 684 584 428 851 827 557 690 511 655 467 638 630 270 245 652 312 119 526 226 185 341 345 604 146 142 72 888 521 678 842 53 633 182 175 466 558
859 0
344 38 648 876 253 269 314 581 762 9 216 473 54 196 94 167 289 51 298 726 687 757 523 710 685 438 625 626 799 375 198 652 156 799 350 421 314 257 321 380 911 660 725 701 973 361 675 683 988 920 916 711 675 146 964 932 724 937 137 813 788 173 948 345 979 379 54 539 459 113 444 246 821 775 925 294 532 45 596 816 628 603 860 615 705 791 533 871 435 464 407 749 112 354 643 644 706 900 854 602 671 737 612 375 468 96 209 811 212 983 481 740 854 314 799 988 941 889 865 447 109 56 361 596 644 986 174 108 22 63 911 78 29 59 971 249 521 616 315 44 140 439 377 261 277 892 897 49 991 384 49 222 940 573 399 88 790 90 298 398 370 749 505 490 561 996 185 541 629 156 977 705 649 669 111 131 911 141 45 445 978 129 405 540 581 88 527 801 56 688 976 200 412 118 106 558 199 343 143 964 887 871 482 849 709 760 87 549 695 90 359 218 272 881 331 359 48 143 81 394 759 671 576 910 669 124 262 109 983 394 786 607 892 157 892 894 324 554 545 245 971 734 729 570 90 103 985 348 758 406 474 574 158 291 939 704 6 753 357 759 551 233 291 879 843 532 911 458 426 130 639 797 885 33 419 334 476 651 236 746 86 575 494 206 945 658 866 207 352 779 46 855 949 706 249 839 860 8 525 779 41 814 256 857 265 227 408 203 688 738 500 518 994 913 153 831 539 504 890 910 238 683 854 422 354 80 794 239 299 64 282 20 913 746 387 145 605 454 817 529 428 942 396 96 572 577 39 212 484 286 520 791 611 981 126 304 854 821 571 43 417 984 480 804 396 612 48 346 477 676 253 166 39 781 853 173 130 348 770 262 397 880 764 404 881 860 527 451 160 3 60 807 271 877 572 945 722 983 893 830 607 872 866 231 724 595 874 935 706 964 179 546 849 270 447 636 278 304 255 937 883 871 907 703 211 968 257 528 354 0 657 584 190 966 254 456 665 660 763 951 719 184 821 734 80 238 878 555 602 553 952 253 370 32 627 561 673 826 937 571 132 749 872 267 199 329 466 971 925 361 504 499 815 428 577 330 116 722 281 453 392 948 687 383 879 280 602 511 220 258 355 505 477 266 263 448 336 586 881 521 643 973 570 540 328 628 72 881 190 560 241 84 728 496 113 32 754 507 918 966 934 648 755 406 967 204 501 521 598 801 578 224 279 40 218 426 584 621 713 178 461 241 70 275 615 303 267 435 69 410 618 270 603 143 664 552 12 923 369 602 518 1000 41 541 470 928 221 813 423 453 397 932 115 889 227 691 265 600 828 539 199 562 719 428 92 550 749 975 941 754 874 319 360 77 686 327 658 847 153 153 426 1 540 776 247 939 648 426 609 745 937 326 264 326 454 679 818 434 227 30 701 296 410 451 785 522 325 721 974 998 646 867 581 502 422 567 252 255 61 379 293 305 308 667 487 388 761 468 85 22 703 27 827 465 153 583 619 304 691 641 389 963 520 52 310 54 189 611 185 888 164 779 909 410 6 0 751 723 797 561 870 944 312 799 206 832 973 136 604 43 474 678 831 890 579 747 503 130 666 816 695 702 728 664 220 893 505 447 922 857 69 535 879 810 699 1000 918 137 754 563 746 267 550 47 488 692 952 671 392 604 797 822 770 597 149 75 30 180 250 617 881 963 551 695 460 273 277 603 65 760 645 347 568 675 111 634 691 565 902 396 84 77 135 575 840 412 377 263 11 679 486 537 848 612 51 151 305 450 765 93 59 501 472 672 671 46 83 50 478 195 312 224 774 731 623 552 44 352 924 93 363 898 73 837 841 53 176 438 387 122 623 112 222 387 749 847 409 738 179 330 643 858 919 759 996 448 738 816 641 434 909 581 342 567 717 310 701 332 569 285 796 10 99 712 964 710 256 372 319 149 350 411 658 633 99 480 782 393 781
379 5
534 889 871 904 383 568 342 281 106 699 47 74 788 485 473 910 848 325 524 628 325 262 899 533 822 346 154 875 184 368 484 25 273 756 120 835 268 639 498 112 640 493 442 510 284 421 227 366 811 740 128 969 489 677 108 264 791 871 48 952 50 608 390 24 853 866 304 558 392 394 284 45 651 535 477 463 919 695 37 392 422 471 186 566 635 194 468 754 800 60 326 917 910 550 762 615 967 150 157 335 658 101 695 659 185 128 371 160 49 231 661 364 517 847 784 581 55 357 627 937 289 27 923 776 642 834 896 221 763 1000 235 521 585 504 237 648 340 413 870 561 740 71 321 203 347 976 13 285 472 75 689 436 183 144 501 113 987 397 931 782 89 564 290 488 190 48 713 278 588 581 901 282 168 464 557 183 376 437 449 84 994 796 864 989 641 812 555 938 338 498 339 245 777 222 555 689 102 377 787 845 585 920 198 117 933 70 895 516 595 35 373 680 83 534 208 626 969 520 127 617 626 447 991 43 252 992 25 811 563 937 53 565 649 701 566 255 111 462 553 726 861 946 560 942 228 373 728 181 879 583 650 674 941 399 815 317 472 914 758 436 644 124 123 898 486 31 808 4 721 208 861 880 182 531 977 961 635 892 662 968 748 62 292 356 589 605 664 308 717 456 628 139 192 481 186 989 239 217 93 301 109 34 90 630 740 900 89 690 10 931 918 793 116 416 561 170 405 255 408 645 356 420 255 795 673 391 522 76 417 695 525 924 914 460 867 544 186 206 139 625 540 862 365 99 465 819 432 598 72 21 353 79 827 964 366 603 219 633 862 394 364 316 435 899 341 293 967 655 854 707 545 91 422 505 680 820 200 279 809
251 5
633 1000 497 82 696 527 286 231 641 967 847 233 458 550 282 899 476 436 462 853 492 64 322 538 29 526 300 161 338 327 199 223 853 348 60 828 707 486 115 665 100 121 330 785 458 163 137 827 900 53 970 124 830 507 248 982 722 722 105 768 71 861 965 442 782 243 636 506 468 748 671 773 206 508 762 120 420 335 1 361 773 76 565 558 202 198 524 287 912 290 217 113 627 486 7 82 79 100 414 584 243 310 59 952 440 239 139 750 216 336 390 768 697 685 522 561 176 957 603 418 144 135 727 487 793 114 197 614 56 495 657 896 312 280 793 210 919 234 353 663 381 579 243 802 167 920 888 201 734 908 520 117 638 849 346 554 201 501 240 495 650 763 167 799 718 993 671 857 834 545 812 400 349 687 420 689 306 691 161 387 881 285 256 306 635 544 648 840 13 367 791 510 247 999 228 323 481 833 804 193 690 35 61 541 97 249 77 766 561 169 759 275 822 743 655 723 61 130 930 596 53 455 39 809 810 858 40 792 358 674 609 447 247 970 118 260 35 828 404 592 298 207 508 632 431 29 295 63 641 193 414
355 8
837 446 782 139 144 267 966 138 428 321 822 215 336 568 426 303 823 448 157 503 122 441 491 175 906 866 370 390 995 524 306 677 739 690 457 59 142 852 122 911 105 143 993 509 578 670 851 808 807 273 337 610 502 428 127 752 833 150 678 734 174 457 416 360 312 654 729 55 368 755 182 22 819 509 228 890 460 8 291 310 782 920 833 105 385 994 184 766 312 846 793 444 848 186 655 997 337 136 211 271 5 126 293 715 856 763 788 459 340 64 841 307 2 119 224 722 562 365 80 290 64 937 754 967 343 943 457 291 938 984 275 700 881 604 814 157 692 408 84 391 647 460 611 557 275 925 602 887 299 982 414 71 478 123 735 918 583 608 508 916 1000 412 294 749 707 836 734 918 710 475 740 198 781 905 539 623 624 861 114 689 682 336 492 452 972 288 646 337 979 339 327 450 284 247 873 511 779 963 608 584 176 902 237 503 647 735 871 177 117 801 492 333 448 7 81 379 747 705 956 827 536 433 700 601 729 519 700 861 370 183 378 825 729 547 176 572 129 123 486 353 638 208 455 380 192 881 879 246 850 266 329 621 542 585 946 810 285 499 434 989 893 869 90 133 485 603 582 228 926 4 783 837 745 72 743 98 428 0 337 416 194 709 154 382 116 603 520 524 822 360 103 78 297 634 354 140 285 977 389 973 313 219 929 579 650 153 126 325 118 774 552 827 193 857 391 646 304 361 582 30 999 733 289 465 25 363 751 142 957 642 961 627 523 261 224 4 590 759 155 985 278 61 497 139 270 760 968 741 815 659 144 410 890 886 227
296 1
449 857 191 622 60 305 471 780 867 648 711 480 917 264 64 144 6 367 244 705 145 507 906 151 888 898 990 189 687 183 828 909 743 646 193 293 353 819 63 41 707 101 766 223 745 718 505 803 166 503 443 836 380 0 705 50 476 469 710 552 819 759 244 316 238 267 535 825 608 141 421 287 523 108 570 42 244 298 908 861 26 594 967 756 543 940 214 837 972 480 129 989 891 671 154 832 989 900 419 307 405 514 778 866 750 119 895 649 24 191 339 300 396 896 79 742 842 458 531 665 47 863 764 518 754 789 792 587 421 254 667 459 735 260 452 423 197 492 689 308 746 253 655 910 74 669 655 117 768 604 325 545 73 990 449 786 887 232 597 743 757 144 41 282 760 46 165 566 347 852 380 597 237 5 469 26 996 774 602 726 478 982 984 206 709 631 901 616 725 45 556 429 576 210 99 974 279 394 874 626 562 739 457 282 349 809 774 936 245 149 789 209 154 954 165 733 194 804 301 466 215 152 689 951 397 805 221 319 682 277 26 328 446 181 339 894 670 276 367 927 901 135 817 269 973 59 536 369 679 517 110 855 926 367 366 456 147 374 418 54 123 427 748 518 561 160 892 210 554 419 619 702 927 520 370 89 504 109 567 95 749 606 493 642 571 644 100 609 668 830 918 37 637 115 344 386
371 4
380 752 584 468 980 764 551 532 37 721 86 792 358 75 561 680 236 100 75 258 482 58 744 158 44 360 214 53 272 267 999 528 26 663 915 885 786 98 480 727 851 305 711 991 993 998 499 859 512 607 569 198 5 952 455 676 229 396 887 981 194 520 859 581 985 834 306 421 772 711 177 941 363 540 200 172 591 840 357 51 480 36 837 422 82 906 234 66 342 333 223 698 905 19 825 772 857 583 965 493 173 782 68 618 146 714 451 0 420 905 79 758 468 423 518 634 929 349 857 834 365 325 112 3 751 95 310 439 453 187 943 777 179 244 872 342 830 963 764 525 253 323 530 368 818 822 204 961 50 733 3 950 98 734 77 94 591 244 457 247 933 14 734 912 259 426 500 924 444 374 667 975 948 893 560 761 388 406 213 144 35 579 684 741 633 335 552 613 665 550 96 79 863 209 211 860 493 585 666 512 431 95 84 705 793 184 411 271 208 629 649 756 659 148 280 324 236 673 88 657 93 913 304 914 760 834 136 220 959 413 692 513 384 315 342 398 704 557 296 397 896 648 217 678 793 547 624 291 139 62 210 844 516 487 99 998 289 939 908 271 808 422 244 184 380 18 92 18 358 476 601 586 506 412 794 203 849 874 53 392 64 135 184 924 823 491 173 611 975 562 713 548 445 306 392 501 610 388 122 643 861 77 196 964 143 205 315 336 460 293 554 89 455 958 39 965 527 592 450 593 954 386 122 329 667 455 565 958 690 664 156 905 450 15 520 89 559 423 839 143 679 752 579 639 70 155 856 258 79 180 114 672 431 337 4 903 992 857 422 860 352 755 526 896 634 632 370 941 920 664 582
972 3
582 246 451 238 658 256 854 340 769 335 872 947 382 704 836 366 73 436 534 566 839 228 102 940 512 233 857 833 729 749 144 954 182 957 679 844 405 308 773 601 126 551 277 664 701 140 690 388 678 21 674 958 725 168 142 368 223 570 23 923 340 675 353 801 225 764 430 636 810 393 374 465 42 396 495 537 36 95 632 634 184 700 193 47 714 696 910 925 45 696 165 210 959 100 677 783 650 630 266 243 466 721 313 446 181 596 349 669 740 482 760 298 15 713 986 739 275 374 607 794 382 420 338 663 72 312 11 833 94 906 124 847 314 150 205 27 566 786 746 68 391 985 767 946 105 560 371 37 423 727 72 179 696 461 200 680 535 104 889 85 533 718 699 880 804 660 355 164 69 386 793 881 626 38 377 106 303 513 327 650 917 787 930 953 585 96 130 323 180 265 451 327 566 414 87 768 832 141 872 128 564 266 300 819 119 304 234 873 416 955 606 652 582 402 261 29 918 271 223 727 535 769 525 714 70 595 340 653 62 49 688 479 737 174 532 311 956 663 242 756 973 709 367 655 195 351 860 228 883 531 553 259 713 646 91 685 484 769 546 917 241 629 201 756 584 695 734 207 351 915 516 666 173 994 43 830 712 101 991 928 834 493 940 26 488 801 221 294 648 667 108 419 181 779 355 77 290 952 845 654 917 457 711 767 713 124 43 410 705 278 17 719 694 490 339 57 131 515 990 321 494 377 885 719 811 344 615 731 164 787 199 533 999 784 600 263 220 664 325 435 472 600 661 247 140 688 287 439 613 493 493 693 194 597 6 623 223 411 76 733 799 467 630 321 937 196 797 537 559 726 352 682 167 913 904 316 181 545 407 428 855 738 711 906 595 324 662 618 622 88 253 708 288 186 272 508 719 280 701 232 867 926 76 35 313 869 77 809 927 418 521 163 642 214 957 988 578 482 445 94 136 84 355 757 858 359 395 470 767 156 519 145 373 221 634 425 596 57 800 299 786 977 159 533 688 945 837 861 444 937 148 429 555 892 106 396 499 349 828 116 29 235 634 364 533 179 400 455 200 597 300 188 91 256 613 1000 402 435 844 201 539 336 896 365 243 899 70 280 311 743 95 552 610 691 896 167 76 292 541 191 0 689 726 878 887 184 10 49 735 417 964 532 552 157 686 365 318 786 144 629 634 514 360 685 231 106 973 172 187 445 183 927 880 794 458 986 467 740 187 388 167 681 207 10 682 936 809 653 856 959 878 752 545 852 84 660 617 949 643 501 829 384 372 922 848 205 319 391 53 331 848 464 854 947 162 634 346 300 158 939 829 283 123 617 108 283 583 867 590 787 752 344 412 601 925 401 681 645 717 873 892 633 286 345 729 643 230 216 639 827 191 236 31 958 125 94 523 274 61 921 709 996 67 750 862 124 938 14 185 481 552 499 257 345 261 331 957 353 440 128 168 983 965 481 667 833 225 834 554 760 259 17 314 468 296 128 102 32 557 817 992 624 910 489 739 664 710 931 412 173 331 459 690 253 239 902 754 407 424 741 576 742 986 6 482 587 218 456 414 141 521 304 146 411 330 205 952 211 571 571 72 309 519 975 204 483 848 178 560 946 499 444 358 196 231 142 89 201 304 59 586 545 49 985 316 515 840 566 656 59 38 565 252 543 338 377 353 851 261 85 359 90 80 252 257 647 173 894 789 381 493 630 225 979 443 981 217 201 876 979 207 257 104 659 465 447 325 964 519 789 208 45 400 82 286 353 863 389 288 901 838 539 122 647 241 248 910 831 247 257 415 135 379 80 404 689 525 338 389 352 446 743 363 373 817 815 184 819 280 225 643 791 125 940 420 579 228 313 744 342 617 251 139 102 706 525 454 62 587 311 211 612 151 788 790 382 35 587 291 900 39 979 993 502 946 847 9 498 890 141 953 620 615 857 571 675 675 824 286 623 870 670 709 195 172 838 811 206 533 162 787 613 220 502 625 187 784 958 164 314 139 751 824 470 851 197 736 980 64 637 576 878 589 418 646 232 507 176 604 683 912 492 240 180 674 757 212 133 615 708 443 67 751 776 661 784 738 129 767 326 140 543 855 253 976 151 412 680 639 658 302 620 982 197 258 213 203 229 901 114 738 621 481 20 631 377 916 290 51 462 587 116 514 714 164 589 873 574 367 857 960 941 546 512 722 873 822 793 296 779 359 746
315 4
989 38 32 534 158 971 831 487 265 12 78 849 726 526 768 554 277 981 906 609 912 915 481 606 302 6 724 687 847 260 268 702 439 998 55 747 302 399 665 585 1 938 772 960 29 232 534 674 323 971 77 874 918 62 832 699 294 193 842 299 449 401 299 948 542 376 245 290 332 723 792 748 82 693 45 134 157 627 203 322 936 501 589 790 81 525 238 331 132 458 281 502 863 198 833 711 803 385 748 528 270 98 208 705 133 918 50 128 36 61 831 95 828 294 789 90 97 716 965 235 939 933 356 325 665 105 109 463 371 699 394 683 969 288 174 344 482 980 390 233 473 819 132 187 624 636 267 489 681 167 862 676 635 910 519 662 550 682 477 969 429 353 958 77 604 1 919 451 442 52 249 489 83 670 226 248 554 680 335 647 274 447 271 467 281 417 349 920 368 450 996 393 687 635 968 778 121 170 890 280 602 460 928 239 642 290 982 642 487 815 654 720 218 618 576 890 141 420 234 17 796 468 531 640 379 244 731 810 835 653 1 324 597 956 43 350 502 705 786 882 258 5 532 289 30 101 818 692 424 996 382 922 532 582 115 666 33 444 661 778 63 947 50 788 272 694 244 523 861 870 143 975 90 665 982 489 546 538 896 328 341 155 872 458 892 42 787 802 692 222 890 782 19 239 717 135 872 791 287 549 302 73 783 440 592 358 80 50 68 215 47 464 88 477 506
316 8
787 309 831 463 10 102 470 233 148 927 560 726 580 441 152 692 447 478 600 451 28 924 213 848 554 236 856 503 942 653 291 310 737 291 266 42 453 897 957 308 175 206 410 175 101 680 852 746 922 43 608 982 221 79 253 556 636 729 131 756 661 471 948 420 294 805 597 751 591 326 189 758 720 707 818 657 908 645 172 359 547 720 979 886 139 810 631 173 894 247 50 897 270 914 999 190 386 768 685 668 286 89 729 747 58 289 905 530 601 999 797 39 171 331 283 781 215 507 216 901 699 956 613 550 593 414 704 270 823 706 239 481 871 493 641 934 896 92 811 251 804 470 476 77 784 428 275 15 651 383 534 75 873 78 502 860 159 222 472 156 656 786 509 980 257 2 437 360 418 658 203 188 414 804 596 242 440 110 659 364 95 151 146 509 234 645 208 737 299 571 552 546 58 291 715 571 437 48 81 741 37 212 981 97 916 55 5 902 270 443 947 995 599 371 951 615 481 705 507 416 617 511 316 976 651 90 63 432 287 502 224 331 25 778 104 222 202 928 792 989 677 513 737 953 113 319 242 281 320 42 17 831 409 522 659 371 390 301 392 687 352 978 672 329 398 798 27 910 785 632 215 207 159 242 499 904 822 226 225 750 675 935 260 796 306 582 490 676 289 882 51 813 139 0 130 368 978 438 608 159 691 688 103 26 96 15 734 767 541 956 695 270 69 144 88 940
493 8
771 713 833 78 798 816 175 942 555 814 935 622 458 481 355 646 601 298 62 888 653 378 471 566 53 575 216 890 313 430 618 571 942 930 135 853 263 754 110 860 242 38 401 93 415 320 813 590 269 560 70 670 99 835 643 627 1 594 721 669 213 978 251 810 336 624 401 520 776 855 549 973 63 203 574 692 759 520 262 123 657 635 697 562 877 733 491 795 643 889 159 372 672 63 900 612 99 828 862 891 151 735 821 498 776 686 479 163 118 72 498 681 398 215 917 340 848 131 289 26 12 575 226 341 30 203 794 356 578 750 211 601 52 673 386 652 704 612 342 609 861 232 327 757 418 192 893 188 655 404 473 142 473 266 444 976 513 793 320 388 188 519 180 673 560 561 106 560 145 513 14 582 738 318 14 892 750 703 211 904 833 857 431 966 448 264 725 317 849 765 323 394 46 617 594 634 401 861 220 597 9 941 558 692 189 995 401 471 419 46 177 970 673 546 632 905 671 657 63 681 128 504 518 974 384 329 289 442 450 627 202 275 591 94 726 429 342 660 415 758 521 94 976 324 539 927 513 895 385 404 303 897 828 310 400 797 867 946 660 557 619 743 87 665 397 77 89 180 715 656 683 204 441 898 510 333 104 307 646 842 127 353 284 66 224 934 230 128 877 566 122 476 762 411 48 202 626 250 366 379 135 261 0 392 354 900 342 400 847 382 77 866 146 979 248 739 301 445 639 150 728 830 624 552 451 841 862 53 421 774 580 628 766 25 574 899 896 786 771 566 957 20 76 884 321 448 275 488 241 679 971 796 239 754 198 54 324 613 220 238 190 871 310 560 279 170 910 788 804 68 883 628 249 65 931 798 288 179 293 584 244 513 621 214 617 952 394 248 337 336 803 845 745 621 614 204 152 932 701 832 605 176 28 981 867 370 405 2 444 441 158 683 992 475 826 569 289 337 427 206 784 248 551 874 940 805 960 746 797 637 476 501 16 130 244 498 322 898 623 991 762 190 199 496 748 90 497 310 486 468 129 56 270 109 609 124 917 414 897 562 512 577 326 914 651 10 770 970 489 64 422 933 347 281 318 870 987 794 765 947 148 542 891 910 982 205 729 978 163 566 247 916 254
458 2
815 551 150 870 118 287 429 328 183 312 75 626 302 553 125 653 269 585 465 443 10 247 259 536 196 117 638 234 624 726 321 540 409 117 614 974 311 283 184 809 55 523 4 22 458 538 352 755 801 671 736 764 757 749 373 366 740 221 439 673 582 93 665 197 683 514 812 28 757 950 244 700 163 459 550 237 498 820 242 212 208 945 664 343 45 264 677 582 32 655 560 298 809 595 429 1 189 778 393 683 66 944 900 752 234 151 653 664 203 449 323 380 950 334 479 740 768 252 202 596 133 25 229 383 544 148 77 593 446 731 982 768 235 659 829 605 385 87 429 871 753 616 457 337 420 923 193 916 321 141 420 355 979 619 108 385 819 336 526 312 373 310 598 234 905 397 973 335 78 644 344 305 639 193 459 699 546 542 500 238 455 728 905 770 567 160 680 190 563 609 819 727 644 42 758 112 212 375 55 236 357 693 784 12 451 404 574 777 776 374 42 441 901 707 308 448 874 827 37 795 209 389 87 410 420 502 827 590 402 533 747 324 679 678 354 136 553 860 296 119 965 176 116 55 87 897 639 676 892 478 231 772 335 923 355 666 119 442 887 645 570 328 462 276 326 862 370 834 415 589 164 547 262 397 657 428 452 357 680 541 48 842 358 56 703 751 278 191 175 118 544 460 265 497 500 445 459 246 324 227 422 692 778 370 137 784 747 951 535 20 327 100 580 890 863 889 46 53 262 233 494 126 977 158 342 634 832 250 736 808 867 169 291 686 381 507 642 808 611 104 531 534 129 947 646 60 708 180 478 336 267 361 463 969 930 273 555 447 424 864 532 862 494 694 269 154 27 207 727 599 315 589 685 119 156 979 116 393 241 94 240 857 186 998 72 568 93 237 351 127 725 577 419 999 719 510 267 353 179 89 282 563 448 336 606 929 739 936 503 617 287 738 418 650 823 59 792 593 905 252 836 508 574 996 31 838 204 111 514 43 713 158 369 859 299 553 129 675 750 774 925 579 114 448 889 652 508 556 600 427 541 899 389 195 986 528 301 325
604 4
135 765 63 860 945 291 319 850 327 150 541 207 294 247 545 104 466 155 483 49 715 758 850 557 714 646 201 681 626 363 530 429 31 208 873 46 855 719 788 681 173 504 610 217 412 880 721 191 195 706 902 600 89 794 494 408 452 918 795 484 479 345 219 724 37 625 860 34 761 271 116 86 243 440 928 877 8 924 52 865 272 301 720 753 693 658 541 336 219 799 656 436 656 808 822 662 129 14 323 693 883 138 236 756 832 150 458 359 996 86 883 834 231 96 84 265 275 990 616 335 813 428 777 884 744 83 690 3 878 792 649 302 82 231 127 419 331 66 449 262 163 105 301 349 674 82 572 20 831 539 921 273 249 960 280 407 247 481 966 30 904 951 248 143 300 860 991 638 881 487 678 179 510 711 103 398 967 764 639 282 41 129 587 563 658 716 941 863 464 965 76 902 759 914 107 926 783 611 298 698 627 931 208 380 712 659 112 919 202 275 568 134 946 174 378 266 849 919 222 524 74 793 379 612 591 672 491 839 87 444 564 144 274 492 951 752 236 497 990 736 264 463 375 161 613 638 38 36 728 144 194 962 254 916 736 506 673 721 53 299 958 155 109 638 844 339 814 998 684 213 668 222 436 775 911 140 125 121 390 228 505 499 729 374 127 890 717 239 114 862 399 612 787 186 574 613 483 440 793 149 914 290 100 798 516 29 748 955 5 314 497 604 863 695 965 753 166 396 417 378 436 316 865 57 228 702 925 986 344 926 392 334 183 805 959 564 416 163 613 667 318 979 36 566 504 583 685 644 392 753 884 584 830 219 546 104 673 308 381 377 844 205 899 835 771 27 175 596 820 380 67 970 968 634 283 142 868 640 8 455 912 698 39 99 304 403 272 422 943 476 746 792 449 900 394 567 408 404 6 275 987 75 616 271 672 142 603 641 815 172 206 812 747 486 108 457 520 750 151 754 108 54 663 125 904 368 787 310 930 909 519 821 854 430 803 867 514 158 624 427 342 940 825 490 730 43 898 131 30 141 432 621 71 645 599 213 906 669 525 915 457 820 867 253 450 119 174 379 691 470 748 84 623 753 872 125 184 417 84 810 699 835 637 54 422 473 233 229 114 252 855 695 58 628 712 1 316 140 890 185 136 633 181 545 260 765 485 898 686 962 347 631 805 610 677 157 562 424 432 719 321 129 155 338 653 339 281 105 564 385 968 776 68 343 370 887 927 543 386 967 239 256 389 682 896 828 246 515 382 82 939 432 398 983 2 3 856 440 749 302 993 16 494 937 71 773 26 396 478 102 825 597 460 347 573 879 154 479 493 643 828 395 138 407 751 743 502 669 505 82 231 331 990 371 832 77 278 927 392 362 748 768 375 915
350 7
253 586 52 954 408 463 654 660 847 384 138 236 76 736 8 89 818 336 259 445 843 489 575 635 829 929 373 95 12 86 451 919 608 909 837 621 417 757 229 80 374 124 364 612 149 442 893 852 524 713 294 628 806 595 383 917 553 292 495 716 582 964 622 370 975 635 844 887 517 856 489 879 343 120 886 486 834 4 313 918 786 949 880 818 423 112 771 560 590 753 511 719 404 80 142 498 192 112 957 122 397 324 224 49 910 811 218 636 2 535 271 774 498 562 50 532 912 898 116 455 163 112 289 502 339 151 40 457 667 250 994 291 69 783 50 12 768 831 300 702 903 197 231 79 206 914 850 5 427 136 966 997 615 270 807 869 434 838 33 426 908 65 152 83 107 405 684 438 408 417 269 611 162 888 145 953 418 51 793 28 556 711 504 194 662 411 847 427 779 266 545 129 349 609 2 687 147 802 707 283 356 563 611 117 667 425 528 682 385 435 620 964 987 526 193 384 254 662 45 518 723 831 26 11 360 109 371 477 387 140 634 1 634 350 520 119 243 178 311 201 642 176 257 531 302 673 427 474 124 654 385 67 386 459 69 329 195 484 559 453 247 563 330 196 590 797 214 317 833 808 222 133 786 767 894 638 301 112 33 459 952 779 656 451 55 19 375 384 89 171 828 521 514 156 392 782 537 959 170 375 328 191 312 734 201 352 571 111 389 781 454 777 866 812 527 120 407 756 222 935 972 682 442 391 180 831 342 699 142 425 263 664 343 128 96 773 709 925 217 72 299 733 115 918 965 374 774 776 558 684
565 6
56 204 977 882 989 105 751 559 70 225 304 814 477 615 430 222 131 102 242 932 825 936 806 294 152 800 646 734 143 202 70 244 353 926 415 450 728 484 488 815 800 500 201 498 417 754 797 948 650 764 429 235 678 172 939 865 524 685 948 716 367 645 897 801 549 529 970 180 248 374 175 870 664 177 156 903 122 382 87 945 425 468 150 294 92 407 742 248 451 470 154 739 485 991 685 971 896 28 944 105 363 136 80 734 980 328 954 941 803 391 223 70 353 178 219 233 75 657 130 986 794 42 264 269 827 484 5 617 715 468 698 806 334 219 584 693 823 689 251 478 867 75 504 617 985 940 337 199 773 898 845 167 246 644 935 874 33 661 480 916 47 308 519 140 414 985 759 584 621 740 255 562 551 245 343 913 37 884 186 273 590 68 113 811 419 915 347 55 135 807 105 886 953 105 473 48 711 628 862 590 567 104 407 194 340 96 375 579 484 128 961 74 744 134 930 696 763 28 142 838 344 206 387 570 463 860 798 930 293 508 607 678 940 676 987 287 991 807 99 559 147 288 426 422 920 731 953 74 678 177 687 110 621 559 621 272 263 924 141 403 713 496 992 106 405 7 143 245 268 518 549 998 962 358 579 123 157 14 729 55 657 637 193 502 337 559 502 936 41 339 939 480 1000 719 117 537 860 810 736 345 587 299 638 140 399 130 428 50 630 432 979 162 714 951 740 608 181 802 946 883 979 904 631 354 568 973 769 203 851 802 748 596 24 435 834 201 940 417 478 890 155 178 552 790 414 904 563 563 51 510 919 881 539 33 70 209 406 843 65 466 726 699 469 941 279 944 701 683 40 127 239 60 545 54 985 682 168 467 962 788 522 269 906 143 173 254 496 522 358 202 982 516 669 743 498 415 532 143 493 820 664 221 220 594 778 926 984 251 330 930 7 574 755 571 545 402 875 467 688 788 269 88 270 635 222 850 141 371 557 853 413 853 778 622 95 289 151 350 951 93 244 966 740 486 142 283 376 267 341 264 664 607 221 817 990 458 779 377 945 390 86 883 903 968 287 693 565 198 60 245 573 983 674 644 694 747 513 577 420 917 459 437 115 64 656 914 223 669 194 92 945 897 986 561 590 214 281 517 801 700 687 207 377 136 786 623 367 952 118 512 300 519 130 609 166 788 853 885 983 272 223 230 556 17 907 398 954 249 626 603 938 481 393 610 754 323 566 832 138 327 565 203 216 992 760 994 411 537 211 938 955 403 588 308 28 624 755 243 789 74 991 901 150 31 722
236 7
855 79 930 500 205 615 253 466 301 4 221 161 208 790 649 542 59 809 181 762 591 484 67 789 133 283 394 964 602 184 323 200 418 575 408 364 360 800 217 989 918 451 207 776 41 315 436 527 817 976 732 113 46 899 570 465 729 560 395 129 170 443 867 83 144 608 422 663 278 57 744 370 224 59 772 332 451 104 844 13 54 954 886 334 820 359 144 746 882 735 164 447 682 232 398 709 371 409 786 765 198 11 610 803 644 254 747 653 934 439 745 401 298 787 835 572 890 603 468 159 915 49 765 0 308 986 822 325 377 354 820 247 149 117 188 523 649 238 438 457 493 700 308 921 799 657 82 514 644 486 315 804 949 57 628 206 466 752 2 739 361 532 396 271 313 201 728 273 180 285 717 158 30 958 116 461 559 126 115 381 943 178 102 815 24 924 351 949 840 347 17 855 961 302 679 453 472 40 305 745 211 306 270 668 199 22 680 901 844 984 101 434 526 903 170 771 600 306 483 116 683 435 742 578 876 722 529 458 21 689 652 427 460 681 609 887
744 9
776 926 687 68 37 738 86 994 812 336 953 366 59 102 523 925 734 547 139 547 60 770 992 812 361 886 24 613 357 661 580 917 10 191 397 864 850 760 820 28 86 598 238 74 979 350 46 541 705 825 513 714 633 718 722 49 621 880 696 138 133 874 37 15 88 942 992 179 662 456 480 707 656 58 991 254 962 256 665 606 270 115 552 905 624 754 85 12 8 615 490 857 999 386 860 505 867 904 181 764 228 170 408 873 658 644 907 308 247 224 80 551 234 1 94 378 669 275 908 220 314 173 777 381 946 587 525 166 187 627 688 168 673 905 546 51 24 313 595 260 695 726 893 725 697 412 359 262 92 815 913 708 876 485 195 656 671 715 975 138 946 671 40 615 143 534 884 538 647 276 508 140 172 769 684 561 770 2 413 752 128 766 113 729 873 180 499 92 671 496 628 198 458 186 170 862 934 162 156 53 386 417 626 556 913 572 651 302 382 227 77 239 573 67 293 698 204 254 227 125 600 27 936 281 487 528 863 306 771 535 587 654 258 462 752 15 103 484 736 762 548 527 65 874 427 430 151 935 536 946 560 912 966 238 581 854 607 883 459 297 725 511 962 352 145 384 459 887 816 186 999 830 873 236 937 690 444 868 499 821 126 115 553 955 646 447 10 879 170 160 595 997 805 824 68 38 171 876 138 606 961 86 246 249 817 543 802 427 986 432 856 45 885 733 781 693 9 528 650 230 927 629 234 915 673 507 658 837 616 205 794 422 498 316 198 900 360 96 279 807 185 310 229 967 792 517 283 475 806 277 347 854 225 524 754 865 89 943 9 264 841 261 699 839 113 900 487 364 906 190 784 682 513 870 571 83 646 71 341 357 56 370 631 375 811 487 323 3 932 26 322 539 917 80 659 392 576 472 856 772 373 116 760 573 145 782 423 331 515 72 226 984 610 12 707 725 818 538 325 546 278 634 393 299 988 547 745 612 532 493 263 846 624 525 98 892 540 663 136 410 897 112 426 534 735 457 46 25 981 716 975 46 745 416 513 421 241 178 761 271 504 779 519 102 734 393 190 345 435 96 243 663 925 733 13 84 320 406 61 817 904 907 156 532 283 805 178 908 634 803 789 983 426 168 12 998 99 224 374 802 803 400 73 889 890 673 901 32 572 504 123 952 809 859 894 681 17 935 42 554 643 937 721 433 484 516 594 153 78 687 112 247 751 1000 451 368 779 795 115 524 48 790 684 864 877 414 448 949 759 473 852 266 596 958 667 244 472 533 815 803 172 719 700 818 194 901 409 193 291 743 876 226 355 948 0 305 91 583 153 304 736 196 888 764 838 569 544 1 607 231 100 249 889 498 76 739 342 586 399 375 648 922 742 577 69 551 761 678 89 754 563 87 334 286 602 477 504 135 479 954 249 7 560 547 510 152 344 41 367 834 129 919 635 286 621 424 196 229 422 486 326 465 192 428 859 679 24 320 794 378 887 453 874 297 943 161 877 486 931 642 502 538 745 475 368 727 649 563 113 182 752 161 373 898 540 963 635 415 442 698 763 753 169 132 21 256 658 264 249 229 574 927 271 315 391 342 410 723 759 899 644 174 151 708 25 862 148 229 8 193 557 869 677 387 917 173 541 116 725 471 207 752 615 195 978 335 318 322 78 219 427 706 869 505 733 227 345 405 99 388 204 823 292 690
701 8
412 691 109 365 709 661 472 665 557 554 710 608 284 459 214 107 837 546 751 231 343 835 807 266 881 719 842 787 391 699 864 543 888 955 121 342 637 149 142 367 332 735 573 240 304 665 352 88 777 830 12 452 471 300 40 885 864 135 903 519 304 817 502 675 930 983 907 138 895 861 806 938 67 911 496 85 149 152 707 799 710 568 807 566 265 130 421 748 551 261 582 406 949 70 166 250 906 907 383 519 458 968 856 170 707 887 82 279 671 390 140 111 612 849 508 427 105 16 755 974 594 211 739 132 677 961 365 658 142 83 356 70 235 250 762 31 879 368 501 56 466 972 239 498 182 764 749 95 862 302 519 666 858 469 649 990 586 606 477 50 121 800 721 567 272 787 744 25 297 625 572 686 343 50 919 733 824 889 703 864 555 814 655 512 969 251 409 785 541 915 188 110 132 865 178 351 641 619 547 146 107 796 151 77 913 147 980 210 255 665 458 112 135 400 999 209 639 548 600 19 362 280 662 105 715 215 210 459 134 534 436 103 84 992 516 11 843 861 167 90 7 237 417 715 844 658 311 712 754 352 477 517 907 321 35 198 427 613 82 617 918 84 734 233 631 676 758 701 1 689 788 572 646 720 405 354 508 693 56 227 152 105 773 322 969 890 741 164 772 924 951 938 988 283 312 738 121 303 157 397 257 839 385 227 9 550 419 713 646 435 539 67 706 481 379 841 415 682 577 343 118 357 607 957 421 453 230 423 457 564 739 672 828 850 170 156 599 937 44 175 458 925 949 967 145 353 247 843 857 313 1 849 522 626 792 606 792 599 413 752 414 50 133 525 250 669 582 329 285 562 735 147 522 894 824 235 580 601 663 524 68 857 877 661 290 904 50 257 667 588 256 248 365 912 679 357 754 471 550 113 14 940 152 926 488 483 8 530 92 1000 15 461 380 223 842 239 103 522 803 454 656 856 951 641 652 712 218 446 146 191 277 590 414 163 780 864 955 652 719 980 503 675 342 843 54 130 22 956 930 578 560 548 610 948 426 465 930 989 555 747 21 819 855 950 209 181 979 572 754 504 592 978 555 47 839 98 180 394 247 34 470 752 41 883 68 671 212 425 536 88 475 229 441 113 967 845 383 428 112 137 377 281 328 279 861 537 576 55 741 200 487 103 623 995 500 776 196 616 714 477 893 321 858 491 780 698 672 359 520 670 209 621 195 271 202 440 538 991 93 634 627 740 391 778 294 246 126 304 364 691 225 742 713 144 380 43 564 405 501 437 220 673 926 389 648 300 846 534 448 680 354 957 241 61 595 474 127 573 756 185 882 917 248 975 358 224 198 310 485 886 490 645 831 909 886 839 67 607 620 179 326 669 66 833 228 173 328 847 645 566 742 492 690 137 473 95 76 891 513 887 739 951 394 944 705 54 6 697 298 309 365 502 154 37 355 442 384 321 946 633 274 99 431 371 959 5 413 303 553 745 716 788 630 186 90 694 591 258 331 468 462 829 294 175 4 980 493 742 162 973 500 740 615 171 217 177 701 225 993 613 83 771 558 559 553 816 412 264 555 658 496 940 55 281 907 890 368 790 459 1000 241
818 7
381 798 245 375 442 336 385 545 513 825 734 62 333 135 472 845 896 476 730 499 251 380 750 737 823 249 564 444 194 308 748 56 238 34 869 786 535 739 900 420 676 659 349 628 746 20 918 572 924 576 827 21 376 145 549 943 449 953 597 69 170 253 937 912 913 348 44 509 812 792 352 491 938 782 969 601 985 619 853 335 562 453 949 548 390 976 300 6 58 187 951 586 886 587 344 609 294 494 851 477 614 60 61 138 92 414 564 52 826 883 20 518 896 469 971 296 572 360 903 605 146 92 104 214 26 467 440 829 719 891 916 848 792 331 744 103 154 670 164 105 841 22 763 905 392 445 192 826 124 321 195 87 190 766 442 811 853 972 435 885 787 751 951 865 981 859 578 288 328 253 495 663 16 780 136 844 158 694 147 20 557 825 654 342 653 963 13 589 759 729 113 798 751 913 519 284 750 386 908 374 913 114 601 413 743 355 60 128 545 902 528 131 501 335 53 444 488 962 399 416 27 72 628 442 416 80 594 520 765 76 207 215 402 401 916 881 418 963 613 905 242 219 905 926 317 730 569 207 718 820 365 74 438 351 9 234 379 404 65 598 677 82 851 154 978 552 560 706 653 127 110 832 539 639 690 110 734 570 355 406 229 600 581 816 499 970 36 367 466 901 184 549 261 68 615 896 336 893 875 416 315 869 640 965 366 991 541 643 844 75 427 661 306 930 210 53 433 708 969 495 481 92 765 853 98 358 714 234 75 470 84 36 469 131 92 503 582 843 562 780 528 765 830 230 243 508 421 329 216 337 596 315 287 15 622 629 530 866 79 343 393 720 457 214 862 181 106 492 610 393 420 380 185 237 152 194 159 337 167 696 551 955 809 279 744 150 439 325 82 235 989 406 451 325 685 533 885 979 225 901 581 425 314 890 438 730 407 903 264 802 550 215 750 309 421 472 172 854 147 848 338 804 146 531 652 230 431 582 254 784 367 631 909 960 40 383 874 824 142 208 473 971 86 839 543 702 487 557 62 223 862 440 888 757 171 244 331 675 869 597 179 347 940 833 495 99 859 704 480 997 451 48 921 621 316 900 297 641 295 148 618 459 312 579 495 792 591 572 389 902 457 167 682 56 917 530 493 703 704 12 496 592 513 502 22 61 891 274 992 283 93 42 632 605 343 485 822 644 707 658 685 656 467 781 237 10 651 893 593 182 915 319 763 703 601 333 631 901 199 96 40 203 252 534 334 606 323 425 905 681 663 355 236 346 930 287 200 405 538 302 460 238 878 957 688 324 276 613 388 707 722 558 548 940 317 70 8 541 685 783 314 832 164 605 755 861 541 60 397 241 153 923 984 437 954 184 715 883 819 757 96 459 478 838 263 127 295 427 644 417 95 253 248 279 121 873 432 135 127 302 226 200 343 767 133 480 972 380 154 74 558 634 741 222 308 878 10 623 572 800 790 51 588 398 935 65 640 342 680 429 506 552 218 905 886 901 40 230 427 741 743 140 536 304 805 918 363 655 548 686 985 156 42 968 201 200 423 606 683 986 149 324 281 360 356 664 878 24 855 937 565 744 726 119 962 817 570 70 745 650 529 745 22 629 655 615 610 153 129 502 979 916 538 12 184 756 431 567 711 806 985 984 243 902 615 973 464 925 795 278 589 274 913 302 572 718 627 159 468 635 70 529 966 486 124 74 546 419 527 628 135 364 198 699 68 356 195 260 324 248 701 826 752 75 750 514 94 579 238 444 163 671 3 717 843 860 233 402 896 489 86 4 295 363 278 89 24 112 586 297 684 78 637 890 999 43 377 240 769 884 434 984 409 101 255 50 946 315 671 491 254 138 762 260 679 976 825 260
120 8
203 977 335 830 214 227 520 48 76 981 294 371 277 78 231 731 680 537 992 144 947 243 338 683 326 324 847 708 607 109 169 696 198 515 762 350 273 993 100 501 810 828 574 216 886 725 766 488 916 339 45 442 156 216 894 160 464 425 513 880 670 943 560 53 374 17 378 603 325 1000 865 391 520 869 970 183 121 859 543 340 871 390 989 971 0 389 505 830 887 625 22 541 415 441 801 691 746 183 488 892 678 102 803 103 905 598 485 611 869 200 918 308 701 468 126 208 996 297 155 798
488 0
822 753 438 297 282 170 173 60 469 487 943 491 849 657 808 42 339 284 588 118 626 869 443 551 294 120 604 134 873 896 738 245 136 36 827 266 851 276 902 990 993 10 456 506 165 245 884 991 264 898 214 553 136 93 176 378 518 311 638 283 301 331 93 125 880 563 467 213 859 767 317 632 494 272 504 846 370 456 307 516 349 939 579 633 296 786 919 613 531 496 52 295 319 639 79 333 986 101 110 787 44 664 999 731 912 719 377 665 582 652 550 85 612 75 761 650 484 539 336 892 264 215 780 59 877 595 335 484 812 272 177 963 634 131 678 397 785 402 883 763 204 128 377 319 304 700 277 849 297 97 71 448 470 880 504 981 181 159 505 314 684 111 81 769 243 698 483 590 920 55 800 557 456 386 254 714 384 97 566 791 647 828 788 672 665 601 183 454 75 68 937 738 6 181 401 765 608 865 995 118 687 209 262 973 373 396 675 946 515 913 667 408 470 949 808 696 7 228 428 112 191 517 749 492 620 70 133 853 116 236 280 528 399 217 401 445 349 141 393 564 280 77 420 84 367 710 518 278 375 417 15 555 593 362 430 975 199 191 554 322 820 54 376 126 145 680 529 750 0 253 734 829 859 665 190 927 836 766 514 861 300 375 474 593 423 916 733 366 919 555 636 787 544 910 871 349 608 598 180 440 379 745 828 824 419 940 202 353 927 213 813 232 99 465 506 482 527 678 921 308 582 615 548 944 437 542 868 846 413 922 113 950 379 464 608 733 454 974 964 668 929 462 677 223 161 86 706 474 524 716 283 828 778 737 271 54 751 109 540 818 732 830 284 266 155 334 73 941 79 364 606 614 28 246 300 185 923 123 580 561 107 293 306 151 804 128 423 980 836 801 737 396 227 150 516 618 950 453 814 586 924 406 900 19 715 893 540 450 198 946 259 857 533 116 993 650 358 301 439 863 215 51 99 801 914 983 64 571 397 597 833 180 933 758 142 512 924 339 450 145 785 753 320 277 305 108 81 403 435 977 479 323 884 562 23 25 290 830 313 914 378 197 110 593 673 325 650 134 627 70 864 833 501 569 318 3 18 671 742 963 116 828 437 452 923 69 67 537
172 0
672 166 291 562 662 117 704 763 230 661 398 260 487 843 668 703 186 945 885 82 249 190 890 363 352 676 101 673 209 107 486 495 876 563 56 100 668 820 896 859 433 176 944 375 283 736 593 905 674 491 439 389 675 542 992 432 531 872 349 357 454 363 848 38 742 169 229 658 84 6 126 356 411 12 704 991 254 888 645 213 323 693 311 883 532 303 31 276 194 753 313 475 263 397 508 505 368 318 259 809 546 445 534 67 72 52 294 995 645 182 596 112 320 773 675 341 620 420 467 610 758 655 272 208 412 192 244 863 615 131 20 172 501 308 711 131 988 988 523 802 347 649 270 567 866 777 611 407 752 598 491 362 366 95 206 339 712 934 546 849 227 648 285 960 60 854 534 886 884 677 930 62
845 3
310 996 152 99 7 430 934 812 218 817 540 995 457 149 96 186 303 215 510 780 491 808 620 400 205 636 466 819 537 671 434 972 796 386 309 537 984 226 823 681 314 983 941 601 83 215 404 90 184 212 870 935 763 376 166 457 80 889 576 720 207 144 148 418 33 651 129 755 999 503 499 273 821 29 123 647 352 978 374 135 799 848 721 934 650 697 438 389 233 68 468 831 380 19 93 956 314 964 615 988 105 564 819 817 412 525 138 843 451 52 527 418 691 733 222 465 131 359 123 860 896 429 623 883 218 857 981 978 298 469 230 502 89 985 270 469 326 317 903 755 468 435 67 709 804 665 467 181 685 777 263 564 657 722 44 225 721 11 553 62 246 966 840 271 107 789 374 602 963 437 479 550 123 13 367 453 210 956 190 484 665 591 198 129 239 385 539 861 590 644 929 394 173 462 770 512 808 41 309 999 879 213 437 383 295 784 255 672 269 144 655 385 409 860 387 627 616 358 170 617 353 467 206 276 45 835 654 70 439 532 110 471 620 341 203 602 820 398 687 287 201 52 942 585 689 673 964 154 971 416 61 235 256 27 396 77 353 117 265 523 430 784 65 305 810 475 103 578 559 780 751 897 144 436 17 186 539 150 444 871 653 818 913 242 362 441 1000 403 465 831 23 339 358 77 877 764 262 335 521 388 684 971 24 705 753 756 78 776 463 93 177 801 762 895 306 587 517 968 230 163 408 802 699 64 422 878 599 372 490 847 397 177 305 168 301 986 486 752 528 792 833 606 972 585 862 123 60 298 374 709 769 458 723 941 826 606 108 239 115 430 399 670 216 30 904 943 148 815 668 726 725 344 802 256 172 760 982 913 900 29 420 383 358 569 736 742 866 560 247 374 271 447 881 909 430 597 367 467 455 552 999 965 342 963 912 622 956 328 710 694 933 820 442 634 394 963 133 597 97 246 978 712 451 241 305 540 230 603 721 486 834 739 498 647 687 423 804 775 494 369 864 3 488 617 488 334 332 845 910 205 401 750 895 866 150 325 665 474 611 782 923 562 923 777 384 930 401 154 62 376 202 964 814 954 581 718 689 72 196 904 360 344 384 585 795 133 190 610 514 150 679 602 943 194 574 660 397 455 154 869 268 492 461 532 42 184 541 609 980 734 597 218 517 643 978 411 157 692 804 844 886 959 942 309 665 973 869 247 142 904 676 14 449 421 343 981 78 767 390 58 442 219 604 66 394 354 235 377 642 636 236 447 870 210 388 796 106 82 637 563 199 868 328 266 252 321 964 371 944 551 475 196 187 439 308 846 770 296 340 611 294 30 691 508 286 755 961 398 179 490 508 409 358 627 290 982 686 601 863 373 431 1000 241 984 827 224 408 416 314 514 221 694 57 711 627 895 988 291 289 189 758 312 577 997 314 432 576 785 604 795 917 706 574 145 1000 641 788 944 69 438 687 520 760 668 372 704 258 308 238 165 56 644 968 828 577 517 753 770 760 590 487 670 306 690 142 388 464 969 969 752 76 776 851 350 454 839 308 66 432 288 978 128 556 677 597 493 631 37 363 184 290 603 112 993 519 533 883 302 982 982 190 384 961 354 953 690 272 875 511 448 629 704 727 167 221 988 646 896 109 302 504 85 671 412 834 692 951 278 493 543 572 115 486 817 336 764 199 206 303 45 315 777 242 984 181 628 88 355 55 409 390 510 658 666 861 608 391 206 912 480 826 807 337 716 848 589 732 884 321 250 437 627 921 510 223 485 704 7 13 500 527 907 585 703 789 925 19 66 416 147 919 375 81 559 9 245 396 791 515 286 368 299 88 996 3 177 962 41 81 521 751 149 682 154 670 326 346 533 60 864 280 132 778 844 459 982 653 36 708 178 43 629 958 257 807 571 773 16 567 56 752 556 931 257 501
647 0
638 422 932 335 368 350 83 631 691 910 807 333 277 834 784 535 301 891 757 142 758 260 196 395 345 461 743 186 793 787 735 390 948 739 816 305 803 715 238 40 270 893 298 790 931 446 381 806 309 167 735 155 620 706 646 731 640 778 270 463 765 356 910 398 684 567 376 678 243 234 26 723 32 629 284 482 606 151 561 561 158 7 61 28 89 508 64 339 503 349 503 818 502 752 410 29 163 158 316 839 363 946 958 872 13 136 842 23 716 58 904 254 990 245 773 116 864 547 444 571 763 899 245 816 253 337 826 19 264 571 901 635 254 782 975 174 246 744 728 436 580 112 384 672 316 13 838 210 388 576 536 414 687 319 706 459 199 581 297 842 120 446 166 208 963 616 276 96 101 140 516 967 29 250 905 242 174 130 379 721 547 153 736 613 639 469 640 689 219 693 687 933 286 188 282 882 905 586 410 506 317 630 412 314 94 811 622 337 383 717 123 602 796 766 79 137 621 514 71 216 591 55 333 690 791 35 318 911 524 303 425 984 261 541 289 394 95 149 526 714 335 503 565 533 586 894 150 387 261 596 847 147 641 882 577 850 759 75 594 10 103 593 924 497 191 470 528 265 166 744 780 85 103 316 610 877 743 836 642 98 959 239 553 490 465 696 993 808 316 687 811 521 70 690 855 677 891 565 195 145 293 500 433 404 313 642 965 996 974 686 701 453 830 562 810 987 497 559 990 167 424 968 39 833 490 661 181 134 204 471 468 50 197 541 330 863 25 912 584 201 994 339 670 589 414 0 490 21 790 639 145 631 994 916 347 832 921 822 164 370 954 575 75 96 835 491 67 645 100 339 137 756 757 343 790 619 879 993 545 493 753 170 457 794 219 695 210 549 652 258 365 576 793 270 167 570 804 695 305 608 426 303 231 318 406 767 177 678 791 769 548 653 131 880 403 841 730 665 658 724 190 472 873 29 805 158 77 950 262 367 859 855 615 584 187 901 817 376 51 703 346 453 438 526 426 758 976 502 115 895 488 695 109 999 834 474 249 190 558 341 606 710 166 158 805 270 33 620 366 624 969 607 518 633 241 644 722 490 4 771 699 522 671 55 8 514 458 31 297 397 922 777 816 338 973 13 987 151 584 650 515 769 305 612 463 931 934 928 119 52 267 611 987 273 646 708 834 701 11 624 966 132 246 991 858 868 475 833 487 970 492 794 866 760 942 146 531 685 10 202 694 250 824 101 270 706 606 30 386 280 431 52 342 382 724 528 533 319 473 664 589 523 707 612 613 960 571 519 102 833 207 96 486 337 600 503 717 123 607 937 404 83 819 6 624 453 410 515 188 226 980 492 544 854 337 117 656 376 176 407 664 996 500 406 33 448 374 359 505 699 347 741 763 861 389 997 599 146 991 792 202 219 640 16 222 322 50 177 687 833 440 526 436 524 617 309 558 27 341 719 555 753 22 855 584 512 73
968 4
6 181 654 600 716 456 690 703 793 36 380 692 489 834 851 363 483 776 294 209 409 632 122 528 776 265 755 72 315 255 361 439 755 516 145 628 32 22 857 235 910 781 380 50 992 329 490 484 549 545 780 905 262 482 570 213 299 340 730 740 176 983 883 43 488 458 465 399 729 370 550 619 957 221 296 45 96 975 687 464 143 571 232 582 325 588 995 261 831 657 866 249 288 352 205 703 47 213 592 111 625 210 185 202 164 154 373 223 615 471 576 618 325 172 633 726 2 588 193 590 864 434 764 149 812 228 10 610 499 217 629 996 512 634 488 936 156 72 363 698 392 705 631 164 614 82 537 309 568 904 369 512 727 940 65 461 214 889 220 795 600 761 758 308 400 415 498 900 777 139 598 498 33 822 289 689 191 822 445 993 155 815 493 400 396 342 1 3 703 539 455 569 933 50 200 513 614 702 757 791 741 687 125 602 43 998 104 609 585 910 422 339 88 616 115 927 330 345 789 356 952 478 960 756 485 214 917 631 0 302 76 834 753 948 604 165 654 552 42 947 389 737 728 881 58 893 951 855 923 774 311 517 23 244 134 674 617 726 950 827 249 800 166 111 756 117 699 184 573 397 889 968 172 689 257 279 713 721 923 777 228 369 399 531 405 216 550 839 929 275 816 726 768 970 930 959 671 769 530 135 64 993 936 109 52 285 268 280 349 358 151 889 696 915 414 403 777 980 880 610 562 144 874 627 542 751 843 357 327 57 187 921 310 204 20 117 922 319 37 999 96 225 350 765 707 41 658 278 556 159 803 933 74 414 402 535 658 506 89 355 0 198 243 686 697 355 424 514 629 688 716 220 964 358 499 990 631 230 718 516 128 720 100 103 334 914 468 292 704 898 508 558 894 671 51 884 517 55 28 941 347 526 460 465 127 570 387 292 443 144 276 379 246 933 321 432 467 656 645 186 323 83 561 496 523 49 686 129 708 276 131 498 696 139 365 856 956 191 540 152 751 0 368 26 687 179 218 731 804 701 579 314 621 890 670 645 449 789 628 789 453 243 841 120 539 489 821 471 132 454 464 810 226 347 949 313 534 792 90 434 210 485 991 992 351 983 858 814 53 791 999 928 783 367 623 500 703 904 544 75 14 53 400 29 872 593 773 280 857 172 523 234 309 685 637 903 546 954 54 721 458 864 420 126 124 244 842 564 319 128 112 689 46 228 379 399 886 557 413 444 231 261 278 33 77 826 628 164 375 277 245 855 456 643 299 961 631 15 408 803 377 463 458 328 18 811 337 255 212 592 564 167 373 951 165 617 285 362 573 188 316 729 960 621 986 338 378 292 925 625 678 718 98 646 45 377 117 781 744 271 647 280 769 393 627 186 216 827 561 307 938 174 673 41 971 381 270 751 235 203 288 8 103 345 326 657 255 146 739 295 396 998 526 738 728 525 640 521 389 505 204 965 983 793 847 784 796 575 442 611 783 244 787 37 456 708 582 239 781 586 756 932 339 467 812 124 928 933 250 454 876 10 637 154 836 504 263 676 88 29 210 249 430 471 957 306 785 246 819 232 794 949 846 247 818 536 463 342 641 363 111 567 462 195 266 435 393 132 88 711 132 393 395 295 394 570 320 926 631 310 460 859 673 254 497 149 969 275 349 965 346 447 573 209 136 617 65 694 690 62 512 505 414 788 723 58 14 987 688 446 648 440 848 582 916 426 22 806 898 917 759 573 541 444 951 830 465 638 561 378 594 903 848 855 347 638 409 403 325 236 718 792 42 95 251 696 131 558 598 268 626 244 808 834 496 609 69 754 411 157 441 993 272 414 917 647 392 818 725 551 517 999 523 857 7 177 7 614 744 484 473 769 987 345 662 401 665 914 563 9 450 159 629 854 474 224 851 264 376 453 607 410 44 551 100 997 471 862 288 597 204 765 991 397 825 613 984 71 465 510 478 835 262 363 388 582 216 388 579 21 683 160 244 238 877 640 711 131 800 785 978 518 341 567 725 821 47 56 257 423 50 235 266 642 881 136 330 479 776 816 941 884 804 692 988 411 357 950 415 243 703 685 502 416 149 282 330 236 355 527 726 606 290 384 720 875 843 283 503 461 754 970 293 333 601 705 997 652 675 551 568 168 487 178 754 3 302 900 31 145 187 618 178 508 268 427 390 945 19 589 271 944 640 308 477 240 241 631
396 4
95 745 501 766 405 324 427 169 917 819 295 791 168 149 170 754 263 855 371 217 116 894 773 973 88 244 261 979 922 843 475 335 793 18 623 897 269 363 438 915 837 714 765 515 819 570 480 306 268 185 704 658 888 450 837 344 419 842 89 558 689 759 548 440 77 360 404 582 162 714 713 892 844 535 439 342 511 899 91 297 170 108 654 309 111 756 401 834 536 897 612 237 778 673 680 823 654 674 298 416 719 520 137 826 56 476 726 774 925 752 99 330 910 47 281 379 329 440 855 307 445 483 730 533 797 298 603 884 307 665 922 926 959 188 444 78 574 376 805 715 119 223 220 404 600 748 371 415 707 433 127 983 636 411 923 824 729 288 585 479 715 388 943 197 407 170 587 246 919 543 322 703 4 403 426 916 855 882 571 212 861 298 656 693 59 786 497 930 127 497 591 60 950 465 389 432 746 850 175 542 301 1000 887 861 411 249 816 41 934 412 581 471 756 792 69 706 337 667 298 2 642 573 961 921 249 726 848 861 851 489 94 846 588 950 923 520 650 717 302 739 91 797 311 592 145 856 818 926 358 911 767 433 384 130 576 14 909 373 151 267 815 371 45 237 170 18 691 164 586 350 434 171 904 122 841 137 664 11 121 907 345 595 835 351 388 157 480 572 834 540 614 547 164 514 484 550 895 801 557 1000 337 722 26 653 857 547 370 376 483 929 507 260 84 373 81 27 678 651 917 527 45 461 155 619 654 701 895 490 40 504 85 836 702 418 339 326 307 484 73 916 760 310 683 559 995 212 463 116 331 603 789 745 752 661 453 864 192 199 580 404 700 359 607 930 519 693 486 421 603 581 554 684 359 344 20 1 910 210 957 561 993 264 502 671 490 488 847 864 451 962 184 957 153 619 272 942
705 4
847 272 55 161 807 886 641 9 527 119 909 139 964 141 855 83 957 535 304 46 783 964 214 110 263 821 854 404 909 141 177 868 933 650 24 656 310 866 947 98 819 94 292 864 688 167 950 944 187 2 61 643 159 711 347 856 305 334 679 435 388 542 700 723 753 399 123 374 228 821 776 662 504 721 502 985 398 107 698 25 62 583 642 120 629 720 175 373 720 540 576 119 902 200 638 693 417 126 671 42 22 627 26 44 687 352 868 681 962 269 148 449 408 546 839 344 667 23 128 74 798 98 915 839 89 115 707 909 390 982 300 997 523 309 257 703 205 515 490 956 669 162 455 772 446 990 445 784 733 105 596 40 360 419 587 445 314 571 242 259 546 759 34 227 737 5 834 676 2 676 133 166 249 145 585 450 250 746 212 751 309 91 803 250 206 104 800 913 93 723 309 207 269 0 795 73 883 563 873 302 717 971 482 475 487 903 582 766 260 631 929 448 649 195 895 291 781 551 502 152 293 254 558 838 718 671 937 521 420 563 233 898 820 228 287 732 947 106 500 885 785 294 552 877 310 395 999 208 440 532 87 212 959 637 976 501 929 540 217 12 452 340 346 749 220 280 798 626 254 502 919 992 323 583 957 374 302 1000 189 995 577 471 992 729 433 559 526 349 7 658 677 982 161 719 103 726 928 957 921 534 544 502 403 630 989 189 353 761 818 981 8 1 294 745 728 751 184 200 720 247 751 129 650 584 796 404 918 672 878 587 462 228 534 234 106 473 905 175 890 987 837 91 352 462 689 638 445 502 538 450 890 61 19 122 771 144 381 30 102 204 756 418 96 254 204 384 791 19 559 63 892 461 815 580 344 189 390 124 706 688 316 373 727 775 118 449 310 161 70 77 997 675 420 697 471 53 615 562 925 772 263 705 518 520 69 948 646 376 817 45 408 523 225 75 118 923 1 814 224 647 547 552 208 149 987 334 341 714 171 119 2 367 911 312 771 446 692 444 966 146 927 508 387 321 378 903 453 34 684 600 917 919 165 174 33 461 775 937 324 789 894 861 168 297 111 496 641 63 394 850 326 173 165 472 930 156 760 766 489 447 853 643 608 810 54 477 186 668 389 908 423 524 421 796 221 137 922 365 872 461 886 643 590 322 347 110 610 106 273 359 158 916 27 128 200 104 523 39 100 304 911 287 438 883 242 578 998 193 9 964 716 1000 350 228 509 611 357 798 666 149 926 502 337 180 160 388 955 483 657 290 805 18 48 274 859 95 181 725 181 701 395 127 630 281 696 239 423 695 243 279 224 323 318 346 502 459 850 263 303 253 594 569 163 20 540 395 703 316 449 93 719 497 100 2 922 392 866 918 420 548 240 887 396 605 336 516 95 508 976 772 996 602 586 563 1 309 553 336 804 504 12 920 635 239 940 900 231 672 4 631 955 271 475 276 889 653 818 727 949 743 851 255 792 785 865 251 81 448 797 256 72 758 597 306 742 823 850 90 527 212 179 683 723 88 489 456 520 153 222 708 211 61 59 983 584 308 785 814 470 810 371 918 432 377 355 909 435 215 286 623 935 972 391 80 657 852 396 699 86 116 154 124 725 916 381
389 1
426 482 26 163 316 473 465 929 223 545 694 404 257 651 239 786 928 913 890 415 578 164 657 896 3 915 43 701 7 419 762 881 764 501 125 777 314 218 288 479 295 379 933 967 438 61 509 982 952 499 209 753 617 699 606 31 369 62 329 311 408 546 728 513 886 96 329 657 748 769 799 708 19 288 274 570 430 321 55 379 993 378 469 886 134 42 553 985 999 718 857 713 938 225 525 441 52 27 287 498 165 537 455 233 914 669 463 302 719 821 447 661 361 267 323 526 936 391 532 544 794 608 91 841 967 98 728 762 125 783 182 689 743 873 550 426 720 57 710 869 563 390 565 262 720 532 572 648 592 68 400 420 583 572 615 527 463 15 624 3 596 935 407 212 568 310 198 940 438 428 795 300 363 753 512 502 600 288 358 385 496 97 432 528 224 573 900 783 5 659 567 117 862 855 235 889 61 887 332 726 543 779 974 592 642 830 644 823 673 785 648 319 352 383 197 662 710 186 518 343 57 359 991 205 328 85 30 23 222 664 324 803 161 440 304 447 559 858 705 529 503 354 425 726 518 792 929 484 212 48 619 335 495 225 255 282 217 41 604 507 382 383 391 972 334 210 494 556 583 245 143 254 157 599 321 861 150 450 146 631 333 56 207 226 678 689 195 621 507 477 626 882 612 270 6 958 123 26 924 768 522 825 537 679 560 405 983 480 257 726 226 908 971 366 874 388 185 284 260 734 105 865 450 102 450 984 316 571 335 12 185 485 457 862 717 240 691 700 609 322 704 743 357 924 85 36 199 987 448 310 821 441 924 955 443 550 266 194 703 558 489 412 970 696 377 356 534 836 176 413 894 906 672 982 95 379 490 335 160 565 354 788 780 133 651 931 752 269 353
534 4
65 294 301 268 198 703 747 61 913 666 851 133 824 337 710 185 611 559 438 333 687 718 163 327 725 581 786 676 284 545 433 753 735 230 294 225 116 325 770 489 335 93 985 677 159 966 652 511 379 277 630 502 552 95 126 574 922 863 135 412 763 547 518 798 313 997 153 810 941 826 661 809 466 555 945 609 861 218 293 957 572 235 318 768 889 878 958 477 60 570 106 399 171 353 973 463 189 164 198 318 147 134 246 658 128 96 786 211 587 495 600 263 589 736 405 620 258 203 334 32 487 505 457 852 957 416 829 426 538 668 304 761 209 930 972 211 923 558 926 173 260 458 915 713 536 86 418 169 444 607 581 600 627 586 125 474 270 814 417 924 317 580 946 176 682 521 273 728 471 490 689 946 340 778 143 805 953 899 126 345 78 100 233 390 149 268 537 308 409 206 229 659 341 594 624 882 887 963 540 22 698 836 691 329 124 522 181 741 516 791 547 387 712 402 993 156 799 410 184 75 70 282 4 401 677 637 291 841 886 531 291 75 904 259 72 950 717 684 705 25 266 718 493 134 108 421 997 387 122 706 957 59 49 788 72 644 284 32 542 749 566 805 150 743 5 657 363 218 767 968 156 755 208 180 194 556 966 491 506 53 945 555 462 854 818 856 991 29 749 530 326 993 111 765 828 258 951 190 795 124 683 370 504 5 448 6 325 471 49 414 81 258 348 773 84 526 398 226 443 912 709 923 755 878 758 551 480 461 262 381 162 477 965 296 289 40 840 182 286 660 609 636 623 877 885 337 276 155 242 861 886 504 469 683 953 56 108 806 672 173 61 224 353 923 336 445 113 839 643 268 140 351 420 5 797 761 540 568 269 173 335 146 16 274 574 419 646 723 156 608 485 219 689 772 386 322 366 319 766 853 79 243 313 804 139 475 967 736 95 472 218 20 889 947 393 322 981 386 921 517 761 41 778 855 283 385 702 684 418 845 329 897 270 790 939 701 48 409 303 796 455 226 256 717 31 406 519 143 146 560 378 939 449 125 712 206 122 214 694 480 589 104 967 646 359 229 89 619 249 358 274 558 97 422 202 96 55 994 164 410 261 524 697 44 870 260 119 914 952 977 371 466 791 964 305 604 862 163 908 651 333 416 816 62 611 785 265 622 185 391 977 937 864 350 40 872 352 876 649 267 294 241 150 485 25 191 723 613 454 790 186 971 607 53
585 1
240 382 850 762 323 452 28 201 519 695 580 720 655 474 749 329 18 748 898 560 123 926 507 846 866 619 433 481 119 408 551 185 494 676 98 116 824 289 967 344 498 564 449 418 777 376 689 657 647 803 766 46 292 876 381 891 809 311 450 554 12 167 407 147 24 381 144 79 152 724 716 509 148 11 941 166 143 762 938 857 913 370 135 819 358 9 154 428 914 180 110 119 562 714 552 980 238 444 98 2 79 354 28 524 177 150 562 133 894 164 262 39 21 701 789 884 924 344 172 71 638 899 780 391 127 638 526 526 459 214 212 848 603 617 30 364 834 435 293 130 709 750 756 539 308 23 69 978 821 933 101 654 719 876 760 485 514 808 676 740 20 658 1 620 910 320 147 169 846 507 728 35 329 769 88 671 89 399 519 841 655 552 627 935 187 270 790 940 445 285 471 767 879 872 440 880 748 614 862 37 925 19 544 476 207 159 161 229 124 310 364 135 446 582 279 658 897 788 729 480 772 420 460 731 475 401 129 686 476 735 291 878 608 764 78 159 613 273 510 21 203 834 395 501 265 58 901 788 883 410 766 276 100 281 72 873 385 953 61 416 416 476 992 699 540 118 714 385 20 220 103 256 568 2 443 887 539 836 229 367 853 926 698 951 551 614 386 250 808 972 905 136 149 397 938 374 945 702 126 465 818 734 834 142 321 987 708 755 626 628 250 334 574 80 546 59 310 161 498 594 977 219 618 329 530 599 361 111 923 652 626 988 613 364 654 608 424 924 521 128 838 596 990 119 231 731 970 494 886 212 375 490 984 407 576 48 502 767 403 719 143 384 113 842 211 448 194 748 445 777 17 386 70 495 795 13 830 607 925 891 660 385 175 529 501 953 212 978 764 338 815 89 166 191 433 574 47 113 278 338 953 233 702 728 480 650 307 533 777 781 119 949 833 381 993 232 463 379 326 21 665 118 114 185 478 164 145 833 229 923 324 197 836 785 5 633 38 955 155 904 556 982 505 178 410 930 184 272 790 563 415 869 219 979 874 974 937 929 146 528 482 323 299 825 880 714 444 792 713 274 714 234 571 85 643 694 241 586 994 202 146 358 450 91 884 948 0 744 965 424 720 903 473 543 280 116 319 642 200 686 261 730 988 39 273 886 803 263 589 658 944 248 308 80 984 861 456 506 206 566 368 246 286 6 876 615 700 694 942 588 197 414 669 533 299 985 415 311 297 776 858 621 904 703 143 694 43 168 253 778 36 930 406 186 802 247 943 116 894 842 676 296 134 379 911 583 631 895 322 384 472 705 1000 615 628 843 900 435 367 658 377 426 398 473 987
943 7
573 56 879 982 366 185 111 76 101 972 649 770 843 463 61 576 935 369 170 73 605 219 735 674 14 223 68 790 936 68 845 814 466 245 764 947 368 430 94 950 127 823 732 343 953 455 84 719 761 876 950 607 732 844 96 609 588 559 984 923 564 906 949 269 366 104 718 808 867 332 576 131 858 986 749 9 739 38 799 924 68 189 768 475 436 156 979 54 540 831 448 514 253 213 373 680 419 958 146 811 973 217 919 820 793 287 644 734 182 952 522 185 794 830 981 411 694 148 332 213 384 594 217 885 14 176 684 301 519 46 17 584 250 918 948 1000 123 777 793 209 543 390 280 880 333 59 53 742 706 217 375 814 79 532 904 745 183 474 104 705 637 165 787 720 491 200 102 327 918 1 103 603 427 921 997 978 256 419 999 517 322 808 267 597 777 617 263 747 776 818 42 164 616 470 143 910 481 407 83 377 171 533 186 431 520 784 196 97 19 207 556 40 73 682 831 895 3 230 503 10 660 136 774 539 920 246 41 345 553 398 106 496 946 667 788 336 956 210 616 942 572 237 380 108 338 951 641 518 286 486 861 415 821 552 106 784 300 305 522 677 320 843 813 231 444 673 364 849 804 852 670 893 136 486 715 626 459 995 882 302 268 708 512 95 797 747 769 288 594 702 540 138 838 408 478 914 304 297 518 165 167 961 66 829 237 609 723 554 321 857 117 953 471 418 333 743 693 12 808 600 495 513 12 737 884 254 741 362 268 19 550 674 463 840 487 596 574 399 858 548 66 361 382 244 879 123 737 705 692 697 253 191 34 940 146 287 230 683 839 155 507 305 411 6 296 563 829 913 156 186 690 93 628 931 539 233 877 293 891 387 324 39 586 633 790 765 149 199 31 97 898 112 966 683 842 572 24 614 458 563 660 627 360 191 926 873 124 424 37 910 689 578 773 745 485 369 239 493 833 70 923 363 649 331 606 72 106 869 275 702 668 166 853 725 272 505 877 355 428 464 543 573 136 252 990 344 520 170 683 594 17 129 574 425 638 590 166 41 552 772 849 555 435 28 491 762 553 709 938 572 438 33 677 371 434 507 741 476 334 230 312 914 768 764 410 143 908 140 393 833 463 54 643 978 822 65 557 624 723 930 15 676 526 678 711 727 683 595 597 299 868 999 995 291 851 261 84 728 740 638 919 74 901 271 17 798 991 37 698 797 836 104 730 150 223 599 79 299 432 173 717 245 88 738 689 909 678 900 225 583 389 442 515 273 233 711 912 687 966 630 498 130 378 622 69 62 63 229 377 807 617 436 652 638 741 137 841 267 827 395 305 656 978 538 640 270 319 718 712 434 227 614 313 287 79 749 495 529 288 560 563 772 759 917 820 980 450 958 670 132 843 383 939 536 726 585 71 325 64 581 781 388 253 163 142 191 442 927 350 679 296 385 879 437 414 679 859 280 764 714 229 534 949 584 97 268 662 107 52 881 618 469 910 455 214 348 117 81 5 114 62 697 443 771 829 110 819 553 84 184 225 879 740 783 832 505 860 811 999 769 590 439 212 962 356 767 749 785 442 727 426 61 235 223 525 878 419 852 226 759 894 254 436 704 868 414 81 469 773 42 756 321 513 106 743 675 984 259 288 799 544 657 157 660 696 904 384 161 764 864 69 441 240 403 464 493 674 229 629 147 143 799 466 345 359 772 508 803 262 721 263 104 148 15 771 663 952 679 222 977 520 23 820 109 922 67 292 942 464 528 469 923 7 240 609 209 959 355 614 956 92 881 683 288 91 121 664 797 622 421 784 788 600 289 99 385 36 169 402 775 87 689 307 61 62 289 677 95 578 231 345 501 477 767 2 264 108 48 400 311 843 620 379 549 540 331 202 55 416 993 310 316 142 373 685 822 832 309 832 145 639 978 679 12 583 357 269 2 927 868 928 264 639 924 850 34 820 342 122 416 182 584 130 580 694 911 8 308 876 694 412 907 738 36 460 7 965 778 524 804 400 751 252 428 900 770 471 285 71 767 971 671 504 668 210 779 512 741 580 364 400 844 238 823 472 860 840 532 266 658 850 372 140 484 645 178 361 378 835 54 846 398 358 62 775 882 779 209 356 201 830 32 60 893 732 718 881 974 640 125 179 378 53
704 7
227 54 712 705 375 676 852 805 161 494 311 261 242 468 961 59 971 365 953 142 632 303 558 130 564 899 211 579 131 698 543 43 369 753 331 284 446 164 438 27 883 460 788 226 353 43 306 484 66 312 493 150 547 193 571 503 829 773 589 623 470 516 945 681 161 112 665 569 417 571 153 799 485 296 248 441 963 451 668 55 636 960 48 990 74 935 904 565 431 143 330 51 639 74 187 356 815 174 751 287 36 792 429 150 85 225 630 584 395 447 289 700 444 239 149 290 678 621 702 718 623 589 291 843 730 902 762 105 671 837 83 964 534 386 847 399 940 204 749 742 697 396 160 616 572 917 23 894 968 762 578 597 502 118 941 441 544 938 666 125 644 587 281 805 602 729 93 874 510 201 998 510 629 247 420 128 206 210 363 480 587 274 200 742 69 742 457 482 302 764 71 860 882 567 858 176 657 22 274 796 258 218 282 365 373 379 325 567 209 958 362 262 406 247 809 356 937 103 716 671 302 868 916 990 686 654 362 728 406 388 139 644 356 635 623 936 377 380 737 884 128 483 156 177 998 572 301 118 667 351 111 447 363 392 873 496 295 319 570 777 15 223 456 474 133 638 789 803 991 233 545 704 810 591 496 383 840 972 183 5 163 431 9 328 197 369 406 195 427 70 959 107 95 953 624 318 6 330 500 789 590 274 924 807 907 60 94 109 162 477 85 714 162 567 19 446 670 507 257 188 570 377 952 924 943 87 279 476 86 53 449 818 247 338 998 442 674 139 585 440 803 291 142 213 629 730 853 690 535 547 904 382 162 54 753 833 786 298 986 361 678 91 182 486 764 107 112 94 901 904 563 305 518 934 119 216 923 800 680 916 40 996 646 449 538 707 8 761 749 497 346 548 271 226 150 696 716 453 891 187 762 125 995 774 601 826 597 820 229 458 648 700 132 597 407 843 613 171 87 523 88 542 57 859 568 147 728 170 710 934 123 522 355 177 915 824 132 474 238 127 129 655 165 984 118 990 500 277 492 635 215 493 678 548 684 966 876 219 739 545 682 204 669 577 118 569 215 177 867 281 40 387 210 993 717 136 305 873 764 62 916 376 626 261 729 618 51 305 200 538 417 633 15 362 760 261 738 829 758 114 854 980 216 543 225 463 264 436 975 122 849 428 59 911 483 760 819 770 710 88 346 975 102 642 831 236 535 242 789 86 436 888 673 760 903 924 436 314 604 504 155 113 914 852 867 267 809 193 398 871 465 346 160 762 882 714 48 314 389 242 23 382 163 133 690 331 909 810 665 27 264 928 298 454 496 63 819 802 426 393 481 790 15 664 54 461 446 758 520 510 389 512 921 898 813 714 239 403 70 714 630 424 911 732 258 592 33 381 677 236 688 804 99 380 521 332 403 347 873 865 521 973 1000 865 947 835 654 369 269 470 391 827 261 47 178 582 964 250 39 802 264 842 879 128 709 225 421 132 366 29 732 894 921 232 86 253 514 684 991 467 425 833 108 706 471 484 521 61 113 770 624 119 150 348 369 150 235 510 109 639 546 707 138 412 662 151 833 383 924 777 426 656 688 511 977 746 297 869 329 337 540 416 147 799
787 1
74 942 244 226 715 212 260 41 563 848 426 588 516 887 200 228 800 781 398 785 1000 994 738 12 430 507 341 175 658 334 683 932 533 839 462 424 898 2 254 632 813 76 463 940 322 823 397 951 923 163 195 193 671 828 459 844 298 537 160 958 414 170 553 97 837 560 282 605 675 359 516 323 309 369 373 79 369 136 551 331 10 703 999 436 816 978 665 625 424 754 697 305 710 918 993 292 595 233 32 25 117 491 690 542 291 777 994 986 245 769 629 286 331 797 976 26 798 919 755 628 528 655 168 675 559 517 785 369 80 816 877 827 232 0 219 80 653 962 514 902 148 20 551 79 558 899 82 610 790 38 484 264 276 613 971 6 912 733 116 830 678 465 596 144 691 593 467 975 231 915 302 854 688 881 796 763 392 315 330 981 828 237 562 103 891 464 768 372 188 379 629 733 328 623 822 255 284 559 976 335 656 937 346 328 776 339 52 27 5 950 292 756 923 368 659 475 577 107 726 640 537 796 116 165 171 74 237 112 339 808 74 703 757 721 130 49 138 908 17 942 139 273 117 744 768 661 865 108 296 386 185 645 298 602 123 68 972 21 172 586 754 300 167 702 729 800 490 25 759 288 527 225 303 210 667 107 724 259 174 329 139 279 106 966 210 407 291 71 367 416 749 899 384 807 780 356 458 838 17 335 768 545 635 25 531 294 474 33 570 354 344 487 872 13 89 60 227 365 761 199 911 748 422 269 947 307 609 215 173 433 287 481 836 209 729 987 439 153 981 722 404 887 604 22 581 691 241 108 986 337 647 203 312 234 431 372 759 489 283 533 533 784 776 308 87 495 554 261 881 901 733 902 210 674 784 180 691 388 333 677 745 665 681 548 551 502 740 438 347 716 489 375 420 63 100 29 636 151 831 440 365 853 434 174 39 915 406 525 316 799 421 389 501 200 548 312 567 160 407 916 218 478 346 859 6 466 900 64 436 551 492 404 95 37 640 983 394 437 786 94 150 584 370 942 954 840 865 49 761 213 512 77 29 842 232 509 738 532 896 291 867 673 689 854 428 700 722 604 425 356 111 69 843 503 633 825 59 963 986 969 799 299 52 803 431 95 487 423 970 990 150 100 305 681 181 494 345 1000 910 822 340 246 473 682 14 538 378 204 515 840 44 565 41 723 57 349 157 796 748 719 240 782 915 361 181 806 932 844 603 319 246 237 212 364 18 507 766 676 669 580 172 264 52 535 42 539 810 413 163 711 695 16 695 429 660 198 950 587 425 366 950 696 54 494 560 835 469 28 224 114 247 302 702 959 121 284 974 352 974 653 274 583 457 253 69 662 129 714 903 394 284 795 423 391 916 127 592 778 394 814 535 406 495 731 215 211 217 410 924 439 845 556 621 867 682 722 827 757 192 175 479 548 490 478 394 11 509 516 780 789 661 107 919 97 752 67 563 343 473 800 535 176 738 618 434 111 25 41 671 615 736 912 612 488 790 100 484 126 856 956 725 724 888 144 242 582 110 244 511 589 853 939 993 982 780 313 457 618 575 632 871 122 184 86 914 375 304 969 817 176 753 675 623 534 821 517 605 884 566 124 776 116 115 506 665 882 779 638 268 10 191 962 186 431 733 146 882 153 988 405 405 349 265 606 587 64 567 786 47 803 456 168 276 422 828 455 525 211 204 368 83 339 823 260 552 166 807 398 593 9 198 532 855 375 258 493 571 996 732 997 816 838 624 51 163 606 561 997 826 476 726 730 800 375 505 436 273 300 348 60 430 511 598 608 187 568 869
