10
38
-292528 -448003 494142 -20448 -682323 -870699 -382436 -867066 -527678 62708 18582 -52811 252391 -99828 48822 64092 -152053 -416380 -947943 415300 -510041 420904 883966 954740 180687 -567476 431300 378133 -401354 -527847 -514108 658633 960404 82328 -773185 592367 -30831 38051
86
-4225 -634286 839384 385097 -24928 10970 232959 957604 857812 175775 661098 742416 -192503 -379426 -173582 -892350 92506 -856455 792398 61173 -508048 -594597 -856586 718554 163689 -482028 -583194 -365642 722733 -75566 -569170 333443 219102 -910799 -473925 354055 -631214 -373628 464832 262837 -667665 745388 -859339 797988 291603 -124692 -288394 890805 -674358 429874 679427 808073 361673 -418158 -436753 -241377 -835027 517189 958123 -453148 386728 261977 34039 864682 -370151 997978 -13227 -171550 -143501 939332 -139313 -776032 322384 -132483 -680609 236311 231283 116761 -243043 -56023 190378 35485 80524 347939 802821 775521
81
476631 -255632 -850683 973912 -307583 -363215 -39243 911082 560092 683229 -373728 355441 -714015 964348 234344 -967125 -294397 81744 -315136 -426406 401774 550031 608204 920712 -972874 381673 -224434 603017 -657782 -345235 514703 -692418 655911 -453071 392063 -922798 735461 -685260 463405 867520 637053 303397 -19607 -803619 -584805 293762 -907141 509378 -708714 325822 550902 -518684 935132 23323 763961 155073 877456 961419 693600 -490413 500334 703829 734131 -706198 -866157 277841 -422713 217540 -839835 -296685 505098 -189458 -839799 133090 549104 511474 -993712 843538 583734 -526280 -96060
85
-595947 -954116 357001 -94324 265426 206092 752137 339782 443662 -835283 -818264 125595 -755307 650097 -800943 895767 440789 65800 -55429 -631047 688039 -582574 -929539 591856 944247 559723 618089 564662 -746047 -540215 819241 -314321 -561690 613891 -510518 -865377 -215961 499632 -388947 -568096 -122406 605192 502685 -660379 -706249 475050 -681302 48797 710400 1640 -795851 -634662 886599 -512370 -175552 571148 -472794 840995 -72342 760258 376502 -80070 -533597 -805489 511126 217881 -610832 -893055 385915 -483191 -369777 -738061 -989920 -805632 -627410 -402411 984199 487102 736982 -68688 449510 -9220 -776772 726769 -455775
42
680602 393855 417004 418153 -46682 -665004 -141051 -522656 452186 -742825 -909842 357530 626838 -385157 581711 -63662 112407 -389068 -5850 29870 -507736 -607397 393154 -408984 -842934 -592726 146452 752357 -289142 -393982 824786 -616774 -196875 166777 24660 156119 777986 -883087 -118794 670264 889620 -660651
32
-266241 -452417 550372 -227618 887501 -191332 621941 -410575 -855403 -406480 -453409 929885 199997 -789316 414005 856818 263292 -487817 -469513 -667649 853254 650074 761893 225382 30413 -498718 -936973 981256 44781 792928 -226873 74596
32
337754 -529432 -175203 -754956 -934055 181254 -124828 614418 -530058 -42432 10101 943221 -151374 887438 730062 85245 -712639 -503645 750445 269374 -416183 148078 117285 111772 -444835 -669666 463098 707545 -657250 312713 -858840 -140236
84
-661132 437707 -985710 -889150 43065 -697877 399163 674414 -716077 367074 -698308 715384 -205336 -299711 -718311 -268255 758332 272229 521081 -433121 803425 899659 -942660 -887476 676565 675959 778225 -550602 -61723 -341126 -428403 -121545 -478054 196251 -154158 320272 499817 -958746 544620 -578415 896407 -449728 779261 15840 957056 -155038 -224733 632891 -119660 862222 -910206 747080 -251401 -225847 913408 520010 -561 -347508 -465839 2798 -115436 152556 813924 -636455 214242 885302 -923356 480538 243111 -931613 -788342 -168510 -27280 -663404 296827 -879496 -65845 683570 734190 631726 -168354 -702295 115646 -808264
96
-126868 39169 -971723 975536 323407 -562908 -557474 410510 -810491 -320069 -658910 141159 -975469 450111 284453 -440320 186398 768205 198047 -744873 376054 -17135 334180 228451 898581 -23622 244092 -718525 710650 -986907 805531 -990600 -994272 26704 181188 544794 877068 -861543 -210894 -188947 -979906 -741707 752370 894249 701707 927938 745970 -434521 945280 -537393 -509971 812717 414483 -3888 912535 573832 47892 -699349 807888 269216 812918 -586459 -664739 -603127 433517 651155 146242 924367 948678 222020 -459357 16844 -618212 -625760 670926 45140 -901496 -661882 683341 455214 655950 358626 126212 -677014 -716773 -418532 239079 -675393 185028 -532733 93630 -842551 -101070 -305375 -267846 -773655
48
109397 -875571 840396 889172 -158612 -863846 -773798 296515 266603 -377493 -166745 545369 -865955 551680 242814 -371225 445916 798814 797759 427777 555560 848796 511194 394240 -228443 199830 148754 -472618 -864002 -640705 -582803 -425527 48874 873111 -56676 40371 -523467 263511 624383 -706451 -955121 -859625 -405272 520142 584496 -896997 274738 -528080
