10
225
391755 -91092 403935 683784 405419 -648613 -321969 -989936 876003 31150 16300 387921 -55901 634774 930669 -496642 60957 539610 -125670 -930960 -36756 9695 -22029 -746007 -61133 435398 733384 653951 774584 45727 -230098 931328 -211022 698973 480564 -333297 445925 333022 -178875 528194 -470095 443537 -61468 -337336 429541 279676 456531 829887 -217203 -735890 955503 -400612 -168640 -583219 -505824 -187815 -173641 -953007 60791 199507 64291 -221926 515904 476761 -581928 775261 115046 -410599 -683292 774597 144871 -398454 903720 -735065 -939906 -216548 332459 -14601 848191 -30686 364703 935378 191526 -168650 -100003 269251 -262884 -584903 529557 -864137 52002 -205825 379171 -687758 391709 545663 -564347 -163418 -84778 -593110 -491944 602947 -542623 -631816 342320 279164 -539621 -789498 -960349 215639 -200953 -708977 968665 464768 395265 -744451 831410 -426545 -801143 527994 2191 436128 646328 -915140 -30420 -62422 307430 -913960 82619 -352842 -81548 -593902 364923 989963 -501218 980794 -740382 877838 254869 27647 740543 432613 -548854 -550421 -674252 -63755 -98049 -458506 268695 388912 -493493 -645341 -530830 -830325 300818 769495 87856 659693 918693 290698 -167633 -12876 -460269 829573 274282 -122544 -605733 345787 186127 581870 96040 -433667 766807 -189130 611325 -290145 363935 919158 604071 138638 660394 976489 -997126 751869 -274142 474883 -476176 -478113 321286 -237431 -14897 877863 -992641 -271683 -439660 -134940 331361 12614 -663824 689104 -931935 -820498 -890752 368491 -818883 -532592 265898 -779781 97596 398695 537356 909549 567104 -141355 -999953 -536182 953013 -185001 539017 520070 627021 787868 -148348 -550615 -752899
406
-981452 -940335 -657703 492913 652838 978640 366962 -185610 -608202 562386 -305705 -292984 748347 397373 773471 136813 432931 128548 -195189 -906738 522500 575510 708991 -652788 236218 -669505 607830 -630942 779972 -845187 -753734 629565 -107989 403392 -324890 734459 -952047 -86983 245576 884363 527684 -634419 453472 -329484 -721770 595661 851289 228945 -216923 422323 -698568 -716919 -414878 27911 -5396 608582 460359 598747 100142 163726 -260738 -496721 -255693 677756 931704 -51774 6899 684959 825129 -669247 -238203 542095 -942956 959922 103797 531557 107404 410347 514679 -179905 162866 -529080 836680 902812 317407 355207 -270768 116020 -230250 436569 404468 -139294 -954722 -695252 -910699 -73302 -363581 -167290 -80461 923495 -423457 858339 261364 -995091 697942 422363 -316029 -835315 852161 -661758 -256239 -179977 -720367 -877616 64268 -573426 -701796 -865500 -334297 27401 287440 -214352 -368577 -907029 -201037 948449 -241055 563050 156779 180422 798622 -276286 -5586 -807254 -415528 949438 992405 240045 -666300 712282 245627 467431 -811282 -851315 382064 -678591 -150862 793425 -894711 -887510 -293055 -260808 -527227 -985553 -230165 -504186 -551962 591502 466075 915389 277403 -923719 927901 857009 248102 -653736 -725316 -151544 -886477 -455948 -483665 362261 749079 -145171 -992950 893107 984471 603672 -876880 554493 682864 -875635 -607235 448903 990258 -434006 -613587 295706 24377 68208 -83607 -726073 -753004 -468587 421077 -281925 905823 -990523 -594317 697971 -774270 -778285 -398305 -189663 675452 -241050 167079 493926 -702602 473403 -551745 -978334 113413 -430745 -847030 -961034 303650 197158 308231 -624654 949491 510141 570333 -797242 -787383 115767 764670 458266 591508 520695 -423334 -703694 -470540 448797 -886394 -858399 529167 313172 -400048 962355 977572 -794554 952779 -388660 -829026 -819099 -105272 692432 466114 -749806 -107106 -158792 -276256 -416737 -407248 -882871 380223 -63970 -619251 -392425 -392680 -894544 638299 -293688 -441440 -80872 -500622 172411 97952 -217176 -106518 808335 -359827 -86850 325243 -670404 65575 -954399 763877 -146988 297995 -441521 232543 -676011 -388659 -163107 72372 -889326 -755336 -617902 -237950 840805 -457729 -590533 -840664 -327434 -302179 -585763 586964 -840451 786652 408039 534841 -411215 246033 40875 -652780 -5276 -752619 -795287 926351 927001 520283 -415827 -466199 916010 206798 540334 -950424 -493360 654692 914192 788396 -661636 -886843 861553 224475 -453576 306472 -529580 -834694 -718461 316830 -527787 200446 -543022 904948 397639 116638 -845105 -481388 -355397 -162191 933805 209015 -592732 -992186 -1894 571421 311867 328056 -270281 -768148 -116977 590526 -749347 209828 434044 312485 -736441 -485515 -170047 -968655 666334 -21570 -577474 383388 463813 -931947 -353510 105346 -381386 35037 -403654 -433053 -156218 -942824 -576776 -2508 108427 236373 705983 491652 170835 707576 956470 999184 -855445 27940 701928 278829 -32446 16342 -967317 732638 -989310 -696928 -410526 -18264 -761013 -511290 168037 248971 -999285 915802 406450
313
-644910 -156435 970855 368575 -632879 -497534 -580812 -537105 200237 654717 -192667 -224320 422939 79759 577171 19186 951389 -359408 286120 25612 -547094 112618 -837617 117720 796209 -916159 574666 528306 178632 550190 509995 101581 848261 -133120 714148 410839 290788 753174 198224 651104 844605 897377 -321094 -858475 -39888 892286 221379 841802 -454540 -954270 822622 -118682 -782173 240048 384127 409689 -646798 778726 650771 -218053 -383229 7175 -143863 -290970 -368148 298142 -624960 -745137 233051 -196929 369894 187719 235922 -226244 700993 -484611 -872717 -937289 138917 -256902 -119996 -148496 742443 890011 -623795 230251 -956612 -214019 -109265 -483739 -84656 302377 113124 426235 -152211 -508314 -897871 -864989 370507 211571 -731079 915876 376935 -626470 163613 -135088 84397 846990 187585 591998 616230 -656367 480593 -972808 -404028 501216 -377551 -170788 -889118 163740 -697691 541073 840200 -360000 -856495 -327702 -333567 851135 639926 748130 960305 -784774 131499 -316761 -12854 553813 771884 -277226 679931 903482 688111 -529543 -909281 749582 -843260 -482499 124330 321103 -603837 723217 404366 613036 -789998 -497189 -126748 -633787 722076 649222 980501 810342 993506 7637 -5442 281516 888782 650457 24322 155228 -410582 -820610 423402 -56295 161256 827171 712986 545131 -170962 279985 -21535 -923115 270201 907977 80948 519538 -399908 19168 -59672 -787740 538843 668482 -763250 477646 371608 728000 -842681 -258370 738784 -423214 -166056 -789238 -890333 -175961 190126 472757 -755648 -89140 720403 818500 249802 -768343 451755 912142 -647847 -124357 -547840 -369631 -918127 -558651 322704 -454360 394389 -370577 -257236 498868 501446 409644 -951613 728010 523352 620088 747569 -357691 -625856 -16880 945582 526882 -480296 -877212 -116727 -755710 -792347 -86268 -455805 -775795 -63451 -750522 379803 -319171 -682159 -557689 441384 -133435 299386 -481491 829392 968725 427576 -970095 239866 -188244 298148 341097 -150363 -783163 -194484 -665220 -120691 579497 721103 958698 -148622 113142 223604 414383 -330288 578620 -503869 717596 -451154 216253 -154230 235193 -159556 381357 966556 -809031 723435 -910436 -596817 209360 813535 -737830 -527931 -582879 731225 -713847 -127402 955799 728701 335206 -107784 429154 413703 -1575 533401 685967 48303 741258 -373743 -603922 555271 603323 12360
300
789148 8364 810076 773989 817522 539258 744273 -304475 756061 -467436 -681416 267784 457732 -10008 794199 -573722 -39026 485232 329118 552549 778326 -327496 -824231 -687509 898779 -546639 -347107 174381 848802 -629111 927051 630554 -49962 -417995 535242 -857351 763045 -587900 -546 -755866 -927854 -491112 -625646 789793 -678489 -191127 -592462 -362486 -622578 346953 595561 -415938 209575 -287350 -629409 334226 -44623 -17743 -630609 -574568 -719784 -478453 -650761 -566591 -576947 -276173 -400253 -231229 487826 726075 352891 284651 940244 937933 424821 -792282 632254 -156034 516364 408046 -822473 -454359 412985 418139 -736028 -56631 586563 701826 -180537 -504925 744717 439341 -379687 116879 801079 -584287 732838 -77085 -964351 324582 -521714 -510234 -117617 -671942 524367 694002 -325435 154643 752944 420894 162628 -963509 -163377 945759 -343623 883083 30831 972741 -378228 -236146 -914027 835896 531622 422117 780921 -73376 73754 -241322 530994 48931 -44695 -54669 304800 150554 -660444 191001 707953 -940379 -134490 17039 150816 -42278 -412474 -885108 -529694 953843 -42238 435282 -676289 -56635 555217 607707 975825 -109313 -803964 -9696 342873 -795676 145651 160424 -237998 -121057 -569295 846619 -170410 -470718 286221 308319 682079 -586745 507091 504807 822387 814345 -408642 -14629 398788 -155710 -980902 279235 803642 659672 -492709 832270 941432 660892 259207 388259 429403 238467 874207 131816 932523 665840 547808 -529859 -390142 -292878 495651 79527 1588 458110 -318585 -380255 35570 404685 -773108 589101 -454574 619592 369024 83659 -216785 -775734 521620 542624 777654 428545 862454 -51498 -908149 -949208 -27204 -546118 608071 669481 777548 -313697 -307487 690385 45453 -131626 347941 87006 -793154 -570533 107424 -819114 -995740 659142 678030 139914 34634 -126883 -899314 -318452 -924239 -32264 -849830 -896247 -882799 -320934 569667 21353 747175 -745550 513761 -737319 117758 827975 587026 461364 -279812 470799 163619 -942005 -966963 324250 -321176 658002 -665115 -5040 -105966 940397 375616 448371 -433111 394242 202027 836488 -179635 589883 460355 -57618 -757068 -102461 151688 23595 -822747 318325 -281805 722695 -793547 -178341 -89542 863665 -169057 -672378 833742 692926
485
913215 -800932 661199 -916699 -749262 981786 -366613 -631779 -694668 -523079 960966 965368 166931 -2940 -576732 -164440 578310 -223336 -974238 -731231 -756659 -41633 79162 -987331 -904302 -513733 -152924 -139065 282583 -442471 -832403 963510 -125043 456791 621360 -96489 -811717 -643325 -223463 -573962 -611714 -764043 -386126 -444186 641620 331710 -844226 268189 197737 -812857 268716 653335 60642 -262141 -163736 306721 -721415 -371725 -460559 753825 973842 -309613 984255 836156 -881149 -723771 152493 -503548 -641790 -579885 408150 -469098 -455260 -995135 376719 85436 470595 640532 932846 808469 -758104 -496258 -757439 -874878 -839112 -554294 375285 914770 671388 84036 -772368 694995 -895372 483320 234235 -321422 154304 -731626 -613665 818323 -45069 965502 -664474 -210390 -213978 457742 -582324 533125 -444356 51440 843134 847857 234106 866033 -511353 279958 448734 923840 -318289 -288410 309476 711731 221978 133598 996555 465593 505106 -178361 -471798 571701 -727766 -555825 305441 -680612 387530 -984604 -968711 504645 -826802 -857666 -19431 -772151 13590 585685 599494 -105088 307958 -489407 -12658 -920456 562827 -223394 -964581 -915926 283047 -221341 -675021 -39645 606238 -391457 -864641 -591270 315047 -179935 547752 -297458 10050 860054 104545 -610398 -857723 524586 -763603 249511 581708 566422 708092 520512 -871734 -316148 395875 -471155 -546047 -464267 357936 72963 -943592 549257 -444566 -747810 -229577 287713 255169 460820 781798 -327780 199749 -593796 372008 -12106 595536 -952967 115969 65629 603012 430884 -276734 -215088 493824 -806584 934092 -203706 -41261 -854364 735729 -68575 -947413 -970692 -635814 487877 694206 -107036 747624 553070 282784 89094 -32306 -332144 154677 -136469 -804665 -78134 922973 280407 -693993 -488927 -957218 429813 -481444 -402253 -155499 720067 -495388 -745183 -264823 902032 178943 405069 945198 552841 99487 986194 395756 703633 -496165 858476 -897416 -154232 -113552 -757537 494205 -329255 630962 -981517 -817748 -34127 -534762 -822925 -320124 -899547 -67738 616415 140989 -108031 -693313 -609444 63496 280547 39658 117228 277656 -275842 23221 29883 15984 -655142 720981 -525379 126652 -72929 -452523 -917246 -156677 703025 697319 -288327 -589790 -868961 998380 -478552 -593924 170976 -278007 505482 -297698 166051 365402 800013 545575 -258023 -725712 -605173 -836967 -497303 -478971 -467991 -295275 718466 105725 -689768 848805 -94520 -180450 -149842 -720737 317202 -721381 943088 -522451 829014 -354978 -992910 -453255 -275197 112817 356502 407287 -196785 -356407 -381612 172022 -931415 -759471 32463 -125344 -494678 -505172 579009 514911 736065 890050 402462 803694 304355 376737 797250 -3347 814834 -671501 -54401 -166531 -517615 76161 -273816 938584 570200 -540792 -454127 571964 -796952 -510364 -894434 -818522 -153846 -561778 -204437 528101 -549954 573806 -405589 -331901 -548817 -421783 26857 933815 290191 -882590 -439164 -248260 -363398 98138 -891322 -272351 206689 -153697 29070 -106833 40754 -64767 -171313 -418300 -737214 -63870 -34289 355066 877537 658911 124394 31704 -651008 -818167 -42305 -249879 -113891 511951 358359 -373401 197542 685516 -730270 -837190 721289 -143280 -450575 839754 965697 -181849 -487118 12122 -427144 -716969 365163 -418169 -578007 -669492 543956 68379 614159 942195 -686383 -947480 939017 220067 -559336 157822 -420878 -501187 -143932 912086 988232 995283 -272155 148563 -196951 908369 -282109 -770323 639308 -467248 559627 -522718 -143436 19360 734272 -173923 720738 499331 -607447 17857 -123876 766735 -885068 936787 22620 -337282 843797 793132 -518230 -195545 489091 -609170 -404974 -681348 50457 -381419
389
252851 111435 -382202 388991 453054 195899 -751736 -829584 -882021 -979670 588605 147517 -476203 -990656 -15585 586571 586058 -940229 -419438 238854 -594691 826944 -512802 743997 532548 -183856 -656170 371442 -916897 -908677 -887688 408566 264110 975301 951573 -399126 296557 -519827 -308752 602 -688338 383049 -242701 -298796 662018 478290 388883 37837 739363 182975 -55517 424953 -628618 -913111 588445 278073 -428217 -284785 934077 994419 364128 -701980 108062 549614 -408128 942406 -54751 649040 -720755 -347842 -902484 830105 292522 -378347 -854907 -289878 48154 -655795 65260 715644 438840 764148 549380 -60102 405677 399317 108922 -446167 -64032 313831 -697696 -488994 48952 -280113 130816 -364517 -343013 322775 972082 -426405 793457 656268 248716 103515 308480 -796875 -420528 -669806 -721920 -312563 749697 131426 -649566 -615835 -154916 407645 -270282 -494363 -938859 -271412 291848 590260 -87522 -306290 -544879 387605 -204010 822278 -813437 -269269 -58739 546959 -125790 -205250 -509676 340635 897892 286410 635492 423803 197604 444887 -776897 451793 284760 -974645 539888 78956 -985965 -289446 934176 -302966 -529465 692195 954866 -342910 247593 595459 -387321 -851446 211216 -893086 -265146 -453804 35702 -766804 57464 453958 129759 190550 718939 607551 51020 407767 -111569 -972504 -731990 535506 -876387 -961771 500817 780817 -149887 -221505 133435 -543280 306719 -142561 -877641 259562 463936 998189 950693 146288 512226 -110979 -647130 -410520 -495429 -302654 -815334 161038 26011 -77017 146410 104770 -201060 280863 191652 803199 506349 336435 -188156 -194423 892158 199884 -648526 955120 -633238 47381 635856 -736737 151025 722482 789425 -143303 630954 564562 -623273 -599628 -260033 835143 506129 -875216 -619329 -80794 264900 603663 185281 47988 -515152 -533785 676028 186736 -662360 748132 -84814 -616056 364090 -320122 -27356 866089 -903303 -270736 449760 -367199 666011 -680448 722693 -732645 -539805 131363 -517197 -603915 -188468 -49638 123760 103159 385123 -818663 -888563 656313 800487 24583 214519 -864752 -439627 864257 -931510 408940 -402650 755917 -754359 -705342 350068 922825 952688 -854261 320224 951373 -768996 146239 234794 -319145 176813 462989 -667994 169716 -576235 169267 839091 -401569 -144129 -583972 -520380 -383017 390764 -359605 385438 -233126 138161 122889 539274 -534623 -56141 726685 625115 -307675 -307666 -835267 173731 589070 99498 -249202 75592 796773 -317892 -429862 783297 225081 -202597 181676 44700 34010 -542515 735947 -251686 84390 -690120 -694848 -525754 -174035 -406344 391344 905073 810755 -866302 403436 773164 807300 519389 -880057 485426 -23370 -180774 179615 586910 -486205 906871 984329 -90436 329701 -229228 -998639 -517054 571208 -177026 -463935 452688 -993884 -488092 645556 -494869 -712772 -90659 263707 -383846 111372 822729 -81183 -128777 980383 -126224 -839292 220776 -696948 -626233 943010 947580
184
959107 271878 599949 243245 324108 -604072 -627465 -60236 -794509 -138587 774733 -241687 -58397 -263836 -72179 -680574 -380135 784261 719060 441875 225629 -493360 -527560 -328141 183630 289644 -723327 -985049 831721 -949603 528680 209988 -834950 999658 429978 -678652 368299 173639 230349 -827153 167931 -586052 78707 -437375 -300767 -286495 -115245 453381 836954 -211794 -294088 -114027 -84072 -258450 -844468 -472097 506576 -336462 -313889 -772842 849213 607447 791376 573649 337928 353572 506203 870514 -26337 -793017 -275558 288878 772127 -959204 -885632 -581768 -201911 -876503 -157531 -605404 -898804 -627292 -966578 -253935 -833600 -168251 270459 -597112 -881514 -993545 966799 170377 -62917 422591 -899474 -422202 -986463 -624395 101259 367641 -865732 683537 -470110 -818179 734703 -756647 925132 -104093 -873903 -559883 758095 -475840 819262 -392417 126869 926352 8673 199735 -374782 437587 -860471 436831 628181 961568 985038 762539 -240504 -366822 -494534 -864187 895266 254750 39301 -144817 -952168 85944 189363 962748 431273 70388 -214894 997808 -872054 271100 -189506 -912874 159740 -95837 822875 428828 152394 964372 482224 -771156 -628733 770096 360232 712918 -750441 -905534 21283 19101 -926916 -404583 755962 939521 -829638 -551692 -663521 -513463 -122427 576206 806228 750076 944240 418349 71076 620579 214869 633509 506259 376791 -189336 -209867
443
-201581 -643574 -874983 -592907 -651560 532556 564796 -357838 -112757 64210 258466 476211 -822532 -160541 749610 -134834 128193 -395848 65346 -926848 -137645 -790875 -511891 -483325 -101119 -113965 -67389 -728686 -575341 723551 416858 -296901 -417137 829001 -998936 697242 -580965 -420367 -651167 -890036 469388 105451 164468 984171 449729 -698029 751969 -293623 395506 -386707 252772 -179691 908030 357810 -860635 -73307 949190 31753 964560 -10930 -233652 -237690 -107878 -456950 -230757 -963326 848650 404171 -979336 715521 -29305 -607007 -632693 894983 859309 -562279 475494 -365120 -536291 -41758 -100919 -100871 -703326 960854 -436769 -301481 -464833 -767437 393423 632869 -472989 216436 -969998 -146389 315708 197405 296819 779367 -722498 -753784 903536 190947 -988765 518797 289609 718112 695664 -806196 -340195 -172770 688642 964851 -577207 -94554 135736 -102619 -109206 -159875 414569 464282 -798735 -673332 362603 -32184 -661285 -659626 -742378 -623333 302323 608279 496 -750793 517359 425243 134909 166350 -305730 -659521 -340093 -572733 -217703 870613 -235135 -819627 763756 118666 651075 308534 -119951 147269 276396 496352 -719138 -654356 974964 119835 -942359 -945176 -970261 665234 985612 -80846 669943 466417 -978543 -248438 992393 -296710 -376023 -3739 93808 -21883 -432899 -451435 -646888 109714 -115119 -679787 -109087 227362 -942487 -876235 -717887 91786 849266 652974 -351918 414739 -180571 -23571 387413 709415 427421 -185206 -179406 -994611 45467 -310428 361628 -392533 -645717 473177 -703917 918100 467773 820371 786167 -512313 399692 -912607 96233 157792 -495345 -86467 388592 775994 -328717 -41979 -13356 384876 759459 304890 -814158 -492515 366302 -229252 458817 631967 82185 -166640 179783 795333 132857 -297896 896151 467017 -984881 924279 -953166 645936 -156871 -810768 435086 269674 -916915 -837752 -39444 643893 937497 -730990 793535 800564 -439231 -895737 -14278 962260 51748 581237 -257316 -247918 789632 -548372 -106036 176949 110159 928821 955591 937428 599347 46672 -622049 -637291 -710005 502640 870572 435068 723895 944570 499815 896356 -617223 -966035 59826 -40104 610662 682328 -383175 -954916 475572 682519 40801 -873037 -412280 280661 324688 31017 -796523 -997676 838925 -887390 -423083 -212300 828647 -398460 -784922 217867 -275695 984354 -875397 319664 453695 103589 427932 -123169 377206 -207593 433735 -866198 643546 -40957 938254 -483769 126243 31098 -732665 977852 226041 742978 420982 933537 278977 102749 -821405 -32477 677865 -971875 -376164 -740161 -793026 205047 -94509 565791 945189 132945 -843330 -72016 775061 838992 989076 -78655 -689558 -251581 854664 -310065 -824641 -370649 432877 -684835 775367 304139 -651049 550776 -667066 660543 151474 -762271 -469540 301305 628912 713782 -321840 -570367 449594 606193 401244 600253 -450202 -884850 -947425 441777 115178 -102801 455541 -314265 -527685 157597 678342 -147357 -731290 -240217 -482138 -781571 195952 753354 -291294 69642 -737558 389974 -910870 -683964 -292364 -436545 860242 684449 -857924 -871749 265720 -159024 -315791 518394 732524 617229 316907 -111525 916294 -678178 -873125 -421511 -576807 198142 -244781 -777336 347126 -99655 569353 -612847 668467 178272 -513096 -105619 426534 -418416 756094 229294 23582 -509770 944096 652176 651611 -893531 23651 40798 679919
282
-159868 415532 887912 -828820 -155577 -506161 696462 576298 -958551 562044 77861 295605 670133 -596555 -286419 -97757 -753888 438665 -391564 233259 -446980 164965 380863 -457675 -112449 -31881 878794 -125300 -923228 139957 -808234 -652062 -352395 -435302 -471314 -338201 -683762 -727686 -709058 993274 690151 245660 654763 9707 -287106 -127948 251470 -541782 321694 -754738 590690 602502 -697712 -328529 -587653 886096 284676 686902 306578 -599357 53488 -423061 838190 254091 120335 -912170 40936 780966 503524 -701724 -632954 -672510 616282 -58218 308769 -952066 936932 -89810 390420 -919349 -464725 -988617 -578790 968164 564502 687904 376773 617662 -560436 -989178 978475 -648338 275547 -880133 -530207 -429014 344357 -420425 174045 -125124 312373 149601 -890050 556873 294536 -955090 -383378 788494 313557 -126038 -811780 176306 -56656 -162772 632597 805044 647831 -657279 -210274 487378 -278004 656462 331908 -344483 -317807 -797725 94601 -719855 -501617 809748 347126 -215340 -386287 -324548 483069 154059 -826522 -576994 903547 -124958 511245 842038 -958048 -860203 825154 810889 -46928 48384 -300056 765574 -323142 -291918 -464230 -439256 -547937 -339676 -779583 805073 650868 536877 -381608 137200 -451654 -850775 -142160 173616 193801 548785 85310 395294 601364 -714820 360453 -775648 439762 -711612 -226464 -913827 -177699 205100 -743890 52772 -306590 173399 -348213 258767 -252325 61055 612941 -193794 243553 761369 -970423 -956405 -450190 868058 688587 869781 -955315 677605 251130 843464 -902481 -981888 67891 783684 -422070 988131 -750069 -972164 -227192 -962826 301922 464696 853538 871228 -95288 -804151 244806 838122 -588829 -247999 -953834 -716897 358568 453710 605190 863425 433884 -975740 460445 -714242 19644 377120 -644955 -169331 -966065 988376 703328 949400 72697 772943 331001 97550 344614 -152925 -678995 87757 306835 158113 -516352 797757 -504176 894207 -118504 -379248 -787876 -931909 -541956 -234757 447775 -224964 606025 821700 -793343 767639 588886 -528583 265603 3096 -577779 -830786 -683177 125189 448832 704365 -243153 275458 463930 -822775 748018 197238
170
-840773 -617911 -767256 -238441 544608 -554952 512380 783533 12439 -597626 -36946 -908432 -113306 -152023 -466802 26216 -517011 748447 -132046 -568332 935751 229197 234119 937137 543450 796773 -774906 -116693 -146341 46696 615983 561157 867235 788169 35059 -17146 -149861 -801804 282522 574819 17024 431771 616431 197703 442376 -114595 -439397 -31962 -644449 944767 191854 695798 962592 -464468 -542037 466468 -145150 -171849 -958809 669558 -323809 -124919 852061 -163006 -64923 269456 615947 -970960 125401 -974909 59422 -867953 -588374 288806 -81216 813261 913767 361643 76896 650762 -268385 289883 486247 -215679 673263 -491090 106933 451521 -156593 938156 600374 541125 -263091 -42103 -997880 -754697 -584534 -126233 -555140 150270 -5972 118152 828753 215133 40161 783562 -880111 -394161 364293 -656534 -534259 188083 906773 -665700 922751 -991084 -992154 329624 664505 398387 284405 477760 -868215 -668553 -954763 999475 406006 295869 425701 -42999 239767 -808203 -696555 3765 -906242 -112934 -789337 -830800 -437867 -265833 -644530 686961 627822 -861333 567785 11586 982151 357343 381251 592530 -219636 -393728 192215 -425829 108057 -470246 -809097 -962237 292730 490321 561743 -173666 -717470 -962200 -760936 404341 56331 558405 85491 -463324
