10
25
736783 898374 525303 299480 613902 860279 793383 690251 602130 306560 731697 111718 322847 741995 126229 343734 132917 738490 659355 664784 387745 493985 395005 642821 871022
72
357609 933520 77105 819687 355189 834753 452629 343722 109694 621032 688168 430044 546927 626590 728761 980303 187581 580406 102354 528113 162323 394510 406366 187390 893172 345007 63939 771660 418670 851838 918088 387397 309375 891918 643873 260193 149599 5700 654715 267066 252336 719082 82119 371351 407741 54881 876021 727063 913600 123695 784105 249813 241004 572336 375079 351305 528538 485046 936870 178523 487378 767479 81260 644273 640850 240755 181287 373677 215461 823709 781062 223366
57
946331 636273 527583 503192 726118 327061 107788 845435 36759 824038 520412 554356 64189 771754 486658 90998 437504 726958 144863 923394 987706 602971 896319 347565 916345 304871 806368 677543 205561 236599 721563 345101 56446 237117 951006 310210 188797 690491 787650 432875 235583 640908 274441 145743 492971 76467 878800 673190 290041 177616 28607 899102 116721 181032 378049 50766 919704
32
674155 991195 74430 153817 740477 402982 101084 763060 514705 447706 793659 905360 336613 664139 230407 739280 329635 644042 862179 779935 888615 723132 814897 732093 265177 941755 675628 7567 633368 881105 219509 100698
64
371176 702130 428335 880358 260897 49874 535066 235554 738482 656859 474470 62669 19200 252557 725009 695438 630053 696224 797607 57983 602326 56752 59830 154428 115446 482083 949179 607608 360736 769849 985766 194023 354772 378791 684989 145065 408284 77485 788254 188 743193 776683 586111 432662 393978 90478 995059 847754 734732 248209 399336 363164 938652 524292 918962 126067 497842 954167 816439 807579 861341 763903 283064 440867
23
736454 233769 915510 617150 331269 33030 842280 838585 595500 820504 86398 204673 766258 657911 492193 565239 881133 733202 162978 781584 297773 640790 81862
63
363115 247626 312589 306282 274544 72718 550145 316280 189602 785512 607114 950064 481009 828244 792897 440531 786805 652221 528443 694605 995293 71217 728324 315165 536081 498225 617053 682535 66769 515023 280618 422430 170258 587407 279342 85187 263040 711265 210663 144460 927215 308731 132624 609819 475910 239439 801649 632366 485293 329354 225821 907532 84774 424714 591950 496491 863847 8862 937544 410401 364702 859132 349987
68
797796 890663 129686 243225 289456 724395 708052 572538 159753 397990 540602 953559 878611 773557 748227 659210 454340 313044 470031 821434 540393 541335 102602 92995 999247 626167 26617 372711 854571 798627 671149 35409 328272 369003 447262 689083 555729 77188 795655 974061 970378 140473 739956 710360 781659 901980 182878 616219 513836 269108 680333 506257 240636 5048 322886 637255 653730 427803 714730 152152 281990 636419 382136 730938 418302 688451 254270 699069
57
658380 431751 988012 262497 724215 588299 665843 59302 372647 460344 344622 826645 118765 242423 635338 668057 992607 945439 651359 615284 950978 775359 748174 30264 919774 850620 830413 424239 6866 403587 326744 709441 600044 743368 584931 491455 668599 233878 592489 229373 658911 605259 988737 602736 861327 822452 395123 332825 725050 192301 607845 644857 563901 301584 39211 946120 196216
89
228392 785183 538424 595198 40764 84442 673594 5606 651838 25454 557030 60456 418927 105046 428748 773991 924735 387057 456161 898373 711804 266720 599087 487553 513221 608650 77513 979851 907145 534013 528306 921135 283989 208554 578906 6168 427120 174849 595034 440064 101143 164532 261811 490560 498149 27425 204445 277882 493742 667270 106060 927675 241629 911827 578513 716223 553066 805498 518646 531831 948283 826387 869801 579288 37715 623748 218725 457597 243294 149471 189188 954478 266663 818864 848732 248611 79222 348629 930616 408692 713852 76634 170307 118269 305697 34462 439410 451699 478347
