100
85
2544432 460587046 56300325 987026523 203567076 737973633 811976009 773163974 41192788 403081755 984312651 284206999 681604847 99964684 761611787 205938518 699452958 438561858 504450093 199887574 595751836 580316299 508494075 398924372 129810572 708615308 273824687 522879359 580890469 983150452 180605408 93800276 927624795 140758638 250884541 434021503 463292489 282460644 568495692 563586903 967268916 970266161 233104317 97918370 339482881 633622000 729297817 121025752 312684457 57409134 218874731 703601116 372628307 783672206 656279753 731834164 586208906 323872801 368981549 889468157 855355622 48615590 200454158 27164445 999318588 939841714 162120816 727191666 556051487 92275383 354990834 102335842 312538699 756030501 748423412 543408333 119179964 553922952 447350689 826211937 710904591 477941027 653186728 761122514 788172604
90
375014184 314067508 416250200 165118766 244483358 783952198 30311228 496184312 159987349 586613720 284624080 515038011 553470677 745011549 224688697 921984401 723215201 885305474 815856076 521696218 186793920 229643902 30589789 848660600 124881577 617179607 441601534 716237889 395209245 994525376 397335098 311291878 160963515 832281437 361190399 637583505 756300786 429137082 697595592 544726941 681264253 473997241 875551780 156881514 82325523 729600189 207158042 24959217 135970173 693943294 770083685 930306748 134391855 2465674 429684552 369699322 391617025 128823986 100914037 103393489 107745350 448017747 984825974 586987731 86948815 280204925 516452273 594685712 46354239 505079731 663847055 460142998 933328095 609216317 123058528 750927232 832543012 950682238 120652399 396310429 228308227 734064303 847494993 298678780 25564247 141011635 773352687 616361193 276932524 318957039
33
340901876 497678443 504846266 532146702 138072940 659800878 414807536 90031737 302319467 692914752 461597039 404222132 180825725 822967832 610686615 222084980 604363723 832470462 104504848 221575120 376819111 126965178 812614691 771059808 128704466 783833906 895929276 965290100 530871168 370529494 823159922 463207757 351253032
77
870113537 799101952 636361357 955109498 835575104 710368596 712747337 111009909 794061168 366310129 798243671 291721937 470609873 463718876 946459870 282192590 570157957 117576791 690750409 803127018 30607108 843195456 803137633 654597320 110858900 476794418 511063337 413938135 59748681 509599899 229763284 750963292 862198590 857493638 330511338 985506822 138874445 871266544 964398063 428406440 355133449 426774279 492987400 703225180 937446680 300934782 288604474 950261505 547361166 251978214 313660963 358031435 754575198 311904667 857612835 517179201 280516749 940031366 585926863 259614115 457041238 793461831 255226110 127429657 343401431 853524535 511623025 803591594 57651331 888429409 52525776 424609560 3562653 666291397 288641329 242003911 940894671
9
60385041 151306923 858629415 476376274 752456816 119352371 420215347 782821709 17791806
42
183144758 499285336 524686508 664656789 651854617 465770552 103579694 481940145 198299856 150778396 542410719 745477450 210087018 534599994 259202727 853601094 216272451 852757890 565530311 194834565 727795475 854040182 830929438 10085714 736178389 976689810 883622990 133076117 826359202 65755948 182172858 852377650 408120724 945417989 280546480 14104414 462779268 953457631 205252897 920362901 558792986 89782216
39
862872526 636647342 465257186 880070270 724776495 88215427 14149986 704405577 40493236 714408641 823850884 98615000 707741377 236408440 769462802 320218792 518286148 548556568 403317660 541411205 67877648 57102419 747771736 545638215 141823898 903584189 789606820 612429091 808463498 645290247 143460600 462545891 703304277 568911440 684820646 803034632 889230356 583587595 107015096
4
283973135 510908299 240182012 861586863
87
323454808 196283032 340084994 77924314 824779210 619451943 692478607 818858713 381437935 330811948 677529877 789805364 404742876 470507095 630721133 310952815 421981787 144943474 342866907 932010455 477583018 701167942 60145304 934909046 796282701 655917318 842903268 76608961 774986183 407430568 644448096 542912138 427679091 920579982 395756720 645246045 288220863 396673235 423576611 496095920 830265520 296186297 927851365 598922415 702456170 545728230 457120194 351299471 143391160 150337136 699331246 690870080 41126345 710853663 181636355 816151992 211218322 827077356 953706896 139086617 348304117 508906666 7804436 813740138 994490869 726085138 61143846 300660305 265844391 6489293 827385097 332512385 775732329 630493190 263715048 955915961 872973027 171212169 125561210 538182077 488055086 260262759 778753772 483889361 843930612 812816306 472017199
32
625325607 74204175 809685934 766365499 675428163 935013899 352369987 37279639 345660819 815586669 744886969 262761766 379688186 835411465 244285588 709145595 729337307 44528545 819232292 939598458 364021782 610841841 466800708 988119205 73069579 953075311 120131874 89008418 613849172 673007416 477551271 314437038
86
266634044 547739000 951076243 33467413 976655501 739679936 516479286 738655160 274123519 176280119 858453865 510459279 654658496 52845290 680383269 800227157 207069893 498745608 939310241 951941500 588649244 931681028 693376903 6097379 546403195 105101856 747072564 835483964 174188527 860501048 715701633 572979421 5209860 457746938 226916641 517926087 777419898 551557270 171754853 325972708 392769739 255372449 94351142 812737543 450644237 127748498 574927533 648587064 45385429 274807026 254905321 759899184 367792749 387182535 374918176 72607571 854273115 81581598 161648768 409130154 247394239 710168084 634262303 51301738 530701302 271141245 645468150 55218626 551758004 617573395 7853496 234246857 330499078 957638428 362449754 9136021 500403033 722953448 40214044 263526260 358788597 327632128 295062246 193166687 7012937 214452613
88
531476017 140062498 530977990 409978945 928530555 32659351 24533374 908902390 304436775 438879344 203655742 760550330 764733259 704969483 696627551 7696741 555825230 343029449 204127849 689948817 937488249 706734410 236094898 111595256 63152587 787557779 499926319 876527448 78539276 642993232 732799075 265801282 303858597 341182753 793775396 43384449 908937590 44286995 112848739 461513144 61357489 829190266 685137526 784639345 757785454 411398628 858395 455092376 262214709 541591948 638363052 723957081 267727477 633729288 194932231 651273990 279997574 303590878 229488751 51603650 269111564 754969890 911503396 138641705 548455958 207222317 635622535 721669463 623174050 675389875 743377837 56145806 376463196 764622287 506010729 700212118 608674526 442595843 790438303 726690069 658616880 543456345 477691232 693036201 724429784 248354866 706618221 296963781
79
654427342 787765783 520758782 59190758 143690222 34762821 704123502 513368339 43031529 710116740 749310812 95502221 583161870 215897369 764824544 549126738 832188165 897582445 854146633 360570456 362930549 140283150 903093396 77184609 475544389 214644910 680844610 422272071 804494665 373953393 501300202 388194819 499838390 304764476 103960302 517738745 449223899 886057445 479423425 842558256 681385615 887821597 152676404 470301449 239680940 652139096 129278285 566734556 232861743 387284305 269644500 79144209 130329565 277437447 677251224 470775658 924602757 947836343 111447291 205321818 195808188 473691780 597428987 748603126 822684988 667836045 519590941 351540116 861829781 334934116 609738646 998995214 413032731 743282309 919606653 79273325 818793426 305417297 564388101
100
586491146 478954589 394009901 615684350 510032347 438182534 609247992 365947432 808124060 58765217 582921717 35928292 678030341 654954249 197253247 556917948 374269441 714595727 777325550 516599794 91509320 832166006 533733296 718053629 235666412 285120822 828994098 67347621 316574283 607080861 964892532 938895610 233492582 194565143 134219286 940311571 349228149 884661228 854315743 196503635 275439385 600402041 476093750 804141564 206788577 35406561 389420679 904921540 219080663 878675484 72703682 673521168 169407759 326773088 548506352 826819200 835888853 607157156 855964884 967476091 11369273 38386079 790570966 91611664 670086944 278469923 35621891 72850032 339806386 104816330 288406905 481647662 134388658 667580183 525384554 648240817 265123754 461237572 844931464 520939335 212128091 858495340 126863869 144748250 914667817 441237701 329004822 77433394 459998436 994962376 857003415 439630143 430723760 404916687 528081212 755262263 88552294 652734527 805518130 272316327
71
239269239 791659677 315272528 5110019 814673247 246689706 102896546 867393306 492062245 927529187 718994269 844991807 470912600 168635139 802792217 152135830 744217143 317815469 548583947 508079041 1200767 398590228 769376154 993631976 785247564 788051404 886993133 181235552 197391454 102056319 816240157 691677764 499052453 816510682 979909784 977455137 675202485 682634673 682358125 142869083 60216309 662397414 723720529 501028352 928418084 367602640 15400978 265524044 770540955 195968798 935675506 572680716 577298163 869880056 397940420 876006685 841555817 122169401 277501974 27926618 685569691 468761883 734087540 357012592 275842351 913784246 724008758 579097530 434400466 66607986 997116816
29
653904447 472789511 543067384 928635585 668293941 882281930 327050022 103945092 990876449 262254739 845547920 822450133 175312879 551769446 816857423 987146014 5584832 334916309 148582016 886834986 442840770 935102214 55649414 307829876 112048003 190515431 128162076 427664600 933888109
7
883494208 721947538 432892268 899405827 705153077 884976582 383024110
43
629244260 863665152 715876592 20049231 172630789 178665366 848871140 870124624 738629693 134045974 857531554 181397588 65158979 535667560 648260548 448647600 672761876 286043077 975537003 789360307 294422157 179764528 890856746 826175302 285513480 515158445 142052874 702937184 641854992 537657787 819420008 779854361 15864673 348440037 267363274 963824945 486835716 438689829 819276225 472110540 861536577 129209062 678101047
96
281142132 867589486 85872470 876834718 445804339 665114844 98195053 836879290 763510331 66646708 528248954 104219621 841206169 866094486 176789244 337795950 461328406 173928175 399431490 704964490 301961453 184608948 463314181 276853941 789361196 766969165 381151193 890087942 39960873 874408290 424210457 119366992 263849073 364629051 987372950 873563177 148254688 789851379 617791850 67666456 527326402 183061428 933271487 284613220 91903569 293777512 544717799 643072183 656559220 681247401 955890193 952880237 522064518 247316238 486687437 5502826 753786158 710188659 195405639 317244308 205359610 21597406 358274918 954594228 78887901 952240704 406231684 646708578 929013100 58469494 838106274 122587838 728847142 693964965 979844247 214637126 66568141 350204285 157138444 551823435 228796142 976534121 857271731 594014835 110249601 423890861 20363952 855764570 204084736 233181733 216324662 805219495 65663649 924220174 757469692 825660031
84
595061949 485674202 685201045 900543763 747687620 931692946 205602221 525007866 796659968 632249626 652334407 141207748 700075193 226507308 731430842 179843592 287739904 265483756 386117448 755138388 201268292 100079235 388095633 17268271 263922009 614820166 757894793 647291255 335603324 427957032 584027050 826482844 171438053 176985331 704132887 847879876 438457608 831540678 68672139 184934356 428968096 150051777 344018725 423005141 665707166 258297469 662546918 807902047 405220228 399708539 639365433 609621832 341856165 764249553 504571778 579067646 222662745 561525047 747297510 96130964 756615121 897709193 843527471 372229090 146379432 761402414 390418312 620145824 345045754 974206125 760072383 18723645 424238087 207723171 984109967 100841585 630805830 6452479 61160109 50954700 561866997 799423419 469803919 653694023
71
463089335 930685279 629864271 244214779 857280844 515455828 73929547 81775566 283656951 854206907 31399910 22050658 70310045 551223453 672089006 734302002 958454543 676593687 393494038 305175145 197689234 603632960 140904445 766208956 232334189 409504581 854687322 580922664 979858289 150983245 733004311 134994672 301324267 932687072 280123155 29274100 766821610 759156543 757164574 784697914 646676569 65083621 751870563 752392905 334776374 977180836 822307998 657717360 80927937 163377113 977991486 403856611 558647341 534546422 18570190 623481457 74301596 720936546 570516991 520313105 233360716 833471775 614011527 999819830 732642591 344056640 897988113 402963723 184355462 494171160 102285008
24
954462125 414905327 558937996 464456477 837933047 257018311 565387746 916389799 876984295 871213370 997973769 559069830 608313240 844270857 251665000 175461403 907408996 849125501 706659219 217206285 562571721 13432491 310377989 314784607
15
767042295 1793290 238447449 224213524 601921258 864875959 46643971 657565112 491315836 377412630 424882090 562430062 810176277 530787708 639809693
4
129598209 349498674 117443795 945152610
33
778196816 497258641 694250352 969967352 810728497 711530902 351653806 457750946 407096386 391530890 143181816 896124890 313088613 329135567 725282901 52090221 936222460 649710961 199647753 913492871 141050505 711433483 229614043 197216625 744385448 147692830 5827611 256029511 194735671 370576578 185245734 330231106 531920256
41
480493907 625217008 476354208 958559783 4175476 189021267 285937705 715141973 740650331 884198673 880529607 536201494 884929914 938586919 844431144 965021845 22056386 122861568 670778456 357021597 293397296 224746839 762010209 897295315 618104730 822927391 451389877 703639968 293316888 14286702 949649461 68100264 104271030 144554701 504247332 956217189 196313633 579117795 46426534 321238876 994440676
45
90887941 904016999 905987325 666185617 238364158 245641077 91248382 75571914 385532247 42796551 405322206 978517486 9160263 576650853 175728114 987611895 838743432 396434349 275579906 723522710 251274573 164969316 339580719 304833232 904188778 102138725 832814507 454273349 219693786 100895200 83705322 935901956 292961657 584593568 920971560 6765169 931917900 647758487 605925641 79346286 626813510 559469268 945550031 494613343 473315281
99
582478904 645741472 348190514 215865429 438079643 543264493 526010939 573081142 192066003 948680332 623056534 679154690 509150425 259817049 730625814 531801128 366335448 972650691 149248461 593437016 481125781 671786491 769892599 477045161 109657836 396290202 990043938 434172173 159079938 542980399 612138653 177705415 160956847 754490970 360497127 16177330 825510880 480976218 606395311 249598068 116270269 87495629 397174221 442687729 140575231 1499298 340677343 440394275 788612846 927516206 425290714 31007462 981053499 196171291 535088414 829458730 374260271 320771211 482862386 317667672 823305164 804417396 138610663 384294011 965009477 736784603 219573227 756521286 40065179 51133676 614706422 984502426 643517717 946341648 704026526 451003098 368340930 406570174 191236279 445712542 877752660 735045962 388862823 494404582 452122343 168014607 538711064 765796231 713968575 982104147 510944943 490468096 192317176 886283704 853416289 355211059 698635664 830836576 858601397
80
969883315 539438964 519332843 820230886 196085911 325056093 493686141 835189159 470552076 3471806 466823644 976133660 752396502 534991256 87605751 337784265 316838105 358764385 226973008 860625252 854531530 899835803 624432046 685902844 594809260 885572459 553830855 506495754 948259091 520930804 535666135 785255605 783779914 902045979 740412011 603205382 288359743 731591518 343871002 626346701 73647602 215876132 686926243 67886365 146090018 751195152 234630107 948538308 983799055 891616934 461345458 686134894 909554225 584389202 151561900 580883967 761288006 444405522 895567119 724762108 568318206 832695017 168015477 820677787 78516269 491716064 790863887 613108576 316036578 749904466 775630517 271591129 907515737 595665075 394253809 619572077 597575518 329995144 757549497 630741977
24
707541467 840464741 137121531 95469324 790614756 212110593 98254226 971651861 844967295 154836201 134987740 864380795 91837369 304146509 907706065 875063812 634363310 216540267 564752001 7508115 628689890 774520431 130936972 852845354
72
109562294 539957660 842273727 599136759 132909065 555593078 719781169 907980321 432692616 573080451 649783287 63034896 993795891 37454840 954269972 961548009 619266437 356506639 481368088 406149167 963879498 740786851 120166299 142442746 179796315 600159142 325340556 506735703 540602276 163150159 522568824 526158549 289926329 139484506 845566011 404667380 404043749 405886571 331832568 455270069 7863426 372342669 24324201 974089343 992656241 213334435 776229550 925985127 887510089 839718097 891348805 662355561 274524025 404620475 400427226 778531936 685360570 641370992 761202055 27638384 163264787 842190621 821488175 663313834 339774300 792175038 83872787 572747013 830013001 882308143 54893939 89336555
15
347076640 138236941 972018198 871613348 686264764 408346231 997700889 676185178 629058483 250996867 539094823 928221738 367584087 266276459 477373282
36
831496466 152220200 604435501 469112591 875067916 332844832 600706130 373149357 903803517 975322091 302889261 403923418 320678021 184763048 529630568 369226061 315756010 971948222 583318571 557217661 246671803 325578842 863246395 141960139 26838260 123730261 161254709 21314720 559915018 897535757 148319508 572844885 629494698 470100590 420140386 790334465
93
200792137 383036020 667683475 779766603 276076904 918767359 978793028 650715535 264435673 419874317 538193180 612474153 891326194 919113494 151344049 114914256 669249363 600128270 135013351 77094321 812103975 877394917 647940261 947669258 460485586 237182303 879667533 122696110 94553583 143209833 528706797 976601175 533610661 95318939 503702299 7103053 290882937 149288320 567675129 752677355 457484529 972170554 696222311 979231334 643860483 134066823 808530583 215195577 352159595 335671191 128187977 274361680 113783275 461971080 609575437 340234183 382775333 978170747 648103890 156208232 396756942 792811770 949958014 764502832 671516730 336408016 578011433 552100822 187294719 532128365 930346051 101538958 844657153 159630867 70807145 71626796 263580120 658553174 655123277 672143215 223625493 599300967 878909258 931784978 165214886 1342498 237037929 549527634 656691929 534047640 934332159 931355946 252871688
4
687334261 415645177 745828901 372031384
63
856925800 733144964 38068286 820856058 750287006 968765084 440829429 357069928 423566996 976336998 8950045 873990739 17171885 918331186 318069847 361277125 890185545 776334119 620297309 739016999 114736302 374145992 927599836 709646563 254905598 60162757 235939505 694341806 876223145 252485868 325384369 889745547 396324756 790056717 817850291 26273486 947588061 682290318 698903683 251932152 835093210 832054754 194294260 95593429 880243925 35607200 668808641 547683208 449239232 166766166 537449438 405879093 348804801 607361632 392199963 70579885 482571241 722726717 471290999 124502476 666022419 340239657 336126005
41
733050792 870687448 479817674 168173500 963519638 349173540 842140606 209635695 467059072 576486787 21403121 696705492 168655483 257050292 489486759 452396184 161911200 271045439 229284417 73662781 572554688 46096475 203791334 921394102 79924567 686591091 163816339 392427246 565192752 621559414 515528843 783469290 198769651 247825686 952173872 82392042 497637039 24294724 145076084 736954708 681523207
26
725832461 502038957 983311287 310372220 295644708 678585684 114200760 647452167 742265754 115441731 865476256 574558854 701034006 480359789 434078930 210097284 183608097 90600285 542578727 249837433 32207701 569511376 705724542 122743042 682902919 204005492
89
113613008 415713356 546912926 436351205 341669114 959748797 3271693 742979091 196191757 317645099 183963215 93672085 785992800 362161795 964455559 722185706 619320506 714451201 780350474 564395538 585371957 761642423 923380458 123918236 505443704 331397277 307511252 874899733 602933877 444453973 561752712 175051487 723315056 636153740 919169809 730169738 791592307 361250059 466651332 218054028 48377146 24551459 749658293 455431181 638559243 824612266 968087520 898437676 576362745 329055251 672710946 744808821 714562219 330505237 849080598 675413859 82684587 422231306 442166083 529103009 77740101 169825998 769836345 239392714 635862849 989761759 837621823 364004490 291347894 369666208 72558977 546440733 444352990 207716210 422533011 304505331 54866074 969667694 118178588 15141285 966664413 857444724 146358119 702764167 963186411 911604852 825399547 232860733 678009450
33
954066598 672189450 254492713 813342937 255805697 867619168 486701731 944727381 258212894 685276620 909346752 993460201 804619991 652530552 343123992 276714026 624979104 434398230 464346534 499492432 726393296 119439582 128199579 935571705 568261230 235021987 985236189 680600708 124611247 238240450 959412672 863587095 421335759
27
744356679 435386674 680842632 410349294 901009354 992717864 821634307 145373555 75827412 74302487 509190178 237693916 602388795 59215840 564399036 706403117 184663393 78102740 506980778 17632262 507162615 348805741 180728332 751723929 518456617 681085148 974855058
89
332606906 741906989 562358871 302936804 277762404 767942773 356941252 972850358 645017831 366647252 867811401 855647387 290227793 318943354 5075029 308705657 827886108 631736967 176649849 890379824 228565204 908954551 511750957 873219709 475562309 905423568 842991618 91083392 696597620 433242826 132332647 36905081 240295758 771054344 584758632 396885653 751272176 109785452 544716272 556390292 418230467 572635148 376123227 693161966 518899455 915970001 51029847 702429965 421049169 887428270 235863543 601470364 917143000 52359588 406050459 875485313 742016253 913647457 437600949 921307457 250300835 672747161 108831847 153752240 239620488 481278981 462443653 341832521 950390647 54084929 593913561 83853231 845797916 382676636 135194492 4026128 781582278 825772964 165317465 644526734 28728378 387825283 316283817 212280905 390484788 503950955 60918831 799400067 249079677
38
547323094 180096835 384733395 225253510 832991816 530624741 237563442 298135309 746310215 551966244 922169946 910960871 518026962 870637390 745000511 104498937 42092495 555277830 491918225 548196310 558350340 335755180 985324532 713574138 884920617 205319312 8645696 236827952 350614603 488345450 786713364 15906495 97876957 853708427 823742895 749274446 212653303 774383787
78
503579244 903847905 482136752 960216667 164346063 301043893 939826385 437470749 923426847 238019492 541605496 720930972 920673177 3719400 914748799 869182204 752805198 594237653 659704404 635606354 52294332 516297489 70618384 776467992 228726636 141506353 111386390 874972219 492651491 860609283 832800827 340344104 279421776 61817028 332685291 324035919 157990367 912491025 465970726 327072695 924526464 122919188 873505780 1577460 337687140 812493088 648657317 740589759 362064844 752960624 632096894 635574343 579826021 716481829 632986623 273094023 810541926 105949107 778395243 873034966 678364202 993319988 117773130 469024081 245859615 217445576 478913826 247954843 998899259 197138019 729162267 192131030 618335378 91119795 679274480 701668300 658201541 105665054
73
878839559 722228166 789776286 821992314 837089489 559410236 378218904 926343191 863160463 200518510 851793223 604831230 890300724 933002869 503116971 147891447 294744905 395663218 385318664 954970948 894350790 274786729 976860513 991247574 948764374 124332349 716040813 895291312 884740381 699395596 121987714 654083918 837236005 133598305 344641140 537317809 965351075 982353425 119155176 757426059 272597470 773921634 427046178 483147156 808447019 251665939 539733615 415188873 810471527 247641990 520160001 951607158 522790311 348422746 185295219 256382046 857449087 191658575 162228639 763417964 280984580 604765340 321725822 588835445 143492375 163658566 772167230 968089791 605572999 167032145 883632031 611792039 236360611
77
748595821 450798279 305687054 744167896 784219166 219318318 275150803 687997989 606216231 176668230 849319752 706100863 959395787 848212483 476393236 706400265 238139932 206081856 920524517 288736568 628550676 902032125 268438943 388414154 582159184 301288998 954187351 670283144 771964256 407914905 5676612 760632799 514599074 86273554 164414591 72692377 573166341 190170171 965391671 153921534 208887930 476964404 584182915 547034698 427225899 919297658 565739137 291304847 260837880 568952197 273814088 482079379 93675517 503541863 58398032 246938461 107220129 113105978 988221959 832269146 19376594 664140739 380465609 35637862 39716590 939799284 20974725 562906096 429693609 493572576 901659482 35392041 48230893 498620061 271421616 982945741 302605628
68
255046241 173541939 66781053 429748025 71496187 547333823 60707239 694930245 19700841 674002896 652945062 461704129 789987028 667264737 192214819 427294446 952793031 31790208 110351098 423519115 751934396 363117093 649138706 852830236 742368412 271438246 729545706 971762562 658255043 209409969 217950442 612547290 29270795 442620750 893844740 306212257 477591277 227876691 537400118 706869617 940094853 696597961 115541250 276202093 758784755 325912481 915539751 771443157 334646967 888840334 818479935 715094546 548842482 160096363 199608083 906553216 603035530 788248003 672654956 637845330 816186345 493564175 48233945 851969869 430317807 763404588 640744420 225873417
12
880652762 893483200 763521099 948110623 186875667 949726431 531631852 817431588 23060360 585912476 271673303 13551017
39
88924182 68538917 387351075 400475415 995437814 347325848 909986398 391025743 481336489 31870606 658430881 83423008 117072860 320852816 294727677 857235471 656038713 786176209 600938318 744507989 921290416 362593838 660097740 639292814 784776538 401333843 445383833 813567187 279093446 11350623 902266157 734293225 278422468 507679936 321910195 896822963 738113084 748080344 516299656
56
755434503 475906737 838543846 872120637 697660713 708673813 238007574 800864008 739415212 717355609 475182998 945472949 717410415 438231644 464974265 525985466 89897838 37341146 785813577 671161780 981388835 878878085 145645092 845889041 981235609 190433922 669058430 400366226 959230895 682309206 342677412 321164916 424890932 832164444 799084365 676087125 89075505 765220334 851032885 649539894 532562101 995400532 473964706 697894375 300198358 185813869 381952774 908764930 449368612 50613156 707507843 416711754 893952390 703877350 233164487 384675488
99
479356093 56087404 613249109 316731115 749425418 750679772 342159091 153621304 546675515 137898027 393124472 880335036 284370200 222746286 649663797 599683545 194350801 977918152 734547531 555695643 553822217 390659237 955938426 441925777 466413471 401166100 997683874 811589109 534783839 572962068 97832459 762012977 916408196 469315345 490211720 132780825 780738212 959343718 92252157 108684398 842702869 980591678 142618531 803373151 301977095 289533316 174976555 156951495 761367709 699500669 150832095 38752197 789350353 680053285 287557573 213336819 244719894 466028461 681062537 300505270 867481746 901119367 488346522 665784516 65954071 172250586 116319607 401615289 959386225 663549039 183157979 750959870 461253248 374447855 62833370 707775414 74840726 213421045 866245951 2242148 31590750 390032910 812898192 727300010 668634214 283903903 778087934 944060345 934475160 582865028 416354901 363406761 881621946 725176700 179874244 237803281 779185533 181086819 193752873
60
641351218 59619814 124747316 720032587 36973243 41675334 877349645 717985905 463177485 194772334 501451656 656769773 515264452 682198147 671719482 4128051 453484407 268084651 842975212 500774441 493321941 62322189 646412710 671154746 576974458 268670067 670728730 45943117 438636893 374309233 63542608 459662031 841485189 649596979 966510253 587126248 689013650 503878961 346028310 563398110 36926677 578834060 983110502 254863419 660517744 928586928 501873964 694439402 532490990 487201189 171222353 240371758 210054028 395839431 844059818 705671087 412870156 460932887 380939520 355732106
68
170796459 205092698 521540515 235149403 839030844 870349265 35324490 228917524 987301385 850535367 323098036 378475850 875318784 698459516 632319159 406431720 662593338 589077660 77668396 143085812 926229425 229007465 837527961 807420745 207458886 296175750 106271190 849828976 112769968 449219751 76214629 270409243 654583552 35824800 965416461 850601400 451741389 181721593 991555002 322516492 200399874 52694652 821280270 577115081 325703916 611606700 794921325 763403820 221859444 296125754 706857463 138415638 724902691 794198193 872534973 575985650 905389752 472390545 350276157 573952189 47269467 605950199 369390966 74154740 705607128 139389398 486419458 472583306
43
243236603 583216479 386530510 930601833 640860622 971824669 11569942 199980852 538920298 726934805 80006731 946854451 118744878 277596428 675102208 367489778 909171293 119592448 514209554 613161590 769880847 428090282 536929027 20316670 526110541 682486612 633293835 309304151 496062936 783390248 468818490 215667378 486347675 175532287 466306643 431338045 727708414 713222981 367850274 176541904 737722556 138552730 957695628
36
943222669 352715352 234887713 468196449 339583525 330381490 654104847 463449536 860100598 326559983 943722444 933223419 528614609 115052298 771404492 208198 621538971 239011814 59924369 925598573 436981383 435302792 898317769 203800192 557894436 709161168 162312601 808746430 92024751 431544245 4295686 795273572 895168461 356332967 525687196 465353525
60
220420341 616482862 311303452 818931404 805352767 646931718 891907322 860018146 232676287 479080243 943716971 885799163 457596648 976726510 926906597 865703737 116926610 867229328 75640715 885866436 954104118 124289135 843980839 469796321 795426036 681913966 998019583 209634922 160044568 711956432 695333944 288843985 813260702 84727261 230583578 598560128 168235103 738115705 819338024 936522557 853733462 9845961 839540354 21615816 389026245 835395363 197584742 408961231 978639574 525420783 742053524 980299474 383022647 642595250 159383084 94470147 611575245 983665018 853634216 795466402
93
731520396 301952756 688065219 790135983 630775724 413668535 295800982 603356682 751091415 348482310 868550975 622234710 615485446 148054453 369256203 675754738 155383415 732906312 158285292 458846252 746501361 570202719 420298239 318794850 390933114 346498199 770166431 275561429 47332710 468246458 826202289 505968069 78279846 611367119 544976760 465616815 135014726 259241734 448934759 945368858 310894555 731104890 549329192 345127390 229882573 259808616 848930188 520304400 291288803 549919424 447558812 311407445 526195745 195650196 915149215 801427451 178564403 990571156 253200903 719191843 209673970 591723971 102704688 779597158 352330114 896890479 770653556 619805091 785098178 733136532 316373436 694274635 106911405 261273043 604668693 29185484 445838813 349082062 537236014 982702437 803956649 800135944 908533486 857745558 434787324 449743129 730617233 541759477 421503127 524273930 130200227 627456324 15383419
13
620688664 41306331 5881457 695176283 582936083 315128393 944883615 671984896 449596079 973826957 242734297 143545416 353382690
60
683901456 289259502 137631769 778231198 564529536 79856239 488831554 563233380 463726822 373238933 409947229 595850624 760781074 465496722 801408369 485841963 34757208 585141042 420609658 801682857 558617910 637242708 883281447 212662201 744618194 185928929 246845452 356865181 936338110 402631327 992693502 207713155 486529841 829741524 516356706 222426829 718813245 179885959 673602395 966713027 627676619 716765894 578278099 38982278 368740427 650704662 381598550 656202361 296964049 309942621 513128442 896532401 993135556 324316676 638457721 807303971 827351874 430136044 937088939 543166296
79
720160441 730779635 202625688 141456196 224306035 335449777 581074003 518127911 394354788 495741586 300827545 954855543 518757255 935393941 179011330 714105771 463366208 913039661 812748982 580763163 834817451 238134260 332667874 518178128 155869452 900270740 64796309 816642205 313287080 532708358 10759706 766754597 549143066 156897767 531881008 405797520 965517229 831391500 972494939 844787795 547618 944121498 82023764 692972980 487410112 536901855 802505101 931922980 249634944 418648754 525870954 290312401 788789304 32881560 286084663 388880812 12769486 358485318 39570525 782346055 949351070 190684278 215744152 834690727 553113465 473100680 399749420 216752929 630038347 227300903 789372446 105001272 678568799 72808602 305186570 465315282 403157170 511136617 249345293
10
564767966 984684312 598926332 786967678 666785555 189993894 382364203 81798803 267346580 141078255
14
700685442 931101100 485960166 517102188 885803407 732841539 592484479 489128035 248625654 600998436 149793050 248194228 960859295 585656730
1
354425578
85
683209634 926746579 422897082 199322821 852604412 654615972 347741481 214969236 937184211 350222660 775558981 72558524 558974823 34508833 906528514 420794588 592542873 765942082 840963813 389516854 326691094 823357036 38837406 663531935 698906424 803821940 949329473 519829941 181751140 455742825 807275736 834973593 243558680 787832444 494796588 705747090 772063764 212753774 836626739 647349788 701839313 365107992 362440211 533542607 256280414 355546186 535044686 933515120 608512469 758307898 505523228 922002637 839880174 339124633 133496050 168851341 138743867 387578876 188431650 791581794 54299710 390359123 195749359 447139802 764716220 996614407 688336757 684270960 894832197 273269677 222095536 867949971 865833024 645485714 676296113 286364977 524858459 890337369 36528217 485474475 155587143 445234305 940500050 433063897 520586969
2
348198032 965600364
7
251325188 372665636 234659828 971531886 204658144 461477727 335163276
21
160925467 95278187 320490046 2745054 542223265 713766493 168372591 600167474 766311418 935565984 159426897 407989493 863569846 50489424 409058732 509456822 734095297 796065639 930387373 114857436 513549659
12
154063557 121913300 584184494 96145503 727481160 890543725 137664030 496861691 477747660 854687571 591204077 99374747
97
867635880 359206122 437865607 359202306 190274445 220555571 60300931 523544348 590803176 981773055 466121372 413218170 215125063 165615585 320146454 456783013 583799133 541538657 318458777 378028489 4020494 327631006 581919975 89821127 666562734 162170722 866414202 180569777 241874418 209370906 284341387 725243206 749347501 970585898 529937883 261371845 486713919 880124475 107699926 576668507 191946685 490375656 186463490 191765357 933645112 501172997 509285173 600976422 745577538 245969919 771417075 457908055 851653093 440238789 62498263 282487749 67007624 994429159 826289291 544680849 427216838 946828655 832119834 631586702 945048997 111953073 510060454 283796044 354668145 766573836 272814578 26311332 75702202 931958568 17443182 590381173 343475412 370428609 429723656 855001343 702480562 110018026 137991212 904619628 574873378 303216570 939338234 72103105 120395034 303242184 950711401 201102734 637822047 754493309 458094693 633646908 43240603
16
373051849 198509344 914359242 370849780 663105406 699930199 27478024 662267187 246380171 582346095 935836397 996106039 14813555 22639632 440111143 293372799
59
307369127 475535056 823665473 830664618 188472305 840422716 229008353 182027025 358835710 921586076 928207138 87124116 561385793 763100106 940149293 10975690 627733775 488069876 502117986 369241016 521241965 236647542 897217321 672241386 198443207 547683587 104214179 877831368 195083976 908277087 842065211 430646346 931653174 165780730 451332760 701211905 640246575 362896719 35405215 740154256 922294093 895747331 571371579 724921779 739413909 204997791 48550749 337012146 991010640 459293944 106956968 568960633 286715225 898563149 309906181 43102462 2645957 299988837 322732158
56
8196907 615103900 825524100 603054476 273223440 863561004 909164016 518626864 643290712 806724172 910804558 892546891 818287783 586727771 622178668 973307269 366581590 355418803 465976238 129374375 281472162 609627684 494474310 230314047 220573136 202399597 682337905 783178374 536889176 652740415 122941468 732399645 421597477 123410607 646906195 132861389 848342057 18607478 108120760 105728812 799905166 118447690 940969389 664781523 643373262 131454094 574634471 57223550 760768785 856530427 950080741 791901520 989011970 868273158 758576301 927410900
45
107522123 47189748 188361004 439040906 393521584 144113715 980218061 870317424 418231657 713327874 390423117 859758664 514698976 484772258 876901589 20726499 496416682 324011468 27019515 925678950 156075706 889876841 515797808 911582647 854390384 64187776 750046229 804655769 963628690 322498454 623817074 622716 973674504 202081383 353116423 588981523 583146922 6913904 7774566 254354115 250330935 216156434 692995484 820559099 356062871
63
646979306 388245646 759884647 359318495 411924365 456605117 617097072 690430497 158229933 256659320 888830392 856595573 870971389 63943727 596950491 974735321 671259301 550862963 267225907 704073170 297792795 952368666 925752673 201990630 757439018 977264869 600351671 726797978 562512402 946228002 284393221 763788849 551333911 649264723 857731674 861579013 870033313 366500865 744849710 865665549 213419454 767920925 183968142 659459558 986774233 347550680 390090227 898822573 907736894 412283864 939302872 164602141 562598743 622930303 961125290 917538498 873692965 499309721 162183141 420356866 25327530 92865601 358594990
100
631133550 398331342 283620020 87190917 208562183 236760413 154105468 176670882 251206968 575722741 719018143 956495491 479556539 718841214 343880183 79013367 656865723 818671686 951447518 455915104 303158172 210756547 298662227 168711243 296161790 387435803 94865181 477861414 255604925 739129955 817957623 789546810 665140799 693125671 467531392 484084498 276911139 376122060 340132198 38850106 191920067 933453625 201507360 747816005 896797223 496021954 288340821 354967576 548249090 299108042 594435522 626326588 998414937 457854546 845434122 258600346 606047014 668690452 80860201 791507732 768758322 65023966 331593034 781767725 978748384 88523780 215469703 191845272 719092903 22050981 198029249 626785856 586068230 920587144 440970117 412362389 979595530 529262227 436638052 541208850 810955224 233824417 348056694 618949794 190377524 367656455 980354302 501629394 449838931 669470768 303917119 29378957 235602531 432428389 790480696 20622911 614621281 45988371 438789931 762169085
93
256683030 680850381 941602468 568971770 56369054 891108232 880763997 377378151 153774724 446137723 894846769 802452058 250311013 773731234 275150757 46970592 58736351 901667994 390369115 485100191 402062307 95656447 871750846 165549631 808644479 914316442 533854195 236786477 802964706 686911101 535808131 657363838 663341278 535379408 726361887 794396609 418573003 447131003 772107598 305704239 193458255 56599362 319997498 855608962 151532575 258125368 49915447 303819800 713641358 867385740 303330043 809189355 827652044 809804463 310024459 188527315 598019252 209133105 772216136 636176954 314122670 238186206 699367225 135463057 640526779 867932311 972835477 47125652 998175213 480263708 513147128 38833872 419886265 852835692 396952867 698269393 959280739 268779095 827927833 693710619 993223523 973445761 294066242 519635332 575588901 494192249 521550499 541110388 920779451 878336863 374381528 313455852 457289206
85
885027213 734554019 122261753 142073148 439514213 404278182 419252861 711855867 228108645 262442949 339819228 609107433 367645937 421280833 734853604 295963298 857489558 131655137 979075921 494505973 868200888 170277732 374912905 540130263 962536455 78633192 926781827 445532183 804753138 868837689 887220899 582612528 571506957 818780028 430627410 271749561 196905840 784721135 800526647 25523862 912295997 923395027 542547954 953631604 984671883 393741912 738192962 710706683 370253408 152442395 838547290 65244493 538066427 150268468 64993423 498314633 296721544 900303431 13180782 351178165 594392839 488457964 438922504 350832541 956040264 358779906 283474609 989064743 117791923 165391208 604879358 763388402 875113825 843645086 595470141 149052302 246691601 324784576 801033999 439452388 899139566 291034988 446219214 322706868 502651431
80
863076679 551388318 414105328 645421010 610908901 982456826 479183343 425703179 847409765 259128317 892524437 447616008 54779864 485389495 510086230 480247822 993914193 744540525 108884274 376241165 218340056 975687936 89950499 474791207 691417385 986033959 35290749 738220710 769581854 958463300 810207488 609246297 606930458 854695663 80881525 941944574 639179779 60309786 720184868 338826846 406818171 497239759 419592474 48551833 318915589 464126577 278696791 744084800 752532075 689577524 600404059 690334761 941338133 958325773 243998536 891911669 808177282 62681535 870110423 642415300 35647116 817809932 207901591 735770114 553020105 941952120 179411939 763877186 778005111 550953608 924331888 902598694 755719369 744931721 843728326 59071356 735177035 513968849 191082784 434727363
88
923162371 721789435 491928929 49790898 680478223 225580919 140030500 633745826 16665928 646237875 412520338 643174004 815447351 173799092 63015915 429976958 705861541 365752885 434629535 791068742 855807086 286129006 52410879 968610048 262376296 17205263 723990428 593003490 135723535 305704381 37594470 278563420 792578343 49780462 980947529 721490168 204008385 118540990 140513822 475070473 509672793 340778133 655446835 481585969 864430799 715182437 137611779 284167428 882513549 789846497 654974190 729442689 481722205 19755187 628502198 679475685 697159612 540438201 212388588 792377820 63721707 385905954 321402469 724276070 5708503 772906604 666999860 121984651 324352521 457794877 326367166 966370866 402641413 684565840 988213198 111722394 314144726 517252631 890841131 95926274 80254623 325685737 660441114 8043153 514583016 141970480 935572609 170902001
5
890191338 928375378 88594091 212657573 905751381
26
229776268 979082767 395710243 735386870 944333355 180330420 656747563 337940479 457381279 527796900 98088020 223458471 186342877 546983760 821703238 183167123 896671045 620764134 663002593 950431527 428269201 830995757 997490285 586065487 367288325 259244896
29
205636650 996838318 92518756 534406329 715309970 364176436 904743543 782458568 408917654 940147552 227286604 824965814 456652401 6230021 141315949 326325342 826867518 674901593 38749876 919839189 662454624 310998229 425629677 984805286 528453974 495972147 720349619 994868692 209378951
59
86701525 938865609 7812154 957185426 605220663 126520878 517968701 80704402 405313100 51284839 152312502 303054670 477693053 257274796 181066481 588517929 333983032 570189694 944410328 168657188 377119880 49312925 109467095 765777756 420508340 402432519 336197479 112881851 587617582 693177748 856153848 715532416 508823473 531993515 778316022 44932147 496676231 163458834 379993390 521108648 556428383 304241569 727979120 949384016 166079640 959060431 705795910 191683047 465763307 577390296 335893936 64469744 984141609 129570082 751738003 473337918 383035246 96654475 739719996
73
724136007 360321565 42438907 887414266 286891737 483731783 49079289 341265259 604378202 24590372 554942414 965476434 544449088 575615330 929530222 33135211 694343157 833547025 90251091 810816657 572735452 612460763 864926378 518416223 412281009 673508987 605430155 724982883 760429137 255344891 352044571 637835457 252429696 236641053 988177415 915286381 638968263 503913818 277736596 355042764 232260730 557012501 112341938 531437175 255223091 572849004 799848296 886953415 32337067 168142205 79140167 276512189 623053698 333000908 283766145 38786977 192288055 46212901 223577750 707898474 502550425 585707350 859682545 895710326 444300981 279124481 976587735 216768413 829039138 685584554 790273130 644711856 934919986
18
177209960 22198302 808647314 35317035 918133972 559107994 783382669 2277752 336647403 632925230 805463568 980878861 236917792 924652721 929135544 553629581 586298247 674996159
6
538073684 222285450 580092881 54291827 111838187 600465494
48
344829642 176232916 520108062 856312162 296813871 642454937 566490266 287793393 421131364 706510088 130404385 517946447 477209797 457215611 990479343 976406004 835881420 774552947 432403604 500035668 225295547 448733389 392753625 120843224 45698347 862010826 928543161 27861526 477474316 864245358 718440345 378335950 27155985 381977634 550929711 861916141 473054040 470179586 244371643 430687244 519920097 516562903 514985457 454632348 405400129 7120354 79018563 867005924
58
556886676 716499 520975044 55184487 586204295 260932829 684594588 560444562 325122760 910958520 959730947 820751786 812069224 643610593 439715655 368278674 528158775 702675760 934138781 999068795 788741796 122225569 872615964 440795396 17028245 457544563 351590832 356300884 346548156 118860608 43048105 75243968 226516349 441678431 134600063 546093192 308812866 261221458 952106423 454922542 387280963 290000114 780040438 303747164 630992957 395304333 778214032 126975987 650439324 721562089 12125263 584632705 673613409 697949360 714708379 884474514 440564091 782476350
12
872794727 335035498 203723118 111597780 915328777 314970073 270824253 280343350 10473531 714469196 768315051 301968174
89
113161784 280501745 861406629 46846370 600678214 480189185 275746162 139996166 865747067 169359678 137845991 505234540 70843453 861772565 493719601 690935183 2162943 915335432 904536969 10795944 276176676 59599458 359807519 461879676 817972117 295062869 528660938 204733631 858008967 94260293 173365099 542058107 807555672 104380934 644033686 792513769 353164297 705607356 460083480 940827492 498288230 874506147 838564486 55463737 843437110 572838524 612141189 319216964 657785558 407823548 611289543 954343632 901259614 775865170 53165950 85231131 592998195 98839245 645419184 995937873 10778377 513273352 473327525 190349599 177122763 842788875 444062923 113659026 281652570 950416249 423998995 258704619 493797419 158639109 647418835 702790631 838747819 872599627 501885059 958138603 915518288 175011765 629858749 762143041 756362716 393627459 120811137 502921882 584432470
91
548118261 648410733 379121938 897779317 991740898 592566283 749863199 37435679 411667014 163385510 456763824 451788704 676149640 194860966 239050314 552231559 523804368 937702204 852164608 628937781 891222819 638745114 105622017 58999011 815529959 98879099 216769390 303858110 777945314 346103177 174391364 453078 401288071 852511354 551615919 113480684 289056851 624694832 949964624 271177599 256571962 442773081 887308294 288486585 511442060 559283725 285822690 478707280 584777846 926016999 689693461 222314575 667384931 464139171 857429670 357100600 215869839 108310 161375315 984333675 724219108 596289861 586817723 404860984 315014599 856642258 736963902 766989249 644965530 463132611 842957111 718910263 758001976 418398663 523726941 359087996 785017942 619660740 806961737 684039206 550858145 583419983 706698243 198729696 468938390 382620435 968128061 860783719 280352925 340547923 804470365
39
621822365 310514096 438711933 810515399 641243300 114922512 410542107 610777843 609555063 902794512 773722855 765758613 439828340 62837805 105544843 956676586 333062087 22051470 142563395 699981046 928980568 732654371 112316761 229587272 720960694 696606753 373693673 857854929 666613447 572301197 965028827 709637207 392022157 928636334 603691424 57491880 495583685 131252131 88577694
21
402237070 341849577 680863237 188147567 783804571 535079495 620948242 630864476 182785311 733990223 294651617 92740039 846454539 374844841 851397930 266577632 117754010 429554784 148770420 201183442 163213376
88
809267346 454447865 126509766 68067043 647728623 818852134 526176840 309351957 474530777 194465611 569650070 206141376 608484741 286137590 356701667 910623376 165158591 230317779 491220100 435096765 573619928 151288610 666904987 945453971 448483696 290831 562806679 195888160 344332841 179496817 440761000 521689725 17755912 508863577 527180323 287271215 611942472 658601833 118732286 931163909 189968085 494079550 846166993 737444068 321303499 431802045 514262074 765365032 923976875 807195153 15967942 291541482 441233733 41023281 975643135 763333381 319726413 931654245 265520788 484198368 788293778 760540323 43322045 108089378 308793518 258310318 558681816 498664583 185721974 946812034 856092712 765647908 649069314 822472111 849642706 665977525 669465105 713566176 593224211 941042157 327348468 392193388 797132406 375967908 947958553 476543123 122616148 272686907
7
327381611 416825283 578541982 311879628 115331612 897022416 979015812
74
166100574 245705341 273489708 773152063 592417544 721956269 699743805 83867611 400609508 896894002 134774870 825946642 812549170 359590730 461263001 610216757 365429582 874819040 112846323 282381266 148488634 348103563 17031100 316486968 550783207 355453544 678245421 464310289 705041264 771496953 252213076 576358702 920552764 292747471 500598707 69394496 891995789 106257045 90503930 50217840 71865464 598251073 67320739 861812355 712116876 799328011 777196306 958632860 854894647 667465535 481862001 386858773 274998211 690417345 810830344 118538586 716963196 737584726 543644111 643779776 576162227 554765659 139945543 429851542 327033639 461516812 308185172 945149067 343333267 686913662 735040488 10495220 167134285 807794715
65
2452627 454923239 36922568 539058886 840699666 836884006 811828457 47215407 478335568 861593750 541185458 155241366 222333242 929988523 155508825 706009650 651272734 150557185 623086302 507023069 28828603 442672356 544022833 825719267 394509082 674998164 702674010 796540566 738415208 41462711 905017729 869056599 580766740 260941826 985621181 251054651 482864878 123751999 376100480 186810910 748641676 353755963 148453186 716309473 151564322 970771687 26981593 816903483 373959325 623424020 149617299 551742924 793765706 584719653 328577052 863428002 599082064 962428299 34027117 318231595 78623188 523972991 591152586 263210618 480659571
36
91343632 29748676 83623261 820836903 448802560 783730146 457682750 342974706 735441222 533570319 640034054 973980888 594652867 866424061 276677566 724038375 231332644 861871935 426686918 522507958 557755292 588569780 875626474 631101600 79290553 786195235 961776966 135074844 159122157 580092937 222702947 649817676 732627799 482132540 502310822 964815423
46
375897875 676944668 252569300 825587903 229032976 39715108 935788541 109461335 147897893 369022793 659399745 580865336 637817199 534714910 351865831 993149826 985312199 778490893 32332943 1708722 743076333 416339922 506531059 603968899 198816358 275855757 668618083 492029168 8285136 531295356 479226773 76243300 896421092 272083533 148841484 585774248 657212642 971621540 609143426 694999751 517655660 52566073 503140444 181367416 721010648 895230444
88
909905313 143574394 178266104 153130873 92329633 918097818 243489224 357350158 799777432 576166642 966746897 961684302 844486548 590681519 653492725 951901426 326540417 991715306 318590085 588954528 993122319 439973 826103240 194999226 595348927 560194449 77558620 887079991 26437162 164823607 526537409 269332824 295342565 110650152 120204266 236973302 383659599 123045904 71768468 425054769 53217285 477970946 284729693 641514415 234258927 202390548 209423649 752709313 853664175 942193311 115194420 183114732 139143936 459053460 735645269 194680900 935420204 987273775 788614304 73038929 892994436 834227663 889634435 125175015 819288171 732583123 132939899 169533757 456280437 416077711 279283668 635336536 726281261 816477588 590377743 937688723 427626253 369548576 115035470 537952214 932650652 40231318 513117729 203905110 146916318 662352336 498869618 692804390
