35
50
78 57 85 61 11 8 9 40 17 77 66 1 34 92 80 11 44 1 3 19 29 13 46 25 90 73 29 17 53 38 77 25 60 13 27 52 13 6 44 80 81 26 35 16 95 80 16 92 30 5
20
20 81 64 89 71 2 15 89 35 17 28 35 77 69 49 3 65 65 40 18
20
50 35 29 93 78 91 71 67 11 24 92 2 75 19 89 96 24 30 83 26
100
79 46 75 30 31 8 38 33 21 83 16 44 45 72 36 17 26 69 75 99 35 74 18 81 75 23 16 92 1 93 21 70 89 50 4 33 41 36 29 93 96 5 82 11 61 19 82 53 52 65 38 66 83 63 8 38 99 81 64 58 16 50 14 83 70 60 78 93 92 16 19 49 71 21 21 74 61 59 51 64 78 27 6 16 45 40 94 61 68 42 5 67 76 70 58 24 65 13 55 16
2
94 15
4
93 19 27 47
20
70 58 36 78 53 49 79 5 95 34 97 62 3 52 60 95 67 81 92 55
2
16 38
10
35 46 84 95 68 9 7 48 95 61
4
43 30 30 20
50
71 83 5 49 42 56 43 23 61 60 7 23 88 66 11 46 33 53 26 83 86 26 92 16 85 14 47 33 43 89 1 24 2 55 39 84 53 42 62 66 83 55 31 99 50 21 6 1 81 40
50
34 84 86 74 87 82 70 88 45 72 61 62 12 50 4 95 35 19 59 56 86 60 71 17 81 20 26 36 80 20 31 46 85 26 88 65 44 43 89 79 9 4 41 86 80 47 60 95 2 93
50
87 76 79 7 84 57 29 60 85 40 63 27 7 13 1 99 31 69 22 78 35 40 52 91 63 44 56 99 74 14 68 88 37 5 31 88 95 96 32 30 27 20 58 26 91 32 40 92 39 5
100
47 42 86 22 66 87 28 5 77 40 54 97 93 14 92 72 25 34 88 39 37 72 34 54 22 58 12 70 58 18 66 33 67 48 6 35 59 9 73 10 49 18 40 12 67 92 60 26 26 20 98 71 38 39 36 4 98 49 78 74 75 57 80 86 65 73 40 11 47 79 45 41 1 90 73 98 58 23 41 48 19 77 2 95 8 67 16 92 5 24 25 24 93 95 93 59 1 82 17 64
50
44 5 24 15 52 4 80 44 53 55 95 35 24 16 4 49 29 98 52 15 15 21 70 47 40 36 97 78 61 83 43 71 100 37 60 35 49 77 31 46 55 41 50 42 28 96 58 25 19 68
4
82 76 27 38
20
11 31 95 93 62 49 17 33 49 36 37 68 80 55 39 65 85 10 39 20
10
6 40 60 72 40 26 30 95 75 56
50
78 1 58 24 37 39 48 35 30 68 85 67 62 73 6 54 68 44 37 18 95 34 98 18 9 6 50 54 39 15 67 3 95 80 2 10 52 43 83 30 99 27 99 36 78 3 39 42 44 7
20
94 97 69 77 8 71 28 8 43 93 4 3 31 71 18 40 14 96 6 31
20
78 32 36 49 66 22 94 62 79 43 93 53 77 68 23 70 50 33 48 70
100
47 3 86 51 21 6 95 79 22 5 93 98 12 24 62 56 61 10 42 5 79 37 96 28 63 29 25 83 78 70 42 58 71 60 15 8 32 78 58 51 51 51 6 55 35 23 78 95 40 46 11 35 48 69 67 39 65 89 34 56 76 38 74 32 23 25 37 30 29 41 39 20 87 90 24 24 9 18 8 4 35 8 31 50 85 59 84 40 26 44 85 51 96 3 28 40 25 87 61 61
10
54 40 53 99 1 50 96 10 22 70
50
65 50 38 65 68 37 73 57 61 27 50 87 11 79 54 93 45 75 97 73 24 30 98 82 15 62 75 80 33 53 51 31 40 67 75 90 52 77 71 52 23 48 3 43 79 14 16 62 60 19
50
8 7 61 30 25 51 8 58 22 30 27 60 72 72 82 22 35 65 48 84 75 99 9 74 32 52 19 6 51 44 2 28 39 73 17 100 44 56 43 25 80 25 27 17 42 77 94 73 60 75
4
85 71 14 24
4
26 85 55 51
10
49 91 45 21 77 51 89 59 6 64
20
62 93 98 78 92 13 25 29 14 39 43 1 88 81 45 99 15 29 8 75
100
21 57 73 55 87 26 42 2 12 76 35 74 35 36 91 57 34 90 32 22 27 34 83 10 38 65 6 70 29 3 57 46 24 57 65 48 7 59 16 55 4 94 34 60 43 65 58 90 76 39 47 72 77 58 96 33 89 55 67 22 6 51 68 13 68 45 66 74 92 89 56 50 75 73 20 65 91 79 19 76 19 95 72 56 82 70 95 17 51 35 99 49 11 23 29 95 98 78 59 78
20
22 54 59 64 6 93 66 36 46 36 35 97 34 46 42 92 70 68 74 24
10
56 69 57 33 66 100 76 26 11 28
50
92 85 84 15 54 1 55 40 86 1 16 23 29 100 11 46 49 71 61 58 84 25 46 8 51 79 7 100 75 66 88 66 100 91 57 56 74 29 71 26 83 11 89 16 20 53 4 32 41 36
50
66 70 67 80 19 17 72 57 94 85 26 87 52 54 21 17 68 93 22 77 86 67 19 92 31 12 25 12 21 49 67 88 77 66 53 36 50 28 83 29 83 49 84 100 52 64 37 50 49 25
10
29 83 80 22 7 14 36 27 59 53
