30
20
57 71 38 36 26 17 45 27 99 84 76 3 52 24 40 90 97 85 80 31
20
96 27 45 79 79 2 86 62 49 68 48 52 19 83 22 63 26 57 34 50
20
5 50 53 17 89 54 17 8 84 69 35 68 54 33 79 94 4 74 93 67
10
57 29 12 40 90 47 6 89 83 64
20
82 19 85 100 16 8 81 56 79 60 92 59 46 74 17 87 66 73 57 90
4
98 54 1 21
20
1 73 22 54 21 58 72 58 74 71 68 79 34 91 69 24 64 71 89 21
2
53 49
10
30 81 11 3 4 82 81 11 71 88
20
20 91 96 95 24 53 32 77 81 21 82 32 2 100 30 36 17 81 25 83
10
52 43 69 40 55 3 46 24 78 42
2
83 28
2
55 27
4
54 86 55 69
20
31 81 51 89 45 74 3 55 95 42 85 71 48 52 80 20 92 94 49 29
4
45 79 7 94
100
19 74 67 66 12 17 39 19 17 35 69 49 15 38 6 43 64 37 83 36 8 34 56 79 65 19 39 6 99 70 10 9 74 75 46 80 10 6 82 59 21 47 21 56 49 19 56 46 75 29 44 48 6 41 65 65 18 5 91 32 62 7 11 1 22 74 41 36 12 53 42 36 31 14 84 58 99 7 28 3 49 97 57 44 7 62 37 49 94 92 25 5 65 81 7 94 68 96 8 10
4
12 28 45 1
10
61 95 17 74 68 16 18 59 65 86
50
89 55 61 37 49 83 76 32 64 71 91 92 87 39 24 77 83 7 38 12 22 42 49 41 4 87 59 56 83 77 80 69 95 60 43 38 2 34 67 4 10 23 50 77 32 61 22 31 85 45
4
69 19 18 35
100
80 97 15 98 63 21 15 66 70 81 29 63 85 90 2 64 56 48 2 35 89 3 48 76 99 76 64 67 53 64 75 33 42 24 55 49 14 43 41 96 27 63 96 82 28 32 8 84 63 80 22 29 2 82 25 1 33 8 31 66 50 88 77 100 59 21 80 80 65 28 85 91 78 88 89 35 60 100 89 47 32 13 68 2 93 74 56 27 18 44 83 47 49 46 7 94 22 67 62 38
100
55 33 59 43 14 25 54 100 56 81 93 45 70 54 41 91 40 60 61 86 69 26 8 44 44 80 10 60 64 43 97 53 78 8 63 54 56 24 10 45 73 36 28 35 32 59 67 19 67 7 28 99 58 77 12 11 80 93 100 41 64 59 50 44 76 36 91 30 54 39 75 34 44 6 59 80 78 87 53 85 56 9 26 60 7 94 58 1 24 1 24 32 7 2 12 30 47 14 75 67
2
17 67
4
86 24 82 30
10
72 68 77 91 64 54 86 48 29 17
100
74 98 28 85 22 79 55 33 52 21 60 83 76 3 67 5 43 79 100 52 83 4 47 91 86 15 69 78 39 54 6 10 81 60 76 87 90 23 23 62 99 1 86 71 23 84 58 12 8 89 89 18 56 97 61 51 100 59 72 70 5 37 50 13 59 17 83 92 43 63 42 1 72 21 96 26 45 60 23 26 92 90 36 34 48 13 92 35 83 63 63 56 68 86 98 4 92 70 95 3
2
62 43
100
81 6 63 53 5 82 92 96 65 15 71 63 95 46 1 37 79 29 74 58 3 27 83 12 78 65 74 54 62 29 49 75 27 36 13 48 93 51 3 25 35 39 4 2 30 74 18 16 66 29 86 57 83 64 81 28 4 98 49 75 98 1 43 50 1 31 79 21 86 71 92 64 47 25 31 55 24 43 60 56 99 97 86 67 18 8 19 8 15 25 24 35 81 9 45 42 19 59 54 37
10
43 11 46 13 5 23 39 62 60 13
