60
4
71 62 61 25
20
92 13 34 36 83 19 11 28 47 40 10 47 89 84 24 85 11 99 34 39
4
38 88 16 86
10
48 56 2 45 64 97 99 37 73 13
50
84 90 61 96 78 46 43 6 22 36 89 12 67 1 65 40 35 12 70 7 94 38 8 50 46 58 79 19 55 20 63 81 19 26 15 82 94 62 88 27 44 54 76 82 22 79 80 17 25 58
10
60 87 58 72 11 83 33 66 52 33
4
13 90 44 54
50
17 21 18 78 74 74 4 44 19 57 19 14 79 88 45 99 77 59 6 84 45 90 87 69 70 63 86 88 75 41 7 78 16 89 90 36 98 69 53 12 48 63 6 7 79 74 16 75 56 77
100
37 98 34 39 55 39 36 93 26 39 44 55 59 38 28 1 99 38 93 37 97 66 3 63 84 34 22 28 91 6 11 65 22 39 88 15 26 66 55 48 86 96 81 100 19 52 63 71 53 37 52 98 66 35 12 32 69 84 99 12 21 81 25 95 87 99 48 42 79 56 49 39 75 58 58 24 12 88 58 75 62 53 5 26 33 62 78 43 81 27 22 23 85 54 45 21 72 2 24 3
50
1 68 93 49 48 54 53 28 85 95 15 21 61 72 33 91 71 70 16 92 56 61 89 44 77 46 77 48 62 82 5 25 25 52 7 52 56 35 75 64 22 74 32 90 20 57 80 19 98 52
50
2 37 95 66 66 90 42 99 59 93 12 44 22 26 24 28 94 15 27 32 93 17 88 62 35 64 12 27 78 96 8 13 45 43 46 35 69 42 96 34 69 46 7 33 76 74 57 73 98 76
10
54 68 2 63 61 61 81 75 47 5
10
52 84 13 91 1 92 84 27 50 69
20
60 77 6 2 22 27 16 26 72 99 92 3 68 27 31 47 31 36 54 68
20
26 74 39 46 100 79 2 62 40 89 71 4 41 21 83 7 88 73 41 20
2
31 14
100
25 69 39 6 17 85 77 19 98 63 47 75 81 54 5 67 53 14 29 6 57 34 34 25 19 7 32 14 74 22 47 76 21 44 26 86 40 87 36 29 59 97 55 34 63 35 98 83 21 46 25 94 91 88 28 76 55 92 65 58 61 56 56 83 69 100 63 92 84 73 43 70 74 73 69 32 8 76 89 29 78 50 65 67 32 90 78 79 44 20 98 74 26 65 24 28 28 72 96 69
10
63 50 11 64 48 71 59 96 4 8
2
22 5
100
60 12 39 84 34 39 46 98 25 9 2 4 13 45 73 60 44 16 22 75 69 71 74 59 75 15 5 10 17 79 30 93 50 87 91 94 72 23 44 77 97 46 90 2 16 41 7 52 99 4 74 5 15 33 10 9 1 48 100 33 1 75 36 94 23 100 92 58 28 35 63 16 6 89 76 59 58 54 70 26 27 94 60 87 68 65 56 85 84 54 51 45 28 46 52 74 68 70 25 80
50
83 90 68 13 11 25 23 97 31 49 79 23 15 51 60 96 29 67 55 9 26 1 87 65 86 57 62 6 98 95 48 93 39 93 5 82 30 97 96 60 64 84 60 34 14 10 91 38 48 100
100
32 1 45 14 27 3 9 1 24 2 8 73 51 72 33 30 7 60 7 98 10 37 26 41 85 8 29 75 43 24 28 59 33 9 25 20 58 100 3 10 10 34 95 40 89 41 16 83 41 66 35 2 25 55 5 25 23 67 83 26 97 76 42 31 98 16 61 78 32 75 80 22 56 20 14 19 96 13 18 33 49 86 49 58 53 38 83 82 91 80 84 70 40 94 32 87 71 88 58 5
2
40 44
50
71 63 50 83 33 27 7 18 36 48 95 34 44 22 76 67 34 58 3 9 15 48 82 12 94 28 87 21 86 54 40 13 21 14 68 9 66 89 21 60 70 47 56 7 85 5 88 89 52 51
10
51 20 52 84 86 88 30 29 77 12
2
84 49
10
98 86 22 82 46 80 53 37 60 76
100
24 32 96 20 43 16 20 69 56 3 33 3 55 45 93 50 100 57 78 12 62 80 39 83 34 9 19 46 49 22 87 22 9 54 64 40 59 61 39 21 21 56 60 38 11 37 46 50 56 57 100 94 70 56 45 25 56 19 31 85 11 82 70 18 37 57 88 86 69 20 8 45 37 89 70 50 20 73 79 23 36 96 27 74 1 52 86 35 48 94 40 91 4 35 92 84 43 54 59 10
4
73 73 66 64
100
42 73 92 75 25 86 31 18 8 30 43 89 97 23 76 80 44 9 65 47 69 61 98 4 37 91 32 13 15 12 70 12 25 8 80 27 69 55 19 51 86 65 27 20 97 88 99 15 68 34 63 8 79 31 11 76 28 80 4 46 2 97 60 44 43 5 58 82 25 29 21 39 53 83 55 81 22 18 31 23 2 34 21 1 14 21 60 72 80 14 54 24 87 23 17 12 19 29 82 8
10
16 36 74 82 44 36 39 63 47 16
50
96 56 81 65 40 65 17 42 35 19 95 33 92 66 87 70 39 60 73 97 38 70 20 82 3 76 2 13 49 37 80 58 20 80 81 18 58 75 83 57 32 85 72 71 71 71 76 90 79 66
2
31 6
4
35 5 34 93
2
6 73
2
99 30
4
5 100 2 5
2
80 25
4
54 35 73 34
2
11 24
10
97 39 5 10 88 81 64 49 11 24
100
70 97 14 52 73 20 53 9 94 51 30 6 99 70 68 70 32 55 23 28 69 84 23 22 13 95 69 22 76 35 9 97 56 86 49 55 20 86 58 42 33 94 14 9 59 61 59 37 88 37 84 40 74 24 42 84 19 89 98 81 64 5 16 27 51 42 96 76 62 5 13 20 59 67 71 72 10 47 64 66 61 77 4 86 39 17 36 60 21 53 58 38 16 84 6 36 90 72 41 33
10
96 38 86 24 66 97 77 80 25 98
10
24 48 74 24 36 88 24 48 28 76
50
46 8 19 3 40 35 47 51 40 21 52 63 100 96 15 26 98 49 87 13 83 97 94 100 23 65 37 84 22 34 59 84 48 92 85 96 83 59 91 58 10 22 11 94 53 49 28 75 57 58
4
77 49 2 75
10
81 21 45 71 100 35 31 20 24 43
10
67 44 1 27 80 100 89 89 55 74
50
70 54 5 38 48 51 68 54 74 81 86 44 3 19 30 67 46 69 26 92 51 16 67 8 81 95 65 66 62 60 64 95 64 37 96 33 22 64 29 89 30 3 13 79 8 58 33 48 100 67
20
36 80 92 88 56 18 44 75 13 62 47 91 61 67 76 59 52 56 31 28
4
17 84 7 14
20
23 30 67 81 24 70 54 44 83 88 82 34 26 47 47 40 10 4 25 84
10
55 14 76 11 60 88 39 95 17 25
100
52 22 22 57 12 50 76 51 19 84 38 41 3 90 68 12 54 27 95 91 52 45 31 16 27 53 100 39 40 31 46 51 20 14 75 24 39 88 93 62 56 12 69 68 41 19 61 96 100 3 39 48 33 27 34 9 24 18 30 15 47 55 79 79 7 84 60 100 49 98 58 91 3 85 56 27 13 45 61 15 82 45 31 18 84 76 39 39 67 91 11 73 13 48 5 87 3 32 65 18
100
27 85 3 83 8 40 71 71 16 56 23 26 78 11 89 74 79 63 89 77 30 94 74 67 25 67 56 98 23 23 63 42 59 42 68 87 60 63 89 87 25 15 88 6 33 60 50 32 50 12 59 26 99 55 55 87 30 5 64 17 64 25 80 30 69 77 62 21 23 85 10 27 47 89 83 43 80 27 89 33 44 76 45 81 92 70 78 99 2 25 2 67 76 23 26 78 29 13 19 65
2
60 30
10
55 43 22 89 27 19 93 64 2 66
100
9 59 37 92 75 66 33 15 15 4 62 87 89 73 70 82 8 57 56 95 75 69 2 60 49 81 98 62 42 78 56 72 46 73 93 11 20 24 68 33 21 59 76 37 9 26 93 46 53 99 3 9 12 15 70 77 85 48 30 21 9 83 94 55 53 47 44 4 41 47 62 66 55 96 78 77 13 76 98 61 68 69 4 86 86 46 78 20 42 49 38 41 90 35 95 37 3 10 92 61
100
64 90 94 78 70 40 70 15 83 64 55 85 79 26 13 59 87 35 10 54 80 77 69 92 44 21 62 23 62 30 75 14 93 24 42 2 54 84 44 88 3 82 91 84 30 20 35 90 59 17 79 30 74 24 54 72 72 74 27 60 25 97 92 7 45 81 87 83 79 87 36 48 51 65 28 5 60 32 42 87 99 53 89 10 43 99 36 56 62 52 54 21 7 92 28 63 9 20 32 73
20
99 25 60 73 94 91 97 53 99 12 82 24 96 29 48 75 75 57 82 83
