55
20
74 95 41 12 4 1 70 78 7 17 96 59 63 39 25 95 83 73 49 13
50
49 79 62 67 23 96 20 22 45 19 94 45 28 29 89 33 23 82 34 35 33 25 71 66 4 68 54 1 10 81 66 81 84 92 76 42 87 19 54 89 58 70 53 11 99 75 38 86 57 36
50
73 34 32 42 7 100 49 65 47 11 12 94 40 66 25 89 46 69 17 39 46 9 10 37 45 94 41 26 78 33 2 96 74 35 56 70 92 13 71 76 40 28 48 57 37 12 80 97 27 18
50
12 91 59 61 38 43 100 49 100 11 85 91 41 26 30 36 31 49 28 95 65 1 76 45 67 64 95 72 88 68 97 12 62 94 53 47 16 48 66 49 97 85 90 90 100 37 34 90 80 89
4
93 6 6 24
4
5 64 32 75
4
20 13 33 31
4
26 51 27 85
2
46 30
100
53 29 81 46 61 53 29 12 86 68 37 7 39 29 17 25 14 94 1 36 81 28 92 28 77 83 9 74 82 11 70 88 2 39 64 69 41 28 74 92 78 98 95 62 99 43 76 7 54 93 65 49 83 98 32 63 31 6 79 40 36 71 79 53 43 5 7 4 52 79 42 67 63 89 23 11 16 90 46 85 94 20 97 88 55 2 47 1 72 66 34 46 72 10 15 61 1 100 65 3
4
42 79 99 45
10
95 11 39 52 12 65 3 95 21 73
20
30 1 2 61 99 88 92 32 8 51 85 65 30 70 21 35 16 69 11 71
20
90 29 80 33 68 93 78 16 80 48 29 80 54 12 86 66 45 12 77 94
100
2 16 34 29 48 86 33 40 68 96 82 61 3 82 37 5 3 19 89 38 84 69 96 67 78 54 4 79 78 27 20 10 13 88 48 84 12 76 51 95 71 97 81 79 77 17 30 85 72 27 83 35 27 9 80 39 61 15 31 18 61 86 14 92 59 34 36 32 11 55 10 97 91 16 77 5 51 28 55 50 91 65 72 4 43 4 15 6 34 88 14 82 52 60 53 23 12 66 76 28
4
3 100 59 98
50
1 98 6 85 22 43 89 100 9 7 5 76 34 22 72 65 46 65 18 83 71 84 88 10 66 69 20 99 10 9 17 74 88 48 70 29 70 81 99 9 55 35 15 3 89 57 86 29 4 37
4
96 18 33 90
10
42 79 88 84 77 81 99 6 24 53
4
71 31 10 48
2
49 67
100
57 31 64 32 31 7 30 57 37 71 78 43 4 90 42 38 98 7 41 70 96 70 63 39 27 38 99 77 75 9 62 72 44 79 5 83 49 59 79 55 22 32 50 29 33 47 54 7 4 50 83 55 49 25 85 25 3 32 25 14 33 50 1 74 13 53 92 66 3 36 69 70 26 97 21 40 61 61 93 66 26 25 21 72 88 90 43 46 37 45 63 19 82 22 38 32 23 37 91 26
10
20 27 67 12 86 92 9 68 50 57
2
97 16
20
52 13 56 98 61 87 48 39 24 45 36 34 66 45 19 89 88 100 1 60
4
84 38 56 9
2
42 22
50
83 80 27 51 46 31 25 34 30 91 20 2 34 30 73 97 24 71 99 7 11 92 27 76 46 27 82 59 17 14 59 62 25 8 80 11 83 57 27 51 49 20 96 43 91 12 85 67 68 36
20
41 85 14 97 84 8 25 1 3 37 55 85 35 40 22 33 8 98 53 79
100
94 78 68 39 99 90 33 97 64 77 35 74 83 75 35 14 49 11 46 56 29 9 74 61 89 53 89 55 56 6 89 22 74 38 4 88 92 37 3 10 54 3 49 55 87 2 19 30 14 90 19 64 13 98 36 8 77 6 20 88 57 31 11 92 56 74 93 97 11 31 41 25 41 3 51 51 11 18 13 69 29 22 72 29 13 68 18 38 97 48 55 60 37 58 74 23 76 45 88 16
20
22 73 19 23 26 41 89 81 56 66 65 39 7 70 50 53 28 47 35 83
4
25 26 72 75
4
41 5 91 95
100
97 79 95 56 79 68 1 10 25 83 98 27 8 22 46 74 93 76 32 24 45 35 32 7 100 56 28 75 12 69 50 71 60 95 48 21 97 15 24 65 30 64 11 65 5 28 55 37 34 31 28 58 37 40 10 91 37 7 72 99 5 83 13 47 65 56 63 75 53 87 77 51 65 81 3 9 61 50 7 46 75 4 31 88 71 40 63 80 11 1 87 1 66 27 44 7 5 21 13 10
2
59 55
2
25 93
10
24 72 16 16 83 5 7 65 89 47
10
49 26 54 63 71 5 9 34 11 67
10
34 62 14 74 62 20 59 52 35 74
100
70 34 13 29 37 72 22 41 21 58 7 47 39 89 85 34 36 77 97 69 88 37 79 12 29 81 31 47 87 95 57 1 68 43 99 29 65 55 97 67 31 13 46 100 47 14 10 8 9 2 78 34 6 57 50 48 80 93 85 36 23 31 49 88 57 100 78 41 8 5 84 92 1 10 74 64 5 19 89 70 50 44 35 62 53 56 42 10 58 31 76 26 6 14 85 19 72 66 80 73
20
89 54 60 51 13 65 70 80 22 15 26 35 60 88 73 5 42 47 47 47
10
91 25 30 74 28 70 93 81 94 68
20
91 67 82 40 12 77 57 70 92 98 68 77 31 57 53 8 42 15 16 49
4
35 36 8 25
10
45 8 91 60 26 24 78 19 85 84
10
85 100 30 39 35 97 53 42 65 6
20
15 22 15 28 40 68 72 69 24 26 26 35 69 69 45 82 63 53 1 21
50
64 82 29 9 40 59 5 8 87 29 88 93 29 44 73 69 71 65 41 58 82 56 29 50 66 87 62 30 1 98 2 59 32 40 60 39 46 97 84 14 4 98 59 54 4 32 15 77 86 15
2
5 39
20
17 13 80 17 31 68 11 49 56 34 14 45 24 14 14 35 32 26 76 90
10
17 2 29 55 63 69 31 67 5 66
20
51 62 96 64 33 59 93 63 39 32 86 18 100 60 9 34 74 82 99 36
100
30 26 4 30 34 65 73 22 28 60 19 31 61 81 32 11 27 56 94 86 87 25 24 18 55 83 99 74 31 49 87 44 8 17 18 23 78 30 3 16 12 82 22 46 35 68 34 90 96 72 39 76 92 89 89 63 85 100 34 60 76 74 92 93 13 29 89 41 47 19 89 30 84 50 94 27 55 57 52 77 27 77 40 60 65 59 54 38 78 30 88 23 62 57 50 48 76 83 85 8
10
75 61 24 94 49 92 100 56 40 46
2
9 57
