50
2
74 31
2
66 81
2
67 36
4
28 26 77 9
50
48 82 94 66 58 40 16 4 76 93 80 100 73 42 83 44 34 97 70 77 28 77 96 97 97 50 51 68 10 65 57 84 94 39 96 49 1 20 96 55 98 82 21 100 96 40 27 39 31 51
4
30 63 30 24
100
71 21 6 14 21 43 63 24 65 57 98 41 93 73 59 26 76 61 53 62 84 52 12 32 35 74 18 86 76 21 19 62 1 90 36 23 77 79 51 31 84 91 17 49 67 23 91 40 55 62 31 65 81 33 54 60 68 26 56 76 2 75 89 12 84 48 30 41 9 17 5 91 55 25 5 45 81 13 15 76 81 63 17 13 80 37 45 98 2 40 24 59 32 8 33 26 43 75 68 54
10
39 26 98 84 6 48 43 92 98 56
2
89 38
10
6 48 98 99 46 42 96 12 84 4
2
48 30
4
39 93 4 75
2
93 80
4
59 92 21 33
20
16 70 46 23 14 48 1 59 84 98 2 10 25 1 25 28 77 84 83 84
10
88 74 69 89 49 16 54 83 60 32
4
48 10 8 8
20
22 50 92 42 88 1 36 92 15 42 11 44 53 51 81 6 17 98 77 29
4
59 92 70 97
50
44 13 38 50 23 79 2 24 35 64 81 61 78 43 91 82 65 58 80 81 34 55 81 85 71 25 12 99 28 73 69 75 41 71 84 71 90 71 20 45 55 14 80 94 14 12 59 75 87 97
4
92 4 22 51
100
15 56 34 30 31 67 57 38 2 58 40 13 89 67 7 28 96 72 7 27 32 41 45 76 14 63 65 1 14 46 14 97 75 20 22 23 71 73 66 46 72 28 7 44 77 48 76 86 57 63 41 80 31 43 80 46 39 44 97 86 2 76 21 71 5 28 20 49 8 30 8 50 96 97 90 41 55 45 86 46 36 98 93 59 35 7 39 72 79 15 24 38 94 67 36 28 6 56 42 37
4
73 98 87 89
10
94 87 31 19 94 46 40 15 38 31
20
99 47 85 45 53 1 69 12 49 99 96 67 1 50 34 87 61 12 49 39
10
85 19 100 10 52 60 6 9 76 60
100
94 86 90 88 37 28 20 83 15 10 60 51 2 30 13 59 34 30 22 89 98 38 8 100 20 74 26 65 13 72 9 6 48 80 83 61 91 69 90 55 87 3 63 69 54 81 22 23 55 5 39 91 27 44 74 36 97 76 8 33 31 43 64 74 79 52 33 29 4 88 19 18 66 87 71 58 36 41 58 28 18 51 6 15 35 34 35 50 1 21 67 9 84 9 69 88 25 80 98 9
4
50 25 27 53
10
75 15 96 52 67 11 41 46 48 73
10
85 56 24 47 25 71 67 4 77 6
4
74 14 76 54
100
40 22 11 80 49 44 3 94 47 63 87 43 29 73 12 65 37 58 2 4 64 80 17 43 96 31 18 69 73 38 48 23 43 19 42 66 1 19 72 10 18 43 39 98 53 16 53 12 38 7 87 98 69 92 32 93 89 1 26 83 61 38 57 54 23 72 60 79 99 27 79 8 71 24 43 64 30 25 35 83 16 12 4 44 4 54 47 38 100 34 85 94 55 86 62 71 70 61 85 49
2
96 91
10
44 22 51 62 10 28 74 74 27 58
50
26 34 86 50 62 64 79 38 42 38 89 63 71 79 31 2 32 20 35 38 91 67 70 5 3 5 3 48 21 78 97 19 87 60 11 60 59 16 50 21 59 43 25 15 98 35 64 64 79 28
20
61 62 8 37 33 52 62 26 25 49 44 18 74 87 94 52 1 9 76 36
50
97 59 74 32 71 93 29 89 73 100 7 41 31 67 51 29 70 4 18 40 88 31 26 52 28 67 51 28 75 71 3 13 28 53 4 100 22 9 44 95 14 95 86 16 72 53 45 9 13 69
100
17 20 3 42 38 4 83 35 38 16 45 49 88 50 4 50 44 20 50 70 61 99 16 79 80 57 41 1 67 20 30 34 79 61 29 79 83 97 48 2 34 44 91 87 35 99 87 93 14 49 86 88 20 84 20 16 46 70 69 20 73 88 71 62 88 80 80 32 100 31 22 62 99 69 72 23 78 95 77 75 53 97 90 54 87 54 61 75 13 68 95 4 3 13 17 58 22 43 97 21
100
73 6 89 54 74 7 33 52 23 43 30 71 51 12 89 83 65 4 18 28 84 3 30 74 85 52 14 4 42 89 84 25 21 30 48 28 79 100 83 55 96 44 90 94 80 58 74 69 9 68 58 23 96 54 89 23 34 7 60 90 80 60 10 36 13 81 38 32 98 30 92 16 77 23 97 42 30 46 10 77 44 90 33 15 21 39 63 81 82 84 8 41 62 43 96 74 4 97 8 67
4
62 16 75 94
50
100 91 67 98 17 86 88 16 39 16 6 47 58 1 94 16 6 57 44 63 47 52 9 20 38 71 27 71 49 61 92 85 52 63 53 15 84 62 40 100 86 51 24 86 65 30 48 10 29 44
4
61 77 79 9
2
2 17
20
41 30 96 25 5 31 95 14 57 18 54 89 65 36 95 1 100 93 51 71
10
64 39 100 28 14 69 2 71 18 12
20
60 82 11 67 61 37 19 64 41 38 20 72 18 97 21 58 36 64 96 69
2
45 64
50
60 39 28 55 27 92 31 83 2 78 9 41 22 92 18 9 71 21 90 73 97 40 54 82 60 50 53 85 51 87 36 24 11 62 75 35 80 31 67 70 87 19 98 8 45 13 24 41 10 23
2
4 62
100
85 7 73 49 30 4 93 14 25 73 6 69 33 15 15 73 85 58 35 15 74 35 2 90 13 19 5 2 6 54 37 28 40 77 30 38 22 4 61 56 61 20 94 38 69 40 16 8 94 28 97 62 85 76 47 53 53 2 67 7 23 84 94 7 51 60 24 10 75 41 10 91 60 78 84 75 69 92 95 42 18 98 40 86 6 83 12 69 88 9 83 40 12 35 64 10 98 97 19 71
