40
20
6 14 36 92 62 49 9 33 49 94 84 63 97 95 64 79 42 49 45 26
4
91 50 54 45
2
71 97
4
50 79 52 98
100
64 43 57 64 44 93 18 75 42 46 81 8 79 75 84 25 91 17 7 17 45 28 1 8 40 77 8 27 83 25 87 9 19 38 58 95 27 29 80 39 66 92 40 28 62 70 3 48 32 77 74 38 23 74 83 57 42 43 22 3 74 61 62 76 99 19 14 15 79 55 20 63 86 42 34 22 32 65 45 10 95 1 98 27 8 53 28 79 30 46 25 72 28 3 31 89 14 16 52 16
4
81 21 94 40
2
84 38
4
95 55 48 45
4
54 82 74 96
4
85 22 52 87
20
12 17 93 3 15 61 94 3 3 38 20 97 46 42 70 20 38 21 91 14
2
26 51
100
14 47 4 36 6 54 32 71 24 46 48 39 38 77 91 67 57 77 25 22 67 98 27 58 1 16 3 96 70 18 21 48 83 14 66 47 2 86 48 74 3 72 98 95 81 90 98 90 62 17 50 43 27 19 62 55 67 95 25 27 16 47 88 3 81 94 32 12 5 61 47 5 37 60 66 53 55 39 21 58 44 100 93 9 42 24 74 83 99 29 75 40 33 82 54 85 89 40 77 9
10
73 49 29 49 62 18 53 92 99 42
50
5 91 90 53 34 31 100 21 90 66 89 23 2 23 78 75 14 19 38 46 6 39 43 92 68 92 81 38 46 82 100 43 18 18 98 32 68 2 39 77 57 65 41 14 23 29 20 36 23 51
100
85 98 15 95 51 20 33 16 8 93 77 58 95 27 34 29 20 36 42 49 100 26 31 24 79 37 55 87 48 80 17 79 21 8 59 86 85 67 80 76 49 12 68 32 12 77 75 61 47 64 33 62 66 80 11 79 96 69 50 76 69 75 46 18 81 57 1 47 9 68 54 75 50 14 55 14 12 73 14 33 15 37 38 100 29 5 67 75 76 10 37 79 72 38 54 58 14 43 56 45
50
58 22 12 30 33 70 72 23 71 45 34 12 84 37 18 11 84 47 50 88 94 12 79 74 68 18 64 48 66 46 45 47 59 75 7 24 83 53 65 86 9 52 43 45 85 77 54 51 7 77
50
85 30 17 69 99 77 53 68 95 20 1 92 61 57 35 13 66 48 99 89 2 63 58 43 49 80 47 100 92 30 57 48 94 32 53 43 85 3 65 29 93 39 16 48 53 4 26 56 1 57
2
69 27
10
3 16 1 98 15 59 65 51 9 28
2
12 96
50
28 81 6 60 73 21 84 56 33 81 35 95 7 59 51 70 78 53 9 29 34 93 4 12 61 32 75 93 85 56 11 9 26 79 17 84 1 14 100 40 39 88 51 34 60 61 88 90 46 91
10
1 17 71 2 33 67 28 18 46 93
4
47 67 10 85
20
58 59 97 81 62 95 27 64 85 6 18 42 70 53 98 50 5 46 49 17
4
56 15 61 51
50
99 87 34 87 8 94 17 89 51 68 7 70 60 15 96 70 36 20 92 19 59 72 41 90 61 44 30 15 100 84 93 17 5 80 72 88 11 57 26 57 33 82 74 6 87 34 36 62 66 70
10
48 85 85 100 66 52 30 14 34 6
100
31 71 89 29 83 90 65 72 27 84 64 39 6 45 78 49 72 24 45 41 34 96 79 10 67 83 15 68 17 47 42 90 89 1 82 6 67 29 47 3 4 55 94 11 48 70 69 95 75 83 27 53 49 41 83 94 79 45 66 56 22 31 41 80 41 99 20 39 41 28 17 3 27 82 2 76 64 58 20 72 58 24 53 8 67 96 94 88 98 93 100 1 20 4 39 48 35 52 75 10
4
19 27 25 15
2
61 50
2
81 43
100
24 10 100 56 14 71 84 45 80 92 14 69 24 82 18 73 6 77 41 29 56 82 92 10 10 52 58 47 10 93 12 20 25 52 81 95 28 69 65 79 89 82 16 55 13 35 99 79 67 45 63 67 35 63 57 25 60 48 11 47 95 2 87 2 89 14 51 84 100 88 58 80 49 66 71 29 78 57 60 33 79 44 54 79 80 84 9 14 92 8 23 66 21 10 80 20 75 90 72 30
50
56 69 14 50 25 96 32 32 8 91 65 65 51 45 64 77 18 99 60 20 87 77 86 59 20 43 91 50 50 64 58 81 18 14 8 23 7 41 23 29 97 42 84 41 27 46 25 65 6 67
100
12 15 10 22 73 93 68 8 38 30 100 57 75 98 88 89 21 10 4 56 23 96 42 79 16 35 43 33 98 23 25 83 39 49 98 31 53 89 80 7 63 95 47 7 59 85 6 30 44 3 41 36 99 7 70 4 14 82 90 5 12 50 20 81 74 80 76 61 84 19 95 22 13 65 54 97 12 86 50 89 11 49 85 77 27 49 73 20 53 60 16 55 24 46 61 49 6 94 96 63
4
69 100 45 6
4
30 86 79 74
10
21 32 2 76 36 75 55 40 28 73
100
44 4 65 7 70 78 8 81 35 85 93 56 70 81 7 77 77 26 76 60 20 1 83 42 79 47 17 21 31 43 88 19 30 58 68 10 23 9 35 57 35 8 56 84 13 96 59 95 33 59 43 49 70 24 33 88 76 95 22 65 69 18 94 93 69 94 70 12 46 99 11 15 62 16 44 44 66 1 22 88 35 13 92 31 36 61 53 34 55 36 47 35 64 79 34 5 34 11 91 46
20
33 60 18 30 19 96 17 100 52 51 64 11 45 53 97 70 43 10 91 3
