100
22
1 44 57 18 33 43 4 23 41 13 51 44 14 72 44 43 82 21 85 95 99 81
28
64 86 89 8 63 69 30 83 21 26 42 44 83 34 47 41 60 87 4 20 40 26 59 23 92 60 67 50
38
49 20 4 73 8 38 100 87 1 79 87 66 10 26 70 87 26 4 63 18 65 98 16 4 81 29 9 4 71 55 100 45 11 11 87 73 38 82
52
48 88 72 33 42 77 70 89 72 51 8 77 59 37 16 31 60 73 60 60 41 46 32 77 16 44 50 36 84 23 39 71 82 96 28 99 34 96 76 3 57 72 50 96 81 15 22 45 97 73 96 86
12
7 89 97 81 99 28 87 74 97 80 25 91
10
23 31 1 40 34 40 48 24 5 95
64
29 51 65 84 61 64 16 19 5 37 64 60 12 34 93 10 86 23 24 52 63 70 8 69 7 39 84 62 13 34 43 1 80 97 22 46 17 41 82 42 69 15 100 14 18 71 53 29 4 78 1 20 75 75 28 59 31 63 80 80 67 58 20 74
94
82 50 21 94 69 77 9 79 77 52 76 55 32 23 38 9 78 78 64 43 67 70 49 53 26 50 30 33 15 7 2 9 34 8 68 17 94 41 74 37 43 62 99 2 3 21 8 37 46 77 32 31 48 83 19 86 59 91 11 40 83 28 56 23 84 56 99 75 70 71 19 54 53 50 73 84 72 67 71 57 91 2 50 71 7 35 41 32 95 12 14 87 65 13
64
14 97 33 89 4 81 39 47 66 5 87 85 5 46 39 25 26 16 52 40 15 14 43 98 80 24 87 86 73 56 45 35 51 92 4 20 91 42 3 6 84 45 5 1 49 81 40 75 8 98 83 53 23 5 16 65 66 80 56 15 22 70 2 62
38
100 31 4 41 62 15 95 50 99 64 93 16 3 42 93 53 11 73 67 67 85 22 56 1 62 20 12 17 30 32 45 28 97 23 34 12 72 59
60
35 25 47 93 48 46 36 77 18 37 4 70 99 86 22 28 10 59 81 91 15 85 18 37 51 97 48 57 45 41 82 32 27 90 86 75 42 87 64 71 80 30 11 69 98 28 61 52 37 58 42 87 52 73 91 64 3 51 1 79
96
94 55 34 21 52 60 83 93 90 56 17 40 73 98 50 80 91 28 47 15 23 78 2 67 5 34 59 25 71 18 80 33 57 99 28 10 52 42 89 52 67 92 52 25 95 90 25 22 78 54 35 89 62 72 40 95 17 7 91 71 31 63 71 91 40 33 92 17 1 88 4 93 42 67 91 49 79 65 25 94 99 49 1 33 23 78 51 99 69 63 27 86 72 55 92 16
58
76 29 83 55 7 42 62 71 17 16 75 40 92 92 81 26 45 28 72 21 73 72 50 30 21 82 91 38 64 85 14 84 41 30 45 97 86 14 52 4 51 86 93 85 32 30 69 47 23 65 91 36 13 44 1 6 64 84
10
19 20 11 4 37 65 51 77 7 11
12
35 68 20 56 41 26 44 62 36 35 84 21
56
22 66 21 66 23 39 58 87 21 33 66 6 91 24 2 16 61 90 36 55 87 61 15 81 34 88 74 21 18 100 57 30 76 34 48 95 89 96 91 3 63 78 100 84 36 90 8 47 64 14 38 96 36 90 13 2
36
54 4 12 23 97 81 65 26 49 41 30 43 77 37 27 10 38 49 41 76 81 17 83 78 83 78 99 77 4 72 32 52 38 58 68 35
66
29 49 88 45 40 13 98 9 70 37 96 50 12 19 42 86 66 89 43 53 2 30 13 59 88 69 80 41 75 54 67 64 98 15 52 62 3 54 15 39 84 27 26 33 96 56 17 46 22 100 76 62 14 60 31 22 61 94 81 80 2 98 73 33 22 79
98
93 29 34 47 55 42 95 86 31 3 86 48 23 99 82 47 89 56 91 35 58 19 60 3 30 48 63 2 67 46 49 90 53 36 84 49 41 38 91 32 29 96 77 100 59 16 77 30 84 36 27 16 24 27 41 49 72 39 21 27 48 99 26 16 80 30 15 78 8 65 12 89 14 92 40 73 88 79 21 55 2 65 79 88 66 41 79 46 35 14 44 76 40 51 68 5 96 4
60
97 17 29 31 56 10 52 87 13 60 14 87 6 37 13 92 72 70 18 76 35 71 82 50 88 63 56 16 34 23 29 50 40 7 71 10 7 71 17 21 77 86 51 13 28 42 41 1 70 91 61 19 15 31 30 8 94 51 4 74
4
87 69 78 45
22
80 9 98 82 68 42 19 84 80 39 95 72 81 13 45 87 18 5 3 94 70 87
70
54 73 40 61 52 35 96 63 9 71 62 100 66 6 89 36 92 49 14 36 91 78 46 36 19 84 80 85 24 34 69 24 72 50 12 22 86 46 80 81 30 41 5 29 43 63 22 29 44 100 23 51 71 36 39 76 16 64 56 99 38 19 23 67 48 46 65 97 14 80
66
88 45 85 52 86 80 79 62 78 76 23 14 77 1 40 12 42 33 60 7 67 65 25 55 2 13 74 33 45 37 23 86 88 50 94 12 1 78 7 24 92 20 11 37 62 70 83 13 46 62 32 89 19 56 64 96 100 11 65 52 53 68 89 72 27 94
20
9 55 3 59 75 70 88 74 99 51 5 17 50 15 17 14 69 50 1 29
88
16 93 74 84 20 87 25 30 11 66 38 95 44 25 50 86 32 92 86 65 75 31 91 46 54 21 47 82 26 52 57 65 42 91 57 26 61 97 88 83 45 78 88 64 41 37 50 3 45 42 39 48 57 80 77 72 73 34 65 27 90 24 22 86 13 35 56 21 31 65 32 72 16 24 71 15 70 61 45 32 37 53 34 25 11 64 89 76
44
30 20 32 41 31 19 49 59 53 6 84 17 46 89 4 83 98 30 56 34 22 97 15 29 58 59 90 18 13 99 87 83 80 75 1 50 79 34 23 47 83 88 62 85
30
11 79 18 89 4 94 49 10 79 29 40 3 43 44 68 44 3 14 24 3 24 24 94 93 93 32 66 11 29 52
64
57 22 35 93 70 75 54 38 14 54 12 82 21 34 4 57 16 26 46 92 29 34 48 90 23 78 28 81 73 71 61 56 86 50 7 32 35 66 61 85 54 8 90 23 68 98 65 49 43 20 73 8 33 75 65 38 58 29 86 87 30 68 56 90
80
63 49 15 35 46 41 86 47 42 35 12 49 4 45 82 87 25 8 70 100 24 33 51 50 69 70 79 83 97 67 42 10 13 86 10 32 87 64 5 43 38 16 8 48 12 22 52 28 58 31 57 53 80 82 38 98 47 9 100 31 7 12 96 52 83 66 75 26 54 29 91 15 7 45 42 32 8 20 28 14
58
37 77 100 100 36 11 4 72 83 90 18 6 84 73 63 30 95 65 52 83 84 31 50 35 14 47 21 34 9 78 1 24 21 23 74 99 73 54 24 96 84 28 5 56 70 74 95 23 50 46 19 31 53 56 40 9 88 49
8
3 14 72 17 72 2 1 56
98
47 90 56 79 34 66 13 81 46 96 27 46 13 2 62 64 64 80 57 90 83 97 90 94 35 11 65 40 1 27 26 20 30 68 84 100 94 93 91 89 42 68 9 17 7 42 44 53 66 90 73 64 44 62 11 80 41 14 95 84 4 73 88 83 89 93 52 29 91 85 34 74 31 26 92 100 84 67 71 52 30 14 10 70 20 6 19 11 36 22 95 91 45 63 37 26 59 1
12
90 46 6 70 36 39 48 18 37 94 69 74
62
34 19 41 35 40 60 95 55 22 49 15 70 87 78 81 27 94 28 19 35 26 17 44 41 4 15 1 82 19 36 42 83 42 47 7 33 23 92 89 82 50 75 95 34 77 64 74 92 64 69 9 83 39 75 85 49 46 50 44 9 98 74
100
12 1 16 55 80 79 30 73 5 58 63 23 1 8 49 81 87 85 32 4 30 8 9 66 86 31 92 23 84 95 50 8 94 25 69 42 20 83 89 42 25 67 4 49 96 6 72 3 97 53 11 10 65 89 2 33 9 52 25 29 68 68 45 69 54 57 68 13 59 3 12 50 14 90 32 61 96 7 46 60 43 92 66 2 56 91 89 14 69 49 74 99 89 8 12 13 50 55 33 6
32
48 54 49 38 65 26 34 34 87 10 68 70 66 14 5 23 64 25 80 86 53 32 4 96 33 14 82 42 13 13 46 23
54
50 47 60 65 74 72 12 16 94 68 24 73 84 10 64 51 51 48 76 5 78 12 65 83 24 90 91 33 7 8 47 36 27 99 21 92 21 77 37 7 7 82 62 6 53 17 63 100 70 50 92 85 33 49
50
88 13 49 6 78 73 3 90 9 50 19 35 98 52 68 99 64 6 71 57 93 81 69 96 43 45 65 60 16 80 3 65 66 30 81 34 44 89 52 53 72 86 100 47 20 37 36 85 63 23
20
70 32 24 45 4 5 64 23 36 59 96 56 80 75 16 9 13 4 6 77
6
48 17 89 69 94 13
26
66 60 16 65 2 23 82 31 78 98 97 7 46 3 71 30 13 27 95 99 3 91 28 40 50 67
14
12 43 58 36 23 5 91 44 49 61 52 52 57 39
80
96 24 16 100 54 68 60 75 71 2 76 2 73 52 72 18 56 40 89 58 26 1 75 18 13 50 52 77 18 37 89 3 85 65 80 7 43 19 23 51 25 60 12 31 27 85 100 29 59 73 35 79 11 50 82 29 76 33 66 68 2 94 8 92 31 32 88 75 4 51 73 54 4 69 1 74 35 82 68 29
68
99 68 67 2 3 16 42 34 72 30 94 81 8 40 88 56 96 11 33 8 67 17 13 79 63 64 94 78 55 12 45 27 56 86 18 51 17 10 46 12 66 77 9 69 54 11 24 89 24 28 43 78 9 76 62 88 100 68 26 97 3 56 80 30 89 54 33 89
18
49 47 37 10 53 61 68 29 77 11 57 29 97 27 90 99 77 29
84
33 42 88 12 7 58 1 92 99 36 49 23 87 12 58 88 47 76 76 4 61 13 19 24 14 78 51 32 47 77 61 36 11 91 17 20 34 31 58 30 42 46 64 75 28 24 79 32 7 11 87 32 87 57 90 16 57 15 61 45 74 27 34 45 14 31 97 14 29 18 99 29 7 11 34 35 16 11 60 39 25 75 44 43
94
11 75 4 65 94 27 37 65 68 40 85 25 49 99 57 29 98 28 59 58 82 84 2 70 91 1 73 89 76 35 65 57 4 72 73 54 55 75 68 98 64 22 76 21 52 7 53 25 89 9 62 66 3 50 32 37 13 29 84 17 7 67 34 14 8 72 79 39 57 48 9 95 17 31 14 72 65 30 98 11 49 23 22 100 69 11 91 98 3 17 88 57 51 34
6
61 3 36 82 53 24
26
69 69 29 18 91 92 74 39 65 93 8 100 64 40 28 65 53 28 80 10 4 5 44 15 22 10
70
49 44 17 86 87 95 89 44 57 39 82 78 19 25 69 77 54 28 80 43 63 13 27 13 2 77 89 53 83 29 17 15 24 98 91 94 52 5 91 27 56 93 84 57 100 39 30 59 41 99 2 28 50 57 42 77 88 30 85 27 73 55 34 1 67 57 31 30 59 59
80
45 66 57 61 11 97 53 97 80 56 3 2 54 36 63 99 8 85 52 73 68 47 28 95 76 93 50 10 39 62 61 71 21 3 23 50 48 95 25 30 40 45 97 48 86 1 88 13 11 14 50 70 55 52 58 36 34 11 6 21 77 33 93 21 98 80 43 2 47 78 52 73 67 45 75 81 86 72 76 86
60
14 47 46 69 54 95 25 19 28 98 82 52 40 58 75 60 60 99 85 14 95 56 43 48 5 89 88 21 94 35 46 60 67 9 27 36 43 9 82 79 16 12 71 17 95 37 3 11 60 68 93 47 57 79 50 30 55 37 61 75
60
82 6 33 12 12 47 2 35 23 96 89 38 97 50 59 97 84 41 58 60 8 85 55 35 80 7 29 31 33 87 15 43 87 96 1 67 52 89 15 41 32 20 9 46 2 81 6 23 84 50 50 40 36 15 30 62 61 77 78 20
46
91 26 60 68 70 28 30 82 16 80 51 95 86 91 95 54 79 41 41 89 3 98 38 7 57 65 65 4 74 45 1 2 64 23 46 35 100 73 14 14 82 40 55 21 38 73
32
28 76 85 56 94 43 67 16 98 63 30 9 77 62 66 61 27 61 2 80 65 52 100 32 52 78 100 64 46 75 82 37
38
34 5 66 92 67 24 57 28 64 74 31 92 80 98 98 91 57 64 86 33 32 83 46 22 1 54 45 3 68 40 99 19 48 15 77 16 73 54
30
10 80 91 4 97 51 17 96 70 61 76 40 17 48 10 61 34 30 90 35 59 53 97 59 78 11 41 33 33 18
72
74 35 23 94 5 59 87 76 19 27 6 16 89 38 95 33 42 7 83 80 13 25 74 42 55 58 75 81 64 72 43 91 36 35 86 67 24 100 44 7 56 33 72 15 94 54 4 68 90 88 17 14 12 3 37 64 44 87 84 19 77 14 92 39 3 92 77 75 31 88 41 79
64
89 83 79 4 39 13 33 33 44 61 53 60 24 12 7 64 37 18 80 4 10 54 41 80 38 98 42 35 47 89 70 4 55 98 48 99 54 3 97 1 42 12 100 10 20 12 25 55 66 10 26 46 5 12 19 58 100 33 64 73 33 13 46 66
62
97 48 54 25 69 14 98 78 37 85 97 37 54 73 8 98 45 84 49 60 15 60 27 45 36 78 78 95 51 11 18 77 99 86 91 11 56 55 26 8 84 13 60 89 38 71 79 55 34 57 89 41 26 67 96 80 37 39 93 54 65 71
14
13 83 45 37 85 8 5 62 40 24 85 41 74 60
30
19 65 81 63 81 12 74 84 13 35 3 18 11 7 82 64 55 16 5 62 79 23 61 45 60 69 26 84 11 60
60
1 95 10 76 32 25 31 1 77 23 41 55 30 67 17 67 22 22 49 5 13 75 31 56 20 61 51 22 80 31 52 50 48 12 44 100 70 57 40 74 56 88 28 37 97 61 83 63 69 74 63 28 100 62 93 63 65 71 41 4
100
82 29 71 31 26 93 84 95 88 54 97 76 25 18 23 75 28 70 41 21 47 5 98 50 89 89 20 18 48 14 5 53 19 34 23 91 4 41 19 82 78 17 77 65 22 76 23 98 2 29 16 25 96 75 31 85 71 59 37 1 19 54 43 72 35 36 40 62 8 20 41 40 65 54 51 21 10 1 40 37 82 95 25 19 85 25 70 65 11 52 77 23 91 35 53 18 44 46 93 17
16
69 43 1 86 63 35 39 18 44 47 22 52 7 71 35 93
8
55 42 38 94 30 65 93 58
74
44 89 88 4 23 42 29 35 87 80 30 63 10 43 62 62 37 100 38 76 10 66 96 83 31 52 31 85 100 8 73 50 11 91 82 25 15 29 43 29 78 21 85 23 65 90 35 58 72 47 8 34 84 27 3 16 49 34 71 44 31 25 89 86 5 30 9 81 47 72 83 89 39 62
96
46 2 88 84 85 70 41 18 55 91 73 15 59 50 40 73 27 99 59 27 52 19 60 59 51 86 73 62 27 27 13 12 89 26 19 87 35 88 85 88 82 30 55 4 12 76 71 22 89 31 60 96 82 18 89 61 73 87 42 2 72 45 44 85 73 9 68 60 19 78 19 4 87 5 54 83 17 74 45 96 63 82 41 35 84 29 19 54 100 92 48 61 74 11 15 75
48
59 62 18 67 55 88 97 51 27 52 23 48 14 41 62 29 99 29 17 45 62 46 44 44 46 44 70 38 30 11 95 87 57 19 45 45 44 87 26 15 64 18 26 99 90 44 62 83
18
81 98 51 44 49 4 77 13 85 86 44 63 24 58 64 84 29 50
70
65 65 56 80 17 39 64 26 83 100 21 99 92 67 3 68 8 30 88 28 93 65 79 47 91 96 92 38 17 86 60 27 54 38 84 46 49 25 68 62 56 36 53 22 79 36 92 90 38 98 89 13 26 73 82 53 9 69 24 7 55 87 79 92 82 21 24 71 75 41
52
21 39 49 72 47 71 48 25 64 94 76 57 67 49 82 41 22 55 15 98 84 96 14 16 29 1 73 9 50 22 83 11 13 59 85 72 90 8 7 25 44 18 66 70 40 6 5 92 29 93 63 85
92
47 51 7 11 92 90 62 24 20 75 40 28 10 32 20 54 90 55 26 81 1 21 65 92 14 48 15 93 67 50 53 18 45 17 7 26 48 21 38 27 82 51 15 98 99 58 74 8 66 47 85 7 21 31 71 84 26 6 44 99 93 11 27 31 17 50 75 93 35 7 15 97 83 16 32 74 45 100 42 64 71 4 75 83 88 13 94 91 43 16 68 41
76
92 40 50 36 8 46 59 56 23 68 92 20 28 75 50 22 6 30 9 54 55 39 43 44 90 54 99 44 72 9 52 75 5 52 10 9 4 100 99 45 25 15 15 48 18 28 17 95 71 100 76 41 54 53 21 94 56 19 43 97 70 78 44 98 69 38 72 97 22 29 29 75 52 30 4 45
86
33 41 8 48 28 24 89 3 15 59 41 69 33 66 66 52 22 86 8 29 50 9 61 82 75 76 19 81 31 20 36 79 23 26 56 29 5 18 54 1 92 95 36 63 68 89 75 60 52 50 76 34 71 90 42 53 24 16 50 32 56 25 60 72 12 28 49 25 28 77 70 13 50 25 27 72 46 85 86 94 48 91 34 83 48 24
90
34 78 26 40 86 30 49 42 53 77 88 27 28 44 97 96 95 79 42 45 58 43 73 94 100 31 29 37 56 57 45 42 68 93 52 42 30 91 68 61 41 86 72 34 18 86 62 43 52 68 53 69 22 23 76 79 37 71 53 66 31 16 8 49 98 49 13 11 45 28 44 3 32 3 68 97 18 78 58 51 17 22 38 90 82 29 35 40 64 65
72
89 29 34 54 21 84 3 15 16 43 18 51 44 29 34 3 1 100 10 44 10 90 93 81 27 66 9 76 81 65 38 37 58 13 64 61 93 5 99 62 68 78 38 94 54 24 95 52 45 13 18 25 4 41 47 91 57 91 51 53 52 60 48 42 5 77 82 57 85 51 60 80
12
30 99 60 34 53 27 18 79 78 58 50 28
44
64 65 61 58 41 92 71 40 29 89 18 89 72 10 69 48 41 19 1 2 90 85 33 29 75 63 74 75 30 86 66 97 42 97 67 46 61 6 62 68 71 4 39 77
56
63 10 20 30 97 35 13 21 53 20 74 21 11 38 37 31 84 18 67 44 17 70 33 53 66 56 23 40 1 11 74 57 34 22 10 49 26 32 38 58 90 3 54 23 20 57 17 67 76 1 39 38 37 86 1 83
2
84 31
24
55 92 27 40 94 98 77 87 68 29 85 13 87 73 16 31 47 6 26 90 7 91 18 80
26
47 9 76 41 11 92 3 93 76 80 43 99 50 2 10 96 21 46 36 88 82 25 17 79 50 38
46
64 76 76 7 54 69 59 21 55 30 51 65 21 92 55 17 87 99 64 56 11 22 89 96 5 53 34 73 59 12 49 60 15 78 58 71 78 47 66 76 89 64 45 73 53 13
14
34 83 87 98 14 84 16 100 13 93 61 28 55 59
26
90 65 57 93 91 54 14 97 17 18 60 82 2 24 42 16 29 47 78 62 61 48 74 4 36 39
96
65 93 21 35 16 19 29 89 96 54 85 75 12 94 13 87 90 11 18 87 13 78 71 19 10 83 68 68 77 92 72 15 85 77 67 58 67 2 22 1 54 59 99 12 71 73 42 32 84 76 42 68 78 8 52 86 88 7 95 85 98 9 1 59 94 86 25 77 43 85 73 16 50 56 70 88 69 31 60 16 3 54 39 71 94 53 16 88 19 76 34 74 16 90 75 35
50
34 42 20 71 18 60 9 32 14 88 50 73 96 22 3 28 40 92 38 67 65 27 51 20 51 14 18 36 37 31 26 26 62 40 6 88 12 66 83 19 69 63 52 79 67 98 40 18 30 61
80
38 73 99 10 57 19 39 92 65 29 69 73 100 51 9 75 95 38 90 57 84 62 40 20 54 82 27 73 1 93 72 12 73 38 19 39 72 58 50 71 50 30 46 69 9 19 6 66 28 64 78 99 93 88 31 69 58 16 24 39 40 93 50 63 81 76 30 75 55 25 19 66 14 53 88 75 3 6 30 54
62
16 18 8 56 64 34 24 57 14 2 49 87 7 33 91 95 64 65 17 16 78 70 88 6 76 57 31 51 36 100 18 67 70 30 63 61 42 27 10 90 64 88 45 86 26 96 76 52 82 71 66 18 48 9 83 8 22 31 34 4 32 83
18
89 79 72 59 22 18 65 81 59 25 44 78 76 44 15 17 54 18
48
7 3 20 76 44 77 21 6 33 60 1 8 97 76 56 44 52 62 72 68 25 46 34 79 35 10 59 35 78 85 47 76 34 58 84 71 74 78 62 68 73 98 95 40 86 78 5 42
26
46 47 44 12 66 56 57 98 96 92 14 43 38 74 39 89 34 61 65 27 1 36 48 32 57 68
60
43 14 63 36 61 67 92 55 11 55 78 84 73 4 72 53 19 81 33 93 41 99 16 29 65 15 56 17 62 84 99 7 32 80 81 11 60 89 11 87 71 15 47 76 27 37 49 48 82 97 5 21 71 7 87 10 20 88 35 17
68
41 72 19 100 20 3 37 83 25 87 48 11 55 7 61 89 87 32 54 69 69 47 1 64 15 18 27 74 13 36 30 28 18 39 98 88 14 89 47 73 7 69 24 15 98 29 93 60 77 25 69 69 96 12 95 68 81 15 11 23 48 98 12 45 53 91 12 30
20
76 50 79 90 66 75 32 86 64 8 54 55 79 27 26 53 66 25 9 24
2
5 40
100
33 46 88 77 47 14 64 92 92 9 6 68 48 25 40 33 11 79 73 40 69 41 12 90 75 62 90 88 54 76 47 30 71 67 55 25 16 6 27 17 4 88 87 57 4 13 22 52 12 57 9 43 89 21 9 10 47 38 11 6 55 41 82 58 46 63 27 76 58 64 68 24 81 66 52 1 89 5 73 15 65 76 50 9 2 98 65 97 16 21 37 78 56 72 91 81 73 98 26 100
72
78 54 88 39 73 100 60 33 98 38 42 57 60 41 82 12 61 71 40 80 29 48 27 2 43 74 16 17 42 11 30 46 68 15 2 69 2 90 74 78 93 61 4 23 12 14 85 37 49 70 30 47 44 14 9 10 58 56 63 86 97 22 36 54 91 3 25 52 47 99 55 4
