26
202
882 386 246 789 17 613 713 905 905 330 246 308 287 996 390 327 246 443 87 795 364 138 905 198 326 789 744 998 386 882 44 498 946 817 400 905 794 246 387 882 978 905 923 742 246 905 333 244 370 882 818 177 563 788 118 940 905 912 390 791 412 246 709 386 634 618 905 669 918 1 246 386 92 654 37 357 779 386 383 905 882 905 45 905 336 386 789 386 789 701 905 882 246 236 864 905 905 246 336 607 126 125 970 905 386 97 404 619 436 105 247 488 789 923 907 905 246 361 485 310 923 577 184 59 43 701 838 482 816 294 923 304 882 460 499 246 2 806 54 275 905 905 188 923 246 246 267 721 923 454 524 781 889 743 719 751 821 905 123 246 141 942 246 905 974 272 371 923 386 872 246 647 138 578 386 488 101 906 386 165 270 744 797 905 883 882 921 882 312 928 834 246 333 547 279 91 943 828 789 363 992 882
156
677 789 879 345 910 910 851 551 911 677 16 446 84 551 98 458 95 878 677 84 751 961 688 910 910 675 873 910 677 976 454 746 677 551 891 28 14 298 677 924 551 454 380 84 454 878 14 542 397 910 760 796 825 458 139 840 551 84 694 84 141 84 242 458 551 551 565 84 170 885 666 84 878 503 242 785 551 674 25 84 14 454 84 910 551 458 84 458 360 224 188 878 99 910 454 454 847 417 350 910 911 458 643 84 84 677 54 551 740 875 2 90 551 878 458 339 84 551 929 551 84 878 551 14 308 726 910 28 700 298 878 547 84 822 14 551 454 551 878 140 551 551 753 210 39 14 343 84 286 382 423 14 657 905 140 458
190
168 816 63 679 937 741 394 125 287 12 125 162 18 892 82 353 19 834 124 232 676 539 21 745 18 382 937 18 778 978 861 824 125 30 947 381 439 586 574 946 513 372 15 785 18 113 26 507 177 487 493 125 937 890 125 952 859 794 434 518 203 94 668 95 86 162 794 170 715 669 509 393 768 891 562 619 506 621 18 575 561 230 764 164 310 937 116 15 438 579 588 567 673 268 137 122 937 125 988 699 5 944 871 740 822 18 937 18 656 352 137 158 988 516 172 901 840 724 125 18 384 38 125 166 901 937 218 125 627 125 406 125 937 771 484 937 125 990 809 915 125 847 781 373 917 98 808 563 18 3 202 18 902 125 882 352 356 943 125 667 393 781 281 280 356 205 276 859 731 990 258 386 722 839 408 858 533 516 957 415 183 876 41 125 690 238 586 647 125 272
150
119 730 806 267 142 396 875 265 605 296 564 723 286 351 541 639 257 132 525 200 481 354 525 499 742 525 159 189 525 525 682 59 289 402 105 425 335 352 669 525 631 334 433 91 364 935 496 348 994 559 233 585 296 99 777 32 657 86 296 428 552 991 296 884 192 525 243 605 308 9 395 539 525 669 992 874 525 641 669 555 916 527 214 246 914 295 700 348 669 296 685 273 245 504 242 952 755 914 689 525 525 841 330 525 296 525 296 669 669 409 500 280 440 443 296 296 860 669 183 303 266 318 807 318 525 800 525 669 669 116 296 525 928 296 525 745 727 296 296 129 476 932 629 21 697 528 95 669 578 296
201
267 788 265 56 267 574 267 27 267 483 56 455 756 825 574 27 757 874 254 994 585 746 757 825 267 27 267 825 831 56 639 757 825 574 759 957 56 574 956 574 366 254 246 56 86 56 574 560 893 361 825 668 27 535 825 592 925 454 27 27 451 825 285 27 574 443 35 588 757 829 825 222 825 574 121 56 574 825 825 280 916 776 574 642 400 891 757 462 825 267 363 584 605 605 887 597 234 56 472 757 825 267 11 825 27 757 56 728 27 574 757 549 825 267 78 757 17 56 574 56 825 126 267 252 27 27 27 40 757 27 451 525 350 93 24 551 757 561 598 474 513 825 897 574 791 533 574 470 945 544 321 598 610 27 56 561 354 836 777 111 56 800 956 574 27 56 460 113 9 231 625 27 51 542 56 267 536 757 56 974 27 973 592 27 415 818 825 12 805 827 338 267 40 825 27 926 27 574 287 773 932
30
587 226 579 579 587 397 587 226 226 587 226 397 226 226 587 587 587 226 587 587 226 226 587 579 587 587 275 579 226 587
183
101 134 310 562 695 406 111 802 146 254 101 498 734 474 101 134 627 410 226 807 70 327 638 456 135 274 654 711 155 468 485 130 239 491 455 851 86 433 134 134 599 338 534 448 143 524 871 883 28 576 798 933 601 967 765 251 919 415 134 933 227 937 837 364 931 859 443 446 16 838 576 735 762 526 371 376 134 909 237 134 134 608 385 372 508 646 727 61 553 134 973 833 236 63 149 487 850 905 952 37 914 359 874 289 650 503 295 275 370 244 244 673 713 870 203 914 277 101 381 442 401 12 970 467 518 905 308 475 816 672 843 39 346 847 138 438 71 648 187 134 350 593 127 208 134 745 820 277 447 667 956 581 4 467 829 790 89 578 880 101 136 858 66 792 343 419 53 355 678 958 971 269 559 102 641 970 391 839 134 934 606 455 787
6
244 172 788 86 244 72
233
372 81 101 358 114 707 67 597 95 552 818 442 927 604 631 18 193 260 148 903 426 293 335 789 891 72 225 357 101 983 335 540 817 219 464 589 149 962 966 48 122 56 549 954 708 891 852 164 670 257 756 321 301 56 990 101 465 855 533 101 474 743 101 913 569 420 625 806 981 74 285 757 432 366 76 101 397 101 333 613 705 101 701 137 494 226 552 101 167 519 517 67 765 511 755 503 101 944 746 453 581 870 189 340 587 726 251 16 359 82 622 917 938 349 753 787 188 763 132 73 200 494 804 683 180 363 883 229 500 190 443 101 327 995 466 353 52 50 578 555 503 11 969 462 978 81 101 214 977 367 977 622 195 340 718 797 314 938 180 234 101 471 501 143 334 40 192 73 218 456 474 4 468 160 380 465 894 71 531 558 230 324 101 762 501 487 101 26 869 556 470 877 735 238 998 636 163 84 372 270 844 477 979 164 947 468 834 451 102 675 565 287 101 658 130 243 603 973 958 48 101 574 157 737 604 611 101 101 505 290 656 156 761
97
97 230 214 413 474 250 820 340 97 474 576 576 413 466 97 474 97 576 413 192 214 608 101 97 270 101 474 244 97 576 97 97 97 214 244 244 576 747 97 97 126 436 498 474 81 716 267 474 101 413 802 576 97 244 44 318 97 827 413 789 950 571 413 97 413 413 101 576 244 474 404 247 244 295 148 244 244 214 96 500 292 474 576 576 553 474 576 244 26 779 957 244 244 474 154 97 244
120
959 501 784 501 829 829 829 784 108 785 959 968 429 108 429 959 429 661 501 959 501 571 501 829 959 108 784 785 571 785 840 785 785 959 108 501 6 108 785 501 829 784 108 829 784 571 501 829 959 829 501 785 784 501 108 959 108 429 274 108 108 784 784 108 501 108 429 785 174 959 609 108 622 784 429 501 108 699 571 501 784 397 501 413 829 962 784 501 386 501 959 784 785 829 829 501 784 785 105 108 756 733 829 959 785 785 501 708 785 785 501 785 516 959 108 429 571 501 571 272
172
691 88 624 307 929 39 490 691 677 115 703 541 703 289 159 144 703 725 307 972 490 144 387 343 989 387 490 95 144 722 490 691 14 490 490 913 913 270 913 282 554 703 521 915 972 913 805 691 490 762 490 329 972 526 972 913 307 913 633 158 691 144 913 972 105 33 575 277 144 168 373 490 757 703 133 923 144 703 14 788 144 61 913 756 767 196 144 703 466 916 609 972 155 490 703 722 853 106 122 431 972 144 691 511 848 22 703 798 703 972 144 397 691 144 490 972 652 509 703 703 163 913 129 307 144 691 476 703 304 633 490 540 144 490 138 981 980 123 371 557 972 924 1 883 144 144 796 926 294 95 239 966 913 642 703 691 307 749 703 235 490 913 384 723 455 144 23 901 467 952 683 324
86
904 583 961 997 997 34 583 218 583 419 244 778 583 997 700 583 692 162 997 583 583 673 997 708 216 931 495 583 997 886 726 904 673 997 827 997 914 583 823 282 939 583 220 997 583 735 315 293 169 580 583 904 428 125 583 583 583 904 583 847 419 522 570 919 639 997 419 251 997 904 641 583 583 590 6 434 454 59 419 904 583 223 798 420 583 187
194
746 852 892 791 582 834 618 995 892 868 632 516 428 868 510 890 498 366 779 230 4 285 806 618 543 545 939 693 119 296 303 604 249 285 981 747 402 932 285 892 934 800 868 73 517 285 86 800 116 956 45 892 667 868 630 426 175 390 392 119 110 848 868 747 258 845 892 234 868 868 285 626 68 285 285 285 162 826 536 278 868 800 547 210 461 575 254 777 285 385 990 892 308 2 179 285 836 758 868 126 727 800 841 319 747 536 67 536 912 747 862 747 461 183 931 536 653 218 101 536 853 642 868 564 536 450 277 111 747 644 892 860 894 4 368 561 695 765 747 380 660 800 800 444 253 826 285 285 171 868 858 285 734 128 701 409 156 285 747 643 800 672 323 777 773 212 67 747 892 882 67 868 490 896 747 747 285 868 868 141 840 800 285 182 536 868 571 575 868 92 747 858 285 474
74
823 446 136 855 694 595 595 680 244 436 694 446 278 558 595 694 136 436 823 436 436 595 118 694 595 436 446 535 136 694 750 436 500 436 436 136 595 136 559 595 136 595 436 694 855 436 694 446 694 446 436 863 446 595 595 595 25 595 396 694 446 694 436 436 436 595 694 595 694 694 694 137 694 823
147
276 987 348 462 666 623 875 390 622 794 483 653 463 518 580 569 936 782 237 955 563 485 752 485 274 274 806 853 566 668 343 351 242 401 425 896 567 224 331 857 686 73 371 783 513 298 50 524 204 178 170 14 656 274 826 607 555 367 765 161 826 586 273 400 274 38 297 320 945 570 274 943 141 504 290 178 352 595 711 651 861 826 803 573 905 655 319 675 737 272 857 515 749 760 826 83 830 705 384 62 665 306 638 738 485 942 497 130 323 659 410 448 419 595 825 540 867 205 440 709 605 800 498 937 683 826 691 557 343 299 157 626 603 392 954 622 631 853 274 283 591 778 41 655 413 88 826
184
730 950 603 827 564 348 653 449 378 959 650 223 565 90 590 947 183 5 638 730 250 801 546 523 44 98 658 263 533 381 221 290 216 852 692 502 156 975 524 887 34 160 550 126 700 486 122 654 181 648 768 128 512 853 417 512 895 895 37 713 856 340 222 32 494 858 742 409 860 948 891 2 175 546 416 280 538 451 627 508 216 133 965 589 462 717 737 969 493 69 779 51 171 88 172 58 618 932 686 923 238 576 438 298 585 711 17 830 514 866 267 260 282 268 52 900 494 447 35 114 841 915 117 594 706 957 775 750 11 94 654 875 134 512 507 810 734 29 226 841 216 485 942 583 242 246 863 903 324 423 749 463 779 782 271 184 735 920 529 729 380 157 877 111 67 432 54 426 290 981 439 411 171 170 241 216 386 798 25 746 118 288 357 424
223
231 468 786 67 99 399 51 586 98 984 99 99 399 574 938 58 99 399 62 51 670 98 98 179 275 98 231 99 51 231 640 51 780 512 889 807 51 326 51 924 99 125 203 98 100 502 98 818 849 98 230 57 676 807 231 98 98 987 282 797 99 786 99 883 267 99 51 51 98 231 149 122 373 807 99 818 891 786 719 548 872 399 807 231 786 99 406 503 399 807 534 99 230 324 660 876 446 715 678 363 99 786 786 399 99 51 807 386 710 51 51 786 807 231 1000 98 454 387 98 51 786 51 51 786 693 98 231 636 231 766 231 813 130 492 401 51 457 399 194 165 396 22 807 956 399 552 807 91 51 867 229 99 561 660 719 120 780 904 786 231 849 99 231 967 746 777 399 98 268 766 954 618 630 786 753 231 786 47 766 807 626 635 786 530 130 241 583 37 72 231 231 660 807 522 786 558 99 561 807 807 98 99 214 99 192 786 98 98 98 555 957 454 399 1 399 771 399 101 601 786 807 51 399
8
159 697 172 693 172 221 221 39
198
601 85 613 749 519 542 838 133 133 417 232 921 38 351 610 439 668 258 969 764 304 875 541 161 167 858 765 738 519 576 392 917 846 586 815 629 467 427 472 754 923 616 501 340 287 101 363 182 379 133 675 388 133 649 855 163 917 587 57 886 740 295 900 798 533 627 603 641 960 4 144 268 753 153 765 133 133 277 148 149 509 427 627 329 727 765 257 738 164 155 405 814 501 468 90 297 422 529 835 996 172 839 721 910 850 668 415 742 21 896 723 485 813 129 133 748 764 562 611 344 475 223 548 867 144 759 802 30 831 791 538 3 183 158 868 459 300 930 276 943 597 154 73 945 75 265 682 765 765 995 230 935 947 253 255 521 956 600 977 154 593 865 888 796 859 83 765 117 205 11 979 383 759 703 814 765 123 765 83 44 549 258 32 809 765 784 717 448 917 940 245 503 530 548 133 837 236 573
178
719 657 812 858 341 734 763 906 858 719 920 136 971 512 102 719 75 941 1 917 553 841 934 362 858 773 445 719 789 7 812 425 719 564 719 927 589 734 743 602 873 703 858 535 213 766 719 111 962 773 858 549 707 585 841 585 832 734 222 858 647 576 273 841 526 427 27 585 879 247 478 402 141 169 858 812 719 812 814 50 934 719 812 858 719 719 719 812 812 579 719 858 734 773 410 71 996 438 284 277 719 421 356 718 686 858 280 755 159 734 719 773 812 994 812 719 835 719 522 719 658 773 812 858 812 719 858 838 719 873 719 719 719 858 719 773 773 80 62 773 638 812 719 408 719 154 260 719 548 55 811 719 736 737 522 841 734 369 689 753 981 719 932 760 706 252 812 919 612 719 812 719 206 516 210 424 858 811
49
633 633 633 1 79 1 972 224 633 633 633 739 645 633 990 730 633 633 411 633 745 839 799 839 72 633 488 178 528 633 23 727 699 633 633 633 198 633 633 977 257 213 839 633 633 827 839 786 769
195
700 647 405 975 405 442 266 892 975 975 369 411 588 892 160 411 681 839 700 411 195 709 160 709 975 315 975 373 160 168 975 160 411 160 160 840 411 195 385 975 791 731 186 572 709 160 735 277 405 411 405 700 975 598 160 378 222 206 29 994 160 552 405 411 442 215 456 405 411 856 55 604 405 390 698 973 783 23 39 160 915 696 405 104 411 818 763 405 405 493 405 411 405 160 160 875 700 13 709 884 104 700 769 405 392 709 709 417 159 783 253 159 159 797 372 975 159 24 176 405 318 975 159 819 700 975 159 709 975 975 355 709 405 178 762 411 4 700 160 700 152 489 657 700 975 160 159 457 700 700 850 709 488 786 372 700 787 709 411 411 975 659 159 463 405 159 908 483 986 160 411 405 411 709 700 405 164 160 411 803 160 211 700 405 396 160 160 952 700 307 411 700 90 411 700
142
628 766 835 412 592 630 630 862 630 766 138 766 414 630 592 850 643 592 247 766 209 411 984 466 389 630 592 766 766 714 454 971 480 537 265 466 978 457 643 592 634 466 766 942 766 46 766 995 643 4 592 643 978 592 766 630 799 901 466 578 592 829 335 466 592 766 643 630 414 592 592 643 201 592 466 796 630 25 592 430 522 466 766 643 114 592 643 466 678 643 267 992 442 332 466 466 630 414 142 592 803 942 766 592 1 863 414 466 766 466 630 61 414 414 630 427 466 466 38 766 630 999 426 630 161 935 466 414 192 414 643 77 919 466 643 327 21 630 955 643 466 414
151
611 824 744 879 776 821 622 615 390 398 776 202 645 645 615 228 530 776 390 253 315 687 776 336 645 645 426 776 879 498 253 390 776 554 824 580 639 588 879 776 268 645 823 645 645 615 202 821 569 253 390 390 253 239 253 645 166 253 821 427 615 284 615 390 615 763 253 645 615 11 253 776 662 645 638 390 824 789 780 645 418 645 347 879 824 645 926 776 821 645 879 879 879 425 879 80 879 305 903 253 8 821 627 821 791 879 202 569 98 804 645 879 615 879 821 390 553 297 645 513 879 253 866 776 615 821 824 776 202 253 755 205 652 776 952 906 364 824 266 309 10 776 973 776 824 824 645 458 645 390 615
205
599 74 980 912 313 233 803 616 105 958 903 83 104 761 209 192 687 663 541 129 503 118 276 620 868 984 199 521 78 209 28 192 893 311 58 868 852 347 199 886 892 501 86 487 902 842 270 895 489 12 607 308 903 542 18 792 242 312 572 946 540 972 362 726 649 332 327 868 868 224 243 655 411 666 2 977 298 141 407 346 146 155 786 560 986 28 60 825 940 453 257 835 608 376 702 914 676 863 465 994 304 646 678 308 198 934 139 392 90 294 546 1000 980 868 112 868 535 306 998 455 917 601 745 942 451 864 640 626 266 132 81 23 760 256 901 532 510 124 1 928 868 967 845 893 52 709 868 268 50 756 454 930 895 252 579 969 122 213 992 868 759 44 226 749 200 635 524 903 92 868 759 920 616 461 807 191 849 906 424 310 23 395 161 735 868 648 989 100 540 375 426 848 984 973 497 90 90 739 290 171 540 950 682 800 112
