29
6
539 539 371 539 153 87
176
292 11 132 797 782 518 77 604 11 663 163 223 292 316 136 292 29 542 45 569 11 165 792 116 413 11 11 376 198 798 790 11 165 165 503 569 292 208 955 760 292 363 569 315 335 592 885 460 11 721 11 235 146 709 206 11 39 165 292 431 292 629 729 280 862 493 768 732 124 528 851 13 569 569 343 550 80 228 758 165 505 271 11 619 292 562 569 11 46 292 565 831 165 11 891 768 60 567 569 165 165 866 710 569 569 569 841 47 352 292 961 569 292 813 295 691 165 80 568 165 11 243 910 767 843 817 292 832 569 771 291 591 11 292 743 569 374 393 165 292 105 165 919 525 410 487 961 11 11 904 850 11 820 889 179 593 11 569 569 743 543 569 711 569 967 292 958 817 955 287 12 37 97 439 556 569
214
182 856 331 896 648 28 652 247 816 648 896 804 942 963 297 648 943 117 241 648 746 202 4 88 896 754 942 896 558 648 896 855 396 385 681 958 896 608 809 122 994 652 507 43 896 113 492 910 505 851 547 589 491 904 204 197 513 899 117 851 125 896 840 920 117 875 363 156 580 229 6 882 754 375 809 126 77 948 270 877 750 851 694 545 703 874 976 518 76 443 570 896 624 157 164 942 942 896 648 896 565 896 344 851 201 652 721 942 648 730 502 139 939 500 582 925 917 942 652 325 923 648 994 741 896 602 783 828 695 237 839 481 161 663 495 435 545 219 900 896 329 728 896 879 259 648 648 24 942 201 466 568 971 352 46 939 76 865 648 602 511 706 851 769 8 436 41 828 388 285 648 858 716 648 437 377 53 648 942 267 648 556 818 855 648 954 896 851 350 300 197 344 963 442 770 537 896 666 648 764 903 254 29 196 962 291 360 652 66 648 427 881 896 896
171
113 113 334 365 986 986 836 87 177 87 113 113 636 494 122 986 986 494 64 113 872 919 15 109 15 726 255 171 815 515 255 171 87 171 87 710 15 171 87 15 755 726 806 113 208 113 659 726 528 113 171 15 171 87 523 47 726 87 87 490 171 742 255 15 113 493 15 87 916 625 160 726 87 155 986 15 726 494 44 986 87 87 48 168 113 854 15 759 171 20 726 724 726 87 553 986 503 227 834 524 726 15 171 952 966 221 87 171 904 255 171 449 171 726 87 986 429 496 530 854 78 986 87 986 15 273 941 376 726 52 726 171 171 389 416 255 87 726 726 882 83 391 15 87 114 716 261 87 514 494 494 113 171 986 113 62 171 986 986 171 726 494 113 726 837 494 494 986 215 936 87
182
15 525 949 385 712 471 621 91 162 287 470 246 836 866 719 517 273 642 993 894 81 730 458 311 24 683 298 972 485 818 970 30 396 991 256 496 855 242 651 387 991 991 991 57 54 96 942 719 188 361 875 745 544 527 692 991 121 559 597 625 7 315 188 369 285 888 172 650 967 305 925 648 991 638 991 55 928 177 211 611 674 991 72 477 42 669 684 801 734 73 931 991 617 330 709 291 580 718 693 188 991 886 953 98 991 885 842 209 614 342 454 134 398 902 552 271 859 203 779 991 188 494 133 804 884 620 188 596 991 778 734 361 991 175 605 494 613 247 353 991 268 302 991 26 808 991 584 749 990 278 553 782 713 18 486 703 924 533 234 644 122 95 965 802 991 762 112 209 188 188 916 802 647 631 304 400 921 300 725 199 958 248
212
561 724 884 97 715 543 400 367 871 543 59 400 543 334 400 408 408 936 146 866 752 239 531 543 654 84 796 998 408 573 866 408 41 480 820 837 477 408 142 500 255 284 173 623 84 400 400 729 931 342 307 658 637 62 543 709 494 463 944 528 13 46 18 35 33 543 408 991 297 513 400 400 271 980 567 205 408 400 262 936 407 400 45 782 103 961 408 400 851 400 616 408 90 543 502 400 543 642 587 346 241 889 400 408 855 83 408 279 632 574 4 247 129 7 773 392 346 706 942 913 543 986 770 408 49 659 543 822 501 543 672 952 408 943 132 193 408 112 870 420 711 706 156 634 617 254 400 349 955 723 245 530 670 455 679 57 400 910 298 537 815 400 543 543 463 348 543 150 227 652 538 882 415 651 729 543 854 792 169 387 34 942 929 922 281 16 536 814 56 694 759 165 800 834 913 543 400 877 400 178 400 126 107 957 17 440 565 543 543 568 729 408
234
829 638 515 785 829 400 752 794 550 864 902 21 794 256 869 833 224 133 21 18 8 691 807 499 39 716 370 656 239 794 631 175 176 253 829 309 848 587 800 344 873 544 30 162 829 857 545 906 643 829 932 794 298 123 398 420 601 829 794 585 248 21 895 835 142 384 139 208 878 173 105 826 794 794 283 21 84 498 874 887 217 312 550 30 794 21 248 568 881 263 797 224 873 151 328 21 386 951 512 829 696 644 23 21 871 33 492 62 691 80 367 829 393 87 443 641 938 468 21 708 829 865 829 500 944 495 372 956 38 815 374 691 240 330 287 869 124 17 21 675 794 284 902 54 771 67 829 44 794 143 464 71 353 402 485 880 794 136 303 554 21 290 446 712 896 59 957 794 692 829 219 985 865 212 371 794 829 843 251 928 664 147 671 21 829 829 127 377 794 597 270 797 216 187 829 829 488 427 897 664 21 467 21 21 21 467 21 631 836 73 621 393 794 523 14 741 21 774 59 391 302 201 603 981 21 910 453 238 794 192 104 449 962 896
74
151 151 711 711 980 980 711 711 980 151 857 101 980 711 980 151 101 857 980 101 980 711 151 711 711 101 857 857 857 101 151 101 711 711 101 857 980 857 980 857 980 101 980 980 71 711 711 980 711 101 711 857 857 980 101 101 711 711 101 711 857 151 857 857 980 857 980 980 857 857 857 857 711 857
118
334 310 104 622 585 558 527 882 262 748 439 656 755 310 326 310 664 527 835 92 402 846 30 11 589 498 903 710 310 527 326 326 310 510 366 470 208 326 334 96 388 70 470 371 326 326 527 527 864 334 754 326 39 49 326 523 326 310 593 470 236 326 852 326 527 326 464 71 310 701 813 326 141 310 326 527 581 137 310 326 470 286 334 527 326 619 893 310 432 125 947 611 310 334 527 326 310 631 326 527 851 206 890 527 85 187 221 310 116 990 452 527 680 334 339 241 527 758
23
911 524 376 911 524 911 911 911 911 911 524 911 911 911 524 911 911 524 524 911 911 376 911
152
298 295 489 685 393 23 393 373 9 854 111 855 298 298 849 298 842 393 149 810 393 214 835 226 256 226 709 393 506 491 298 108 298 345 111 669 226 521 590 592 911 96 831 488 888 920 469 393 393 444 226 393 298 752 158 509 444 281 226 983 393 198 844 111 111 567 864 354 226 854 887 709 226 111 111 909 298 694 393 553 297 162 111 168 336 111 298 226 342 767 868 845 850 393 59 298 298 226 874 499 529 537 952 393 105 111 563 275 155 264 797 904 711 333 226 111 824 689 393 455 305 913 298 393 393 569 298 467 111 226 569 576 643 26 297 393 36 826 145 298 189 583 332 994 990 216 491 566 11 111 990 911
163
811 965 741 326 661 612 336 288 112 130 227 568 151 419 112 535 734 935 370 112 112 421 147 954 110 253 760 252 923 257 149 372 504 112 784 869 986 524 861 168 71 40 255 522 280 791 591 924 715 635 659 861 798 936 877 389 112 414 592 266 646 267 112 317 912 621 448 494 870 515 112 743 504 50 193 122 476 846 197 198 576 870 922 112 767 587 455 851 846 843 341 930 112 44 340 935 641 264 142 613 321 950 589 953 774 652 629 384 321 468 995 607 715 476 104 227 881 112 77 112 903 807 621 234 170 569 508 680 112 112 112 582 796 170 707 872 929 967 303 880 227 173 310 112 946 744 331 293 81 699 38 752 572 112 911 132 425 117 564 737 744 258 112
198
230 728 750 781 949 454 122 416 758 370 6 800 61 224 480 136 6 579 79 6 430 341 399 734 734 734 6 136 705 136 341 734 86 341 676 136 79 925 122 230 869 884 679 669 620 230 893 43 734 750 837 6 750 648 341 6 882 887 803 93 341 79 122 230 669 829 230 268 998 750 750 290 734 450 108 684 44 79 341 234 6 136 6 669 239 341 482 174 939 990 32 341 762 6 230 687 6 136 341 179 973 957 631 6 434 882 341 52 715 6 711 936 293 734 341 136 782 341 79 734 594 79 341 678 136 19 734 79 136 79 752 407 79 461 30 341 734 341 793 230 136 122 79 79 6 230 371 136 98 763 938 136 341 734 515 579 169 79 6 230 230 411 597 341 582 423 751 774 1 6 101 650 242 411 734 750 136 673 496 750 122 735 341 341 122 837 136 750 386 689 734 341 6 734 750 332 734 42
239
801 802 777 598 42 472 380 943 451 849 977 140 140 132 380 107 746 977 630 200 459 289 921 158 72 472 268 140 22 333 921 746 238 2 746 8 140 184 924 753 416 380 140 472 921 746 594 915 522 611 472 380 921 746 795 786 289 572 558 415 584 512 660 626 594 921 289 594 921 977 977 921 195 977 380 329 746 594 253 977 977 746 140 472 594 921 746 177 404 140 169 462 746 115 416 188 921 921 472 582 977 140 184 163 297 780 472 745 289 751 970 594 472 50 977 921 388 243 274 115 771 506 993 921 313 289 226 594 683 746 48 329 472 593 184 140 472 140 594 454 289 988 82 799 495 532 977 367 977 944 289 472 5 289 380 289 977 380 184 184 472 594 472 184 977 746 140 921 115 218 380 289 155 416 446 184 594 289 880 373 560 289 734 472 115 969 55 746 977 594 330 823 746 375 140 594 711 140 977 746 73 977 989 746 601 82 3 594 425 759 122 921 977 746 948 848 257 834 380 784 460 28 358 577 594 921 178 921 140 921 704 140 921 380 468 755 140 557 140
83
293 288 411 719 719 190 824 719 719 499 190 719 764 65 990 190 190 719 243 337 235 449 190 92 605 293 906 719 672 504 719 859 190 719 190 572 318 468 292 721 433 150 719 198 933 719 962 815 652 190 719 463 719 167 719 106 190 812 719 639 18 300 900 190 190 793 409 719 680 819 190 190 758 190 918 719 719 193 875 981 179 77 869
34
989 662 989 989 46 989 989 989 46 989 989 46 46 989 989 989 989 989 46 989 46 989 989 989 662 662 989 989 46 662 46 360 360 360
159
274 253 316 968 68 285 92 316 284 316 66 29 789 592 597 274 935 274 284 316 472 924 403 75 867 274 284 826 248 463 594 727 449 253 316 124 813 857 598 883 353 449 800 259 553 121 316 988 476 288 840 557 514 316 349 557 316 598 316 39 655 253 660 975 274 715 557 253 557 274 730 284 432 557 284 438 316 151 517 697 717 561 662 897 640 274 894 316 284 214 826 309 371 993 791 274 316 221 284 231 522 588 12 706 284 196 441 306 553 120 917 274 527 668 284 725 148 453 43 776 851 418 660 74 844 274 938 221 284 215 244 44 739 775 660 737 251 274 5 323 274 284 451 284 650 316 284 316 732 253 677 557 557 956 591 316 316 274 316
92
983 322 901 322 306 901 196 901 816 901 322 389 322 389 322 322 389 389 940 322 983 196 983 940 816 983 983 322 901 196 306 389 196 901 196 322 389 196 306 389 322 306 322 322 306 322 196 196 940 389 816 901 196 983 901 389 322 816 901 983 306 196 983 196 940 322 322 196 983 816 389 901 389 389 983 322 940 306 901 983 389 940 901 901 389 196 940 322 940 196 983 901
63
964 369 464 19 19 796 182 543 19 155 658 543 182 816 182 19 543 453 19 543 964 182 19 182 36 543 182 182 543 182 380 543 19 543 964 818 953 19 720 19 390 19 182 795 513 944 182 653 19 738 19 543 182 19 760 19 182 964 19 692 311 543 543
88
353 721 610 934 551 387 564 30 681 681 824 810 564 681 631 269 678 967 205 469 681 681 885 681 537 831 564 907 368 681 681 391 681 64 599 841 604 564 681 620 748 36 681 136 893 608 681 128 322 420 578 334 681 564 495 35 473 564 654 176 919 681 89 968 172 597 681 466 564 681 81 502 45 811 80 970 681 16 564 334 181 438 857 681 537 912 550 938
19
654 654 654 654 654 654 654 654 654 654 654 654 654 654 654 654 519 654 654
168
733 863 849 967 104 795 175 455 874 423 770 874 476 875 204 165 788 301 541 963 461 34 880 923 534 923 145 147 842 306 448 923 790 874 267 912 135 894 318 88 140 128 604 318 85 409 172 284 603 977 677 499 763 946 120 266 977 121 874 992 401 427 1 178 777 187 819 569 519 714 7 259 788 174 980 160 898 647 790 749 357 836 429 262 760 784 212 923 591 582 433 669 216 923 744 933 664 923 94 670 981 874 423 304 284 105 700 169 228 160 994 58 165 874 557 815 363 166 423 923 36 70 50 329 364 652 650 874 201 43 416 257 672 669 546 121 588 216 491 923 198 329 391 432 98 379 66 640 923 919 905 352 148 707 187 879 21 923 616 387 645 266 787 244 190 157 608 660
19
394 394 560 394 394 394 394 394 394 394 394 560 560 394 394 560 560 394 394
212
196 808 984 500 441 854 937 881 967 325 295 761 129 945 555 506 686 301 812 186 422 43 476 877 200 952 306 883 721 723 640 306 956 318 805 293 249 995 487 805 417 829 125 875 873 360 817 953 17 326 477 178 281 737 944 891 645 306 493 306 433 306 477 889 642 607 306 936 508 531 760 372 185 671 374 34 610 477 740 842 518 319 112 38 194 791 779 707 772 296 746 593 398 253 327 777 147 523 266 233 817 200 401 502 239 593 289 13 498 459 327 704 306 29 577 833 516 279 31 349 368 402 388 319 306 655 691 667 185 656 477 703 306 424 487 306 17 509 17 536 693 551 259 847 495 56 917 793 760 528 369 223 306 139 690 20 47 543 306 743 865 184 657 306 509 696 35 883 784 809 11 183 124 434 358 889 395 908 843 124 147 690 23 618 186 821 637 745 86 751 306 457 769 413 306 585 244 312 979 55 982 306 215 975 733 985 53 282 512 550 153 448
214
147 646 203 80 888 83 646 600 651 875 473 641 641 851 80 417 669 170 180 80 413 645 214 386 271 851 645 645 851 821 645 89 986 656 75 995 290 507 454 855 842 956 511 211 587 653 851 728 933 641 645 486 641 192 958 135 49 80 679 610 641 797 55 641 646 428 824 203 80 677 749 961 203 784 203 216 212 645 422 698 641 114 203 626 647 641 641 363 703 115 645 491 751 645 453 919 731 360 937 458 325 270 566 641 714 457 80 926 203 981 665 203 610 904 376 651 915 479 347 636 832 641 851 566 76 451 237 613 268 851 851 416 646 319 80 641 192 676 203 669 463 809 791 641 252 851 646 595 911 33 974 325 851 543 508 851 9 585 402 645 308 415 867 117 406 90 203 80 90 500 851 80 851 641 894 255 673 134 400 235 641 403 252 875 645 842 851 851 90 851 706 887 998 256 646 419 641 342 641 140 271 292 937 646 851 402 571 285 645 203 646 964 857 90
61
419 638 638 243 638 859 330 487 638 593 243 522 74 944 638 638 182 252 527 413 73 324 778 638 638 96 811 638 34 638 454 463 130 225 638 245 638 869 638 638 243 638 162 229 146 97 243 638 362 747 101 675 894 638 638 320 80 638 309 953 466
146
339 168 404 929 731 408 929 499 829 621 435 222 663 583 182 930 669 20 930 977 974 689 747 173 435 669 435 735 435 412 864 312 897 801 183 231 759 929 435 467 989 401 435 746 435 607 435 299 123 435 299 929 669 929 615 220 930 929 719 204 669 929 929 992 919 72 669 528 383 726 299 989 930 928 574 929 575 798 584 261 929 86 435 929 669 587 929 299 669 929 940 150 165 435 523 652 766 425 435 32 570 435 444 669 929 299 169 237 124 435 669 23 596 587 435 902 614 886 930 435 929 930 562 566 660 205 858 175 929 929 498 789 624 435 131 464 24 670 640 435 669 669 764 989 775 481
247
166 852 369 181 939 319 625 971 469 986 661 762 720 469 506 657 320 853 213 193 319 637 994 743 228 131 503 389 939 328 197 166 888 172 762 149 824 866 996 227 743 117 18 661 265 169 469 91 314 546 918 469 823 526 279 147 34 939 807 814 661 469 888 661 809 62 166 718 939 40 487 661 166 166 642 968 661 661 166 661 355 469 469 810 166 602 939 762 830 78 939 532 939 469 782 939 846 265 275 295 917 47 310 661 562 830 715 820 166 265 661 762 790 367 621 762 753 166 94 631 482 917 76 219 351 939 260 907 659 499 469 194 572 166 457 596 357 407 522 493 661 469 291 941 233 338 282 939 314 666 973 166 62 539 13 217 797 762 661 800 876 714 939 428 631 939 917 762 616 705 469 700 131 670 735 762 67 84 661 590 61 166 715 120 185 849 395 887 762 984 469 625 512 939 271 768 873 443 789 897 939 684 197 563 569 661 907 661 394 469 917 817 469 726 939 118 525 939 288 166 184 469 504 672 484 661 939 916 546 216 61 617 316 358 853 82 150 457 423 225 166 478 321 416 820 939 268
40
607 883 355 126 377 767 719 472 377 175 633 74 377 370 580 718 99 834 377 377 377 81 62 377 377 377 791 52 359 158 869 720 377 790 251 377 377 866 831 667
