17
46
20 854 61 854 949 61 61 20 854 61 420 949 420 420 20 854 61 949 20 20 854 854 20 949 949 949 61 854 854 949 420 20 949 949 420 61 854 949 949 854 20 854 420 854 61 854
146
449 617 156 986 433 228 423 986 360 693 338 847 954 986 793 617 631 793 705 228 64 693 106 338 793 298 468 690 385 240 575 754 745 718 821 617 443 693 35 338 793 617 986 338 348 468 617 905 269 418 576 338 986 622 849 468 693 138 793 468 468 984 338 481 965 338 583 583 986 617 617 678 276 795 468 198 777 910 617 693 468 617 793 693 986 286 875 468 468 468 793 749 468 693 663 575 693 530 747 468 583 437 956 986 617 951 338 228 98 693 682 450 929 338 866 782 468 693 793 986 338 693 711 659 730 338 793 986 988 756 351 988 228 338 693 705 986 228 127 617 468 441 617 986 583 583
121
219 389 13 861 120 563 389 505 576 4 140 389 4 389 389 576 389 444 989 389 229 806 751 389 576 363 206 667 4 603 389 4 219 576 4 6 163 4 389 4 989 260 539 13 518 88 219 378 989 13 896 219 4 638 389 949 12 229 4 219 433 576 969 219 36 989 508 4 952 828 576 219 621 576 4 13 625 651 13 389 904 4 576 582 989 989 4 576 389 214 527 4 826 87 219 229 4 389 989 219 389 33 229 13 229 815 389 4 21 4 576 389 450 389 229 180 389 219 229 219 389
215
495 699 554 832 41 678 727 929 729 26 860 559 326 75 304 747 725 333 421 998 854 173 998 57 864 929 752 992 635 748 145 222 929 786 729 150 271 488 911 733 498 929 309 791 640 584 490 635 811 851 719 199 296 23 922 570 929 374 686 220 446 405 511 604 902 966 522 577 569 469 729 72 929 909 264 511 253 929 738 275 793 612 613 76 869 643 764 729 366 635 929 610 522 759 635 306 260 658 984 92 392 646 635 789 612 635 191 276 907 233 154 646 92 635 929 181 809 752 220 635 635 481 947 893 677 828 960 426 929 929 72 345 194 929 798 798 778 396 792 929 959 836 22 681 43 572 261 484 675 254 900 218 81 781 790 843 929 621 567 14 117 293 376 631 942 55 234 929 740 669 949 458 265 370 729 259 16 537 257 653 929 247 541 929 422 689 155 192 36 637 584 616 456 521 291 458 50 634 839 675 929 815 926 218 116 635 168 635 277 180 915 426 786 424 444
246
716 588 605 937 364 923 651 116 945 848 360 828 360 958 152 360 74 493 716 294 828 739 565 651 116 747 624 338 93 828 360 828 186 128 74 74 882 74 231 387 958 716 583 772 360 342 116 597 828 781 443 231 704 74 828 685 186 360 844 360 923 151 186 116 802 651 828 716 716 360 923 360 214 116 651 116 186 882 297 360 129 828 74 360 716 645 360 573 716 116 923 360 172 265 651 600 828 444 360 651 360 805 116 116 651 716 300 186 74 134 116 360 625 949 964 828 74 711 828 116 186 572 760 816 186 74 965 903 360 332 673 186 74 360 360 360 988 67 716 923 349 815 828 300 248 771 882 601 101 315 186 781 360 651 40 360 360 647 116 444 116 34 116 923 186 360 979 186 716 923 127 828 74 179 716 116 65 828 74 365 602 899 360 716 586 716 186 360 638 610 116 360 858 74 74 74 105 667 74 828 360 387 186 116 20 985 74 828 191 360 575 716 190 74 986 828 828 91 300 301 360 923 360 709 828 132 145 74 611 223 855 116 497 923 761 550 74 116 639 379 475 347 486 828 360 716
51
726 933 933 849 879 849 933 586 879 933 879 44 726 849 933 879 933 879 586 726 879 586 879 879 849 849 933 879 933 933 933 879 933 933 879 879 879 879 879 933 879 879 933 726 933 933 849 726 453 726 879
90
249 660 914 165 771 704 891 617 827 424 424 754 956 798 841 234 866 693 684 173 134 729 173 194 424 198 424 146 1000 995 621 915 995 777 306 134 739 424 166 651 424 427 723 134 868 430 186 424 820 424 635 769 786 134 450 890 400 191 986 554 878 435 235 424 197 819 90 86 739 478 42 424 245 716 468 984 122 169 613 479 608 432 400 134 173 120 941 944 560 784
205
919 72 780 469 358 824 762 824 804 198 477 368 506 356 78 450 469 773 753 20 494 469 358 20 20 397 396 796 854 826 804 97 745 289 358 131 476 278 547 479 358 594 804 428 358 358 480 469 506 774 452 940 991 824 919 847 254 574 106 714 854 612 304 804 153 358 530 455 892 842 329 165 358 249 506 57 333 824 956 754 568 118 188 509 176 907 260 804 54 358 506 580 824 824 37 512 824 369 142 414 804 891 804 429 506 469 469 165 77 824 405 20 506 469 469 871 824 919 308 339 824 804 121 662 2 824 506 120 516 20 952 997 824 506 358 43 252 139 919 209 310 340 386 446 578 368 919 824 804 783 20 358 377 397 804 804 829 804 469 806 896 932 550 824 804 575 777 973 20 804 24 429 358 970 788 358 824 804 409 804 241 13 350 241 265 20 369 506 516 971 358 374 919 784 358 358 463 358 498 100 862 506 114 358 673
65
852 852 533 210 915 915 272 272 915 915 915 915 852 210 852 272 915 272 272 210 210 852 272 915 852 210 272 852 915 272 210 533 915 272 272 852 210 272 915 852 210 915 272 272 915 272 210 852 272 915 210 852 533 852 210 852 210 210 915 852 91 915 852 852 915
169
668 39 483 121 832 154 1000 368 80 801 901 152 85 879 622 604 745 493 896 824 846 419 630 152 634 832 491 152 518 189 469 572 146 241 3 334 646 924 586 152 894 252 152 460 790 424 499 832 165 249 152 232 195 733 163 202 800 130 31 152 898 268 841 832 996 696 429 705 726 152 733 264 222 408 339 89 346 87 113 707 614 175 438 970 536 639 322 182 538 377 456 256 70 477 562 367 546 578 881 518 832 11 832 773 373 759 172 832 215 776 75 770 709 328 564 664 254 78 21 836 424 180 280 225 345 28 182 958 19 152 892 258 33 641 807 393 587 23 730 213 275 726 106 227 200 562 448 582 55 152 152 152 674 668 832 386 976 6 832 251 551 270 252 380 719 252 566 152 105
128
501 615 616 66 479 991 500 479 109 660 565 905 205 903 183 748 364 26 2 800 46 735 752 961 887 280 758 646 806 183 776 651 183 183 413 183 62 893 183 932 39 585 26 183 981 479 217 755 842 616 341 325 183 912 425 936 183 543 193 479 88 938 348 183 768 198 793 702 681 679 932 243 41 183 286 757 923 995 547 892 391 822 537 174 183 466 175 826 492 183 183 402 97 201 479 183 264 186 998 185 508 927 466 93 216 306 479 411 183 772 362 828 970 812 95 731 369 7 390 442 433 182 953 479 6 183 104 930
165
179 376 844 101 892 376 892 376 307 101 376 717 197 605 892 307 376 307 892 760 101 424 840 605 376 658 307 717 307 563 605 892 844 892 424 273 376 424 892 605 584 450 605 376 101 892 376 307 605 974 605 424 605 605 315 307 19 844 605 716 892 424 892 844 912 809 424 892 424 101 103 202 297 844 376 424 919 101 605 631 307 892 587 101 424 376 307 605 844 101 605 607 620 605 307 101 844 376 101 605 485 844 376 844 307 605 376 376 424 605 101 605 844 307 307 890 844 844 560 376 892 739 349 605 598 638 744 892 327 844 424 424 101 59 101 892 691 787 342 605 101 424 505 376 101 376 844 117 178 892 892 307 101 892 947 844 992 892 605 844 101 892 92 844 844
198
909 698 323 662 251 506 763 232 791 549 188 736 844 69 62 626 147 968 552 765 585 3 774 336 450 455 735 157 843 371 253 831 983 717 80 851 774 490 687 445 538 372 660 552 269 248 686 660 360 274 450 823 722 321 618 454 552 957 405 298 496 571 592 660 552 552 429 660 967 216 640 294 608 807 796 774 660 735 769 828 840 567 685 990 308 516 105 535 904 681 145 887 958 939 127 310 329 898 928 862 998 912 552 751 707 485 51 798 410 237 408 711 203 375 715 319 939 230 261 211 209 29 389 247 242 406 695 689 45 457 43 629 38 557 153 786 630 336 842 552 602 254 533 499 985 650 240 265 729 552 694 290 72 442 858 225 455 232 812 672 660 300 17 831 169 91 958 188 974 660 130 924 788 956 21 287 862 5 269 795 695 270 238 495 222 720 387 608 694 884 800 221 942 367 343 308 248 40
203
994 198 178 958 958 91 552 958 540 681 767 994 178 233 548 400 548 998 998 709 548 609 548 709 238 215 400 767 998 28 998 709 998 958 994 958 474 322 693 767 767 958 714 178 83 998 709 404 734 558 998 994 76 400 683 958 548 940 680 998 994 466 178 998 709 517 178 400 994 767 605 548 178 958 110 400 400 548 548 994 998 548 998 365 178 767 400 767 400 994 998 709 498 958 955 548 178 400 182 548 998 574 548 178 998 414 994 554 948 998 958 354 264 714 379 519 548 232 714 767 767 714 47 998 767 958 767 105 435 618 767 994 400 178 508 381 400 908 767 548 472 714 178 958 190 791 400 610 767 767 178 714 504 639 678 400 307 709 429 714 994 767 672 209 548 958 750 814 514 709 958 998 400 178 400 98 994 412 9 548 997 548 998 994 548 994 767 354 444 870 400 644 178 534 958 994 996 400 548 40 935 832 998
47
235 493 714 819 714 714 493 714 900 714 216 622 714 714 714 714 758 998 493 714 783 493 159 493 714 714 976 501 714 714 415 520 377 714 714 714 841 714 714 714 530 493 388 493 493 704 450
93
529 84 448 548 727 436 934 911 596 739 832 303 73 488 166 393 140 396 166 364 257 745 548 480 440 452 548 548 548 548 13 710 331 166 166 991 548 622 548 548 846 548 548 840 779 512 278 829 548 11 254 434 166 499 548 166 26 548 40 414 829 507 123 234 338 548 876 491 171 184 591 419 230 242 800 350 7 70 548 382 548 548 36 743 905 548 4 951 414 808 300 82 242
173
440 526 792 61 944 19 98 414 822 757 193 771 36 792 822 180 92 792 878 139 595 193 749 467 193 83 396 536 350 569 764 347 87 446 538 50 918 942 733 100 935 295 806 207 620 457 542 763 139 97 182 629 155 139 396 537 554 193 792 193 360 139 139 393 265 792 524 193 193 353 1 984 792 593 789 376 193 822 193 652 822 478 408 900 792 315 193 116 792 193 253 321 841 746 423 676 277 97 548 139 10 100 139 822 939 384 193 581 698 741 35 950 118 822 668 506 139 49 193 326 269 822 822 792 756 193 822 218 822 820 743 139 136 959 193 822 889 724 861 193 440 822 199 812 243 822 792 370 970 685 479 311 733 172 729 627 274 549 193 78 828 286 229 404 701 249 589 402 822 139 193 822 476
