100
240
656 261 349 79 225 506 227 121 285 974 332 102 652 218 269 560 306 612 485 344 785 823 816 217 194 76 705 206 409 98 31 367 140 130 627 442 523 809 769 251 389 953 464 303 280 815 950 471 658 813 978 253 747 477 949 45 632 364 405 938 236 903 181 585 450 90 879 640 366 865 335 83 322 347 630 807 737 125 688 397 882 428 929 179 219 179 214 954 784 778 157 951 263 963 484 205 823 948 428 883 736 575 217 202 271 362 691 977 583 209 137 997 924 877 263 982 67 853 858 98 402 718 522 352 73 962 186 306 203 973 480 41 857 882 359 982 8 909 463 510 622 183 917 536 902 180 395 15 242 135 459 513 931 177 557 14 593 120 114 632 347 255 151 616 688 4 753 366 238 857 833 832 900 720 416 594 480 971 109 430 576 815 138 230 603 802 207 968 917 502 765 862 935 587 51 863 309 353 245 838 146 152 456 283 67 265 821 665 856 119 959 843 591 720 77 665 498 894 929 955 892 303 757 293 138 530 432 274 633 325 602 918 988 937 284 739 185 43 441 921
181
1 4 188 686 737 12 835 257 438 920 494 737 371 916 928 852 668 713 95 898 650 826 708 355 701 845 947 153 145 459 419 949 578 595 997 467 831 181 942 54 687 407 170 767 567 514 952 736 709 342 728 914 428 930 471 100 42 237 980 382 230 870 800 524 988 944 771 44 213 286 847 123 493 991 688 472 190 442 596 713 941 6 507 369 410 80 616 175 548 762 440 91 762 784 286 158 825 2 625 907 534 189 41 927 925 955 764 100 292 533 317 904 401 463 50 396 867 112 607 741 452 895 950 159 257 360 612 205 444 472 74 50 757 653 335 511 162 274 718 548 498 744 408 272 944 530 333 588 712 953 38 961 243 514 228 781 619 155 676 551 392 323 962 723 815 536 268 123 130 982 13 840 711 448 23 190 415 577 909 238 720
110
609 851 660 989 583 666 14 973 340 668 276 676 487 316 789 66 879 122 184 664 474 513 685 20 122 262 227 448 236 900 224 118 640 729 768 745 864 611 18 13 430 867 93 104 183 182 427 938 571 642 883 57 746 161 871 664 971 239 637 233 608 85 80 625 914 217 966 537 679 731 1000 609 282 493 337 540 764 176 943 170 389 467 655 825 991 989 79 573 677 498 666 812 273 479 930 316 452 811 884 815 673 630 347 535 769 570 488 153 801 866
167
320 974 774 61 376 160 125 693 26 11 418 342 367 160 103 263 407 275 671 620 261 941 868 684 25 975 898 846 149 29 211 764 844 451 126 474 269 324 826 941 759 166 773 997 544 395 458 453 176 849 601 44 703 209 261 17 289 685 590 57 21 275 844 257 428 899 892 885 836 147 798 94 229 26 336 301 43 743 428 122 802 762 603 603 643 229 448 850 564 991 264 758 521 556 323 626 507 15 268 552 665 123 202 941 171 151 479 316 897 618 173 573 245 318 56 894 800 654 199 326 201 501 914 926 555 690 991 735 937 59 284 239 690 906 117 81 158 75 859 590 46 206 771 442 884 855 298 904 488 712 500 605 397 923 668 410 719 792 632 281 491 664 495 291 965 517 909
133
845 810 866 979 827 14 777 850 486 452 300 458 680 309 24 3 780 536 804 302 278 51 613 133 476 172 44 203 633 277 997 261 779 494 221 755 662 949 426 584 80 556 643 591 523 561 288 824 245 572 227 161 811 346 342 925 67 508 270 660 25 560 572 547 491 474 39 240 968 753 306 643 136 854 685 296 484 372 595 354 24 600 949 774 989 238 964 537 629 886 98 510 163 796 297 694 867 44 704 340 682 709 196 236 747 427 65 111 323 301 836 506 628 550 519 357 720 315 423 640 587 803 664 416 295 473 170 610 73 541 780 145 923
215
627 28 277 131 795 476 851 244 798 129 769 534 440 647 564 955 427 919 784 846 32 822 424 174 693 731 6 923 810 274 569 756 540 196 688 940 990 710 787 97 312 636 127 439 120 34 814 972 530 700 501 179 311 43 847 144 209 177 863 329 713 62 285 706 807 306 399 188 715 781 84 410 699 459 261 570 342 891 303 438 707 471 511 673 462 475 540 351 599 112 727 311 94 780 172 510 601 106 976 378 277 474 563 696 731 877 275 815 90 680 872 590 257 447 179 228 410 529 864 917 173 499 303 132 333 318 88 645 358 630 382 454 175 971 321 836 332 344 327 598 232 192 312 85 953 987 986 975 91 870 612 712 621 49 198 955 672 287 603 586 744 965 754 39 540 52 504 734 127 854 774 482 845 699 866 805 945 437 658 862 970 862 25 741 944 54 739 669 483 579 924 828 210 858 365 755 542 605 789 474 185 600 951 516 26 925 107 323 366 920 26 567 419 851 844
231
583 969 490 244 71 938 92 106 278 839 631 179 718 203 279 287 348 615 768 262 629 588 364 620 478 28 952 412 20 752 777 595 845 584 559 978 742 157 742 752 616 238 993 135 505 990 115 957 540 556 916 18 836 819 102 444 256 657 199 75 530 389 216 179 513 344 175 418 74 794 612 577 954 56 9 62 688 121 814 956 526 194 869 248 570 18 88 112 191 990 610 15 30 303 939 20 998 33 767 604 446 939 627 145 420 212 76 765 359 164 985 671 695 384 122 774 334 137 843 454 107 452 128 999 984 524 526 313 66 80 696 516 304 978 568 704 244 895 187 405 513 697 252 576 887 840 517 16 365 858 806 333 432 244 146 657 421 715 723 775 933 331 7 857 461 320 464 137 341 181 633 766 879 840 196 318 888 779 513 701 954 988 872 7 132 104 902 910 943 919 271 352 239 355 148 962 235 439 265 977 504 772 555 361 478 783 831 480 139 186 232 147 342 809 682 415 338 362 384 794 138 740 844 372 75 577 936 395 484 310 20
125
913 991 272 708 283 880 550 337 603 102 715 764 992 280 78 13 162 303 224 1000 580 397 625 198 882 444 301 267 369 176 778 501 962 954 830 210 718 995 89 701 970 658 157 452 290 859 233 132 507 333 990 290 80 905 999 985 383 432 127 62 613 500 505 604 305 540 913 72 941 699 762 894 840 856 711 963 733 400 421 465 237 369 707 199 112 323 738 112 625 962 294 689 17 922 254 513 484 270 676 233 980 991 971 616 188 781 690 759 233 765 166 266 719 875 218 664 158 184 247 973 718 978 705 539 445
179
810 110 892 434 668 697 103 728 896 547 344 432 605 101 937 192 958 657 678 584 780 855 717 478 761 274 325 997 687 729 793 324 127 285 108 985 697 488 87 570 660 802 36 187 425 79 994 641 884 521 327 530 945 370 609 879 429 575 422 430 725 123 713 745 195 830 526 532 549 965 747 326 513 61 660 475 496 690 669 302 719 194 779 881 83 331 2 318 832 157 974 143 549 831 266 825 970 958 290 323 295 887 626 874 816 623 57 648 773 297 720 610 848 323 420 765 795 316 53 689 848 131 731 758 694 549 107 582 407 74 830 11 597 20 143 625 466 616 384 355 254 421 261 176 721 976 333 673 230 82 2 124 561 972 71 62 720 654 573 820 972 91 486 698 761 388 885 429 33 191 257 25 166 614 16 503 694 241 856
177
579 428 848 801 861 950 895 409 401 13 368 819 643 81 469 230 429 655 237 399 773 575 282 403 506 355 618 341 960 510 237 940 30 878 83 48 460 158 125 787 998 434 409 909 953 866 24 541 420 757 497 1 655 673 224 922 794 46 579 726 617 720 68 618 460 386 708 461 735 245 151 883 401 525 911 118 900 30 344 587 176 847 785 683 977 4 835 972 602 302 707 611 783 186 597 133 877 765 281 920 241 693 795 420 820 102 887 664 63 400 957 789 574 796 2 646 823 217 337 547 794 73 342 373 721 820 426 717 686 468 899 119 271 545 748 606 115 48 538 788 264 482 981 354 895 933 744 71 523 737 253 927 639 764 571 794 233 261 122 678 849 201 382 454 203 136 454 824 558 31 964 667 844 867 309 487 843
184
845 787 813 503 655 537 829 888 387 403 529 511 666 702 383 304 123 616 697 62 1 652 388 290 431 776 584 885 865 672 358 491 378 622 489 768 496 646 24 175 186 599 123 184 257 784 697 349 589 518 924 643 438 160 904 820 362 360 966 58 923 458 711 918 789 467 260 404 807 462 887 614 271 583 546 707 508 378 360 173 768 397 920 132 879 394 742 742 564 883 376 610 672 971 936 747 152 292 633 55 967 821 70 533 594 295 726 417 353 310 749 119 84 456 33 639 400 302 372 331 486 835 908 328 37 728 12 306 816 601 26 186 908 965 65 28 641 105 718 44 535 504 454 296 314 524 749 231 887 602 826 846 881 104 537 567 16 642 351 907 777 821 240 534 117 497 315 509 702 166 373 534 219 917 809 658 907 123 846 596 69 460 396 613
163
236 657 103 619 943 9 342 272 395 151 483 437 25 801 38 618 87 419 663 932 405 95 518 281 963 48 612 761 107 795 705 855 301 110 378 38 50 744 295 437 34 969 712 190 910 79 861 320 516 837 66 163 416 633 116 338 291 364 275 840 59 764 905 325 537 247 775 627 524 908 142 540 991 932 94 49 150 635 146 591 337 583 218 932 557 694 303 456 102 133 656 617 211 118 804 480 998 7 505 93 719 855 570 366 508 602 289 433 157 829 393 514 503 179 925 271 934 739 248 957 134 252 911 129 788 247 258 895 678 965 577 662 197 876 74 514 825 3 92 952 701 253 628 680 991 209 654 264 157 679 917 176 710 970 489 698 79 960 764 796 961 811 489
174
109 727 545 667 679 788 662 323 868 284 369 262 232 622 930 715 669 12 980 590 842 998 231 648 858 225 979 440 853 970 328 439 526 614 90 429 73 546 402 517 282 240 226 397 191 185 871 69 886 545 106 872 194 815 954 975 380 326 188 377 263 728 859 595 63 855 49 500 146 277 932 499 961 981 52 904 159 755 975 653 251 907 233 735 561 968 966 280 163 837 85 138 149 123 540 651 663 891 743 313 843 775 416 506 553 501 560 234 811 952 221 849 680 185 432 601 676 931 171 446 567 850 743 541 698 579 905 2 361 996 484 929 627 611 464 806 329 731 447 268 929 559 178 449 791 134 172 898 339 861 509 561 448 212 665 105 973 769 573 278 564 91 573 794 279 298 562 811 89 597 699 315 282 30
195
673 819 670 569 730 245 492 583 440 922 862 774 504 585 244 249 556 367 133 931 430 334 149 447 489 901 707 647 679 126 336 457 311 256 720 259 561 154 406 683 700 908 264 507 218 469 312 855 792 96 914 58 656 999 646 309 702 395 65 860 119 788 60 834 930 994 219 462 759 890 248 324 257 154 426 131 143 888 69 248 449 909 512 365 304 605 423 957 522 113 426 602 477 517 764 974 192 640 756 914 481 233 929 744 100 398 121 842 632 440 748 929 363 283 917 25 642 569 301 901 705 691 1 755 513 484 873 830 365 58 241 399 391 906 470 648 990 946 284 127 194 801 39 70 580 426 63 884 712 732 789 673 140 402 641 910 629 822 173 480 83 242 346 403 550 330 70 303 98 948 651 649 105 719 97 510 717 632 414 231 921 719 369 607 983 668 203 756 984 243 632 382 287 319 752
227
573 692 160 993 517 512 985 500 526 67 635 339 375 222 15 846 100 422 816 317 962 86 336 699 67 44 7 562 689 388 869 919 233 672 783 53 714 435 479 604 420 787 341 208 14 869 681 595 378 66 375 27 930 736 282 829 933 543 138 994 994 39 401 234 696 930 496 838 597 359 968 737 360 595 93 978 997 452 476 343 508 324 304 624 755 236 792 664 414 496 700 238 229 458 620 643 491 234 129 449 164 874 178 744 387 388 624 758 726 726 695 387 304 835 276 895 397 245 210 913 870 945 865 676 92 310 765 966 309 955 559 718 344 629 409 412 507 10 543 375 898 214 934 499 80 807 434 841 856 747 333 587 741 725 568 636 983 781 895 835 820 880 341 14 686 619 212 842 48 632 830 464 287 248 697 620 587 700 860 190 298 114 563 26 142 139 690 528 984 696 419 256 305 292 348 239 875 748 258 21 251 862 11 269 397 153 516 909 599 53 686 784 360 294 499 208 739 678 225 867 50 509 615 765 948 289 344
209
637 979 666 548 840 692 551 237 588 429 205 508 628 505 100 407 910 471 40 534 635 956 598 784 783 627 951 83 169 484 415 255 901 134 216 987 76 63 676 604 889 107 284 503 413 733 331 208 105 613 816 467 309 955 742 722 619 859 995 922 751 372 97 975 843 978 224 624 439 993 124 401 686 918 987 680 813 45 959 140 637 844 720 437 862 902 835 892 47 224 643 38 96 383 194 32 607 434 184 441 379 866 993 629 792 977 587 60 61 116 33 999 400 140 123 445 585 161 643 260 747 963 389 74 125 112 692 176 735 760 188 830 432 690 592 31 154 619 682 485 88 289 435 128 15 308 143 892 602 612 189 833 991 485 228 761 204 324 703 706 22 266 521 192 128 547 187 475 654 6 507 469 144 245 995 922 77 798 662 871 894 183 637 201 645 36 96 803 121 28 586 227 167 317 628 210 300 200 775 270 476 675 717 866 327 675 271 791 875
101
53 957 241 777 919 758 333 22 140 847 872 302 633 194 169 364 730 131 916 163 211 7 139 85 288 653 159 823 671 772 954 131 19 4 998 509 277 216 383 905 12 412 198 65 492 80 714 801 691 435 410 328 367 987 851 970 219 303 154 417 996 968 820 542 639 370 983 472 110 321 616 924 303 345 381 762 118 633 542 882 556 971 660 807 791 387 906 826 237 449 920 725 328 878 286 900 683 764 193 806 98
199
632 235 962 908 315 818 422 368 944 632 152 342 277 389 20 780 739 537 440 735 781 132 801 295 565 399 99 443 997 184 150 536 776 604 185 444 535 567 567 803 301 427 132 206 162 990 199 248 981 651 201 398 971 461 630 173 252 554 882 568 55 580 486 419 571 792 175 813 991 885 224 254 355 30 690 841 693 509 506 572 116 400 31 539 11 217 136 510 252 773 590 47 464 349 9 377 550 434 89 305 950 944 803 487 551 512 734 481 472 15 271 832 735 845 994 410 986 264 571 71 635 514 603 436 188 664 321 946 54 221 160 207 343 471 222 715 838 520 878 104 851 832 426 656 959 612 863 863 912 996 327 461 15 880 736 898 608 142 291 688 679 858 130 477 189 28 894 649 816 727 680 381 627 215 814 701 523 321 321 321 868 518 448 287 435 676 841 737 269 369 109 803 702 692 639 107 938 893 836
178
480 578 895 794 753 411 621 998 858 955 474 401 958 643 287 543 40 563 687 137 370 318 668 448 367 463 605 221 327 598 562 455 420 901 114 3 609 768 381 827 708 912 702 437 615 89 86 273 701 393 918 697 626 19 351 574 59 300 212 587 534 112 205 757 160 908 434 913 209 810 391 536 863 239 26 963 907 579 325 979 796 704 239 191 175 52 442 1 595 142 882 52 183 317 93 5 732 727 858 247 630 743 944 627 588 909 476 118 225 170 152 126 627 889 770 380 850 585 12 736 562 902 913 857 272 976 593 168 306 203 580 587 676 828 780 750 51 397 378 110 47 551 227 15 381 940 821 841 774 82 573 468 8 399 810 926 840 384 580 524 195 600 374 145 798 398 236 410 877 676 563 186 460 596 868 285 354 368
119
563 112 471 705 632 909 471 797 934 212 949 797 972 795 677 788 878 781 427 637 922 388 605 309 816 676 805 779 17 686 885 240 87 580 155 472 241 199 47 659 765 262 776 146 989 724 982 327 122 657 471 511 525 867 697 766 747 941 745 831 598 436 141 574 178 524 590 356 258 154 894 156 832 618 590 35 186 248 328 66 387 361 372 653 454 944 371 276 137 396 941 260 557 279 214 264 963 828 785 698 176 899 340 108 123 739 751 129 683 438 721 62 227 782 99 847 269 654 935
228
220 53 595 760 139 129 486 214 230 408 720 514 395 778 57 874 206 608 12 23 789 47 887 744 124 645 162 922 869 462 594 743 776 361 247 494 911 363 81 226 827 39 580 460 577 465 765 858 742 731 537 108 316 319 254 187 658 166 51 366 958 9 211 99 349 281 75 206 602 411 325 615 810 364 557 253 740 692 458 472 46 269 536 703 956 793 808 766 266 976 455 619 701 696 703 583 7 225 510 799 467 308 674 349 41 646 751 810 540 498 731 354 725 985 923 337 42 760 379 343 73 599 204 555 69 452 627 785 832 140 653 143 36 565 514 693 469 307 500 978 556 700 122 993 502 505 504 311 278 470 515 178 210 472 412 443 881 449 529 418 322 869 241 172 125 821 305 815 220 731 604 719 205 514 79 543 63 933 304 460 656 536 426 314 315 818 479 625 493 367 834 559 943 92 880 61 897 330 383 4 99 767 902 877 892 344 847 93 239 867 167 585 95 338 346 166 881 528 939 893 425 598 471 913 777 571 448 971
175
952 550 755 434 829 588 553 261 249 122 818 281 133 511 702 821 417 103 517 583 50 871 64 274 398 410 679 86 455 476 264 491 723 828 984 108 149 109 198 887 976 524 684 552 966 67 85 592 12 308 4 421 577 805 814 501 116 29 346 514 761 152 675 704 756 506 85 944 917 889 595 37 837 882 831 122 126 88 181 827 605 57 906 951 649 26 674 794 783 301 510 571 917 809 734 611 11 444 552 439 31 275 663 470 143 287 813 297 43 251 501 385 989 4 796 989 749 141 945 83 876 986 200 685 126 749 267 467 454 515 557 377 964 692 286 512 335 724 824 378 355 15 367 714 482 302 837 285 137 486 346 414 786 92 600 633 80 36 987 642 318 652 674 672 893 913 330 299 953 508 670 382 246 178 309
206
139 543 399 620 943 439 364 658 21 151 344 486 332 955 413 599 860 752 49 684 27 686 37 875 822 469 281 69 142 739 854 255 378 218 708 837 715 978 865 303 763 407 563 825 869 158 741 332 259 421 106 697 593 483 950 667 163 554 170 315 417 24 252 919 320 537 449 784 943 513 770 196 44 475 286 948 219 638 224 851 936 722 754 269 521 646 511 724 258 873 401 776 436 412 860 844 766 678 715 73 267 632 248 328 452 900 981 531 137 315 115 800 494 347 943 335 150 929 812 32 10 129 256 697 165 303 673 356 234 517 629 106 722 760 411 794 283 434 102 687 774 839 42 62 68 420 438 74 121 962 717 393 426 235 863 819 624 474 693 411 532 700 19 329 185 574 148 468 689 789 343 932 207 886 777 785 2 470 148 875 709 315 860 566 627 286 555 78 129 439 169 145 983 93 32 474 119 647 637 806 478 826 190 325 454 199
132
395 441 674 900 915 979 60 290 48 146 496 358 656 820 935 643 615 125 207 509 262 586 624 778 717 458 843 80 389 193 502 298 565 135 770 420 137 16 302 512 497 266 13 638 769 308 34 940 84 235 180 766 144 443 993 923 597 415 486 973 771 43 331 328 568 419 440 630 115 212 335 493 304 292 55 978 377 962 790 951 401 402 151 956 475 439 816 846 447 97 926 695 32 656 974 476 72 35 437 108 454 601 834 94 518 394 752 863 41 673 670 467 364 28 383 5 185 30 428 504 24 357 38 368 906 711 782 305 629 307 163 109
161
861 892 407 87 959 130 359 794 93 625 79 983 968 12 310 734 826 249 72 438 314 294 387 590 917 672 203 75 584 502 537 803 212 397 183 477 876 23 111 299 177 817 747 305 113 796 532 712 141 424 613 134 305 143 98 295 716 437 47 29 379 116 840 980 53 605 472 220 586 474 882 936 935 935 953 936 68 389 153 181 508 320 246 254 43 131 136 63 620 50 561 430 989 459 123 774 477 517 440 105 602 839 545 922 649 964 254 674 229 344 932 530 206 368 329 592 216 284 311 495 740 163 721 704 168 623 923 598 63 754 274 711 595 141 613 374 313 553 698 212 331 673 329 867 30 251 317 162 991 16 258 4 371 493 995 586 822 539 408 456 2
226
675 383 932 692 889 831 648 930 652 944 779 966 402 371 2 965 582 559 105 841 210 185 807 853 610 507 1000 110 444 625 497 329 820 998 62 561 573 811 698 606 526 653 848 892 877 889 470 538 287 45 270 496 186 1 458 285 903 776 463 660 748 484 11 683 898 348 422 347 581 342 631 33 495 304 628 438 596 372 234 533 749 349 690 814 736 440 864 705 469 142 448 837 47 916 507 223 356 146 17 428 343 458 263 733 637 491 277 728 922 813 432 173 699 227 148 265 651 684 112 415 534 548 263 822 621 648 377 99 864 331 909 847 640 943 623 950 91 670 519 528 741 883 358 729 568 101 23 332 382 12 224 123 331 946 52 452 293 140 507 325 275 561 367 988 385 383 26 8 912 529 230 834 930 200 302 951 178 820 640 10 481 466 888 363 307 129 912 62 542 253 537 851 726 989 59 983 7 103 889 37 80 322 714 555 753 819 141 179 380 791 115 173 355 174 897 884 788 994 610 215 149 147 589 889 870 108
166
110 553 940 936 689 935 437 922 306 267 359 747 306 112 355 295 976 889 136 846 306 97 332 358 38 461 580 60 899 867 942 74 380 201 795 93 967 685 223 642 337 601 135 722 797 936 388 635 835 124 100 974 554 376 884 746 947 324 124 554 388 902 683 956 292 710 9 202 520 812 173 874 310 851 167 633 930 972 285 665 268 286 802 570 674 118 936 571 274 290 820 913 340 872 575 535 197 861 487 973 833 566 255 918 242 496 112 263 283 843 98 450 538 511 357 756 827 327 982 343 164 276 354 268 681 538 636 360 631 775 876 225 688 136 132 516 19 438 718 384 747 497 12 957 120 482 497 993 516 175 221 634 886 449 588 903 668 241 384 57 785 99 766 14 835 124
109
294 563 250 913 511 393 686 206 470 318 572 779 497 145 840 557 901 394 886 466 156 63 517 202 706 634 684 532 95 941 961 85 291 137 277 83 97 821 788 11 166 657 884 372 935 920 500 295 188 307 468 944 536 623 693 314 612 753 332 972 194 75 501 428 444 856 681 596 450 548 406 654 816 730 649 21 723 235 805 257 270 26 598 279 561 225 985 867 209 27 491 713 414 721 512 742 285 718 408 760 117 513 175 51 826 506 815 400 675
165
570 946 320 360 674 256 49 241 982 902 382 383 957 577 452 359 752 61 92 384 74 285 380 407 163 288 530 965 88 990 832 920 242 314 261 855 917 948 382 646 327 103 499 42 5 72 646 182 714 857 949 80 634 29 549 19 885 381 903 248 242 701 399 881 731 321 763 857 639 722 500 25 785 640 91 410 69 510 399 248 401 51 437 293 307 378 523 562 485 887 585 877 728 504 949 287 129 794 654 475 527 383 627 749 522 13 88 875 185 854 215 89 235 139 479 153 955 803 463 118 522 860 313 555 139 852 917 119 966 109 851 49 307 828 349 154 158 556 250 490 173 991 310 958 451 105 131 144 937 489 196 615 93 338 229 927 223 233 233 20 488 4 479 143 1000
226
733 25 387 571 24 349 851 636 176 290 935 618 959 938 795 821 94 161 267 192 132 867 525 588 588 242 643 434 561 753 712 364 333 569 962 359 33 296 463 445 491 120 384 500 630 66 60 224 524 557 908 447 533 183 836 625 744 369 391 710 510 428 475 238 66 652 504 522 77 307 885 835 856 322 636 291 469 86 773 626 119 190 601 28 295 510 874 398 731 855 156 122 116 115 854 152 721 594 296 628 881 104 353 772 902 83 19 577 49 254 540 554 209 630 241 209 572 457 536 756 812 44 473 985 263 832 192 5 510 258 266 318 632 610 60 63 212 280 330 129 163 950 750 633 999 113 96 848 582 497 649 663 20 19 950 317 359 488 664 440 45 134 874 914 790 391 676 60 673 798 909 66 745 731 150 857 827 291 416 557 69 311 948 376 198 699 96 875 92 453 466 739 908 208 885 526 67 867 982 948 728 337 534 655 851 348 698 624 354 176 44 873 506 30 456 723 14 455 562 498 494 79 68 762 429 793
182
356 469 169 126 545 594 817 528 870 35 410 438 42 48 864 13 237 699 57 534 288 202 461 628 366 306 453 733 634 274 518 93 182 900 484 344 615 331 621 872 505 31 771 685 992 887 729 535 613 768 520 757 187 694 984 83 557 597 459 353 661 416 769 103 75 249 272 440 184 409 994 307 15 523 449 827 230 955 331 48 678 997 812 924 81 6 930 768 261 664 442 292 375 997 641 834 389 101 209 936 464 634 237 588 730 186 700 301 570 64 683 444 274 493 239 440 889 116 709 694 89 604 680 864 13 665 520 965 843 160 123 522 576 236 937 835 228 62 643 855 431 323 753 144 296 139 547 329 773 485 772 971 648 348 621 302 95 766 487 93 667 396 528 1000 604 341 684 561 488 110 529 791 995 659 797 981 891 669 527 663 10 365
223
676 490 168 845 388 535 998 521 186 152 808 668 822 260 465 467 588 135 188 871 71 436 909 301 88 635 801 638 480 951 35 662 262 181 206 932 325 904 713 17 208 651 192 265 970 90 459 519 812 80 193 17 727 563 302 156 569 427 930 957 583 715 439 89 862 141 260 141 99 876 406 310 6 861 291 670 346 329 420 64 870 211 394 460 883 893 225 431 874 864 154 224 434 837 112 807 138 628 261 850 83 659 860 201 563 193 17 37 21 751 344 241 199 808 182 141 120 433 102 853 774 514 672 169 986 378 914 821 981 344 406 102 914 730 865 257 370 120 600 529 354 119 582 762 171 469 589 91 196 527 568 895 560 398 373 731 461 790 202 216 703 988 246 970 677 926 569 361 901 899 169 937 344 753 909 370 429 581 681 898 271 954 15 886 916 574 154 326 924 957 477 522 823 517 521 784 635 11 219 759 946 350 994 683 455 503 911 994 779 602 491 884 567 841 685 292 479 132 818 450 12 925 313
199
963 778 456 750 269 570 32 86 218 167 425 639 801 225 155 239 593 789 192 727 40 565 193 678 13 13 180 277 90 679 401 485 339 120 88 254 442 632 973 123 331 979 656 819 391 896 955 665 88 668 388 866 149 222 526 335 526 253 481 788 961 947 999 996 682 321 762 548 365 368 144 578 799 857 432 551 89 813 491 286 43 178 984 132 123 964 343 785 704 715 21 476 655 279 237 927 916 926 930 409 998 978 846 203 216 683 666 479 15 113 647 273 636 251 78 110 789 544 487 437 982 676 7 780 537 270 919 166 888 428 20 762 933 36 633 105 436 567 544 791 743 368 496 69 400 472 567 411 367 11 554 820 776 442 547 524 255 494 796 787 742 341 687 220 528 875 19 649 762 736 425 833 859 897 244 992 113 181 180 317 222 976 976 868 547 907 837 228 346 262 805 204 376 97 106 710 937 96 637
235
663 139 942 521 266 494 154 49 479 770 278 901 47 458 585 267 74 981 788 238 484 5 115 545 69 637 839 345 331 400 397 162 160 167 385 243 309 676 686 500 579 245 65 416 210 112 607 55 252 600 525 770 800 594 439 683 178 880 864 918 333 275 578 87 947 942 389 234 661 75 961 413 8 213 131 915 987 353 203 203 986 822 108 931 160 4 130 955 207 507 878 544 392 184 719 188 958 965 153 126 591 41 665 575 677 667 356 163 447 420 832 173 164 343 868 324 871 730 776 688 88 86 895 780 40 489 161 43 390 669 34 413 199 466 664 373 419 290 801 454 812 685 597 804 618 117 986 745 215 473 830 149 437 226 528 546 378 288 583 665 185 630 124 586 982 309 201 652 86 352 285 203 725 95 883 385 252 874 141 37 706 235 539 108 218 300 149 258 652 657 927 862 402 24 675 592 272 546 632 452 982 879 88 684 135 864 265 291 73 539 712 639 618 34 191 701 84 756 353 269 110 865 859 13 910 212 613 341 509 60 662 927 191 935 781
177
516 351 767 437 196 317 607 76 513 658 697 371 453 316 875 318 284 587 853 530 698 745 219 442 371 283 996 614 944 506 441 244 730 201 345 377 151 244 683 320 643 761 192 837 505 614 197 769 751 412 787 858 793 452 971 130 271 941 639 254 494 444 340 444 923 209 469 65 258 87 270 235 107 319 248 539 90 659 679 98 63 927 503 686 282 998 114 17 931 902 551 470 867 738 178 894 194 804 242 685 201 166 696 926 634 168 162 385 3 61 394 223 96 107 888 388 358 642 874 963 349 617 874 2 383 463 849 92 467 53 900 979 961 285 65 295 195 924 826 137 767 577 199 133 129 507 287 449 751 683 33 891 114 515 48 433 561 569 690 278 739 399 365 371 212 238 672 233 989 257 146 282 659 140 458 828 183
141
767 196 466 666 820 166 631 565 122 205 745 996 339 831 40 690 89 392 399 123 157 248 676 490 331 601 164 127 553 404 1 880 393 26 410 648 983 529 670 793 997 856 107 702 89 292 644 433 972 944 403 961 400 122 509 819 687 978 15 959 733 735 836 312 709 281 162 787 575 517 386 471 67 879 718 635 705 929 826 348 986 819 217 894 709 545 154 350 810 164 112 552 514 385 173 244 457 623 461 696 709 727 425 425 441 209 919 939 772 17 332 410 844 607 169 325 501 430 698 821 527 614 802 783 628 489 121 323 902 919 388 944 386 174 602 296 638 543 242 986 338
169
480 651 731 277 653 482 242 666 234 510 737 676 8 77 643 692 290 562 833 782 671 500 784 41 588 653 496 947 9 605 965 795 921 619 370 662 746 213 727 881 185 350 548 670 592 158 798 496 295 654 808 898 731 845 129 507 723 777 769 283 662 248 339 19 191 12 792 752 683 446 411 43 817 89 744 487 198 236 163 183 360 425 810 670 365 947 723 686 850 85 434 738 89 724 3 227 674 477 349 799 784 118 174 800 381 124 434 270 109 2 228 594 120 129 288 78 381 717 210 462 275 842 552 158 541 566 628 529 205 775 126 998 578 48 54 667 91 819 511 97 786 1000 542 452 426 699 143 842 923 112 460 979 549 247 56 596 658 605 172 903 846 490 961 523 553 801 709 960 293
199
140 163 922 473 35 179 776 168 628 529 39 695 224 470 240 653 626 815 350 995 360 744 614 953 375 660 698 609 938 574 72 732 897 948 511 11 601 860 516 461 77 123 399 400 70 554 636 686 489 146 592 412 10 419 40 395 740 962 107 292 418 210 810 418 676 336 219 797 472 43 402 791 461 831 139 77 977 929 603 912 556 89 200 48 684 249 652 142 920 590 316 539 33 637 374 130 871 44 369 15 206 382 698 51 934 422 315 183 736 920 16 514 424 497 367 626 907 357 646 889 204 639 8 489 327 665 24 729 295 263 548 468 568 758 728 746 524 877 868 361 130 415 417 602 838 975 914 87 870 39 787 462 596 494 409 154 398 346 497 503 488 661 184 77 578 870 710 265 807 399 118 618 114 296 29 921 3 411 255 799 201 176 157 26 362 535 395 98 808 886 717 963 762 56 329 650 469 544 466
124
214 725 463 900 203 655 282 467 118 249 440 535 786 153 726 271 62 781 386 402 103 747 620 303 857 802 434 587 359 843 936 164 837 547 871 480 919 957 15 43 844 609 853 191 89 247 49 920 458 613 539 516 404 611 28 159 745 168 645 785 396 131 690 300 510 714 397 292 180 570 854 46 505 446 335 781 640 982 83 201 553 315 445 536 304 183 267 319 117 386 415 500 501 664 907 985 349 590 479 396 68 570 792 137 974 274 703 298 627 917 64 353 188 549 255 425 726 785 775 10 306 467 114 620
106
342 824 455 246 571 843 715 352 671 385 575 864 182 192 320 141 643 970 825 780 337 773 860 705 643 120 169 588 818 250 583 26 846 381 104 190 74 190 103 15 905 277 100 235 109 903 127 250 296 980 206 692 305 108 575 311 69 629 160 435 550 479 833 921 425 223 86 423 551 512 312 378 713 750 235 703 648 97 266 901 172 246 495 342 835 488 112 236 158 461 666 243 828 646 653 991 260 496 110 905 32 807 817 439 596 11
121
558 927 935 230 268 894 708 869 695 660 423 691 196 487 287 351 922 731 970 401 100 987 267 137 765 833 972 680 183 647 314 957 757 622 304 999 931 670 334 931 960 23 617 401 35 579 260 284 798 275 8 642 690 426 758 343 402 772 490 572 675 491 729 106 179 133 533 377 715 132 520 361 876 762 399 394 170 853 59 943 549 339 873 538 902 6 528 582 891 59 779 382 926 606 480 89 641 6 729 508 671 833 711 66 572 79 894 486 723 507 347 688 293 413 433 674 709 164 920 677 949
121
566 85 965 284 745 423 851 405 997 627 725 971 981 278 276 426 432 507 25 169 625 246 581 384 979 251 534 546 593 659 420 486 720 767 641 157 163 373 30 311 147 765 224 367 244 966 329 151 709 341 89 136 811 262 205 771 450 663 776 626 408 297 416 335 824 564 274 202 281 10 324 416 14 9 395 662 883 716 877 443 818 167 389 336 872 556 611 607 716 412 491 363 2 758 749 753 747 875 778 336 953 823 706 923 516 998 164 477 649 456 428 464 515 563 422 334 158 992 518 399 127
246
464 632 63 85 970 591 621 425 43 36 348 314 609 276 451 57 410 563 202 7 949 376 732 656 209 553 596 334 862 335 423 189 228 914 404 902 707 750 49 822 487 902 116 861 808 395 188 233 172 545 864 624 54 830 603 343 963 659 218 445 630 138 591 483 265 544 568 676 790 978 291 757 874 796 462 382 121 557 294 792 703 398 788 684 264 733 761 501 492 679 826 715 757 436 163 147 554 370 894 528 836 465 650 198 437 718 869 987 101 764 424 974 451 872 960 39 688 312 346 896 791 1 803 14 840 883 887 63 159 859 107 899 143 128 73 868 237 859 641 976 666 348 38 586 991 798 747 640 371 321 99 197 82 330 268 92 119 509 565 819 292 27 847 489 490 689 471 756 711 800 190 748 731 620 350 24 402 773 702 921 108 433 733 396 979 624 150 544 813 755 878 391 973 677 906 662 684 603 735 177 422 172 604 886 166 244 451 590 909 147 441 112 155 551 465 627 112 157 622 780 485 873 280 600 789 794 32 274 940 768 376 912 84 102 159 604 229 330 737 743 453 158 143 649 943 219
153
49 178 333 459 325 38 696 525 889 813 602 407 137 996 67 710 454 357 905 179 39 593 994 739 359 988 512 21 309 249 732 512 133 670 880 975 911 945 824 393 453 65 100 137 538 123 370 877 821 545 349 245 587 853 855 717 639 618 789 489 1000 311 423 186 481 496 690 580 431 696 696 213 486 762 114 793 281 754 985 729 125 98 918 205 749 247 697 590 989 995 928 413 754 526 679 478 195 438 275 537 965 848 932 79 713 68 170 504 824 250 652 927 312 712 532 258 85 388 600 707 781 270 654 442 36 766 593 373 718 40 162 556 315 646 863 626 946 657 306 235 28 203 352 452 867 383 199 14 415 887 58 225 796
128
582 279 905 439 59 517 588 211 153 726 828 930 642 796 615 273 268 867 475 38 864 360 545 472 248 439 278 502 881 427 508 585 644 562 590 337 10 442 842 17 77 349 202 365 253 514 272 676 98 648 501 952 661 806 815 256 58 229 865 448 5 210 774 787 678 429 770 714 170 737 721 308 601 754 589 388 62 530 160 735 606 30 569 412 368 454 4 190 113 774 153 894 135 783 584 550 445 486 366 529 97 280 192 589 952 118 355 624 634 459 625 510 931 851 382 85 276 427 529 992 390 999 514 407 679 87 587 614
247
596 98 501 466 412 413 593 566 565 512 315 842 657 486 433 284 430 607 30 732 483 677 435 991 690 966 772 404 269 316 246 874 16 138 825 983 518 302 655 827 655 341 296 878 494 383 126 836 312 949 766 722 751 438 861 400 11 345 841 973 742 184 273 306 886 475 148 716 473 992 352 589 336 814 806 612 535 402 937 242 280 936 235 187 200 675 752 784 137 506 202 267 927 222 698 912 332 986 860 129 770 531 957 392 231 508 404 125 22 667 303 277 270 567 401 212 561 980 995 522 546 113 954 395 266 800 570 2 518 159 512 364 431 327 632 854 654 688 284 561 662 535 316 882 853 303 856 558 269 272 258 119 647 185 728 861 232 274 284 430 78 408 32 714 640 806 37 792 758 541 999 715 80 846 968 637 932 487 586 605 80 504 650 77 738 766 719 249 182 565 926 653 665 207 380 900 392 499 471 219 969 997 38 904 433 306 119 192 506 805 392 963 959 783 17 157 5 535 714 898 888 636 967 162 214 659 390 524 788 777 760 460 940 633 429 459 720 879 217 74 88 925 875 709 428 397 684
246
856 672 75 379 842 595 311 144 643 663 644 567 499 674 787 709 664 990 182 45 878 26 55 23 461 133 346 139 423 639 544 598 334 443 991 527 488 153 738 485 821 504 673 935 68 934 928 624 433 709 370 839 103 855 773 730 348 471 516 213 835 721 985 808 582 809 453 200 76 507 67 59 983 193 709 192 985 950 199 234 714 686 655 308 974 903 533 307 726 591 112 735 172 258 513 792 117 867 997 557 834 896 518 767 63 176 430 690 338 132 590 177 450 188 126 501 647 924 624 22 254 773 365 970 289 543 716 50 303 53 748 140 807 302 519 399 13 613 424 601 886 331 4 218 285 783 524 393 790 791 481 135 658 507 12 348 918 772 274 215 879 945 50 972 257 821 924 110 238 792 342 717 732 446 955 455 212 209 359 53 736 365 730 225 751 496 975 799 477 910 967 570 661 414 840 462 356 62 690 65 474 247 342 6 351 905 235 991 311 993 381 292 515 582 173 884 272 717 414 868 838 750 12 63 851 999 97 394 196 350 942 196 130 366 698 710 456 303 687 981 884 761 440 446 134 426
136
690 659 477 305 580 177 290 665 240 454 542 198 276 978 442 268 451 119 452 288 466 836 674 686 627 651 199 680 937 676 656 549 962 336 683 230 796 444 309 796 979 408 415 824 487 401 973 395 711 254 793 169 930 143 45 422 76 321 800 46 848 31 487 678 977 739 826 835 886 5 467 405 39 965 705 352 513 201 292 785 449 347 21 480 962 976 536 693 17 911 825 976 938 188 892 131 759 155 766 895 512 104 357 567 11 858 768 923 905 39 330 851 512 212 322 216 50 367 917 231 847 388 888 666 151 645 290 296 237 988 138 77 744 126 225 581
216
34 202 335 892 874 771 925 735 522 423 700 309 810 624 570 692 729 241 654 640 371 344 704 44 548 699 462 936 278 620 992 444 109 146 819 842 275 988 210 573 848 163 136 465 357 483 390 112 46 403 812 173 287 101 154 28 450 517 197 517 924 729 133 979 835 293 664 574 979 16 893 408 590 243 257 328 953 209 260 697 652 76 816 912 483 470 388 319 148 13 111 521 277 156 740 911 492 878 869 844 245 68 82 854 801 305 392 764 547 118 313 688 711 244 776 843 527 872 251 22 32 602 431 715 222 315 382 824 294 536 159 315 432 918 379 961 194 321 562 632 616 952 989 974 937 408 393 405 500 666 601 290 202 471 678 581 124 8 176 255 267 618 245 154 156 322 54 918 416 975 364 205 209 875 684 736 623 355 43 685 275 374 648 706 811 945 451 45 600 140 346 417 79 947 64 552 159 795 263 358 940 386 526 287 708 437 912 563 330 533 658 153 687 837 867 795
169
98 756 811 924 834 702 685 684 409 291 876 921 432 641 182 658 452 116 264 859 536 645 229 56 147 715 242 538 417 295 303 806 804 178 923 275 341 764 717 299 338 623 651 908 532 181 480 510 827 958 857 696 262 959 741 382 149 383 358 159 114 280 20 889 340 549 413 432 180 832 546 708 693 755 531 71 670 119 313 309 415 320 406 721 606 470 270 402 561 808 959 2 457 791 523 954 690 709 978 175 577 512 355 117 552 302 955 454 247 648 452 656 365 478 745 282 514 79 43 326 392 851 414 706 80 822 299 993 614 394 141 436 389 988 229 706 704 466 560 37 317 833 662 223 588 695 984 387 254 350 173 585 182 102 203 44 590 183 242 145 906 695 528 943 163 370 236 651 291
167
8 683 613 936 825 340 286 158 830 182 862 739 138 228 285 232 625 651 28 306 691 956 452 405 781 463 256 973 968 279 180 522 981 111 322 739 362 38 894 846 782 268 104 262 974 784 873 714 516 538 737 954 872 461 796 260 788 529 399 185 953 35 943 914 177 359 903 281 685 838 358 142 999 658 94 320 622 96 158 361 514 755 70 93 723 10 851 105 34 919 699 512 316 638 119 253 795 125 656 26 178 544 743 524 513 183 254 350 866 450 948 945 138 582 621 615 78 494 965 705 193 880 101 719 86 874 299 489 655 23 58 188 272 276 997 556 428 768 227 842 968 918 612 656 256 972 208 104 902 876 654 767 703 508 491 965 426 817 326 159 52 559 360 248 521 347 695
249
317 922 87 366 337 673 730 451 450 753 343 38 872 614 149 243 644 395 30 260 97 218 296 503 650 564 510 393 385 631 204 805 282 641 623 387 573 810 454 160 545 787 115 841 631 701 429 40 38 758 863 777 168 889 80 513 115 240 15 667 567 568 938 878 445 579 444 550 54 795 182 760 340 500 69 185 523 596 95 506 881 967 975 123 643 728 261 876 261 385 934 804 482 484 708 44 9 101 627 155 215 670 750 31 966 728 916 701 644 940 523 149 167 315 231 271 717 94 366 669 933 846 694 791 830 456 338 819 537 118 800 779 549 464 782 700 661 178 278 895 28 558 715 104 786 684 92 127 776 955 246 399 16 137 572 812 978 146 52 332 306 166 669 414 942 400 619 973 851 465 479 282 382 606 952 839 404 343 903 225 905 294 188 419 461 251 839 477 817 414 208 948 365 647 860 97 616 31 391 921 553 519 921 640 695 489 364 311 986 616 295 695 703 638 390 422 657 945 969 443 833 589 570 683 946 68 788 161 446 217 149 985 396 933 731 198 790 579 991 591 819 861 997 247 576 946 276 861 608
230
834 861 399 115 343 459 474 794 135 917 329 982 564 317 850 512 831 847 394 3 758 567 326 761 438 589 227 539 90 690 80 717 89 295 594 670 233 683 151 123 976 749 547 724 629 671 217 828 613 745 864 461 100 852 933 177 111 186 248 790 636 938 886 831 764 367 647 836 620 81 913 714 775 146 387 711 399 647 440 761 796 615 172 924 631 831 496 241 626 760 534 164 312 827 476 64 498 214 437 776 626 962 65 532 618 406 910 253 952 528 953 135 739 251 757 598 961 161 384 276 272 214 636 60 313 429 559 73 144 691 422 46 174 547 156 329 491 48 611 808 491 635 607 427 505 196 170 101 580 679 972 627 12 93 339 262 254 880 600 510 144 870 810 80 456 194 351 158 922 276 812 282 604 179 776 857 813 629 841 416 751 913 449 41 199 613 937 315 273 149 161 569 575 177 29 882 7 917 570 760 676 448 429 101 341 711 845 541 590 769 643 609 29 224 636 81 309 288 970 392 44 228 996 806 84 447 465 32 264 96
194
458 949 806 255 46 192 116 911 611 480 815 700 233 752 527 462 538 947 893 952 666 326 685 366 420 41 947 519 36 197 286 514 370 808 653 940 136 916 932 242 919 453 283 574 443 549 979 492 334 922 941 198 501 327 644 510 963 190 664 260 858 557 36 648 853 103 301 354 924 185 420 618 387 55 952 836 523 527 75 354 501 56 802 224 825 720 648 213 30 761 218 138 75 663 173 24 220 903 903 9 402 273 43 4 542 406 183 216 127 526 70 413 25 915 127 547 397 65 427 355 175 41 37 482 259 986 868 24 764 786 108 866 109 44 373 366 175 818 571 173 44 781 241 442 610 714 340 679 474 27 905 662 561 643 463 99 863 661 824 918 327 141 303 7 118 110 500 325 593 363 136 108 590 150 150 682 140 206 405 776 761 299 589 416 249 76 322 137 973 459 478 56 506 31
181
979 382 332 868 739 754 691 470 648 707 781 34 280 686 875 730 477 736 490 299 179 28 467 485 473 516 753 532 297 358 807 498 697 195 2 278 605 321 219 15 836 220 456 928 17 215 628 37 218 678 330 924 441 557 118 104 890 268 366 314 529 915 749 653 186 289 588 264 571 586 621 688 550 14 420 863 546 131 699 502 167 359 370 851 534 436 668 710 216 790 759 170 996 409 12 150 61 641 914 389 831 289 236 764 381 299 741 12 72 217 605 28 419 153 419 511 388 841 798 101 539 175 765 627 803 27 135 99 746 649 55 163 71 591 202 28 683 421 519 484 918 65 265 977 187 50 120 267 290 504 469 892 747 547 58 749 607 807 419 422 894 93 867 870 789 974 555 819 564 212 547 763 773 43 553 379 570 422 132 300 439
206
716 1000 351 118 951 389 899 165 267 848 985 152 908 421 538 40 860 25 432 279 108 8 327 850 50 514 665 569 973 511 578 347 484 536 280 28 463 187 326 766 689 889 444 693 257 321 642 978 736 700 88 243 582 810 826 475 324 577 940 555 1 754 945 247 77 270 81 540 37 79 442 323 594 199 198 30 411 244 798 174 838 91 768 968 1 701 605 27 376 612 562 800 472 576 425 353 106 413 934 427 479 622 271 725 257 13 574 578 909 324 424 493 928 756 286 701 391 109 394 445 327 466 544 642 593 626 836 963 44 431 194 88 869 287 59 924 781 815 366 769 857 548 75 500 755 619 729 963 591 703 354 63 212 164 498 812 759 69 273 941 528 126 989 916 883 128 868 285 649 287 591 994 489 210 642 360 937 226 872 95 755 406 773 180 718 242 943 132 359 663 179 729 692 700 720 418 212 565 459 1000 593 622 538 983 934 143
249
338 587 816 515 288 932 759 347 305 231 649 104 510 623 404 901 715 291 968 534 563 755 246 595 726 127 140 768 44 443 261 107 691 264 305 568 777 725 406 667 3 603 616 863 584 698 504 594 59 393 66 999 929 62 955 65 450 999 385 836 378 644 29 971 788 531 889 112 495 456 584 614 947 438 864 633 906 778 129 830 502 352 750 885 848 167 508 59 523 243 339 669 642 152 301 853 945 753 604 130 60 684 224 989 173 966 145 242 801 255 517 39 444 226 6 60 272 563 389 692 164 973 157 277 448 926 210 459 145 972 134 603 931 836 345 499 243 727 6 484 670 460 422 575 438 28 860 22 248 198 480 90 786 786 98 174 721 29 304 977 458 399 468 263 352 930 812 48 110 516 3 500 870 448 772 869 35 26 291 198 13 788 526 631 75 109 553 772 487 187 571 409 182 422 726 972 284 158 390 815 352 417 798 781 27 41 111 571 583 905 204 309 887 959 562 36 234 963 24 459 405 956 946 500 349 66 934 416 878 681 390 323 815 457 334 276 186 1000 325 274 802 404 82 992 633 582 837 762 135
162
821 341 894 215 345 361 21 931 133 240 900 73 743 683 518 487 516 601 334 785 131 469 625 733 971 69 838 675 819 238 151 855 362 470 979 468 757 58 614 338 844 79 145 541 181 309 255 625 406 543 365 466 206 873 662 983 908 764 315 244 370 939 81 603 866 787 863 542 983 15 454 220 454 319 203 953 175 561 244 935 587 957 131 779 375 578 22 902 672 209 680 599 556 587 534 78 502 893 524 520 108 87 474 427 572 216 646 907 265 857 466 340 510 144 369 796 853 615 933 615 690 338 230 177 904 890 363 316 552 293 822 869 502 104 322 313 261 71 172 45 738 523 136 184 114 818 983 802 608 813 923 439 159 152 134 392 755 489 794 399 194 187
213
537 142 76 369 511 954 564 500 719 840 833 907 572 924 303 272 208 338 563 272 897 20 914 981 744 711 684 216 897 810 919 934 221 757 917 797 950 667 729 472 814 554 892 429 412 167 488 458 882 149 377 154 588 131 2 182 597 938 100 773 807 248 299 461 209 964 406 53 830 836 397 327 620 716 91 538 772 781 788 551 98 227 244 280 662 501 409 975 271 304 934 977 75 101 943 923 527 706 792 247 54 562 494 672 776 8 15 261 16 385 617 309 222 659 615 172 769 135 33 83 112 38 770 846 290 135 285 960 309 252 220 448 596 930 472 644 249 929 823 389 918 869 568 198 512 124 921 822 869 969 641 771 273 59 388 515 106 722 540 20 568 594 973 423 65 750 853 938 501 134 523 185 614 825 130 909 501 442 307 111 653 673 949 257 979 232 583 211 973 550 188 323 28 261 828 8 759 172 654 471 99 787 544 938 725 515 704 343 809 851 955 430 70
196
459 657 785 844 587 623 993 379 624 570 994 1 779 239 922 283 452 106 660 890 271 656 637 435 136 711 863 221 286 450 513 528 179 646 543 553 456 265 661 577 771 650 915 610 501 558 148 53 221 232 608 372 902 353 339 997 216 172 932 166 590 364 647 469 840 939 200 861 560 334 308 276 760 496 507 91 956 259 63 448 799 211 946 820 950 160 643 885 58 957 476 314 894 835 250 133 637 224 536 73 540 677 501 297 565 253 129 707 330 879 805 769 873 137 420 544 67 425 159 627 273 992 651 146 280 744 423 77 292 155 618 635 253 204 521 646 632 113 135 183 23 108 767 253 747 343 920 5 364 431 796 628 993 108 595 160 895 208 857 637 974 174 18 82 176 725 926 251 394 87 550 764 857 918 170 623 489 159 41 280 950 237 542 185 734 925 43 768 806 279 931 41 164 156 847 739
238
694 551 866 65 532 32 842 599 253 161 130 301 963 29 362 197 78 604 724 303 321 719 788 657 416 924 862 682 226 321 338 628 820 1 337 807 940 430 632 270 259 958 534 447 784 490 413 771 425 272 12 869 795 697 338 849 123 784 572 622 476 709 582 321 783 362 381 445 466 876 960 530 522 94 685 62 72 933 601 485 326 345 16 759 799 525 889 709 730 450 482 979 292 674 922 268 876 755 795 405 610 593 37 854 418 402 445 860 563 176 755 844 356 865 666 429 183 700 718 483 775 50 37 988 769 439 189 450 469 271 307 773 393 771 503 614 399 653 1000 241 330 688 627 184 503 863 430 568 846 133 766 4 748 609 753 410 422 859 365 701 86 955 385 478 957 594 166 919 890 920 453 216 278 207 616 757 146 87 71 469 185 939 451 733 677 287 190 394 428 925 226 517 936 773 313 15 265 133 595 279 764 953 833 994 808 849 750 166 458 328 90 584 716 865 586 313 713 143 460 23 650 43 594 902 855 93 318 254 745 733 57 247 316 862 336 841 69 909
199
682 693 970 53 684 966 586 121 479 339 780 134 543 130 241 573 259 496 761 680 864 290 575 777 215 921 319 76 626 553 520 751 812 868 199 625 551 117 642 2 384 853 256 896 4 270 551 140 972 307 478 45 89 499 55 802 390 838 596 921 456 203 994 979 717 420 80 289 206 225 227 304 738 209 528 233 371 680 882 403 725 27 228 275 308 540 778 496 419 582 30 652 574 303 790 880 319 464 446 617 567 355 964 148 491 397 841 888 401 849 755 13 262 902 603 649 293 348 666 350 332 74 53 726 771 841 6 617 389 748 652 401 693 396 976 326 275 68 799 933 172 663 351 68 876 483 728 257 86 218 254 698 1 312 917 59 823 118 155 942 193 921 441 728 908 823 831 503 542 793 75 610 166 353 805 256 818 458 508 451 446 327 178 27 338 365 678 69 560 136 275 794 351 795 382 788 129 952 849
123
342 542 932 51 638 193 949 874 477 731 760 491 221 697 620 782 867 179 640 739 436 972 783 323 314 639 222 128 932 19 546 412 20 898 590 231 627 227 787 283 514 612 108 801 203 731 357 112 736 66 365 391 801 119 831 102 108 302 689 473 620 232 745 858 640 933 361 113 846 420 158 87 156 600 650 475 719 873 367 915 227 482 862 828 410 536 60 992 31 190 412 263 195 951 244 343 864 704 657 371 405 97 275 264 69 458 703 488 311 171 629 621 385 5 923 447 354 464 573 962 28 556 775
209
192 623 865 338 17 117 246 804 946 502 116 658 976 751 901 802 363 662 798 463 481 715 614 203 355 350 338 960 695 564 65 773 936 2 559 247 317 941 528 696 670 177 975 497 680 131 835 429 905 874 992 651 191 267 929 571 232 848 282 375 880 436 825 317 179 109 132 963 875 368 278 950 552 558 316 688 832 73 476 548 831 243 609 763 867 696 814 616 741 698 318 338 90 761 630 444 114 484 991 998 283 651 515 356 837 928 240 121 655 174 439 850 1000 855 496 408 17 564 87 489 791 305 178 538 487 444 987 387 142 890 742 505 196 750 564 545 143 92 809 907 849 697 985 583 480 697 857 244 775 544 900 410 399 183 518 284 865 106 627 388 337 46 751 150 420 650 79 968 619 989 526 27 137 996 343 782 798 39 407 727 708 123 317 735 877 434 433 216 176 269 582 732 191 619 971 526 142 608 220 766 777 62 446 32 488 154 890 459 976
241
688 743 750 455 890 741 10 625 156 893 365 821 708 392 760 7 309 481 514 882 386 40 714 681 448 933 581 669 160 487 150 701 505 327 245 974 163 372 98 988 588 874 148 476 93 845 45 741 976 625 365 16 153 923 296 305 970 391 785 680 646 487 771 407 454 299 887 691 532 643 141 781 671 932 264 102 733 234 49 935 130 933 32 611 745 187 202 399 396 488 272 780 868 929 112 34 255 489 964 509 231 995 571 624 38 771 296 759 810 77 933 572 215 443 309 543 895 58 404 588 700 757 130 732 978 905 97 416 835 467 298 951 942 998 584 136 303 706 740 180 239 839 380 786 845 649 336 669 291 196 89 144 35 432 818 935 786 863 610 918 290 62 397 426 446 771 978 287 801 80 859 340 251 791 376 852 433 72 21 870 287 599 28 871 274 713 507 941 834 322 661 445 155 957 433 792 111 266 539 702 528 827 570 156 598 517 443 643 175 392 18 17 930 993 534 845 439 105 442 192 594 629 443 405 848 651 489 802 276 245 261 700 500 725 726 110 135 467 228 376 405
120
778 20 782 656 35 350 242 314 553 335 862 86 492 764 723 593 144 364 635 899 103 309 460 929 182 802 651 702 628 616 574 227 785 828 770 140 328 231 200 308 621 366 705 729 189 147 654 239 1000 530 33 551 306 939 565 952 874 246 708 102 616 75 997 194 267 365 704 871 832 133 152 613 726 903 643 84 41 808 986 523 970 139 460 889 223 837 98 554 873 759 896 509 686 964 190 891 569 950 643 935 126 463 258 563 304 562 371 620 683 53 598 248 234 614 45 768 856 476 721 824
122
358 810 699 975 893 31 473 893 380 643 18 863 722 135 212 443 228 725 329 860 670 367 882 413 876 229 92 621 56 103 479 934 546 424 313 441 368 749 837 753 547 1 192 704 376 227 309 305 707 144 604 762 286 784 50 845 729 557 613 254 485 77 565 535 443 818 813 168 902 206 160 966 608 939 162 902 226 917 674 236 780 134 641 351 814 926 786 669 161 121 824 990 24 146 45 9 987 997 232 704 294 819 747 371 141 632 39 17 744 936 396 565 996 356 369 703 177 200 312 831 961 804
154
62 594 197 79 647 618 398 285 679 862 507 150 310 611 149 198 737 852 867 525 186 567 621 988 656 869 71 104 5 932 301 959 844 80 837 339 164 796 92 254 272 397 853 658 433 30 593 163 381 864 341 89 977 791 583 827 497 685 944 633 450 174 599 821 119 774 540 48 409 343 293 286 761 502 856 173 294 842 795 307 541 814 776 802 944 920 18 125 887 529 279 3 332 464 799 752 190 357 617 131 941 403 172 949 802 853 639 1000 466 285 765 955 119 62 851 342 436 907 471 343 696 891 704 922 832 592 567 591 47 58 209 174 853 871 326 833 840 423 468 395 708 309 371 286 911 197 406 643 830 68 705 700 127 726
173
844 285 665 827 980 934 416 464 813 440 542 122 978 534 159 539 36 403 833 193 617 391 268 457 748 118 819 582 685 194 604 41 235 346 303 937 878 961 202 644 420 860 682 793 938 567 692 770 882 879 398 128 807 414 147 19 578 811 92 506 126 332 394 23 854 755 771 57 631 234 929 631 818 307 233 45 319 102 109 90 440 987 856 629 469 532 477 654 291 576 953 143 458 245 963 617 966 216 418 685 977 325 360 322 667 862 944 45 697 24 672 335 229 504 288 2 36 99 843 177 176 841 415 850 213 809 766 537 368 247 303 288 168 799 326 292 348 444 727 662 400 443 64 489 536 58 196 678 623 583 462 836 335 745 940 54 352 868 812 333 940 941 487 601 664 186 920 288 561 18 72 724 505
190
914 908 671 560 235 263 2 372 433 14 347 222 868 669 750 882 285 391 398 742 581 17 890 293 138 417 45 574 255 768 918 47 865 873 674 371 333 647 357 846 249 333 632 106 834 222 727 662 63 309 708 675 546 724 311 523 919 19 284 723 563 337 591 844 946 297 342 192 249 623 255 180 847 436 3 489 98 655 154 937 158 780 525 239 454 627 828 910 237 277 169 719 174 407 699 752 246 34 275 390 149 737 952 449 346 974 184 881 976 148 269 516 98 606 52 949 444 472 710 422 908 604 849 466 59 420 172 295 157 894 903 516 639 825 851 451 360 261 44 905 552 756 855 123 257 357 20 210 945 324 651 564 609 865 982 464 926 432 148 7 552 683 649 677 629 584 542 977 537 827 471 55 790 877 541 78 802 155 145 427 475 494 109 509 148 94 730 476 121 885
155
398 701 140 757 25 8 903 750 283 432 567 769 85 33 478 438 77 949 35 959 62 232 387 703 450 886 806 342 809 254 834 264 907 225 763 501 729 584 309 662 646 121 379 297 774 108 474 109 351 588 339 730 227 162 453 896 210 508 273 120 936 921 409 573 508 491 755 478 321 6 764 385 998 934 802 386 120 617 444 624 716 564 524 13 329 335 177 51 874 66 838 698 30 661 159 124 481 732 881 746 39 407 542 398 308 310 714 525 721 767 434 965 93 629 180 356 395 223 927 161 848 390 893 962 61 916 525 1 135 568 185 145 936 942 851 291 196 667 973 794 627 928 94 577 350 701 467 96 245 329 506 252 310 564 579
156
823 91 389 854 90 992 13 23 812 722 846 129 487 44 478 3 413 460 595 762 174 753 863 773 524 833 721 135 523 384 625 850 87 403 577 64 180 48 825 646 58 124 165 745 143 169 57 336 85 524 894 858 312 491 271 767 547 721 220 229 672 214 742 340 691 390 132 831 637 172 286 124 563 319 533 672 416 806 503 160 934 798 551 755 587 367 18 948 465 993 143 699 615 992 901 796 697 730 236 93 888 753 1 588 61 211 776 212 440 635 507 710 520 694 922 635 253 809 449 659 348 112 346 786 98 144 477 359 611 291 428 691 411 510 486 569 404 158 628 615 457 714 43 614 877 819 918 423 360 10 127 364 600 1000 307 760
194
428 90 894 825 222 867 633 517 195 616 38 338 133 301 134 336 184 168 284 87 798 333 961 276 965 777 905 811 798 252 741 800 390 276 460 539 318 777 412 521 477 849 317 541 697 460 594 788 229 280 789 671 213 741 1000 78 973 548 143 888 525 779 628 467 462 140 48 549 223 338 404 607 794 66 811 472 195 863 739 317 262 976 224 854 318 523 223 831 497 842 149 524 188 15 434 833 194 17 690 764 176 107 645 569 94 207 430 192 652 668 527 627 252 839 405 233 948 606 92 378 273 428 953 579 129 509 711 280 957 376 134 309 410 576 143 511 339 72 679 145 137 292 84 48 726 834 844 826 946 541 105 529 978 905 285 747 473 407 208 316 494 105 632 462 121 453 44 213 346 831 889 484 460 914 484 13 567 256 12 576 794 156 745 113 148 450 327 202 680 206 296 881 750 523
142
476 987 84 923 653 970 614 443 614 918 767 905 626 869 994 639 698 673 545 158 983 596 977 392 331 592 31 793 584 398 351 999 249 819 69 989 580 211 227 232 411 48 935 40 361 49 416 178 192 199 813 254 998 395 866 739 69 780 802 667 349 92 398 391 979 912 672 934 561 260 501 297 541 546 398 947 67 340 369 589 76 681 156 649 727 141 446 57 98 770 935 620 120 145 359 170 541 542 454 160 626 130 581 410 137 455 807 749 854 576 650 190 221 955 890 307 520 170 510 482 256 784 15 487 718 566 800 67 722 242 243 425 532 213 581 650 147 968 138 915 529 110
120
779 196 16 298 951 971 82 886 742 145 720 80 595 745 770 736 159 338 714 152 47 753 764 629 125 828 451 338 275 169 978 43 169 885 463 399 418 920 268 427 665 788 910 777 762 219 191 823 947 484 65 361 44 634 316 630 834 675 681 38 450 195 952 908 172 203 852 271 595 853 140 934 160 556 200 35 278 770 277 852 582 22 310 482 229 168 400 97 668 934 115 274 140 578 175 350 208 494 541 750 973 76 368 621 848 898 347 681 72 269 882 321 843 813 980 484 968 412 813 884
141
980 633 994 365 367 129 293 277 252 308 67 816 549 553 15 302 564 767 163 214 279 72 172 290 509 845 556 563 694 615 919 509 737 525 796 109 793 723 722 861 845 958 649 199 519 189 922 100 843 432 682 992 895 299 150 63 555 633 190 309 800 351 857 218 175 507 655 412 113 533 205 768 343 853 237 622 288 951 459 248 925 580 700 663 722 525 919 250 288 306 103 582 959 748 654 267 812 958 339 126 505 429 763 400 222 492 153 39 728 597 513 970 393 770 324 288 146 533 348 3 824 352 740 987 997 364 874 977 741 760 830 827 478 872 256 372 804 709 339 37 880
113
86 478 151 87 386 19 589 215 562 57 174 364 104 988 618 41 156 996 328 748 831 838 437 182 957 146 249 69 976 27 138 896 268 683 986 414 105 812 481 383 296 808 821 204 726 11 959 208 787 145 950 211 562 62 270 860 644 242 920 763 394 596 860 526 107 495 443 914 64 338 250 38 419 847 459 551 89 917 762 686 9 4 416 662 801 474 192 21 623 540 344 906 29 432 911 890 508 276 388 769 358 753 861 214 542 665 6 23 606 641 664 432 164
170
247 768 446 616 700 868 493 504 193 568 936 697 393 650 950 305 392 195 784 611 413 949 739 546 125 905 692 692 739 585 944 484 949 812 855 522 727 435 925 958 267 361 478 459 789 869 848 117 416 777 869 105 454 951 12 111 326 389 116 357 300 306 359 264 968 574 328 702 934 859 819 561 625 189 473 124 908 737 562 275 570 720 863 699 83 650 276 380 308 971 549 984 559 961 650 696 781 608 854 307 905 92 16 597 809 90 847 754 939 950 833 129 468 209 752 396 195 466 417 25 270 852 655 114 882 916 750 378 903 213 667 192 132 948 246 839 233 604 153 191 318 220 697 433 515 105 445 736 682 914 767 812 648 417 588 846 466 9 320 178 531 85 459 122 193 122 250 326 697 905
133
608 412 626 834 489 327 326 427 121 581 782 952 367 434 48 86 399 489 436 953 851 804 404 272 578 287 967 575 721 111 798 920 417 523 202 558 811 236 204 867 238 40 975 550 206 224 656 13 70 295 69 483 358 393 528 619 817 180 437 56 866 192 384 127 749 21 727 475 670 552 337 152 942 932 763 293 955 457 371 249 317 258 26 445 820 60 614 762 581 612 711 974 311 173 637 936 923 590 298 679 434 398 910 833 494 100 286 441 618 36 109 910 665 532 269 184 32 325 441 535 137 500 564 184 188 254 275 612 223 986 760 492 853
191
909 170 800 127 435 979 782 149 251 901 686 403 369 227 370 606 957 823 897 338 262 858 741 920 514 870 151 212 793 350 984 346 587 849 424 504 18 380 644 905 147 399 476 880 799 930 94 679 978 549 866 80 117 726 240 370 822 888 758 282 563 990 308 371 15 687 761 865 493 224 706 111 904 634 311 494 387 774 870 322 269 231 569 828 95 177 512 95 166 683 307 131 316 665 654 679 872 50 829 587 616 290 870 920 692 566 806 750 135 924 796 231 176 238 86 185 356 629 54 616 705 484 98 376 496 685 100 919 663 489 805 569 794 273 125 82 604 836 627 300 273 348 887 894 706 483 402 126 173 481 932 629 402 121 359 77 302 974 523 640 811 816 904 469 698 130 82 661 699 652 583 199 667 994 105 647 666 498 300 275 111 612 969 909 780 27 672 830 768 4 1
125
810 733 958 591 215 335 828 632 391 368 251 43 283 825 432 76 221 41 221 835 115 94 258 70 382 154 446 806 291 278 727 189 39 842 90 132 660 646 403 952 524 109 88 939 98 851 521 492 541 292 100 614 465 830 324 780 950 430 218 276 521 156 191 673 143 953 521 568 906 698 523 777 435 169 801 460 538 283 838 591 226 770 361 77 765 848 506 668 765 789 129 931 396 188 759 801 81 905 501 920 615 708 554 900 900 732 232 946 57 860 861 14 950 823 358 140 171 22 482 901 33 843 551 620 669
142
866 288 610 158 296 676 270 207 633 933 548 61 467 800 196 36 557 332 871 236 861 335 458 384 3 838 4 737 26 172 780 224 196 791 65 2 879 465 918 109 539 765 346 602 602 394 268 104 582 63 346 137 321 39 453 38 501 468 519 149 904 540 565 307 44 166 188 297 472 336 236 812 202 437 924 917 370 516 808 355 765 150 737 234 289 957 545 470 406 10 657 893 968 533 327 909 217 22 524 774 518 853 255 266 166 174 319 552 254 705 809 337 853 582 560 521 892 356 279 373 342 77 143 498 340 272 609 780 64 682 925 29 231 845 649 687 13 625 974 610 302 912
211
753 946 446 934 347 386 306 346 398 959 858 154 149 829 937 540 253 80 773 199 372 830 52 888 926 382 586 303 977 29 30 35 132 241 321 604 727 602 205 793 791 984 265 551 790 478 915 984 776 764 325 527 987 85 639 880 459 210 998 970 475 867 630 985 885 783 987 925 771 245 769 310 199 956 224 621 544 551 909 530 617 178 259 324 265 592 895 531 715 420 986 602 447 259 611 805 600 18 983 30 978 302 506 201 92 540 638 854 774 936 950 77 952 426 885 530 826 572 194 589 391 595 884 375 19 323 274 44 917 775 225 30 725 628 33 567 961 423 616 730 851 805 182 172 560 545 721 954 197 577 753 420 422 779 932 468 857 685 509 239 708 249 930 340 369 534 163 918 190 578 623 992 42 903 466 372 780 758 618 204 601 420 548 778 263 53 855 140 382 564 295 821 879 515 538 684 592 174 632 857 6 139 275 133 473 827 880 549 346 763 839
234
25 532 808 715 105 998 91 731 131 235 647 571 109 305 821 699 977 400 283 925 826 508 217 792 701 311 614 431 791 969 291 419 469 857 79 65 679 145 957 387 636 304 427 562 684 992 838 293 689 832 73 136 210 820 272 424 728 476 286 385 127 302 769 886 904 935 613 570 873 961 116 726 517 180 86 832 112 796 330 922 170 626 113 474 838 60 633 290 670 464 330 890 991 457 621 436 453 106 193 749 5 907 312 16 184 253 711 203 984 876 928 150 264 506 534 721 671 732 244 650 11 41 933 857 530 677 265 250 7 404 508 880 908 458 511 851 776 551 604 632 492 146 836 282 389 249 270 53 57 292 773 737 900 670 346 389 890 809 445 469 329 665 99 28 458 627 932 994 868 6 313 985 671 547 487 120 934 832 228 650 455 187 37 700 185 234 284 373 363 162 639 300 589 164 463 967 840 973 609 756 168 976 414 232 559 839 658 584 929 616 224 874 863 769 29 2 88 355 535 331 603 423 461 559 331 947 111 902 83 889 903 5 610 639
123
496 557 786 91 143 976 429 93 275 812 370 351 269 800 183 486 468 509 653 633 294 682 211 234 526 853 872 7 778 270 8 178 535 617 831 279 331 630 411 868 417 257 795 59 716 17 768 373 712 688 378 535 913 145 30 368 190 854 231 667 850 583 153 548 339 205 487 376 419 369 330 61 176 71 466 269 42 515 932 689 19 859 653 76 529 483 678 391 827 141 918 765 886 338 92 975 218 447 697 326 191 640 771 778 143 852 571 167 177 996 888 625 33 940 699 215 424 724 459 969 743 282 240
155
217 309 771 31 348 629 877 257 851 340 194 12 624 990 623 850 47 164 645 933 763 311 193 147 400 987 759 780 931 580 413 881 601 740 105 835 651 916 969 569 891 381 560 641 275 636 886 559 887 680 51 246 52 404 291 623 483 940 344 529 595 861 930 299 908 956 221 871 353 277 600 96 788 3 280 538 362 278 668 375 967 191 835 69 130 141 91 175 187 983 958 847 590 972 720 778 188 36 84 368 517 259 628 264 620 280 766 503 824 594 687 670 749 417 66 614 34 924 282 677 357 300 20 482 49 564 92 477 360 784 984 622 402 849 359 773 546 947 396 968 251 48 487 662 245 198 559 984 826 948 295 752 770 58 192
150
808 867 135 979 43 880 764 556 746 737 910 610 318 926 831 733 661 36 79 399 26 811 567 155 846 322 179 193 165 943 684 817 526 918 57 129 708 489 991 654 920 892 730 994 860 647 941 297 254 967 37 42 943 604 925 967 54 277 799 522 973 892 785 529 250 91 130 179 278 30 241 977 960 397 952 700 728 200 855 351 277 518 268 215 173 482 619 871 879 148 247 299 832 341 508 42 835 134 567 319 764 642 782 984 723 889 37 23 521 704 383 787 367 56 3 644 992 570 590 959 573 845 459 100 624 28 903 811 973 742 150 222 192 266 239 11 756 555 641 521 222 191 526 100 985 209 906 240 256 104
221
447 43 554 458 382 140 233 810 794 356 734 499 425 746 544 448 892 610 166 97 28 842 691 876 337 735 621 709 528 133 538 960 773 923 723 497 377 441 52 935 494 297 357 604 18 526 780 336 632 875 669 195 733 796 190 381 389 657 457 204 272 803 730 904 246 268 146 141 637 825 875 533 467 341 105 957 969 263 422 279 132 599 314 324 335 433 824 197 530 564 702 759 254 436 541 476 155 54 869 121 316 462 147 733 105 548 573 807 351 576 544 375 401 841 651 704 528 627 183 929 942 497 102 385 754 625 742 228 142 271 709 900 2 620 182 720 291 419 313 421 574 492 344 178 946 513 307 893 60 226 398 756 769 971 864 32 732 19 802 291 97 166 414 124 194 881 148 825 934 153 464 962 998 388 658 774 88 385 48 221 810 232 554 863 873 515 342 884 845 260 840 3 889 351 603 992 378 148 481 433 283 317 422 734 482 692 353 907 799 380 806 454 96 816 454 996 368 932 48 91 216
233
292 331 785 594 731 449 322 245 525 526 659 681 159 125 565 248 335 424 532 648 288 495 391 975 301 468 658 536 936 136 291 378 687 639 355 283 816 448 645 171 1 996 461 302 966 618 873 808 672 71 547 787 583 551 652 668 531 128 336 739 271 74 508 466 456 329 504 344 378 985 382 641 998 710 281 554 835 79 88 796 615 991 335 341 92 474 700 585 569 875 771 304 853 41 614 536 198 488 708 571 655 713 90 592 986 951 500 279 923 565 859 997 313 855 980 20 875 151 193 330 926 307 655 126 548 121 663 825 203 763 981 436 740 963 414 271 193 592 219 727 12 205 249 453 788 945 683 973 131 620 928 116 689 7 39 710 517 722 338 775 456 996 719 98 600 375 17 384 746 278 205 829 434 893 905 503 846 530 305 383 332 131 385 46 235 75 614 77 53 630 775 288 687 793 852 932 715 418 559 544 920 142 589 646 193 52 239 580 252 70 529 354 206 509 171 146 138 391 259 101 789 518 619 393 31 313 212 492 39 365 943 821 688
126
141 833 635 639 672 454 734 964 774 748 625 641 500 911 359 499 422 292 807 512 829 278 917 760 68 976 305 181 556 44 552 953 957 201 776 875 801 63 130 951 110 699 247 607 249 883 440 194 315 523 238 562 672 502 993 418 504 619 512 126 27 128 254 913 314 666 344 931 34 159 525 132 836 734 211 59 710 358 373 649 844 552 43 629 373 611 177 60 672 959 390 722 484 993 503 574 71 449 746 722 201 596 20 820 784 802 583 819 164 92 356 713 530 323 652 850 971 268 313 241 517 144 977 145 732 282
229
900 820 372 953 435 351 42 538 374 551 852 322 31 326 616 208 460 466 495 421 460 921 283 6 663 312 166 866 967 486 928 87 1 338 354 676 28 942 891 882 575 196 167 824 873 236 800 914 968 721 43 156 45 673 606 847 228 9 556 895 810 523 743 774 39 288 403 477 970 685 567 68 783 274 890 101 79 689 780 443 7 781 805 559 162 383 327 90 410 62 769 51 400 649 824 308 300 354 656 683 669 656 682 906 836 528 49 792 620 853 306 868 932 803 760 95 25 700 773 917 69 11 904 16 958 576 403 594 587 816 913 331 801 394 678 286 888 342 205 578 862 915 557 632 156 904 17 552 44 421 328 258 504 421 661 538 593 698 69 341 330 274 235 262 217 96 563 869 229 76 891 74 572 380 690 374 160 327 907 988 35 265 337 25 983 46 842 149 967 540 672 539 205 432 231 885 233 451 27 6 966 873 221 784 900 820 166 778 102 249 239 803 257 940 755 558 247 364 602 2 258 255 980 262 993 706 490 465 294
146
39 96 88 721 529 377 838 153 438 440 513 463 948 174 321 827 272 68 235 483 971 289 585 97 417 125 556 726 681 819 404 778 670 130 413 508 139 984 223 435 63 231 842 531 578 850 407 687 348 757 676 423 244 49 169 908 457 104 651 982 597 244 573 636 222 374 48 263 579 44 759 662 816 730 756 491 375 717 592 483 871 949 113 681 388 392 937 752 540 947 338 176 416 413 463 348 288 842 650 341 260 980 40 465 514 583 42 706 976 957 698 22 667 303 130 819 447 868 960 936 722 801 417 925 234 599 785 164 246 10 804 666 235 152 456 382 647 480 812 634 299 379 493 926 135 764
199
970 839 507 136 428 820 338 274 764 871 653 772 375 457 903 290 446 692 863 400 535 606 527 472 316 438 937 996 56 928 48 344 314 222 385 566 77 398 571 649 615 730 191 250 18 401 182 270 35 762 161 44 305 316 485 163 878 371 792 831 973 11 448 729 918 274 783 764 875 307 26 273 565 648 540 611 939 641 819 704 569 115 922 276 268 728 602 718 661 652 139 589 463 513 894 163 799 649 542 891 998 822 858 127 683 312 558 753 42 139 380 63 31 244 679 804 923 416 73 825 144 671 41 818 852 530 247 79 567 891 978 741 593 455 1000 964 962 181 374 677 333 244 857 954 574 997 744 389 972 540 690 175 406 352 363 929 663 866 576 770 545 983 487 296 185 31 136 694 848 496 766 407 711 390 281 735 954 210 840 703 559 549 158 5 888 507 791 671 586 402 696 430 482 714 247 703 772 450 653
214
758 349 467 751 288 423 987 851 569 102 773 751 188 349 787 122 282 37 973 237 926 483 568 797 132 754 91 822 655 407 86 539 619 809 743 788 529 847 135 226 634 890 593 529 135 636 816 727 770 305 129 893 392 707 568 180 299 277 628 207 343 982 770 951 406 467 412 43 647 700 670 942 940 1000 857 923 889 486 164 208 403 877 727 646 323 821 403 233 355 378 693 279 984 146 793 298 518 166 994 507 843 318 963 475 671 439 277 738 178 499 712 795 562 395 291 761 176 466 772 474 113 991 286 865 514 313 314 939 36 984 410 72 460 777 533 490 821 853 763 454 504 70 632 515 225 329 127 356 43 685 965 651 955 886 849 840 564 200 264 312 725 378 429 546 943 829 222 310 18 501 628 351 967 622 70 681 839 509 214 221 992 545 248 792 828 787 455 393 77 155 613 514 803 591 753 965 298 919 405 431 16 767 643 204 315 814 512 262 676 658 424 794 74 385
186
988 113 830 818 239 22 247 968 951 267 61 33 918 187 150 857 410 511 695 53 664 863 678 332 739 513 692 154 121 164 159 523 597 42 297 970 478 711 377 740 762 98 782 844 647 418 594 474 786 811 495 640 959 603 157 929 625 570 52 686 510 224 117 594 695 959 482 758 595 863 578 828 198 650 978 529 432 705 536 406 587 172 301 862 843 673 256 648 90 442 607 59 387 395 920 957 72 474 951 142 791 664 225 931 973 933 718 443 297 193 71 621 374 2 465 866 258 552 726 25 59 213 531 924 572 672 241 203 912 570 792 993 643 314 139 409 471 151 700 370 790 421 126 532 984 197 107 130 637 116 890 112 429 110 834 817 220 409 862 561 121 33 856 799 762 752 350 522 312 457 75 271 506 253 446 987 732 544 899 778 536 498 370 747 757 164
244
696 422 331 532 727 158 317 480 896 75 148 772 489 484 710 396 348 221 118 933 211 144 380 241 944 341 538 700 435 47 545 684 831 728 39 587 687 490 884 222 337 291 227 427 914 887 836 693 424 941 43 842 431 841 751 560 632 148 170 983 142 206 803 22 424 917 470 630 678 361 963 434 825 44 667 884 327 640 19 345 229 76 346 375 31 113 432 976 320 671 253 717 308 485 287 127 303 597 765 108 567 697 518 475 942 747 276 470 224 935 75 304 512 707 816 910 451 845 110 666 80 15 309 133 59 135 620 805 589 960 854 621 236 887 484 414 473 682 657 974 903 27 777 141 503 557 296 554 269 111 855 104 316 385 591 207 179 476 404 175 60 710 649 147 601 806 324 333 694 386 295 883 638 160 855 155 29 547 791 42 132 672 613 61 390 781 203 602 999 260 717 946 534 211 751 296 250 947 763 944 381 414 968 728 957 411 718 695 834 530 709 50 817 852 4 6 738 385 765 104 160 535 211 146 660 853 569 850 168 727 706 102 150 345 600 284 26 83 417 555 451 337 223 391
135
451 290 257 222 322 140 793 28 535 166 850 362 294 795 822 421 527 663 430 566 984 118 6 85 152 298 345 650 418 984 49 906 612 116 265 226 775 941 478 417 270 288 565 476 633 533 784 470 885 956 918 965 932 739 112 548 192 32 893 331 685 664 960 538 372 713 304 17 148 57 234 26 621 339 973 34 480 145 380 130 930 242 751 585 77 784 370 382 315 771 750 998 241 674 114 440 868 820 621 7 836 498 312 654 527 841 42 570 141 464 683 308 841 63 960 957 467 94 591 618 381 476 783 709 224 119 914 890 229 720 67 778 420 784 245
219
325 20 282 30 862 249 603 395 410 382 889 58 628 885 39 885 732 449 985 103 254 756 631 490 587 191 178 476 352 271 353 328 655 423 476 862 351 56 356 129 917 558 726 96 139 125 412 549 72 384 243 993 526 763 492 88 248 70 658 66 291 104 972 807 184 998 408 903 157 302 982 730 189 415 787 261 841 770 751 716 566 412 946 983 853 665 785 682 814 948 982 315 442 193 83 882 814 917 444 48 457 862 341 696 733 539 258 38 983 264 797 556 266 842 884 516 925 482 857 745 682 585 226 301 365 449 908 496 289 218 730 929 760 49 21 267 90 259 622 993 692 624 371 845 886 521 941 930 60 719 806 249 651 424 903 624 596 130 966 273 385 217 238 316 32 6 394 553 78 959 517 659 567 658 16 129 981 278 735 373 187 407 714 489 675 542 220 137 550 696 282 62 518 354 72 992 602 438 769 250 657 583 992 14 741 845 719 237 876 527 229 592 127 501 2 186 285 260 436
135
270 144 283 974 838 205 629 881 206 998 242 943 491 147 821 120 997 338 406 928 114 673 430 474 888 901 585 702 895 162 678 713 420 266 235 439 906 176 879 579 288 746 443 415 483 48 558 761 883 848 806 129 437 228 572 815 942 538 778 473 867 447 110 434 28 121 686 597 949 407 482 720 788 58 336 123 257 281 215 582 791 480 385 550 106 303 588 219 87 703 113 976 362 99 968 956 768 30 999 377 937 27 479 434 485 447 812 701 89 573 50 948 646 577 637 163 13 428 633 79 354 111 731 661 447 469 591 309 490 756 764 961 322 39 581
151
810 63 102 847 760 633 387 898 606 892 938 91 395 923 103 638 871 109 283 139 51 405 427 583 901 811 839 844 292 616 180 930 940 814 322 476 159 46 582 52 957 81 603 40 94 592 504 563 516 442 529 936 280 234 764 206 851 236 773 595 84 432 693 281 266 835 554 719 843 144 531 521 433 474 665 37 319 916 851 689 772 500 207 587 855 546 753 943 919 225 695 656 789 457 10 280 833 330 664 879 10 928 334 378 313 254 751 665 775 452 82 549 77 668 189 144 313 489 325 430 330 20 781 761 543 566 982 47 431 741 832 833 866 123 653 865 16 952 584 921 168 111 711 921 485 357 137 581 871 176 703
