80
111
91 63 37 28 74 96 95 59 80 83 21 42 26 15 1 72 70 48 69 107 51 101 54 49 38 89 78 20 67 52 98 23 103 56 39 109 17 82 24 6 79 68 30 31 7 94 46 88 66 71 44 100 14 10 29 8 65 50 99 12 85 22 18 111 5 47 33 35 84 2 40 45 102 92 81 108 97 76 106 87 61 86 57 110 60 93 16 11 4 32 104 55 9 27 75 58 90 13 77 34 53 73 43 19 105 3 41 36 25 62 64
197
102 103 104 105 106 107 108 109 110 111 112 113 114 115 116 117 118 119 120 121 122 123 124 125 126 127 128 129 130 131 132 133 134 135 136 137 138 139 140 141 142 143 144 145 146 147 148 149 150 151 152 153 154 155 156 157 158 159 160 161 162 163 164 165 166 167 168 169 170 171 172 173 174 175 176 177 178 179 180 181 182 183 184 185 186 187 188 189 190 191 192 193 194 195 196 197 1 2 3 4 5 6 7 8 9 10 11 12 13 14 15 16 17 18 19 20 21 22 23 24 25 26 27 28 29 30 31 32 33 34 35 36 37 38 39 40 41 42 43 44 45 46 47 48 49 50 51 52 53 54 55 56 57 58 59 60 61 62 63 64 65 66 67 68 69 70 71 72 73 74 75 76 77 78 79 80 81 82 83 84 85 86 87 88 89 90 91 92 93 94 95 96 97 98 99 100 101
57
2 1 57 56 55 54 53 52 51 50 49 48 47 46 45 44 43 42 41 40 39 38 37 36 35 34 33 32 31 30 29 28 27 26 25 24 23 22 21 20 19 18 17 16 15 14 13 12 11 10 9 8 7 6 5 4 3
69
53 54 55 56 57 58 59 60 61 62 63 64 65 66 67 68 69 1 2 3 4 5 6 7 8 9 10 11 12 13 14 15 16 17 18 19 20 21 22 23 24 25 26 27 28 29 30 31 32 33 34 35 36 37 38 39 40 41 42 43 44 45 46 47 48 49 50 51 52
97
42 58 16 19 91 20 67 40 68 61 78 83 11 63 44 93 60 4 7 12 22 6 26 3 27 55 33 50 23 15 53 18 52 13 54 34 32 37 57 24 71 1 36 49 46 48 77 95 9 29 31 87 43 88 74 84 72 41 59 47 14 76 17 82 64 86 10 8 75 70 96 80 92 94 21 38 45 56 89 5 66 30 35 90 97 79 85 65 39 62 73 81 69 25 28 51 2
102
5 96 71 27 55 68 70 101 34 72 9 48 100 44 15 89 74 24 40 42 56 16 31 60 10 87 3 41 53 49 28 38 18 58 84 69 4 86 21 45 51 63 54 35 12 61 64 65 19 30 85 14 47 25 78 59 95 75 20 91 26 81 73 82 102 57 50 62 99 94 29 2 83 22 37 76 80 17 33 67 13 1 39 46 79 11 52 97 36 98 23 7 66 92 90 43 8 88 77 93 6 32
81
26 25 24 23 22 21 20 19 18 17 16 15 14 13 12 11 10 9 8 7 6 5 4 3 2 1 81 80 79 78 77 76 75 74 73 72 71 70 69 68 67 66 65 64 63 62 61 60 59 58 57 56 55 54 53 52 51 50 49 48 47 46 45 44 43 42 41 40 39 38 37 36 35 34 33 32 31 30 29 28 27
22
9 14 17 11 12 19 2 20 10 16 6 3 13 5 7 18 15 8 22 4 1 21
177
23 125 65 29 74 92 22 21 105 36 50 156 1 142 168 130 99 150 167 75 63 135 90 58 123 141 116 54 52 165 113 45 62 158 124 70 174 114 149 170 172 17 35 47 107 97 109 163 103 78 102 101 146 96 140 86 111 106 68 147 11 76 143 57 72 154 49 98 64 71 55 16 87 25 85 24 48 88 110 34 8 20 81 137 144 30 151 126 164 118 108 133 171 39 33 51 3 139 19 77 2 94 136 134 152 128 14 117 119 175 162 160 138 15 28 104 153 121 46 41 12 43 56 84 176 5 132 67 10 127 40 79 27 100 120 44 26 31 80 32 131 37 13 173 89 61 18 42 59 6 82 115 129 7 161 169 122 73 91 60 177 9 159 112 148 4 93 83 53 157 145 155 69 95 66 166 38
9
1 6 7 4 3 8 2 9 5
177
96 95 94 93 92 91 90 89 88 87 86 85 84 83 82 81 80 79 78 77 76 75 74 73 72 71 70 69 68 67 66 65 64 63 62 61 60 59 58 57 56 55 54 53 52 51 50 49 48 47 46 45 44 43 42 41 40 39 38 37 36 35 34 33 32 31 30 29 28 27 26 25 24 23 22 21 20 19 18 17 16 15 14 13 12 11 10 9 8 7 6 5 4 3 2 1 177 176 175 174 173 172 171 170 169 168 167 166 165 164 163 162 161 160 159 158 157 156 155 154 153 152 151 150 149 148 147 146 145 144 143 142 141 140 139 138 137 136 135 134 133 132 131 130 129 128 127 126 125 124 123 122 121 120 119 118 117 116 115 114 113 112 111 110 109 108 107 106 105 104 103 102 101 100 99 98 97
89
43 42 41 40 39 38 37 36 35 34 33 32 31 30 29 28 27 26 25 24 23 22 21 20 19 18 17 16 15 14 13 12 11 10 9 8 7 6 5 4 3 2 1 89 88 87 86 85 84 83 82 81 80 79 78 77 76 75 74 73 72 71 70 69 68 67 66 65 64 63 62 61 60 59 58 57 56 55 54 53 52 51 50 49 48 47 46 45 44
159
86 19 97 105 56 126 152 157 16 88 8 76 53 25 108 98 68 39 143 32 28 90 41 70 44 75 91 159 27 58 95 125 20 13 110 43 49 5 92 101 141 87 4 55 128 71 113 99 122 38 60 138 24 133 48 36 121 137 119 114 132 69 15 10 155 146 115 42 140 3 83 12 47 109 11 17 22 33 151 63 35 93 96 120 29 65 79 54 81 106 145 153 131 124 148 129 139 107 66 18 84 149 31 64 112 6 7 37 14 94 2 117 67 150 62 80 89 40 144 26 78 73 123 77 102 130 30 57 111 1 50 134 9 34 46 23 59 158 154 116 147 21 61 156 51 135 72 127 85 100 74 45 82 103 118 136 104 142 52
131
121 122 123 124 125 126 127 128 129 130 131 1 2 3 4 5 6 7 8 9 10 11 12 13 14 15 16 17 18 19 20 21 22 23 24 25 26 27 28 29 30 31 32 33 34 35 36 37 38 39 40 41 42 43 44 45 46 47 48 49 50 51 52 53 54 55 56 57 58 59 60 61 62 63 64 65 66 67 68 69 70 71 72 73 74 75 76 77 78 79 80 81 82 83 84 85 86 87 88 89 90 91 92 93 94 95 96 97 98 99 100 101 102 103 104 105 106 107 108 109 110 111 112 113 114 115 116 117 118 119 120
190
137 151 158 24 187 18 143 102 66 94 171 32 31 119 90 112 120 146 22 92 115 10 153 69 63 139 17 154 166 110 23 165 27 34 11 1 147 44 124 82 126 177 174 59 19 189 39 21 42 91 74 160 67 95 78 183 9 116 101 56 60 108 93 135 35 155 76 190 80 162 58 55 144 43 98 5 118 4 52 175 64 109 37 105 185 173 121 30 45 142 79 157 168 182 178 61 3 138 6 81 75 84 33 128 148 88 47 170 164 141 54 87 104 38 167 46 53 70 62 133 129 107 134 77 156 97 48 132 169 40 68 131 14 114 73 85 96 150 188 50 145 28 106 86 122 99 159 176 12 172 113 117 103 51 125 181 180 26 83 7 186 71 130 161 100 140 149 152 16 65 2 57 179 8 111 15 36 89 13 49 25 72 184 127 20 163 136 29 41 123
84
24 11 38 28 13 29 56 25 36 23 83 7 65 52 78 53 73 48 79 64 22 35 63 21 40 47 39 74 60 15 84 33 20 8 30 6 10 68 43 44 18 16 4 75 66 3 49 2 5 59 1 46 14 77 76 31 58 82 45 81 12 61 17 26 41 62 34 50 67 71 70 80 54 57 42 37 51 32 9 55 69 72 27 19
141
105 4 79 102 108 117 16 127 55 45 59 32 49 23 114 87 109 44 41 35 31 139 38 125 20 40 53 54 17 121 93 103 86 120 57 19 2 6 136 115 124 29 90 112 132 80 14 7 9 94 21 118 26 13 98 100 111 71 47 43 73 5 24 3 138 52 56 85 126 75 131 18 72 129 39 82 116 81 42 119 63 67 33 113 69 50 122 48 77 60 110 66 106 99 10 107 1 36 58 68 12 28 92 30 134 11 135 34 88 101 84 141 74 61 65 104 140 15 137 37 78 83 91 95 62 130 22 89 133 123 96 8 128 70 25 76 97 51 64 46 27
20
15 16 17 18 19 20 1 2 3 4 5 6 7 8 9 10 11 12 13 14
79
61 40 47 62 45 56 53 44 78 13 35 12 6 71 74 39 38 1 2 20 60 42 55 66 46 43 19 10 34 24 63 73 59 30 7 27 15 41 52 37 48 75 70 28 26 32 5 8 33 51 68 49 21 23 29 76 50 22 54 9 16 57 31 18 65 64 3 72 79 58 77 36 11 4 67 14 25 69 17
73
11 10 9 8 7 6 5 4 3 2 1 73 72 71 70 69 68 67 66 65 64 63 62 61 60 59 58 57 56 55 54 53 52 51 50 49 48 47 46 45 44 43 42 41 40 39 38 37 36 35 34 33 32 31 30 29 28 27 26 25 24 23 22 21 20 19 18 17 16 15 14 13 12
68
27 26 25 24 23 22 21 20 19 18 17 16 15 14 13 12 11 10 9 8 7 6 5 4 3 2 1 68 67 66 65 64 63 62 61 60 59 58 57 56 55 54 53 52 51 50 49 48 47 46 45 44 43 42 41 40 39 38 37 36 35 34 33 32 31 30 29 28
179
137 136 135 134 133 132 131 130 129 128 127 126 125 124 123 122 121 120 119 118 117 116 115 114 113 112 111 110 109 108 107 106 105 104 103 102 101 100 99 98 97 96 95 94 93 92 91 90 89 88 87 86 85 84 83 82 81 80 79 78 77 76 75 74 73 72 71 70 69 68 67 66 65 64 63 62 61 60 59 58 57 56 55 54 53 52 51 50 49 48 47 46 45 44 43 42 41 40 39 38 37 36 35 34 33 32 31 30 29 28 27 26 25 24 23 22 21 20 19 18 17 16 15 14 13 12 11 10 9 8 7 6 5 4 3 2 1 179 178 177 176 175 174 173 172 171 170 169 168 167 166 165 164 163 162 161 160 159 158 157 156 155 154 153 152 151 150 149 148 147 146 145 144 143 142 141 140 139 138
107
36 37 38 39 40 41 42 43 44 45 46 47 48 49 50 51 52 53 54 55 56 57 58 59 60 61 62 63 64 65 66 67 68 69 70 71 72 73 74 75 76 77 78 79 80 81 82 83 84 85 86 87 88 89 90 91 92 93 94 95 96 97 98 99 100 101 102 103 104 105 106 107 1 2 3 4 5 6 7 8 9 10 11 12 13 14 15 16 17 18 19 20 21 22 23 24 25 26 27 28 29 30 31 32 33 34 35
161
12 144 85 81 115 159 87 153 51 161 138 121 49 47 72 73 113 26 154 1 29 107 128 134 16 17 116 37 9 125 67 139 76 22 45 41 100 141 42 6 14 30 160 31 106 88 68 97 70 143 13 20 114 93 52 99 63 82 105 124 79 69 157 152 94 101 11 135 123 39 136 102 53 84 21 62 108 158 118 75 23 150 7 10 155 59 56 28 60 18 137 103 33 64 126 27 147 32 54 129 86 140 91 109 66 131 92 40 146 156 120 127 4 19 38 132 110 112 95 34 151 65 122 142 36 61 55 117 96 58 43 15 46 2 24 25 50 80 78 148 111 119 48 104 5 35 3 74 44 133 90 98 71 89 57 130 149 83 145 8 77
190
158 159 160 161 162 163 164 165 166 167 168 169 170 171 172 173 174 175 176 177 178 179 180 181 182 183 184 185 186 187 188 189 190 1 2 3 4 5 6 7 8 9 10 11 12 13 14 15 16 17 18 19 20 21 22 23 24 25 26 27 28 29 30 31 32 33 34 35 36 37 38 39 40 41 42 43 44 45 46 47 48 49 50 51 52 53 54 55 56 57 58 59 60 61 62 63 64 65 66 67 68 69 70 71 72 73 74 75 76 77 78 79 80 81 82 83 84 85 86 87 88 89 90 91 92 93 94 95 96 97 98 99 100 101 102 103 104 105 106 107 108 109 110 111 112 113 114 115 116 117 118 119 120 121 122 123 124 125 126 127 128 129 130 131 132 133 134 135 136 137 138 139 140 141 142 143 144 145 146 147 148 149 150 151 152 153 154 155 156 157
172
133 132 131 130 129 128 127 126 125 124 123 122 121 120 119 118 117 116 115 114 113 112 111 110 109 108 107 106 105 104 103 102 101 100 99 98 97 96 95 94 93 92 91 90 89 88 87 86 85 84 83 82 81 80 79 78 77 76 75 74 73 72 71 70 69 68 67 66 65 64 63 62 61 60 59 58 57 56 55 54 53 52 51 50 49 48 47 46 45 44 43 42 41 40 39 38 37 36 35 34 33 32 31 30 29 28 27 26 25 24 23 22 21 20 19 18 17 16 15 14 13 12 11 10 9 8 7 6 5 4 3 2 1 172 171 170 169 168 167 166 165 164 163 162 161 160 159 158 157 156 155 154 153 152 151 150 149 148 147 146 145 144 143 142 141 140 139 138 137 136 135 134
128
127 126 125 124 123 122 121 120 119 118 117 116 115 114 113 112 111 110 109 108 107 106 105 104 103 102 101 100 99 98 97 96 95 94 93 92 91 90 89 88 87 86 85 84 83 82 81 80 79 78 77 76 75 74 73 72 71 70 69 68 67 66 65 64 63 62 61 60 59 58 57 56 55 54 53 52 51 50 49 48 47 46 45 44 43 42 41 40 39 38 37 36 35 34 33 32 31 30 29 28 27 26 25 24 23 22 21 20 19 18 17 16 15 14 13 12 11 10 9 8 7 6 5 4 3 2 1 128
29
5 18 7 6 3 1 8 22 10 23 21 27 17 20 12 28 25 29 11 14 19 13 9 24 16 15 26 2 4
79
61 60 59 58 57 56 55 54 53 52 51 50 49 48 47 46 45 44 43 42 41 40 39 38 37 36 35 34 33 32 31 30 29 28 27 26 25 24 23 22 21 20 19 18 17 16 15 14 13 12 11 10 9 8 7 6 5 4 3 2 1 79 78 77 76 75 74 73 72 71 70 69 68 67 66 65 64 63 62
67
41 40 39 38 37 36 35 34 33 32 31 30 29 28 27 26 25 24 23 22 21 20 19 18 17 16 15 14 13 12 11 10 9 8 7 6 5 4 3 2 1 67 66 65 64 63 62 61 60 59 58 57 56 55 54 53 52 51 50 49 48 47 46 45 44 43 42
185
127 126 125 124 123 122 121 120 119 118 117 116 115 114 113 112 111 110 109 108 107 106 105 104 103 102 101 100 99 98 97 96 95 94 93 92 91 90 89 88 87 86 85 84 83 82 81 80 79 78 77 76 75 74 73 72 71 70 69 68 67 66 65 64 63 62 61 60 59 58 57 56 55 54 53 52 51 50 49 48 47 46 45 44 43 42 41 40 39 38 37 36 35 34 33 32 31 30 29 28 27 26 25 24 23 22 21 20 19 18 17 16 15 14 13 12 11 10 9 8 7 6 5 4 3 2 1 185 184 183 182 181 180 179 178 177 176 175 174 173 172 171 170 169 168 167 166 165 164 163 162 161 160 159 158 157 156 155 154 153 152 151 150 149 148 147 146 145 144 143 142 141 140 139 138 137 136 135 134 133 132 131 130 129 128
170
148 149 150 151 152 153 154 155 156 157 158 159 160 161 162 163 164 165 166 167 168 169 170 1 2 3 4 5 6 7 8 9 10 11 12 13 14 15 16 17 18 19 20 21 22 23 24 25 26 27 28 29 30 31 32 33 34 35 36 37 38 39 40 41 42 43 44 45 46 47 48 49 50 51 52 53 54 55 56 57 58 59 60 61 62 63 64 65 66 67 68 69 70 71 72 73 74 75 76 77 78 79 80 81 82 83 84 85 86 87 88 89 90 91 92 93 94 95 96 97 98 99 100 101 102 103 104 105 106 107 108 109 110 111 112 113 114 115 116 117 118 119 120 121 122 123 124 125 126 127 128 129 130 131 132 133 134 135 136 137 138 139 140 141 142 143 144 145 146 147
29
13 14 15 16 17 18 19 20 21 22 23 24 25 26 27 28 29 1 2 3 4 5 6 7 8 9 10 11 12
73
63 64 65 66 67 68 69 70 71 72 73 1 2 3 4 5 6 7 8 9 10 11 12 13 14 15 16 17 18 19 20 21 22 23 24 25 26 27 28 29 30 31 32 33 34 35 36 37 38 39 40 41 42 43 44 45 46 47 48 49 50 51 52 53 54 55 56 57 58 59 60 61 62
31
16 15 14 13 12 11 10 9 8 7 6 5 4 3 2 1 31 30 29 28 27 26 25 24 23 22 21 20 19 18 17
106
46 45 44 43 42 41 40 39 38 37 36 35 34 33 32 31 30 29 28 27 26 25 24 23 22 21 20 19 18 17 16 15 14 13 12 11 10 9 8 7 6 5 4 3 2 1 106 105 104 103 102 101 100 99 98 97 96 95 94 93 92 91 90 89 88 87 86 85 84 83 82 81 80 79 78 77 76 75 74 73 72 71 70 69 68 67 66 65 64 63 62 61 60 59 58 57 56 55 54 53 52 51 50 49 48 47
79
20 19 18 17 16 15 14 13 12 11 10 9 8 7 6 5 4 3 2 1 79 78 77 76 75 74 73 72 71 70 69 68 67 66 65 64 63 62 61 60 59 58 57 56 55 54 53 52 51 50 49 48 47 46 45 44 43 42 41 40 39 38 37 36 35 34 33 32 31 30 29 28 27 26 25 24 23 22 21
173
115 123 131 88 161 141 22 74 139 39 148 40 45 62 112 90 14 114 97 162 147 160 122 11 6 130 30 35 165 109 155 76 142 25 166 104 3 17 15 149 44 64 33 100 37 134 126 47 2 144 12 7 61 145 120 124 121 34 163 117 113 49 58 80 105 125 41 95 60 146 119 116 57 59 98 77 50 72 103 53 10 63 46 26 167 55 170 153 66 168 18 154 171 54 89 94 67 69 21 92 82 99 152 91 81 96 102 118 65 68 86 143 16 172 133 84 169 1 79 111 19 159 9 140 127 28 164 75 138 73 20 31 42 158 51 129 136 78 85 101 83 29 110 156 24 106 87 128 38 43 71 151 27 173 132 36 157 56 150 48 93 70 4 13 23 52 108 8 137 5 107 32 135
45
11 12 13 14 15 16 17 18 19 20 21 22 23 24 25 26 27 28 29 30 31 32 33 34 35 36 37 38 39 40 41 42 43 44 45 1 2 3 4 5 6 7 8 9 10
185
105 6 70 56 11 37 55 29 82 108 28 138 44 87 35 122 131 21 103 74 149 40 19 166 102 143 100 171 43 25 81 182 109 54 179 9 98 41 132 130 183 92 24 184 120 104 20 159 10 140 12 59 172 161 134 111 83 127 135 50 115 75 107 157 116 86 97 77 167 151 15 121 16 18 185 71 156 129 62 64 88 52 72 96 76 141 60 101 39 34 136 33 181 42 99 114 45 94 112 49 23 118 170 176 4 113 79 3 46 51 85 63 163 133 67 58 126 78 31 142 17 61 13 36 119 30 177 162 57 38 14 93 168 158 53 153 27 123 91 95 139 128 1 146 80 2 8 165 173 117 150 125 73 110 66 90 7 152 68 144 154 124 175 169 137 155 65 164 174 48 145 47 69 89 180 147 5 178 148 106 22 84 160 32 26
1
1
26
11 12 13 14 15 16 17 18 19 20 21 22 23 24 25 26 1 2 3 4 5 6 7 8 9 10
22
21 20 19 18 17 16 15 14 13 12 11 10 9 8 7 6 5 4 3 2 1 22
149
68 98 48 29 86 147 38 28 53 17 23 78 37 15 71 135 74 22 101 26 75 40 31 55 148 54 14 9 134 117 138 12 96 64 24 104 47 88 42 36 1 34 82 129 5 61 41 79 106 80 6 35 27 125 72 8 70 99 128 13 18 90 76 109 21 73 133 16 113 94 131 103 119 11 7 87 30 111 142 57 69 50 102 95 62 123 110 77 20 2 46 93 65 63 56 140 4 143 100 146 59 89 97 19 137 43 44 149 66 124 52 121 81 114 85 122 132 25 3 105 58 112 120 107 141 67 32 127 116 145 84 92 39 115 83 91 108 49 144 10 139 118 130 126 45 33 60 51 136
116
45 44 43 42 41 40 39 38 37 36 35 34 33 32 31 30 29 28 27 26 25 24 23 22 21 20 19 18 17 16 15 14 13 12 11 10 9 8 7 6 5 4 3 2 1 116 115 114 113 112 111 110 109 108 107 106 105 104 103 102 101 100 99 98 97 96 95 94 93 92 91 90 89 88 87 86 85 84 83 82 81 80 79 78 77 76 75 74 73 72 71 70 69 68 67 66 65 64 63 62 61 60 59 58 57 56 55 54 53 52 51 50 49 48 47 46
121
65 73 97 44 98 17 112 35 92 77 12 25 83 66 28 116 9 32 49 20 86 7 5 13 94 120 64 6 33 38 1 82 76 90 39 104 74 21 60 8 121 45 51 4 40 14 87 106 63 85 103 47 72 96 119 70 114 57 56 54 48 3 95 55 78 30 18 19 37 31 52 71 46 42 29 22 93 59 84 67 2 16 61 53 79 89 101 27 68 105 62 41 80 100 69 108 24 88 75 115 102 10 111 34 107 117 36 110 11 109 81 50 15 58 26 99 91 43 113 118 23
65
55 56 57 58 59 60 61 62 63 64 65 1 2 3 4 5 6 7 8 9 10 11 12 13 14 15 16 17 18 19 20 21 22 23 24 25 26 27 28 29 30 31 32 33 34 35 36 37 38 39 40 41 42 43 44 45 46 47 48 49 50 51 52 53 54
180
141 142 143 144 145 146 147 148 149 150 151 152 153 154 155 156 157 158 159 160 161 162 163 164 165 166 167 168 169 170 171 172 173 174 175 176 177 178 179 180 1 2 3 4 5 6 7 8 9 10 11 12 13 14 15 16 17 18 19 20 21 22 23 24 25 26 27 28 29 30 31 32 33 34 35 36 37 38 39 40 41 42 43 44 45 46 47 48 49 50 51 52 53 54 55 56 57 58 59 60 61 62 63 64 65 66 67 68 69 70 71 72 73 74 75 76 77 78 79 80 81 82 83 84 85 86 87 88 89 90 91 92 93 94 95 96 97 98 99 100 101 102 103 104 105 106 107 108 109 110 111 112 113 114 115 116 117 118 119 120 121 122 123 124 125 126 127 128 129 130 131 132 133 134 135 136 137 138 139 140
170
103 92 5 67 152 87 50 125 1 128 47 48 42 132 53 95 98 32 84 54 52 145 25 160 154 124 151 30 110 168 115 141 65 39 28 4 8 165 88 147 94 27 60 102 138 17 157 72 22 36 135 55 170 59 163 134 109 73 140 29 166 122 149 164 49 108 3 11 80 105 91 75 158 117 58 34 121 96 113 46 79 26 44 130 56 161 133 136 126 111 146 2 106 24 6 43 9 119 64 77 142 118 20 104 85 86 15 23 68 21 112 66 19 57 13 41 40 159 71 51 99 10 129 137 31 97 78 107 81 139 82 143 131 76 148 114 150 83 144 70 120 7 155 167 12 156 101 93 62 153 162 123 38 100 61 18 14 63 69 16 116 37 45 89 90 127 33 169 35 74
123
41 40 39 38 37 36 35 34 33 32 31 30 29 28 27 26 25 24 23 22 21 20 19 18 17 16 15 14 13 12 11 10 9 8 7 6 5 4 3 2 1 123 122 121 120 119 118 117 116 115 114 113 112 111 110 109 108 107 106 105 104 103 102 101 100 99 98 97 96 95 94 93 92 91 90 89 88 87 86 85 84 83 82 81 80 79 78 77 76 75 74 73 72 71 70 69 68 67 66 65 64 63 62 61 60 59 58 57 56 55 54 53 52 51 50 49 48 47 46 45 44 43 42
55
40 45 51 27 41 30 46 16 22 53 26 17 10 21 50 52 19 47 2 13 5 12 48 34 38 18 28 11 43 39 1 37 44 9 29 42 3 4 20 49 33 7 23 25 24 31 15 54 8 6 35 55 32 36 14
60
48 49 50 51 52 53 54 55 56 57 58 59 60 1 2 3 4 5 6 7 8 9 10 11 12 13 14 15 16 17 18 19 20 21 22 23 24 25 26 27 28 29 30 31 32 33 34 35 36 37 38 39 40 41 42 43 44 45 46 47
34
18 17 16 15 14 13 12 11 10 9 8 7 6 5 4 3 2 1 34 33 32 31 30 29 28 27 26 25 24 23 22 21 20 19
185
55 30 99 56 176 67 184 38 51 72 144 123 177 23 149 73 98 5 9 47 68 24 109 35 85 126 70 132 65 173 39 162 161 182 100 62 163 164 95 94 54 3 59 29 185 66 183 40 130 101 91 143 74 71 83 19 108 88 125 137 49 140 28 147 104 112 20 46 131 60 119 78 14 159 17 118 134 26 154 43 148 169 84 178 158 175 110 142 77 135 1 157 120 27 179 81 115 2 145 80 48 172 167 97 10 127 105 42 153 146 57 32 86 171 50 8 107 181 76 170 11 138 150 12 82 13 87 168 113 31 152 136 129 69 89 93 52 151 36 21 44 22 7 37 114 117 122 4 180 155 15 92 139 141 41 165 116 124 156 6 64 79 174 121 90 61 166 58 128 33 103 75 102 111 25 96 106 45 160 18 133 63 34 16 53
133
102 45 88 62 130 70 90 114 66 2 37 77 21 22 8 71 19 11 12 111 89 9 4 1 74 56 31 103 117 58 65 96 17 23 94 3 14 20 82 44 97 98 81 125 120 51 80 63 100 86 53 41 112 76 5 104 52 78 123 72 127 124 32 28 99 35 13 129 30 116 118 85 40 38 24 46 18 106 59 48 61 60 108 25 69 132 113 79 36 73 75 92 27 47 107 101 93 91 126 34 29 33 84 50 105 42 95 115 57 6 131 109 64 54 87 16 39 83 121 10 119 55 68 110 15 7 133 67 128 122 43 49 26
165
111 62 95 99 159 79 143 41 32 44 100 130 55 153 80 2 118 63 84 39 78 86 1 150 104 17 102 131 120 68 112 22 149 67 16 23 119 133 38 108 105 13 10 87 36 106 155 93 33 136 4 109 113 35 15 45 151 51 145 161 11 135 134 70 125 116 75 74 64 94 43 126 164 157 141 18 77 27 5 146 9 34 101 117 52 132 21 152 123 165 156 65 24 139 76 30 107 98 89 82 20 147 46 137 163 142 37 124 154 14 92 148 48 90 138 83 49 47 58 29 3 115 72 54 121 57 19 162 88 59 158 96 73 160 71 7 40 110 128 103 31 6 61 66 91 53 60 56 127 25 129 12 81 114 28 97 122 42 85 50 140 69 144 26 8
67
39 38 37 36 35 34 33 32 31 30 29 28 27 26 25 24 23 22 21 20 19 18 17 16 15 14 13 12 11 10 9 8 7 6 5 4 3 2 1 67 66 65 64 63 62 61 60 59 58 57 56 55 54 53 52 51 50 49 48 47 46 45 44 43 42 41 40
69
19 27 32 1 66 26 11 67 56 46 37 2 35 24 45 47 20 53 36 33 44 57 62 54 15 39 38 9 49 7 41 22 12 65 52 60 18 59 51 17 34 10 42 25 43 68 64 58 28 29 48 63 13 61 23 6 69 31 5 8 3 30 16 55 50 14 40 21 4
103
64 63 62 61 60 59 58 57 56 55 54 53 52 51 50 49 48 47 46 45 44 43 42 41 40 39 38 37 36 35 34 33 32 31 30 29 28 27 26 25 24 23 22 21 20 19 18 17 16 15 14 13 12 11 10 9 8 7 6 5 4 3 2 1 103 102 101 100 99 98 97 96 95 94 93 92 91 90 89 88 87 86 85 84 83 82 81 80 79 78 77 76 75 74 73 72 71 70 69 68 67 66 65
196
97 96 95 94 93 92 91 90 89 88 87 86 85 84 83 82 81 80 79 78 77 76 75 74 73 72 71 70 69 68 67 66 65 64 63 62 61 60 59 58 57 56 55 54 53 52 51 50 49 48 47 46 45 44 43 42 41 40 39 38 37 36 35 34 33 32 31 30 29 28 27 26 25 24 23 22 21 20 19 18 17 16 15 14 13 12 11 10 9 8 7 6 5 4 3 2 1 196 195 194 193 192 191 190 189 188 187 186 185 184 183 182 181 180 179 178 177 176 175 174 173 172 171 170 169 168 167 166 165 164 163 162 161 160 159 158 157 156 155 154 153 152 151 150 149 148 147 146 145 144 143 142 141 140 139 138 137 136 135 134 133 132 131 130 129 128 127 126 125 124 123 122 121 120 119 118 117 116 115 114 113 112 111 110 109 108 107 106 105 104 103 102 101 100 99 98
138
57 58 59 60 61 62 63 64 65 66 67 68 69 70 71 72 73 74 75 76 77 78 79 80 81 82 83 84 85 86 87 88 89 90 91 92 93 94 95 96 97 98 99 100 101 102 103 104 105 106 107 108 109 110 111 112 113 114 115 116 117 118 119 120 121 122 123 124 125 126 127 128 129 130 131 132 133 134 135 136 137 138 1 2 3 4 5 6 7 8 9 10 11 12 13 14 15 16 17 18 19 20 21 22 23 24 25 26 27 28 29 30 31 32 33 34 35 36 37 38 39 40 41 42 43 44 45 46 47 48 49 50 51 52 53 54 55 56
182
9 8 7 6 5 4 3 2 1 182 181 180 179 178 177 176 175 174 173 172 171 170 169 168 167 166 165 164 163 162 161 160 159 158 157 156 155 154 153 152 151 150 149 148 147 146 145 144 143 142 141 140 139 138 137 136 135 134 133 132 131 130 129 128 127 126 125 124 123 122 121 120 119 118 117 116 115 114 113 112 111 110 109 108 107 106 105 104 103 102 101 100 99 98 97 96 95 94 93 92 91 90 89 88 87 86 85 84 83 82 81 80 79 78 77 76 75 74 73 72 71 70 69 68 67 66 65 64 63 62 61 60 59 58 57 56 55 54 53 52 51 50 49 48 47 46 45 44 43 42 41 40 39 38 37 36 35 34 33 32 31 30 29 28 27 26 25 24 23 22 21 20 19 18 17 16 15 14 13 12 11 10
161
56 158 93 97 120 88 129 157 11 39 145 126 41 139 38 85 73 58 104 59 13 75 37 113 151 103 20 30 147 26 31 116 154 76 99 130 110 16 53 25 18 136 84 156 28 143 15 19 95 27 61 152 146 91 29 105 32 44 115 69 10 102 106 94 55 159 54 109 111 86 118 34 46 144 6 66 64 63 50 80 122 142 134 107 43 150 48 149 119 47 49 5 35 65 70 138 4 22 72 45 90 40 60 114 141 121 127 92 78 89 3 98 68 125 79 153 51 33 77 117 81 67 74 155 12 161 112 128 133 160 123 82 101 24 1 87 96 148 14 124 36 131 100 9 83 21 7 23 62 2 140 108 135 137 17 42 71 8 52 57 132
12
11 10 9 8 7 6 5 4 3 2 1 12
8
7 5 3 1 8 2 4 6
67
42 41 40 39 38 37 36 35 34 33 32 31 30 29 28 27 26 25 24 23 22 21 20 19 18 17 16 15 14 13 12 11 10 9 8 7 6 5 4 3 2 1 67 66 65 64 63 62 61 60 59 58 57 56 55 54 53 52 51 50 49 48 47 46 45 44 43
75
15 16 17 18 19 20 21 22 23 24 25 26 27 28 29 30 31 32 33 34 35 36 37 38 39 40 41 42 43 44 45 46 47 48 49 50 51 52 53 54 55 56 57 58 59 60 61 62 63 64 65 66 67 68 69 70 71 72 73 74 75 1 2 3 4 5 6 7 8 9 10 11 12 13 14
126
96 64 44 3 46 29 121 85 72 73 113 125 97 88 17 83 79 107 47 45 126 8 32 18 94 14 21 84 104 114 78 65 106 43 108 61 109 102 6 58 99 98 103 31 9 15 35 53 33 105 62 1 10 71 41 20 50 59 48 22 75 36 7 23 63 86 30 51 118 56 110 123 52 117 91 37 11 28 5 77 80 90 2 112 19 13 122 93 116 60 55 115 76 34 40 39 38 66 12 82 119 24 100 25 4 95 89 101 54 26 87 42 49 70 81 74 69 67 124 111 57 68 16 27 120 92
99
99 12 78 19 33 48 68 69 34 2 26 46 16 8 98 89 95 9 71 66 38 44 84 42 18 30 56 31 52 67 90 57 86 83 93 73 77 55 45 85 37 76 11 70 13 41 87 32 39 64 1 65 53 58 61 29 43 24 88 23 49 63 51 6 74 15 94 97 36 40 10 17 14 54 47 3 79 28 96 59 21 50 75 20 60 72 22 92 62 81 7 4 5 80 25 27 35 91 82
52
21 6 29 1 50 24 25 38 42 20 16 23 30 5 44 12 19 13 33 35 43 47 26 3 45 8 46 49 7 27 15 14 52 39 11 51 10 37 9 2 48 18 41 31 36 32 17 4 34 22 28 40
26
12 11 10 9 8 7 6 5 4 3 2 1 26 25 24 23 22 21 20 19 18 17 16 15 14 13
169
5 123 93 139 64 65 118 30 52 14 24 28 166 60 70 9 67 74 165 1 87 107 135 44 6 62 127 73 45 131 125 122 158 88 113 145 55 147 22 79 117 72 15 19 77 146 161 164 152 91 48 71 25 128 136 56 63 12 43 101 50 61 8 100 36 133 143 129 51 95 144 17 3 106 115 4 41 7 114 40 46 39 78 111 68 150 104 34 156 42 151 13 121 159 82 141 76 96 169 167 89 138 10 37 92 26 35 11 75 153 105 31 66 168 84 157 99 47 80 142 148 108 94 120 137 90 21 32 2 20 97 140 155 102 134 69 29 119 86 81 53 83 23 103 163 154 126 27 54 85 57 38 33 124 58 109 18 110 49 59 16 112 149 160 116 132 162 98 130
180
118 119 120 121 122 123 124 125 126 127 128 129 130 131 132 133 134 135 136 137 138 139 140 141 142 143 144 145 146 147 148 149 150 151 152 153 154 155 156 157 158 159 160 161 162 163 164 165 166 167 168 169 170 171 172 173 174 175 176 177 178 179 180 1 2 3 4 5 6 7 8 9 10 11 12 13 14 15 16 17 18 19 20 21 22 23 24 25 26 27 28 29 30 31 32 33 34 35 36 37 38 39 40 41 42 43 44 45 46 47 48 49 50 51 52 53 54 55 56 57 58 59 60 61 62 63 64 65 66 67 68 69 70 71 72 73 74 75 76 77 78 79 80 81 82 83 84 85 86 87 88 89 90 91 92 93 94 95 96 97 98 99 100 101 102 103 104 105 106 107 108 109 110 111 112 113 114 115 116 117
110
9 10 11 12 13 14 15 16 17 18 19 20 21 22 23 24 25 26 27 28 29 30 31 32 33 34 35 36 37 38 39 40 41 42 43 44 45 46 47 48 49 50 51 52 53 54 55 56 57 58 59 60 61 62 63 64 65 66 67 68 69 70 71 72 73 74 75 76 77 78 79 80 81 82 83 84 85 86 87 88 89 90 91 92 93 94 95 96 97 98 99 100 101 102 103 104 105 106 107 108 109 110 1 2 3 4 5 6 7 8
8
3 5 4 6 1 8 2 7
199
65 2 94 49 159 170 162 191 167 121 69 171 185 73 31 179 110 126 71 100 178 51 135 43 148 172 144 154 45 15 163 141 29 132 20 98 164 119 8 112 137 28 80 109 192 48 61 131 153 115 24 88 84 63 12 145 156 97 36 17 10 25 74 187 5 190 37 106 120 130 117 89 57 39 47 59 193 118 128 181 125 92 104 166 75 64 174 78 67 85 143 168 195 56 198 199 50 90 129 103 116 21 77 96 23 158 26 6 173 183 40 83 38 91 93 34 32 182 52 188 22 60 1 4 55 62 107 177 53 189 197 149 27 19 99 3 160 157 146 111 184 105 180 114 13 95 155 113 81 82 76 70 16 102 101 9 151 30 186 134 46 196 42 68 136 176 142 169 152 150 86 138 87 11 72 33 108 124 127 44 147 123 161 66 41 133 175 79 54 140 139 122 14 7 18 35 165 58 194
65
12 60 23 40 9 46 65 41 27 56 16 18 10 21 14 48 52 31 59 44 35 13 54 24 49 11 39 19 45 55 8 28 43 34 3 57 36 37 38 25 64 22 63 42 7 17 4 53 2 32 47 33 1 30 29 58 51 5 50 20 61 6 26 62 15
121
60 61 62 63 64 65 66 67 68 69 70 71 72 73 74 75 76 77 78 79 80 81 82 83 84 85 86 87 88 89 90 91 92 93 94 95 96 97 98 99 100 101 102 103 104 105 106 107 108 109 110 111 112 113 114 115 116 117 118 119 120 121 1 2 3 4 5 6 7 8 9 10 11 12 13 14 15 16 17 18 19 20 21 22 23 24 25 26 27 28 29 30 31 32 33 34 35 36 37 38 39 40 41 42 43 44 45 46 47 48 49 50 51 52 53 54 55 56 57 58 59
169
75 74 73 72 71 70 69 68 67 66 65 64 63 62 61 60 59 58 57 56 55 54 53 52 51 50 49 48 47 46 45 44 43 42 41 40 39 38 37 36 35 34 33 32 31 30 29 28 27 26 25 24 23 22 21 20 19 18 17 16 15 14 13 12 11 10 9 8 7 6 5 4 3 2 1 169 168 167 166 165 164 163 162 161 160 159 158 157 156 155 154 153 152 151 150 149 148 147 146 145 144 143 142 141 140 139 138 137 136 135 134 133 132 131 130 129 128 127 126 125 124 123 122 121 120 119 118 117 116 115 114 113 112 111 110 109 108 107 106 105 104 103 102 101 100 99 98 97 96 95 94 93 92 91 90 89 88 87 86 85 84 83 82 81 80 79 78 77 76
84
58 81 52 11 74 84 69 53 77 6 26 14 70 3 67 65 33 72 60 22 16 10 28 27 24 9 21 82 34 64 15 73 42 55 50 25 23 71 45 80 78 12 13 18 37 61 51 49 75 4 68 59 56 43 83 62 2 38 76 32 48 41 1 63 40 79 46 35 19 20 57 47 8 36 39 7 30 31 54 17 66 29 5 44
