60
73
10 11 12 13 14 15 16 17 18 19 20 21 22 23 24 25 26 27 28 29 30 31 32 33 34 35 36 37 38 39 40 41 42 43 44 45 46 47 48 49 50 51 52 53 54 55 56 57 58 59 60 61 62 63 64 65 66 67 68 69 70 71 72 73 1 2 3 4 5 6 7 8 9
62
48 61 12 1 25 46 30 31 24 6 13 21 32 42 11 14 23 7 44 8 3 49 2 35 9 51 53 55 43 38 36 34 5 29 56 45 22 50 37 39 4 47 18 10 15 16 33 60 19 57 62 40 20 27 58 17 59 28 52 41 54 26
169
91 92 93 94 95 96 97 98 99 100 101 102 103 104 105 106 107 108 109 110 111 112 113 114 115 116 117 118 119 120 121 122 123 124 125 126 127 128 129 130 131 132 133 134 135 136 137 138 139 140 141 142 143 144 145 146 147 148 149 150 151 152 153 154 155 156 157 158 159 160 161 162 163 164 165 166 167 168 169 1 2 3 4 5 6 7 8 9 10 11 12 13 14 15 16 17 18 19 20 21 22 23 24 25 26 27 28 29 30 31 32 33 34 35 36 37 38 39 40 41 42 43 44 45 46 47 48 49 50 51 52 53 54 55 56 57 58 59 60 61 62 63 64 65 66 67 68 69 70 71 72 73 74 75 76 77 78 79 80 81 82 83 84 85 86 87 88 89 90
105
11 10 9 8 7 6 5 4 3 2 1 105 104 103 102 101 100 99 98 97 96 95 94 93 92 91 90 89 88 87 86 85 84 83 82 81 80 79 78 77 76 75 74 73 72 71 70 69 68 67 66 65 64 63 62 61 60 59 58 57 56 55 54 53 52 51 50 49 48 47 46 45 44 43 42 41 40 39 38 37 36 35 34 33 32 31 30 29 28 27 26 25 24 23 22 21 20 19 18 17 16 15 14 13 12
194
185 56 57 162 6 121 108 135 58 154 106 179 26 140 50 20 91 105 112 79 30 178 55 190 24 5 89 65 110 45 163 17 11 54 141 127 100 181 151 84 60 187 148 69 27 120 149 146 90 161 18 44 192 123 172 14 144 143 186 191 142 10 52 22 124 74 160 28 86 47 167 25 53 39 42 152 184 95 109 157 170 182 43 119 171 62 136 104 92 66 33 51 107 97 129 2 111 78 132 125 145 150 80 174 67 23 175 16 138 7 189 73 173 103 159 193 153 166 88 32 21 194 183 46 133 40 165 99 9 101 158 116 188 126 177 96 59 130 113 72 75 77 4 94 3 156 83 81 63 71 87 131 155 164 93 76 115 29 82 117 68 61 48 49 31 35 176 98 64 168 114 13 122 180 70 8 12 38 41 139 118 147 15 128 137 19 169 37 36 34 134 85 1 102
168
155 154 153 152 151 150 149 148 147 146 145 144 143 142 141 140 139 138 137 136 135 134 133 132 131 130 129 128 127 126 125 124 123 122 121 120 119 118 117 116 115 114 113 112 111 110 109 108 107 106 105 104 103 102 101 100 99 98 97 96 95 94 93 92 91 90 89 88 87 86 85 84 83 82 81 80 79 78 77 76 75 74 73 72 71 70 69 68 67 66 65 64 63 62 61 60 59 58 57 56 55 54 53 52 51 50 49 48 47 46 45 44 43 42 41 40 39 38 37 36 35 34 33 32 31 30 29 28 27 26 25 24 23 22 21 20 19 18 17 16 15 14 13 12 11 10 9 8 7 6 5 4 3 2 1 168 167 166 165 164 163 162 161 160 159 158 157 156
157
65 143 145 130 148 123 105 90 120 44 121 107 28 103 30 37 48 118 93 85 138 151 139 126 70 47 113 12 146 45 18 89 19 77 91 25 86 39 14 36 9 84 27 6 111 4 115 132 17 24 131 88 106 62 124 8 133 83 16 112 68 97 11 95 3 58 119 31 80 127 73 134 46 29 78 137 110 82 94 75 128 34 141 98 23 64 79 140 135 67 49 69 72 101 129 157 96 81 155 114 26 76 142 153 60 50 33 13 104 122 102 43 20 5 99 109 92 35 55 116 40 51 74 1 149 7 156 52 42 108 152 59 150 2 56 21 125 154 61 144 71 15 147 100 10 87 66 57 53 63 22 38 54 117 41 136 32
87
6 5 4 3 2 1 87 86 85 84 83 82 81 80 79 78 77 76 75 74 73 72 71 70 69 68 67 66 65 64 63 62 61 60 59 58 57 56 55 54 53 52 51 50 49 48 47 46 45 44 43 42 41 40 39 38 37 36 35 34 33 32 31 30 29 28 27 26 25 24 23 22 21 20 19 18 17 16 15 14 13 12 11 10 9 8 7
59
37 21 7 22 29 31 36 33 14 39 32 16 41 1 49 52 3 30 35 54 28 23 38 46 47 59 53 55 5 9 34 58 8 19 6 24 50 51 44 20 15 2 10 45 56 11 27 43 12 57 48 18 17 25 40 4 42 13 26
167
99 100 101 102 103 104 105 106 107 108 109 110 111 112 113 114 115 116 117 118 119 120 121 122 123 124 125 126 127 128 129 130 131 132 133 134 135 136 137 138 139 140 141 142 143 144 145 146 147 148 149 150 151 152 153 154 155 156 157 158 159 160 161 162 163 164 165 166 167 1 2 3 4 5 6 7 8 9 10 11 12 13 14 15 16 17 18 19 20 21 22 23 24 25 26 27 28 29 30 31 32 33 34 35 36 37 38 39 40 41 42 43 44 45 46 47 48 49 50 51 52 53 54 55 56 57 58 59 60 61 62 63 64 65 66 67 68 69 70 71 72 73 74 75 76 77 78 79 80 81 82 83 84 85 86 87 88 89 90 91 92 93 94 95 96 97 98
113
12 11 10 9 8 7 6 5 4 3 2 1 113 112 111 110 109 108 107 106 105 104 103 102 101 100 99 98 97 96 95 94 93 92 91 90 89 88 87 86 85 84 83 82 81 80 79 78 77 76 75 74 73 72 71 70 69 68 67 66 65 64 63 62 61 60 59 58 57 56 55 54 53 52 51 50 49 48 47 46 45 44 43 42 41 40 39 38 37 36 35 34 33 32 31 30 29 28 27 26 25 24 23 22 21 20 19 18 17 16 15 14 13
160
31 32 33 34 35 36 37 38 39 40 41 42 43 44 45 46 47 48 49 50 51 52 53 54 55 56 57 58 59 60 61 62 63 64 65 66 67 68 69 70 71 72 73 74 75 76 77 78 79 80 81 82 83 84 85 86 87 88 89 90 91 92 93 94 95 96 97 98 99 100 101 102 103 104 105 106 107 108 109 110 111 112 113 114 115 116 117 118 119 120 121 122 123 124 125 126 127 128 129 130 131 132 133 134 135 136 137 138 139 140 141 142 143 144 145 146 147 148 149 150 151 152 153 154 155 156 157 158 159 160 1 2 3 4 5 6 7 8 9 10 11 12 13 14 15 16 17 18 19 20 21 22 23 24 25 26 27 28 29 30
8
8 5 3 1 7 4 2 6
12
12 11 10 9 8 7 6 5 4 3 2 1
85
57 56 55 54 53 52 51 50 49 48 47 46 45 44 43 42 41 40 39 38 37 36 35 34 33 32 31 30 29 28 27 26 25 24 23 22 21 20 19 18 17 16 15 14 13 12 11 10 9 8 7 6 5 4 3 2 1 85 84 83 82 81 80 79 78 77 76 75 74 73 72 71 70 69 68 67 66 65 64 63 62 61 60 59 58
141
89 88 87 86 85 84 83 82 81 80 79 78 77 76 75 74 73 72 71 70 69 68 67 66 65 64 63 62 61 60 59 58 57 56 55 54 53 52 51 50 49 48 47 46 45 44 43 42 41 40 39 38 37 36 35 34 33 32 31 30 29 28 27 26 25 24 23 22 21 20 19 18 17 16 15 14 13 12 11 10 9 8 7 6 5 4 3 2 1 141 140 139 138 137 136 135 134 133 132 131 130 129 128 127 126 125 124 123 122 121 120 119 118 117 116 115 114 113 112 111 110 109 108 107 106 105 104 103 102 101 100 99 98 97 96 95 94 93 92 91 90
163
102 101 100 99 98 97 96 95 94 93 92 91 90 89 88 87 86 85 84 83 82 81 80 79 78 77 76 75 74 73 72 71 70 69 68 67 66 65 64 63 62 61 60 59 58 57 56 55 54 53 52 51 50 49 48 47 46 45 44 43 42 41 40 39 38 37 36 35 34 33 32 31 30 29 28 27 26 25 24 23 22 21 20 19 18 17 16 15 14 13 12 11 10 9 8 7 6 5 4 3 2 1 163 162 161 160 159 158 157 156 155 154 153 152 151 150 149 148 147 146 145 144 143 142 141 140 139 138 137 136 135 134 133 132 131 130 129 128 127 126 125 124 123 122 121 120 119 118 117 116 115 114 113 112 111 110 109 108 107 106 105 104 103
76
2 37 65 34 54 18 64 32 70 16 66 10 71 74 55 42 76 33 17 72 40 53 44 50 48 8 29 38 52 57 21 56 26 41 3 30 13 27 68 7 51 69 35 20 28 19 5 61 6 46 45 49 15 39 12 43 62 9 23 24 4 67 25 75 11 36 1 14 47 59 60 58 31 22 73 63
197
155 156 157 158 159 160 161 162 163 164 165 166 167 168 169 170 171 172 173 174 175 176 177 178 179 180 181 182 183 184 185 186 187 188 189 190 191 192 193 194 195 196 197 1 2 3 4 5 6 7 8 9 10 11 12 13 14 15 16 17 18 19 20 21 22 23 24 25 26 27 28 29 30 31 32 33 34 35 36 37 38 39 40 41 42 43 44 45 46 47 48 49 50 51 52 53 54 55 56 57 58 59 60 61 62 63 64 65 66 67 68 69 70 71 72 73 74 75 76 77 78 79 80 81 82 83 84 85 86 87 88 89 90 91 92 93 94 95 96 97 98 99 100 101 102 103 104 105 106 107 108 109 110 111 112 113 114 115 116 117 118 119 120 121 122 123 124 125 126 127 128 129 130 131 132 133 134 135 136 137 138 139 140 141 142 143 144 145 146 147 148 149 150 151 152 153 154
160
4 122 11 134 35 10 137 160 72 138 106 151 111 46 38 118 99 28 105 92 139 16 140 114 42 113 23 144 19 150 97 12 2 32 34 133 126 24 50 77 76 31 9 58 90 145 154 132 55 119 155 141 82 149 104 27 128 36 79 63 147 75 112 81 89 108 25 85 117 43 5 1 74 88 40 44 62 101 103 69 65 86 110 78 29 93 39 68 18 116 120 158 70 59 87 142 96 56 51 95 3 109 30 129 84 115 121 146 61 136 135 41 127 14 131 17 124 143 100 54 60 26 98 94 33 83 7 64 123 22 8 157 21 91 153 159 45 13 66 37 156 73 48 148 71 107 125 20 15 53 67 130 80 47 102 57 52 6 49 152
29
18 17 16 15 14 13 12 11 10 9 8 7 6 5 4 3 2 1 29 28 27 26 25 24 23 22 21 20 19
64
10 52 6 59 35 46 21 62 38 22 37 44 50 19 4 64 51 8 11 25 41 18 33 40 39 15 32 34 29 56 26 53 12 49 57 9 28 14 58 7 5 30 1 36 60 48 63 42 23 13 27 47 3 20 43 45 24 17 61 2 55 54 16 31
56
19 20 21 22 23 24 25 26 27 28 29 30 31 32 33 34 35 36 37 38 39 40 41 42 43 44 45 46 47 48 49 50 51 52 53 54 55 56 1 2 3 4 5 6 7 8 9 10 11 12 13 14 15 16 17 18
199
44 49 35 134 89 15 50 185 199 138 164 143 176 119 172 10 122 48 118 74 76 13 182 170 91 179 155 135 2 188 32 115 82 124 57 60 196 166 22 114 65 197 169 175 110 186 26 127 140 187 168 6 24 39 147 75 42 194 174 125 28 8 152 105 148 107 144 96 178 103 153 102 158 66 46 137 54 183 29 126 184 189 141 104 40 17 67 81 9 98 41 108 95 130 37 151 116 157 83 86 94 85 16 20 84 45 145 163 34 160 5 180 51 23 190 101 90 123 47 177 131 79 146 73 92 27 88 87 3 100 12 31 106 72 80 129 156 162 111 58 133 191 64 68 93 70 59 55 97 159 139 128 99 112 150 167 69 132 154 149 109 7 198 171 121 193 136 63 113 43 61 1 117 30 53 62 11 56 165 77 19 38 173 192 21 71 25 18 52 120 161 14 4 36 142 181 33 78 195
18
1 2 3 4 5 6 7 8 9 10 11 12 13 14 15 16 17 18
73
36 44 58 16 57 6 19 33 55 11 64 38 2 31 71 63 20 51 22 13 14 65 27 26 37 46 43 73 61 39 72 4 42 34 69 28 54 12 24 49 40 5 10 15 7 17 60 30 1 23 68 3 56 9 32 66 18 53 70 35 25 47 50 52 45 48 29 21 8 41 67 62 59
168
75 74 73 72 71 70 69 68 67 66 65 64 63 62 61 60 59 58 57 56 55 54 53 52 51 50 49 48 47 46 45 44 43 42 41 40 39 38 37 36 35 34 33 32 31 30 29 28 27 26 25 24 23 22 21 20 19 18 17 16 15 14 13 12 11 10 9 8 7 6 5 4 3 2 1 168 167 166 165 164 163 162 161 160 159 158 157 156 155 154 153 152 151 150 149 148 147 146 145 144 143 142 141 140 139 138 137 136 135 134 133 132 131 130 129 128 127 126 125 124 123 122 121 120 119 118 117 116 115 114 113 112 111 110 109 108 107 106 105 104 103 102 101 100 99 98 97 96 95 94 93 92 91 90 89 88 87 86 85 84 83 82 81 80 79 78 77 76
68
19 20 21 22 23 24 25 26 27 28 29 30 31 32 33 34 35 36 37 38 39 40 41 42 43 44 45 46 47 48 49 50 51 52 53 54 55 56 57 58 59 60 61 62 63 64 65 66 67 68 1 2 3 4 5 6 7 8 9 10 11 12 13 14 15 16 17 18
110
53 54 55 56 57 58 59 60 61 62 63 64 65 66 67 68 69 70 71 72 73 74 75 76 77 78 79 80 81 82 83 84 85 86 87 88 89 90 91 92 93 94 95 96 97 98 99 100 101 102 103 104 105 106 107 108 109 110 1 2 3 4 5 6 7 8 9 10 11 12 13 14 15 16 17 18 19 20 21 22 23 24 25 26 27 28 29 30 31 32 33 34 35 36 37 38 39 40 41 42 43 44 45 46 47 48 49 50 51 52
64
55 56 57 58 59 60 61 62 63 64 1 2 3 4 5 6 7 8 9 10 11 12 13 14 15 16 17 18 19 20 21 22 23 24 25 26 27 28 29 30 31 32 33 34 35 36 37 38 39 40 41 42 43 44 45 46 47 48 49 50 51 52 53 54
45
33 32 31 30 29 28 27 26 25 24 23 22 21 20 19 18 17 16 15 14 13 12 11 10 9 8 7 6 5 4 3 2 1 45 44 43 42 41 40 39 38 37 36 35 34
190
25 163 137 101 61 185 89 187 124 90 21 146 86 165 78 144 159 37 102 72 27 107 22 68 19 76 79 50 45 173 10 48 160 190 39 30 119 6 82 70 162 83 178 65 40 81 108 147 32 172 141 189 88 55 92 95 133 97 118 17 67 168 152 35 87 71 93 26 18 161 138 120 151 128 143 156 63 41 49 43 126 112 56 182 66 183 132 149 188 33 57 91 3 15 176 12 62 169 105 47 73 2 96 23 115 29 139 113 51 20 69 129 4 98 110 131 104 142 74 99 123 117 84 109 64 77 114 157 140 31 1 150 175 7 36 24 75 34 28 155 127 11 135 136 52 100 60 5 166 167 46 42 171 14 184 53 106 180 179 80 38 13 44 111 134 103 122 94 153 16 181 148 177 170 186 125 116 158 85 8 58 164 154 9 54 145 121 130 174 59
43
21 22 23 24 25 26 27 28 29 30 31 32 33 34 35 36 37 38 39 40 41 42 43 1 2 3 4 5 6 7 8 9 10 11 12 13 14 15 16 17 18 19 20
58
2 36 53 26 56 18 41 44 48 23 1 14 35 30 10 17 50 49 47 4 5 54 38 12 31 13 8 16 19 21 51 3 6 20 52 45 57 27 37 33 28 7 40 25 22 15 42 43 46 32 9 58 39 11 24 34 55 29
69
51 5 44 3 53 17 67 21 8 45 49 23 27 59 26 65 54 31 30 62 61 20 4 35 14 2 12 22 48 25 56 40 41 13 52 60 37 18 15 34 10 57 63 28 16 33 11 38 9 32 69 29 43 55 50 7 46 47 6 58 39 1 19 68 66 36 64 24 42
92
39 13 20 52 63 78 23 46 90 38 40 64 83 81 45 65 27 70 53 68 6 7 43 26 73 82 12 58 5 85 56 24 35 17 61 1 74 51 72 30 31 21 49 60 84 4 42 32 16 9 34 54 67 28 18 36 57 14 37 47 92 10 15 55 87 66 11 19 8 25 48 33 69 44 3 91 41 59 2 76 80 86 50 29 22 89 88 62 79 75 77 71
133
97 96 95 94 93 92 91 90 89 88 87 86 85 84 83 82 81 80 79 78 77 76 75 74 73 72 71 70 69 68 67 66 65 64 63 62 61 60 59 58 57 56 55 54 53 52 51 50 49 48 47 46 45 44 43 42 41 40 39 38 37 36 35 34 33 32 31 30 29 28 27 26 25 24 23 22 21 20 19 18 17 16 15 14 13 12 11 10 9 8 7 6 5 4 3 2 1 133 132 131 130 129 128 127 126 125 124 123 122 121 120 119 118 117 116 115 114 113 112 111 110 109 108 107 106 105 104 103 102 101 100 99 98
6
3 2 1 6 5 4
148
128 82 78 111 103 63 32 25 124 80 117 139 19 72 37 95 21 46 140 119 16 144 18 107 31 76 141 27 28 15 26 70 91 108 120 67 81 38 6 79 33 24 134 148 4 62 58 51 83 23 146 11 9 106 133 7 13 96 44 41 53 135 129 14 66 35 113 56 39 5 17 54 71 115 49 74 118 68 130 93 42 102 112 55 116 99 136 137 22 34 64 100 147 90 131 40 8 142 69 61 12 2 104 3 145 105 60 48 132 75 77 1 114 127 126 125 143 10 65 110 47 87 52 97 85 84 109 20 73 86 43 122 88 89 98 30 59 29 123 138 121 94 101 50 57 45 92 36
56
16 17 18 19 20 21 22 23 24 25 26 27 28 29 30 31 32 33 34 35 36 37 38 39 40 41 42 43 44 45 46 47 48 49 50 51 52 53 54 55 56 1 2 3 4 5 6 7 8 9 10 11 12 13 14 15
48
42 8 32 43 46 41 3 7 34 12 21 20 31 19 35 45 28 38 11 10 17 6 15 22 44 48 26 2 25 5 29 13 27 18 39 40 47 16 1 30 24 36 23 37 14 33 9 4
153
131 136 38 39 105 37 35 144 84 102 51 125 152 4 57 3 79 97 126 99 104 85 29 103 121 151 55 2 6 67 41 32 19 70 71 73 93 101 77 133 148 116 21 139 34 28 153 40 108 63 1 30 124 24 122 132 140 107 141 82 109 50 128 142 138 59 95 7 76 98 8 81 58 52 31 127 54 27 18 113 89 120 115 15 134 94 83 106 80 53 17 130 145 111 91 117 46 56 61 62 22 65 78 20 149 47 147 9 123 146 96 86 88 12 5 92 114 118 66 23 75 129 90 14 48 110 72 49 87 44 42 100 43 112 119 135 11 137 26 13 143 36 64 16 25 10 68 60 74 45 69 150 33
194
163 162 161 160 159 158 157 156 155 154 153 152 151 150 149 148 147 146 145 144 143 142 141 140 139 138 137 136 135 134 133 132 131 130 129 128 127 126 125 124 123 122 121 120 119 118 117 116 115 114 113 112 111 110 109 108 107 106 105 104 103 102 101 100 99 98 97 96 95 94 93 92 91 90 89 88 87 86 85 84 83 82 81 80 79 78 77 76 75 74 73 72 71 70 69 68 67 66 65 64 63 62 61 60 59 58 57 56 55 54 53 52 51 50 49 48 47 46 45 44 43 42 41 40 39 38 37 36 35 34 33 32 31 30 29 28 27 26 25 24 23 22 21 20 19 18 17 16 15 14 13 12 11 10 9 8 7 6 5 4 3 2 1 194 193 192 191 190 189 188 187 186 185 184 183 182 181 180 179 178 177 176 175 174 173 172 171 170 169 168 167 166 165 164
198
83 117 69 44 39 158 76 74 111 155 14 172 77 142 28 2 106 148 56 24 191 189 62 193 190 127 12 104 166 146 100 80 150 41 70 84 18 38 13 126 11 85 19 37 169 97 159 178 15 132 27 185 66 88 71 128 52 67 43 182 122 49 78 33 118 63 171 30 92 9 107 124 101 98 195 22 51 183 48 154 112 23 119 32 42 114 138 75 152 153 176 102 135 167 73 54 31 59 25 121 29 139 144 79 181 99 60 157 1 168 81 131 133 116 143 179 82 194 34 65 87 108 177 163 50 162 64 5 156 6 72 192 125 8 36 184 170 20 86 4 94 130 140 164 47 197 45 113 35 188 68 180 174 110 53 151 93 89 160 40 165 57 10 16 141 91 103 17 90 7 96 173 123 46 105 147 149 55 115 186 129 120 187 26 95 3 137 109 58 198 196 136 21 134 161 145 175 61
72
34 4 19 49 25 13 43 67 1 59 21 33 32 18 29 26 3 7 8 24 2 62 60 64 42 48 14 22 30 72 10 16 61 58 20 66 17 37 38 51 47 69 55 56 40 6 27 45 46 36 65 5 23 70 68 28 35 9 50 57 54 31 52 44 63 71 39 41 12 53 15 11
155
47 16 12 62 3 69 142 18 67 128 151 119 143 118 77 59 95 80 152 44 107 25 56 55 146 38 102 51 106 23 131 148 13 34 73 61 93 111 50 68 81 21 130 155 103 42 84 83 43 137 87 32 123 122 79 132 71 105 66 22 139 63 64 10 31 98 40 127 97 15 113 150 60 110 124 9 140 49 58 75 86 28 117 24 46 108 147 36 100 126 74 92 41 89 144 154 145 2 37 4 101 96 78 57 76 116 53 104 112 90 48 5 45 125 138 136 39 6 133 99 1 30 7 88 85 35 114 26 135 129 141 109 11 153 8 29 120 54 94 33 82 19 91 70 14 65 115 121 52 72 27 134 17 20 149
65
47 48 49 50 51 52 53 54 55 56 57 58 59 60 61 62 63 64 65 1 2 3 4 5 6 7 8 9 10 11 12 13 14 15 16 17 18 19 20 21 22 23 24 25 26 27 28 29 30 31 32 33 34 35 36 37 38 39 40 41 42 43 44 45 46
72
62 30 4 10 28 60 36 48 12 33 70 53 52 44 56 71 46 37 49 22 47 59 2 16 63 58 29 3 18 13 65 31 34 68 35 39 45 64 14 23 11 61 66 6 8 19 50 54 21 55 15 7 43 17 38 57 72 41 40 9 1 25 26 20 42 32 51 67 5 69 27 24
38
9 10 11 12 13 14 15 16 17 18 19 20 21 22 23 24 25 26 27 28 29 30 31 32 33 34 35 36 37 38 1 2 3 4 5 6 7 8
106
35 36 37 38 39 40 41 42 43 44 45 46 47 48 49 50 51 52 53 54 55 56 57 58 59 60 61 62 63 64 65 66 67 68 69 70 71 72 73 74 75 76 77 78 79 80 81 82 83 84 85 86 87 88 89 90 91 92 93 94 95 96 97 98 99 100 101 102 103 104 105 106 1 2 3 4 5 6 7 8 9 10 11 12 13 14 15 16 17 18 19 20 21 22 23 24 25 26 27 28 29 30 31 32 33 34
64
61 12 21 23 15 29 1 35 56 2 25 44 38 53 26 22 6 39 17 43 4 10 14 47 3 49 36 34 42 40 11 28 9 60 37 41 30 13 24 62 64 46 48 5 33 7 58 16 19 55 8 52 27 54 57 45 32 31 63 20 18 59 50 51
153
112 105 143 25 29 47 149 54 135 58 144 86 150 108 96 27 53 114 100 15 151 74 45 102 99 66 85 84 60 6 8 98 56 116 61 26 113 94 89 65 69 18 52 131 14 13 9 129 148 39 92 119 63 110 115 3 1 82 17 130 32 33 153 132 91 101 109 23 126 73 127 11 107 139 88 37 34 16 19 71 117 95 43 7 64 152 42 36 40 125 87 67 79 138 57 142 24 83 76 104 120 41 30 51 97 21 49 50 118 136 5 22 70 48 55 10 133 123 134 2 111 62 28 4 121 90 35 93 128 145 44 38 140 20 46 75 12 31 80 122 81 147 124 106 146 72 59 68 137 103 77 141 78
32
18 19 20 21 22 23 24 25 26 27 28 29 30 31 32 1 2 3 4 5 6 7 8 9 10 11 12 13 14 15 16 17
104
79 80 81 82 83 84 85 86 87 88 89 90 91 92 93 94 95 96 97 98 99 100 101 102 103 104 1 2 3 4 5 6 7 8 9 10 11 12 13 14 15 16 17 18 19 20 21 22 23 24 25 26 27 28 29 30 31 32 33 34 35 36 37 38 39 40 41 42 43 44 45 46 47 48 49 50 51 52 53 54 55 56 57 58 59 60 61 62 63 64 65 66 67 68 69 70 71 72 73 74 75 76 77 78
63
20 1 44 23 57 52 54 18 36 9 2 56 12 34 30 21 32 15 51 48 53 22 33 25 46 63 28 49 58 10 8 60 13 41 50 42 4 6 38 24 3 29 62 35 19 40 61 59 27 14 39 11 26 43 37 17 45 16 5 47 31 7 55
166
160 7 103 161 102 130 18 152 150 111 162 82 89 20 9 157 54 47 120 74 2 121 19 32 52 4 13 116 56 159 23 24 12 48 124 128 44 28 153 115 61 75 86 65 114 71 142 30 90 63 10 15 112 126 58 66 97 127 147 164 16 139 155 33 95 69 88 40 76 85 106 144 109 38 49 105 141 96 51 68 94 151 108 45 101 125 43 110 131 26 42 140 14 31 113 60 100 5 73 46 80 87 91 17 84 41 99 146 72 122 39 143 50 37 53 107 22 59 11 35 135 34 118 92 6 67 149 163 25 104 93 79 98 78 129 1 21 27 158 132 156 55 81 165 148 137 166 83 29 64 62 134 117 77 57 70 123 138 8 145 119 133 36 154 136 3
159
129 130 131 132 133 134 135 136 137 138 139 140 141 142 143 144 145 146 147 148 149 150 151 152 153 154 155 156 157 158 159 1 2 3 4 5 6 7 8 9 10 11 12 13 14 15 16 17 18 19 20 21 22 23 24 25 26 27 28 29 30 31 32 33 34 35 36 37 38 39 40 41 42 43 44 45 46 47 48 49 50 51 52 53 54 55 56 57 58 59 60 61 62 63 64 65 66 67 68 69 70 71 72 73 74 75 76 77 78 79 80 81 82 83 84 85 86 87 88 89 90 91 92 93 94 95 96 97 98 99 100 101 102 103 104 105 106 107 108 109 110 111 112 113 114 115 116 117 118 119 120 121 122 123 124 125 126 127 128
163
26 27 28 29 30 31 32 33 34 35 36 37 38 39 40 41 42 43 44 45 46 47 48 49 50 51 52 53 54 55 56 57 58 59 60 61 62 63 64 65 66 67 68 69 70 71 72 73 74 75 76 77 78 79 80 81 82 83 84 85 86 87 88 89 90 91 92 93 94 95 96 97 98 99 100 101 102 103 104 105 106 107 108 109 110 111 112 113 114 115 116 117 118 119 120 121 122 123 124 125 126 127 128 129 130 131 132 133 134 135 136 137 138 139 140 141 142 143 144 145 146 147 148 149 150 151 152 153 154 155 156 157 158 159 160 161 162 163 1 2 3 4 5 6 7 8 9 10 11 12 13 14 15 16 17 18 19 20 21 22 23 24 25
156
132 133 134 135 136 137 138 139 140 141 142 143 144 145 146 147 148 149 150 151 152 153 154 155 156 1 2 3 4 5 6 7 8 9 10 11 12 13 14 15 16 17 18 19 20 21 22 23 24 25 26 27 28 29 30 31 32 33 34 35 36 37 38 39 40 41 42 43 44 45 46 47 48 49 50 51 52 53 54 55 56 57 58 59 60 61 62 63 64 65 66 67 68 69 70 71 72 73 74 75 76 77 78 79 80 81 82 83 84 85 86 87 88 89 90 91 92 93 94 95 96 97 98 99 100 101 102 103 104 105 106 107 108 109 110 111 112 113 114 115 116 117 118 119 120 121 122 123 124 125 126 127 128 129 130 131
2
1 2
