100
73
619921543 560899694 656389732 915167963 381478826 690463361 464010423 768694987 194262189 464120465 818341580 402260534 461766087 7377256 971236631 475107959 853748192 28041074 989965807 458247542 133596345 621960248 281595789 822069644 733921042 202855041 393086457 872491394 99602279 419496883 685675413 553642689 527544794 636175246 917911001 644748551 565365615 283610631 10239131 721136665 474819188 804450668 21505554 909899216 432028188 84792274 635249410 254026170 522855115 634945725 162951535 256927825 811800568 846401730 119182554 755580482 863984659 260925496 662269008 319403308 664065045 582732178 648985814 295204209 92174476 664075581 860517868 894522958 13703606 224087981 753787876 330344676 618486110
39
61686979 878744587 978526837 170708209 958929887 654570357 901966692 237423770 392546732 333758654 11008624 508926095 635120855 79966531 453481882 312033005 429775704 877732672 295938129 122619955 155124935 934794988 279680324 337830170 719815102 758495948 506390209 663154705 997355507 461148863 990504825 832313019 875609064 681787752 772093615 43486442 265395965 121718096 358531912
68
745856435 43233464 869992536 530160780 593076103 934063969 839147028 765440059 305514534 312563961 633474453 23357745 670441734 538234351 903781387 404344497 609655739 851294165 395103352 866287689 189778427 105251432 586572571 384968852 321039572 306011952 584032477 156717626 991828278 20217892 540924614 127937715 548681346 299357524 505849870 776883127 102729839 952587943 305720692 774963436 333225234 974565733 339467435 871241285 750900548 697622318 120647303 106423025 714850613 269478221 714978874 389558439 520829504 808545543 166107864 961697247 174272895 834622914 89712596 156406328 907592504 626047753 635112636 930363850 749640162 36698558 603695087 541384504
4
737603713 707439582 425488236 123926676
83
91827514 391244035 948667712 946516083 291586853 964271737 920852436 213656659 580243966 563566768 495890386 609811918 637764385 145287573 759218684 374937295 356981016 436188631 240008009 237233460 977709099 824033647 552001087 239347342 843529006 311864788 80877242 983123469 540059509 771165594 602709238 584492795 459519576 169331161 198101162 992298394 446371906 834374858 561418160 297267920 396374566 695029632 325267475 126268103 755533604 687400430 818380462 357601590 461523566 467746993 733085193 85690630 75211533 818443327 467765319 701679087 854784031 183809113 263439672 999877608 580371905 564148313 331871164 566546563 791893362 184751236 373663957 67346630 671702975 211710492 229872102 539977470 720134416 218780321 570450624 778744390 450591451 835794081 325772982 327737458 42178281 507458645 529902064
90
194356084 514203332 939946190 421718823 145183994 81998712 812828267 777928190 602056990 415491033 398855980 260159361 932235975 925320956 976430496 592362205 791027400 304657267 763515955 370241227 372003203 404057722 490128912 145029976 829817796 350672719 582385490 28810227 789901875 215548955 391325751 302726501 306082678 674466603 721170887 516197421 435996762 358100627 428864887 476515698 398862155 424496638 335910002 386059205 880196318 853908532 668812956 762992610 583898710 799590374 876935103 820377046 863435246 363147927 616290899 649590840 238866771 267864134 924126607 313698983 247423474 808872382 490969714 992908068 933095074 143619064 961703042 584627158 810067943 263429462 498065580 955893879 666751604 774070548 842199620 53975359 716936066 948008106 309493399 858457417 308829428 682314309 718693435 545137376 776175325 681797209 207705115 607535696 473039366 833139756
78
663136914 592690471 434585850 674343648 474747237 749355721 124552770 996567106 911095931 337966350 335895384 159745314 201990316 974794034 660942201 598375553 662082421 627983346 624669521 563447056 206098356 510175538 444944933 771318558 107573706 152051679 994338765 873403641 486860519 722667767 42708341 151221739 376207520 527325602 286054702 455133778 744266979 755733230 97798027 38931771 588978334 265606187 926404842 174622524 49421612 90727671 712769620 59486960 676214256 461317429 354226417 591510708 828959984 426937512 63322351 494990070 519415365 781369230 858641310 745872384 978620663 493372954 287197884 664623255 453207297 875143745 530528272 760441704 195479388 312725694 632174889 429380996 105909256 134436358 272968186 538873123 421387737 289615964
92
128104037 645887271 315964252 458105729 88618996 615573037 281938492 251874613 239958899 96954911 245435135 165764700 651496783 150115007 990110755 647749787 302159857 664895758 485907861 699155049 142776757 179305165 467627995 359089547 338219729 673587597 130969075 923299470 645998787 185943291 767911858 736095093 309114185 202549347 990983852 660195109 845905836 380398456 608646480 339148373 115505653 621131845 410578773 298022872 238843524 362296654 186751626 951166256 167838453 18867191 810048571 272158655 284123812 606402261 132636532 576184139 228799189 948931353 360253442 501437941 537583375 146267456 7618343 857290471 960462648 979012284 344720451 340546494 643854425 41479468 862041500 797709450 384913243 713181731 922360230 115052044 103537916 866669334 516702483 110276371 583236492 777399140 9799266 14705909 509549805 496393368 884607337 133638970 784151547 669711500 625286510 967628366
26
990067896 474631825 156327741 420378586 181343545 356388504 816881059 58121264 977968848 432902678 160854176 79925016 968629676 178471392 288030513 627344584 828795918 121793643 106155868 736725889 92007041 95644657 468054033 935533640 945099981 95065119
99
533057617 672415330 737181638 62570264 202628348 475174060 378444376 346836288 245134761 21987554 776508437 122814582 232008190 940862721 368439826 961462816 103017451 660765631 171075926 967294341 185240987 978651775 67194661 844051062 776848250 285798759 748374976 414616154 953931626 403346384 987151711 920526218 127923708 90681437 470059475 178783233 451415198 245456781 459146947 360597261 693204387 735139073 895936181 843754300 70321936 705044793 586606420 995218946 474346915 935710090 7338665 141934107 173573931 695250075 320717872 359345887 725497426 769281504 913300176 325139216 198312394 888290424 941049160 683129550 870049411 595640003 940201352 227132385 540662329 272149412 526935660 418306712 597979086 891593139 386017974 899082989 182190460 209768494 277832625 177922519 974174154 227277232 562661326 658393973 109507955 688233657 914169603 925254844 783389778 336233383 589352530 564562314 982661725 201757520 58738117 712833855 347830492 580401968 861063261
75
535064035 535608705 484762889 484646975 849456897 97562385 519168480 545967558 427934189 71811568 919101643 958348005 608714553 966253699 490206425 881410755 704387683 290209857 135441885 582865115 683539365 776016855 160178172 857141313 998926474 670850250 468583000 800152856 477114079 32122773 658593925 290061779 847798646 481703546 547246639 171334798 640910925 817933316 282302889 282379009 502684396 753252325 934339812 379153425 619729658 994944138 816173460 940450633 717834436 798807514 882860365 265644482 366532748 859298055 999864448 894121689 724847159 389061795 468797338 202674099 499588891 693955206 924023035 720367484 346721098 77900836 822396408 613673540 211097205 993290293 604937775 525670588 864132389 587061320 980078777
95
357303656 865026436 218815876 193563902 890976801 364487499 845726035 980655854 681803067 156719298 762555038 78794630 467474049 117664412 586193065 326870578 70856196 715982267 670769267 665028243 83005073 562745591 69105546 715579282 913072170 478263280 594327381 116492980 872650535 238417173 845630528 332256125 707381794 433834292 528213238 775904866 557592593 399843368 996709420 482852442 672698744 173697028 674224052 349880686 925488249 685266334 546840654 612291525 321070284 176832344 179854049 113521608 165656368 695679568 841795338 372169606 304129998 662766244 884993 131823028 561170542 942859114 622740465 618534453 212176237 462456556 384489231 770988648 468190181 207313888 679968458 338591507 454466119 47116320 86535788 623031996 387496593 683961144 834345749 681162645 209709527 338497324 305076800 999742428 551907135 325365453 335796561 466968722 231950673 188013667 876379309 729936386 408729824 66940689 479446640
23
397799606 842212188 377833949 47206559 782593566 17322799 356122805 469085224 716995158 155506619 52888694 58515667 147018653 700175482 144560016 655906287 912504829 955306743 935903336 773965425 680347122 864848984 634887727
83
366204764 546790905 225438844 678812213 630710097 420086876 542393527 956971552 835272541 399053053 778589411 901907573 214750198 620815688 530160999 566641913 564844144 613946138 236401072 634393437 26025061 556623286 906185393 105429596 565152292 884121697 252475603 239848736 310704090 114772047 679062476 859949474 14547464 359385056 365353130 932349051 864740957 306668745 279373743 657254338 991347661 888627117 958315414 95913519 312062314 990829338 119589560 864235296 590237719 856281651 726645176 906019870 545580884 895514338 116032416 510051001 82123566 852036500 511232328 68979766 201116607 187707455 896252616 559852743 749758517 210913356 214456992 157408784 939582173 362869246 916862554 964495551 132163255 39543974 78318193 36787820 876320728 113531069 272676261 251611519 439700631 163858202 657905156
44
91987195 415145297 686613732 553277530 386454469 682216276 378859646 765807862 439877976 628485960 818645343 80537665 5355616 176226023 8488728 891120168 151632455 600584354 970760250 25348732 347565705 490321271 849930426 705941338 606639996 243888562 268425876 596708094 281984605 323234211 825319288 375486913 569668915 282869286 661319260 311939601 613886540 407151452 861550707 65562515 330176374 991129622 622081640 878143527
31
271055099 585120277 118339589 355646478 59171246 315337067 698915794 977074995 814365188 48785796 287477435 98013350 176956102 141051458 202132829 11942954 265717014 48775179 600069477 538477987 963243772 2209479 370408567 279908806 193319143 910322216 602004580 866631213 765311213 667665348 914788314
19
60452804 553076568 910449699 878616312 394061301 798788852 894427890 297306448 625429957 931759237 900826663 775514830 967837050 417140001 135653029 850664265 264952188 455129657 149472572
24
310787195 710369992 59965538 466487541 393756612 837151085 643382934 379804497 889709161 233209643 939331365 820325220 848768577 482169219 94738942 674553611 67375274 354219660 279269503 307387036 19873547 295257301 770920660 166896209
98
335984736 631372136 15804407 259916977 770784418 854668282 264105939 193400161 745438394 170271871 474622604 153030038 544474285 619139320 82388507 613813998 363986706 478221940 34028510 42748492 897797235 219234907 101350665 259377592 331411024 716205794 714953176 419142035 488622437 391950598 406536745 657845395 337808373 212989032 302480546 907837216 389648727 619830096 511617451 175932600 333782655 683222367 477370783 765173438 130073679 624762478 692954477 736729660 551585597 835188238 165604927 929239208 183169100 30235171 431860427 431165357 75144310 448600206 10176574 390401188 886089326 11603080 441134191 141652226 650353448 121476500 525053328 158294748 158703261 264065333 544051492 911621699 146441937 790528848 228723457 511367368 112455612 749759151 969158987 759403340 508793320 236306059 3873674 97488923 176675992 480835652 73947665 796471744 248063351 266775047 805473503 803462200 9086921 311950450 615222993 906805263 895839496 529388984
90
496080482 225716338 120766090 815980438 995693461 227492966 358906025 735174803 341883769 745364392 960454199 711392685 432546571 662539598 261506424 721495164 46030444 295870601 47320478 248497211 599581182 773458492 961634931 41493018 756212455 357642553 479722053 981888133 98035573 877153177 967962362 433438498 65338278 498173346 565554133 517397989 617847263 382011747 82696950 360524431 717192886 141695400 680648316 429650604 954715987 159534683 231469639 632614481 838333215 899809848 399900893 654358777 30286550 395582653 990002155 885832176 744213138 463272493 450135480 757914101 410930710 723777379 903996445 200301627 601520107 106122548 149392451 964000009 408157601 670246903 508659392 402204134 503746612 638774152 772818145 37333126 864509474 729060445 759345384 263792726 815413911 523467903 31399872 914656764 578882836 750578017 274714112 689327636 459669487 743433410
34
254459769 266183882 9155092 91500089 430515583 749047593 217836882 359793699 465298966 95188486 209885649 50209753 303287489 33004884 93242947 55164507 136816166 268876126 982127695 127140377 175046782 459332961 333513279 799841054 797654963 397752184 456825056 919860826 638093313 445632812 141601477 416339719 659886906 765956287
89
169811585 691320075 544695523 134892570 732779479 516336269 254147845 182720754 693703182 117299789 403305104 247291188 863235880 794793241 515607803 255441443 117804138 411587382 756979332 699603312 93230573 437849400 26014211 724121865 788254231 212558480 993136538 937099865 19304087 983569986 913032754 400431293 105062667 739123252 77170177 243729888 743787213 498025840 737037385 641537752 835606311 890182891 591185631 646863327 467378746 432612273 343483472 54380347 300336986 942977015 30218940 225012329 885810945 737425021 530127924 899176968 26406837 884600355 655044328 858829283 209065724 615035493 460548671 28299867 754708616 647538972 500116964 522416727 997862299 353108834 394343269 112076331 170596074 451575979 97280904 178075556 150647012 728216470 203843553 833596981 689762429 582386918 76351001 740959734 929055231 941749135 569469204 56337233 41689130
76
507403441 395035533 780656052 388296352 693823600 246092171 992706632 233678573 704748417 3293629 964632601 999199762 293355404 828951022 674406662 959615641 163241096 335128279 918508110 620755759 467425668 42046306 642093175 562389774 137625580 435211229 953510717 998456744 847718373 549902207 343908926 466655769 486879533 271905281 327796447 90404111 766818392 57027194 568133044 985582944 505304009 258546258 765190536 34599586 199504884 775770027 866289383 651472422 10276210 946135245 808855399 142065253 532365282 884666721 233761487 422704638 335677909 878104960 543047748 191059712 372646573 983600307 875775549 287672744 849887625 454482226 845233677 22191257 906425204 908937092 28497575 997395415 743550411 436431868 208007344 19285017
46
564144357 527151966 239211062 354454783 581731072 479534606 872280314 138168020 742603679 827193401 447631024 988681768 890721262 513931617 317866604 83311993 398717673 194370772 169580710 479374832 43881279 60411673 639364757 316103934 196572629 666746860 614644230 994409743 570391507 931795730 637729380 395863077 152801154 116081647 827585603 461347064 656558249 58221496 187413208 468175670 936275361 45782183 308173037 450431205 75856301 751807075
17
602809689 121711367 831143074 503726035 573282974 212106301 784483065 51695626 191355410 855255074 559607970 439941000 70178742 130469182 7082909 650724247 409880908
77
680431012 814057776 529245847 911064459 793050096 250640325 332782334 831610673 807441045 66541848 777184583 200080516 819332966 125989774 7128476 11630737 66655430 278960533 928511183 537973415 408057276 610543086 550492776 647052999 686715462 806444460 16381068 989622657 605813022 590323287 881570906 516801784 878750475 849433575 943386876 247884479 798850690 373172001 989468868 913676267 649431079 8943643 845781048 464595955 325048310 660152271 759582174 881970123 44232662 747450707 789512000 255870272 596961562 265178480 352438338 487876274 327135635 406639127 97167731 528355628 416105287 452130859 837239264 202908223 709080206 321306009 994833305 328900931 810378833 192795904 799475321 520342658 607598964 460525609 591837869 930680852 460578394
67
278649203 939960128 4362140 484007126 672469607 238739064 645513390 288097737 353189984 157137240 69631991 824848744 776793517 275259897 697745640 539434127 765557372 726885042 15666378 195886526 300838908 704415332 87801199 188639467 776752022 493193043 696646320 655564270 261393086 233704662 748692480 279892799 429956612 71224369 364047111 815565717 646770226 888034602 792931440 358239914 603531094 206503285 918685763 940394241 6381016 873471591 946748857 22703833 437549897 932220444 981833079 65092827 281872340 482318096 422979668 2182412 571109844 816740112 62789133 576067890 132633414 875960426 538845393 537876997 777325203 586268326 818586340
27
304292164 653119925 824080903 619444186 455582292 112079147 820906202 906703456 763405274 597290238 954022075 704774162 30287473 737272378 80915348 568750914 323953350 485759815 685278150 614501744 952969636 821946190 113211812 875189060 682250320 977019821 434203368
90
889627692 695135512 29127171 157286529 452285225 950004799 696417847 304142719 852934648 187257839 75047820 275313458 56315944 91510545 866276937 912375386 217321656 775022263 583876681 203722427 359493254 985790373 998272722 401264455 406638584 108002235 719499644 3869889 752560552 629536721 174743717 762652486 43067297 5380661 86276747 40795480 44382563 561209373 779913291 646283794 831206898 58862865 551038134 728139826 241824731 595192886 128563179 195309822 138522806 170613609 705968036 542628766 479677006 697583497 846834617 991369284 901017720 837196825 78348475 67739381 824336277 455614665 824229748 668917003 377286673 918362654 298900224 639703385 914705512 75679055 719323952 95449368 370639323 207425659 773152753 35968310 952870504 641385999 521616292 176225911 628755417 73525474 56224503 782602756 336232890 147538676 818183218 695206250 853579235 385955937
67
525837776 256010597 673590369 462422967 205290684 822138701 266147129 118416397 954342289 38126402 116247980 874487068 301852535 401332954 794884239 497748821 936093842 74894282 910268650 939837993 146103 670893021 955924729 126063479 762389578 705240557 598094834 45937875 873332866 98390337 812073879 433539355 661619262 415599933 943629960 459811765 651715938 339789371 428093785 567891272 202591586 126875979 735377004 477123431 731173032 842749358 977793667 124604002 184592504 50532049 970361250 477403518 267865345 278179757 809752068 59811301 142860329 743789856 601101919 311163408 426946998 791636261 918205777 406345536 363138169 200708472 123870237
60
728302190 301616238 127639217 990437239 918550807 976405431 607300087 263268020 696339286 45770189 191560258 483901879 99599617 377851635 99063627 534733716 8088101 92968284 459011602 339016368 56989662 673470755 39253233 687291280 780972839 284397157 549386053 181968992 86633591 617184792 329690889 111270713 601093512 426221631 946675480 578432605 451617900 987854783 28781273 911760135 659654612 259359649 449649222 101653834 297157144 492906918 926107970 277044174 252621606 862578223 147831996 97702002 279476637 345384134 306397533 919631167 908375326 190148477 723336999 494910912
41
169258386 191099659 288026402 853849614 929148330 687307501 885989147 815651924 426206588 129192392 746347643 642691481 705824503 945150196 671541625 768602142 514522517 584163637 888085659 946059159 776475805 862384090 338910335 274951509 241874912 385520514 250973517 44007938 797851544 175426710 574010945 146788381 422955290 269560654 479259200 346215133 864726352 488394053 408998821 933577171 58357751
46
304432632 317334431 856515398 909363889 382877422 614156319 808453471 97999405 645398957 985264971 822712133 964488801 209458530 918537545 162484754 497207412 538802199 944922949 346448463 184007308 308587110 855173500 600282361 525560854 998962114 339544526 397771968 57099370 355505303 669823564 496422827 376568869 464592262 298798137 110756082 676384645 556681588 615447815 373105323 466884430 575877816 996766171 484385749 454018670 345905642 324764121
96
807842323 850974346 749785964 997328959 423054539 524431774 476110122 284539524 566851453 135074334 367253383 624111064 401898334 732022709 704154462 59675069 573690212 14473315 523521293 991009021 86707084 147107985 942640159 561472428 179813567 998234708 542700474 128399015 784704997 834544244 12442195 694136665 666332116 826050847 978292874 18244453 132488197 759038427 727803027 695097576 221105410 967114556 655147357 788326982 590860982 994678042 16700714 326628727 223393492 23839686 307781979 602760058 838250840 274082210 852695789 947734537 67632222 516457335 520837771 404839333 569890516 947594107 33717262 481562941 923239653 688196637 988258106 771453689 875376251 512664894 304915741 914764328 621755041 1437894 433883350 230770930 312198279 898528459 412526227 148236390 733781650 465402542 149609604 151696663 185079017 132330767 851307598 877589325 39940975 388804554 664830342 72050695 112868983 31581742 78592257 857448360
53
968772580 317133585 117972198 871603409 65102266 819428362 598608662 399205684 242646576 653684106 424673855 149576212 805001240 601873976 728227742 890688174 867637296 346804762 589387911 616671192 92710689 49728948 207228844 317778709 140978113 319910087 370658486 895845243 646513626 872347308 876137572 481777748 882962970 636767092 785759896 355673567 690976015 852199879 514962872 200701288 155996220 829478332 102115570 452389520 246390944 813006610 94204463 786185532 667011299 430565806 206980499 276887142 839931677
3
884449326 285953350 251992665
46
51129450 269171510 967699353 956876882 451083464 796142768 677426309 642597740 185751396 76667723 14432634 117314854 166587828 933981924 410928621 775752742 864483670 979269235 891973742 616086332 30229399 281702679 837482895 898720414 782952972 37785600 454673856 982919424 919698073 413031249 938502148 764800780 847937692 210700234 253145848 961362782 932749127 206543818 822712050 42224172 512496989 38872812 83947254 375425049 410550216 797502497
91
468645188 604766429 682997640 891449556 484308672 184131248 482050688 292516827 225772410 748819265 154284993 581186576 175506619 580595383 692495806 104926026 660083535 436109551 339920726 955664838 240452303 860835297 453773236 252887433 475379625 730008050 862965242 545284777 793029347 981530728 421032327 931674465 707203436 776758596 82673761 534760361 340161450 952468018 534626476 732979391 742512053 184833898 613910261 368799872 495048056 614269886 703073577 401396411 471556780 823624959 454813862 89773124 410522907 763196247 252302601 384244276 329952918 543533584 600758826 966487507 826114633 269032984 297735394 98203356 95073921 781404759 122735371 963986877 648556721 318613514 963752891 207400137 934060242 140259260 597321473 570121977 676418534 495820182 303511255 692620310 44495937 937089625 974572379 963806713 875315808 93066489 139836597 858818821 555363509 133313820 711054773
79
485183411 120376461 30657950 551616543 184020879 18512881 903239460 23048848 224985247 890041750 713498445 215310034 91729812 123414508 248647649 286078498 627764184 435171588 344932981 893151282 362107885 955221236 443748102 894868920 427679403 991632704 910476095 366942057 842619579 589860654 384511348 673656407 189083873 361919832 810026475 169373388 558736143 644387579 8726486 202631689 807438978 752578308 378727086 878229167 775583243 28260713 255827172 784798586 691385688 675134002 80516296 130483696 880780711 184480279 469329558 541140826 513965284 439986105 296475616 324182990 40074967 954287442 84806216 754347457 36581650 889247016 347576366 225748976 621130915 601165755 66056615 140586904 712678582 826645010 828057750 664187922 759501224 700188055 627069939
43
60845140 553679077 373580787 487521021 432397189 311520340 237530788 910320530 126034846 145152166 847669583 340510197 694631552 515443875 6980212 45199005 547628482 214329898 74381476 915739424 642544443 120030546 598674377 92758330 487028087 44538440 213659516 417465883 711161796 97468960 120139087 424472535 829137653 476754098 285995597 887975024 602459827 818439066 157279126 255443503 992617075 989624143 639050668
13
369644537 243721349 148220514 110738179 145935197 234853044 660054535 232408591 372029954 178995086 979704707 945471006 952191403
19
682899415 250803860 675978910 913277355 605058151 909841976 97982373 536521274 778585125 478688758 958427436 100996094 119573524 772893015 798995744 888137688 987414902 937463297 190745659
2
323346656 676983998
71
240059704 81780322 113642231 893899691 693735261 275674012 792674453 779170187 519075863 594177344 920626850 808496979 646106155 517177717 253735718 700472079 765474337 396708953 874050264 482081628 602369250 10948594 923994605 698799603 968975627 914388890 77447946 492495596 399150351 156708135 30641096 585367086 266579733 61245 740480205 788114932 681804148 395473916 454518274 836459116 953648119 678115725 456387917 213792414 848017101 754526005 513039218 383944657 451068270 872865470 899110217 603464967 57936052 101669406 764874403 905765428 4623521 738845412 408441454 39316059 599203252 132319615 922584165 341115857 234036956 691514282 622053982 706049942 558910525 947403929 670740810
91
178020279 629772333 492705486 718010271 112671030 510700994 736240396 869575014 798607201 928008579 516639702 454224216 636840115 818832570 271116460 495582178 958891511 792388641 951167508 421969331 315796970 542821873 599573800 885265985 730525585 419205481 331270026 836157217 884023513 316108160 832163167 369095948 667274861 240437312 598946734 260736821 43472757 347367023 818994208 263652979 99162089 127034393 903524454 250476038 813066884 730460978 832207704 901693458 735123663 114082826 937448037 944738194 754105987 919003461 300821471 755996636 805949386 650986244 575354900 305058051 292247215 816743386 148744638 915847536 481634311 633367486 302067213 110413031 840311712 35982424 638334952 360658777 352520963 535858455 798239320 446542359 519706638 888672177 620887356 913689218 114913847 815293002 687230988 318673981 841420721 8119175 756533858 75936654 847594730 981608208 437655409
39
955317892 554560773 602141901 636130197 223082558 730817646 923253633 125740487 607087859 831766104 609907188 361117425 902718901 679666706 822927050 279147947 116750346 126533374 193795290 164559904 739887557 473781872 227383787 256298749 609190370 135728933 285225897 380724266 703180332 437536346 334045424 87338562 250440531 356545881 824419915 137999100 808223989 964448569 545365844
81
641796683 884664010 45698164 777854796 995708612 196104508 725137055 93361988 110291485 889557979 632171285 47644561 93118497 696948818 240623191 894176862 81814554 930812742 514041416 703236926 467848948 147404120 640208607 516225201 902864669 67689611 128844295 351377777 363134611 287777361 840773696 357765786 813196883 55026895 263974551 777636127 53512803 249932989 80778561 752258742 425622419 786299681 924749677 454070335 99701462 435926220 557003009 299928581 36086920 166472104 971757031 397617401 515377812 109770103 632388100 761169171 893840899 793728919 59376885 137446733 187461565 453089486 617618685 840912943 109776384 702783278 824499267 88003113 840446746 635861969 57012527 290988644 508517447 445402539 130684640 915926351 814978296 588547618 676961897 825139354 905486453
94
812947983 884071709 148417093 14192920 67221027 4204230 437203153 961327899 515038078 550083702 501313117 691641924 352283447 799511129 247728816 539657965 305994611 625855003 898851578 749296741 23374878 428003572 715427439 446911626 708778230 585240123 803288629 977253287 498632596 851914920 773876666 637673825 546204275 120173662 312478668 187343156 618308285 432092933 882838324 626935976 146853316 853057959 52823946 179459151 387122366 278428032 976305086 659610001 6746856 899272591 820797724 676768790 352244850 296595442 64421847 475581107 145579217 703538171 61504495 796274048 681084084 51501405 186845715 623437777 557123916 843670177 316622310 849297281 621467786 936324526 192846144 535308551 407008802 55253295 791713264 186819437 357035698 67717172 609348762 659351091 146723043 422698677 134022176 881660681 901699059 749194769 593009474 682313884 404660594 555389455 55420530 396665354 321514257 580590597
33
994343161 857190763 321234239 970265916 751875684 54077665 103652550 367082805 942069686 618672279 991056618 289484224 804380470 327534716 282075973 841668121 29883354 953020487 16444840 497390286 418692785 224685125 787423364 43326670 956041122 906261046 464486119 396205463 742854969 364523497 147563210 958350502 530928306
53
908523855 117904873 170386767 222782087 56744218 984740857 670673377 291050771 335852992 592534767 783914310 177112520 794864929 581033747 35182637 830389600 73564586 16938897 202278409 511364170 428046191 963079539 347533900 140327185 841856255 381508361 188439776 156553542 238941896 65512535 670767162 89943455 753867842 946060060 176023792 789263859 751627610 795086710 692580365 415884864 747738691 37982940 88906899 557219163 323766170 605530389 648985067 675789386 88634997 528946732 680855384 589763088 390080879
45
496298607 102312749 375992823 102105611 215580494 326687139 349349654 528053159 323403662 931209541 524176707 566669557 905381712 86441843 525144619 413320083 87709686 929337533 784473793 21849246 604980334 633164333 107733476 731842664 302431346 466085091 751821231 811351410 737442781 491314990 14526549 471246389 285468249 808549528 948132435 538402163 430337407 280437592 356027000 240054624 431713949 178657669 678789758 566718907 186019783
75
222997915 371039088 177450748 991002157 907283324 182183897 328451627 894141486 812185757 130979569 74541592 805886338 377647743 407079218 769420821 445017497 436924768 910470481 157512828 189930477 21116600 857317634 171437341 62868259 910166364 160264055 174020415 931711874 752573563 898988721 216738187 242258405 285575534 188338193 480785990 81683281 442632111 525261207 654642659 851332824 552025751 732353197 273097553 189869148 125883436 830803602 452535057 696297559 135610903 239614851 951485084 139623831 239161298 805130728 473055578 871304296 804868707 313538827 43277131 852446539 460089763 475013227 978945212 105592220 410354903 441541637 719549709 319598072 580950163 125182135 960694781 995911017 738382094 827676230 624638445
45
495530477 740424309 274146455 510777871 23231287 61972658 190711061 508112873 886647123 641794936 871335503 651518948 227604000 494946736 917818948 400468500 972807063 175643740 528543812 612273165 456800926 856974389 894248738 830259336 115956045 787907324 249267872 465077571 195682007 838055927 874892802 886222448 165469564 806073058 911776922 487598405 17485696 481386066 974025929 549637094 501878673 45957861 155110551 395338087 420448747
22
824603752 699790680 29729719 215547324 336977113 187955837 114879708 976607621 297399625 986467118 499925909 560352648 283838250 289265980 512931195 634059980 17153521 72379335 296059428 168039868 218066739 267159294
44
979858730 623623619 942921598 780859502 708316069 672392877 855038678 227956066 976823013 327249629 296101830 231294352 545768331 715260251 52182424 647126806 611224855 933548501 723370814 539661242 293502977 48768777 42526232 842899753 944359882 450805391 623653076 226226508 688639671 282184050 599547960 269119801 495390950 190953609 501929152 366609015 744567630 134961292 675685148 160121594 801411320 941541269 212679452 295910343
49
414791982 559102609 633770668 887435673 531506491 773717015 228481823 118553818 63929687 806970416 450609686 61155224 707796652 488572886 302744996 179846019 446083950 225353049 19593688 333683176 827282125 630642096 197226723 539241277 432452705 50394451 240228641 75297681 703690495 31587159 154505784 494094641 150337195 913319938 119585215 414996771 183721964 552412703 246923890 52621465 894892047 559490642 105671126 571432527 21532683 31078603 505833965 508317287 83680947
8
430642350 239272443 545194503 261212403 483211997 573806315 190096198 501325153
41
63587775 23925555 87755075 563588849 460663971 948854177 596260205 786760736 306351939 28550780 291767886 315217174 61733460 439245254 50157863 395859019 800644717 113836143 368433765 50003923 127138756 196097556 270689120 128267306 608291300 432704011 233745235 272869176 283810740 587149267 220327311 270092443 625419445 315180753 315312486 567951390 598066984 313709462 332549403 649097531 882567146
27
460014181 878710409 667604484 546251020 862570131 281960757 537229453 195781825 279514601 304925650 382875841 66066613 678343694 549771251 776418427 527712734 483964821 79395054 207542469 870557106 101585517 247554389 508076411 385423498 278654604 389001568 211206785
48
533393648 68223524 848119877 662742398 263625804 190994854 648776105 424211976 714906853 925873845 944213672 303782498 297329098 334605270 699707607 425098558 818609386 818684650 144122406 380657502 791221529 410026869 782361979 277860805 94972250 354021456 780139273 669605301 910078714 797666438 54643858 294165554 778862285 316983687 796277857 388419755 525761864 229610866 178902816 642790690 969435482 808473863 916019897 7545725 329735498 721657394 52580204 395411006
41
480824348 991098329 3886303 972919863 773026653 995834136 277766754 113334013 211008091 627506013 456024297 28787127 848993884 287133891 477221086 281468610 317907670 932868208 587196141 676837305 526543147 109753635 152182767 445559733 748664679 766963173 677326915 597620534 220450724 340162633 349913732 753596649 568386775 74960752 142306088 839592090 391621573 646174708 453175852 790272249 854782772
62
106452857 515646671 815557874 793562427 351418501 664954920 611681905 61072519 191440520 3034460 751640753 439461391 849995095 537961585 158654863 681864970 665751286 866731988 65144316 341558163 830539027 319098444 734985385 220866946 919178468 445304606 617006695 963357696 262896892 78476384 748415975 463847468 455042820 172692381 284609343 884979570 559698605 309351824 416870024 392504291 798268186 483906008 156172410 167393856 352681065 242622001 184380913 404884122 785438144 87022826 951404569 435953736 249922971 143945108 774077126 63337246 774639573 324334632 269379020 498601078 181682621 816141398
95
346470486 424178407 639057899 822792653 670080816 533210068 363489715 27104300 305204814 213862477 335991119 203125638 729799276 682305053 786878575 489106514 813700077 862488794 504244727 442239620 382879477 944917264 455732444 11040340 669852435 48332976 122832831 330503074 965524400 297368332 469658178 886510770 445470893 542190658 198745138 598533876 683554155 72202525 411377147 316666087 303799541 471271085 520474141 9523989 906035616 25454755 757744349 125763841 145125113 774526272 967403818 548362594 762504387 65769294 825910987 621240710 895394548 324957344 201010420 789101062 152720036 296346169 652495528 992573177 149898402 492245494 486186725 57056741 587101207 268763939 919671544 943127311 313310178 2700494 390593331 623754049 758533534 898886345 492354451 341397679 616873541 763807341 640634009 502659686 66747558 58894417 671066105 253817408 91934333 396096249 278158908 881458046 181823032 540537033 983434646
43
458948123 909077933 54892048 968934687 337025782 202023656 494916014 85736724 408750733 211374338 130902510 381722236 616475703 391852991 890838259 295376721 16263121 359357335 767853701 983508023 145827641 644158682 375441331 147397193 647661531 74066297 41644357 809400089 277040878 367936917 69394890 159926589 63607743 336494335 332516916 560284568 593706022 214491415 99257251 171722577 891167833 834149287 154415568
21
744330668 704040003 232806701 541519336 165589497 503045287 457464905 135287676 15026331 535961725 35493482 208969104 564208495 864838480 458490825 681319614 30816289 114701524 265854573 61334217 552266469
47
59826827 531816047 302383720 845429906 248520313 420312357 191500166 735311964 144862527 528942863 184355827 598000792 240270358 998513558 386412944 468697418 334839004 133783181 801786689 440486941 458521505 990835871 343082581 515737833 407145223 408647169 21490578 129235657 654457501 888670646 24247933 859179249 37963761 982375037 291158518 532907833 289975070 229950257 175573020 137383398 813696465 526620348 864402356 999216002 78586204 303765772 812125497
56
444649283 667848942 979354316 90984143 188161841 759784782 946603822 994848723 759423075 955504226 919589820 605372197 635465238 330274081 363121957 514584269 265748280 491301493 587625182 338062328 430274724 325882421 524011782 925613049 444218406 95591781 768902564 89737256 433688980 517902614 182479669 547133497 990678795 285403737 47870983 646748080 709498571 798856578 50137497 613339859 614606583 202835523 424374373 971564470 400603456 634076741 435832190 506660422 383742015 736148 126955047 359553031 736557594 810476561 115403361 858278812
37
99323625 646128274 974999657 168579873 343226180 987019127 462880591 831957699 196447157 734735635 676268190 364790908 117172644 14353818 320286959 393326751 696744983 705027647 250383678 930367968 850024317 248385478 893724172 562727712 825252664 272914312 882109300 246226518 367496152 888727886 151174664 168609208 520180885 578761374 692596370 662794429 831665924
43
907987498 638471662 272839680 163229170 690644723 498413475 818498310 686363947 240498151 966563938 76266024 63228583 21879740 277018509 810020153 450450695 577335642 230986095 571233248 65772820 272580249 605539812 265923849 202445335 781540541 880177132 581720539 751264946 110313502 372319064 732682273 412123886 18734049 437166036 195068293 881083917 62251715 257233755 768843680 68901303 756427913 526750808 358687527
27
613969963 986120813 394564605 679840372 849672788 212204093 494093073 742328063 570079958 389515735 9488195 403799842 383545828 955706024 623728995 382810265 392505403 595848269 132538506 386064588 803215159 239459839 919742901 101791134 409444000 914045906 185433919
81
432901656 755949860 665140435 350214651 434562558 634351933 96000626 204417704 265966358 361490218 534827862 282574337 760849287 71738958 679975312 539233008 852585208 562906681 31601794 560007643 453553202 252385441 589972761 74858516 34352081 909452301 220159245 87628330 306084106 854564501 577866153 176846205 639546818 875503012 52177318 647657399 345194782 636235624 340271310 133364133 62960120 120200076 754503600 708219765 25336586 989256969 559404207 684722819 638234150 396847189 674117103 203803854 459678043 69121425 815336313 641131122 335991958 156436759 938035198 274768421 511338985 489582724 632497506 111640107 350458798 393189218 469306960 368650611 466895702 175893359 391199420 738175061 330719726 931172432 970329996 237252265 848644131 885641372 779181220 735136142 591331667
65
882800235 462839818 129369746 610073160 21742263 377408193 685745382 299571004 537572085 440982669 837265438 369214164 843018992 444843478 47899270 536698102 121825293 500712823 528185018 582195291 969049918 784211681 82052842 462816270 271351384 587054117 649505082 182028337 600329343 294839769 210994419 124786874 266558066 351385794 729193687 627972089 698512783 411554536 22557580 283859770 734520335 668162493 45691608 850521856 951563891 302623667 403862327 61871531 221709032 832583691 535580293 781487816 906415456 761661078 688021589 208495628 273116227 120738323 161478149 65602930 691718939 699982037 505719538 993397626 77595242
79
201075274 270370504 668642967 767099992 133895677 631809880 650300843 291457388 173420621 946075076 866472213 50239357 16911128 524124924 623530637 167853304 608700330 643743225 303864972 895679335 94605013 145762870 189639315 851079631 747805408 355050909 91212988 363065538 260392032 925109484 70088030 106887449 457607937 476114936 362293294 768676828 40729138 380375459 713416341 500771394 229434931 494676862 531693933 615582029 785102984 173813304 270786556 346610004 815624583 338851810 937411569 565078983 896836089 557919189 823761519 689980336 778018952 631828779 657059970 725135909 117512547 506388870 452527738 80424824 19973447 146327260 225532782 739616121 905155566 986372158 755536380 212003450 653955538 881534633 239103835 239092113 458630926 48727861 105065365
98
111701739 648190501 389258077 387764513 346060351 56903916 801801393 885138627 92398364 303909506 920912082 760358048 103558512 711643303 905811892 339428613 232497106 221248062 461414691 138433116 507970217 435333437 432461936 319975267 787403414 537439735 286710828 356596876 54998680 900969403 670940168 718990813 864118508 966383880 230325574 107937366 246792445 857676873 276154569 267303809 998326791 1147372 321043218 11706789 32571373 655312080 836847760 28211813 403729208 76556056 568369134 101928153 424013821 299749278 5590474 40058703 460367183 991198689 79380531 300337064 633500392 870722205 250443778 543727636 695904430 272219775 530341919 432970288 829347816 798436779 479511405 436580573 420523347 801336411 646490685 382094345 496832153 327312896 262076176 95149330 510237425 513291067 166275375 239850962 189938881 182885993 506648846 46277197 671522972 177545154 633796134 592490625 682680850 591553909 857428737 71724905 67050711 397604048
48
408234313 724847233 160069135 316214300 575912784 213883714 337946763 574478635 598096040 14050469 972443338 158593730 663488823 405661911 315524880 360834251 489334941 988430598 101423826 379118052 179420444 59686804 885017935 642057789 792391125 587269227 419479632 61209988 445097443 660865070 352143240 23465482 545537844 179510764 949374952 961271954 807363184 716762895 498161702 522171937 485379342 608767823 352192755 701967962 409754010 83653165 479269879 273111883
13
521391571 93591274 16191153 532943257 885549923 824436589 448700160 936147085 931335145 135901713 720672811 186540966 359967241
1
781032079
65
678728946 385456526 962047491 970779387 962800385 786269075 624136719 892808303 473686156 10196056 848089797 844650441 616155467 670962723 81920071 175762446 251880802 561134595 878434723 918809110 374691219 127817244 900234015 987648533 738134415 321929832 697901148 947594801 614077838 225213538 781351399 775799908 527590187 424985313 41523882 620250548 311997967 799438549 383464805 507757562 494123608 961640229 491591894 316358759 810238848 625961464 230544290 872339709 940276081 619935957 443292367 420797315 807821035 620528237 631359035 608075321 32745913 199354158 389416285 557276988 862908491 307693166 569582513 724582897 393808474
86
234595377 676539629 472148477 472226377 831931941 509226116 154879228 126591039 301154591 168723842 988317188 329052511 41938549 344960755 806816072 870671576 283062079 453847419 42933257 356535021 603807862 98832395 99422371 718319976 6956882 104498797 312598265 190561579 64824952 646670984 846078297 756524795 297698555 978254798 578505243 104141431 716790208 302640771 244267183 832451810 679319681 16676185 565510480 422091183 966974142 847175892 419092134 484570205 393318529 290545302 148918682 698500472 901671997 744391864 976526244 306871681 460234113 775193149 84004002 709056587 29339382 879741124 467360254 941420106 649113801 47346136 812791265 601964021 873952536 513976368 290655210 572430318 514377981 999946937 797681461 311815007 240581742 486506349 412312646 570854637 925809130 965410261 548249779 767880983 756381644 709489645
47
306547756 544026757 353274143 257562511 335311218 533645684 450923214 898793974 528580343 104615834 698576543 580897454 682363925 292274630 163849005 594948674 308837838 927904070 208848812 229645038 413969694 299552930 489166905 208735274 921923026 156590465 604502439 119807164 14266393 844622560 311108657 299863929 434429348 943455815 461487211 365944128 889131156 643166589 733276378 557492539 892639777 290816994 597232415 866952497 400540997 312759585 714646346
56
89714052 2270541 471964032 672306602 697177310 443015315 873852136 294336413 441179340 550650944 418872975 966553265 604955419 342327040 721892932 302228749 351078913 874182688 186646894 697989260 793370770 787313048 767070141 457761934 779507405 759644670 702809437 640022840 967655262 269698904 669661364 775282720 614522515 972883263 802521553 399882379 927683293 623440348 744374148 917450241 995622683 15465050 373268113 507600321 735656717 861286179 327481913 14373970 863811804 512141379 693234078 532583489 492354424 841961991 49299731 171363574
41
4538721 774356899 398804985 48839128 316686085 765757267 989322799 90865418 868690272 892705082 757806433 738056774 205318524 166722607 188818131 277510114 269671172 775005550 738184661 54836096 902068885 529013845 384610647 749395676 119979375 902641811 76880190 427935010 462401309 703758364 74728544 639437543 198120962 727799255 578703238 705119005 128801454 735280215 332054615 786104084 513961904
65
166897170 530704971 554860834 458634183 228332235 531278904 215643237 575942408 381778093 933166710 61336856 101267620 585966111 69683103 904054452 351152715 22775690 179556959 619973136 589969447 702630455 232058125 360991404 551769804 541197587 796117075 823195228 964064013 367478680 474181919 138393422 202486676 806897613 939008599 752238014 210303645 465348641 354488743 593282131 59042423 124339851 890924606 532293286 76502769 169849947 273676421 278084049 822899290 2814581 313746642 205153979 639038679 565587409 696073978 140683087 240209391 737523065 158024907 109053556 240690839 961979566 741748547 675355323 876290412 756507691
1
562316676
32
741240185 784817523 849171411 197130476 840069031 347153751 411113678 309884264 329207834 508596675 512889556 633857633 655264514 597647462 842681629 804267805 499368210 707311280 588185660 144024489 402068739 658303410 94848782 145258326 359561373 380702144 101579410 96462449 758862708 574920640 738756381 374871751
77
339281515 645007976 950761936 669338780 647347320 468345169 169113230 704612030 106526665 225147103 399326010 819884563 155945122 556880453 248575309 789571570 174932062 260086316 723474350 631708410 537761535 412971578 83438053 537507862 334578236 199911355 913229089 751312405 504974723 487725583 895360041 205097436 394126180 627640286 584441126 856445826 343461576 451418018 582043376 785419846 595225355 916570501 228127074 57221099 32753707 338282840 692370756 486846801 65232716 261455891 261798875 255619997 882683281 640248158 287573726 889772259 363787238 657538780 703916617 579074169 894899473 190289658 412834951 816122327 247947240 140678784 776521281 497042821 644788330 73206696 487256883 829188259 569676707 480544492 417266438 782622619 524747152
11
896087961 751233828 96570389 544934343 22727740 865070358 962380311 782834748 189946958 65300626 23970037
74
3931133 14778891 511124407 961672682 955774823 542873098 600726844 816682266 209902699 797413243 977490740 277519121 581957645 591528392 675251485 386757457 504895618 265167275 230701751 75545138 554906363 642501144 896797266 978126077 819228769 622940387 701558831 261499892 209987024 619883652 372248338 227400452 749632038 859558617 363513505 925409608 607993365 586167669 100861508 35441449 56953664 7074188 708237509 185470032 687643623 746423649 615995504 796645575 450568633 807920739 930552453 313588824 548678102 776265615 526291872 32525643 391100990 830057043 292567730 721859261 8916291 712851884 456560962 987610279 771790115 506084610 706380837 789519899 618911177 702890189 671982859 788550384 693355214 448248962
70
735782325 905883690 330022074 997724971 504131461 758594244 452962468 961802178 962345564 712000189 699691742 649593549 581139092 923246884 982825128 340611280 592561027 646928686 437206058 764015865 605148445 993659519 964518851 268215608 556146204 661270249 666372358 741038251 312656661 389135802 262931089 786162431 951261447 777703207 262555430 970480742 649815862 961902900 751024901 970689060 330529419 602894930 691302542 365117364 790518414 85451950 108991734 497851217 801635302 789459390 740785817 31711618 673754869 354216309 804365903 435609053 813761607 703158786 30148722 271262426 513546175 513496234 386193014 122001490 569277350 835292672 912818933 941539419 916997985 317982747
72
151926132 645338896 120382807 321081273 604480292 446966727 483350435 440121353 178096907 418009886 242208156 654823095 319472909 530033772 128254429 594798890 191038712 854441516 837229756 402601628 472054615 169458942 868448912 455668877 185561899 926432077 494990390 348228923 769039863 265388692 893774867 683174701 557799684 187366147 374674254 489646167 737813979 710909856 685506398 438478733 72074460 618794534 576975601 209840429 190404071 337197693 906381799 558377010 513127412 623138341 177279131 511220365 239636997 723394211 625584583 650653573 430120652 642408373 917072795 499253640 928761314 412547547 636172440 980754593 822288838 684417321 429167626 588459532 749429182 356254565 336961482 639414794
19
153673207 338818721 16357201 936527215 522336579 715275360 630599065 742072535 587951141 874578878 468819616 887402350 540075218 826974903 719778008 86571420 515841647 281639555 360980147
55
172109651 930371115 636327609 334649623 946954722 295382544 948592643 36549058 802009170 893671575 430296199 223644333 851842545 768065479 162878863 444205012 925003004 864064572 733690139 631419734 891494780 36820554 779463511 824361305 550547264 463494366 190041654 562535850 669597246 231889836 126391849 92305010 667515312 849564146 673294221 390197479 273025580 165361691 312978690 744667103 638353595 50577596 378025043 362327386 262577763 580915396 864252245 791755966 608921873 690783275 564795879 351183215 112725905 415652467 875010059
44
780689547 823355673 75006701 223722640 529129830 162947280 795346759 900836496 596277926 463637987 400603986 743662383 395985438 532844433 15865826 48787585 720518755 221626310 861004543 687951664 592472240 12818282 230459373 123088135 913499006 55353848 962296544 680202274 680654420 999076009 560698278 39000412 659612174 739012207 606848516 759844532 946086124 466570089 193502306 290749689 958366063 123658667 140657426 814306649
98
88514338 761883046 167745700 848374331 810924086 512182934 877113889 320019026 984373038 898406876 876504125 401681324 250899214 374249750 575646926 914864397 363214170 863122348 706528688 238114605 995632144 695545365 28601941 889082329 967658823 497924664 851287323 505104906 33926972 434764701 665674888 733173347 676238416 268616035 987882696 194251980 877262728 390453449 1000815 965964836 2123823 739411429 500989214 843045566 57779569 45609917 236050066 928578414 942031076 235468138 357911281 258657713 927686631 609000392 698956260 78427522 26825854 736544199 76446592 46386294 840834851 375528398 438948916 471413563 182842842 812871794 821098718 970988264 848498196 117254727 953309 751070385 749870382 345431864 854314888 781592339 986538211 293204 396275758 694729985 136969696 639051751 521492340 205340528 563860807 296085280 884996713 412952545 568934675 255805910 93359628 849098021 5014503 957149140 879863177 399792352 893456676 141453651
62
234415306 444432826 848309578 478592410 621436282 598785698 990507086 562875428 299845780 436311333 513821449 922718186 64678044 998471929 761084363 502282374 66508154 455209619 589294343 711714514 431875984 702646598 775291666 190512002 464604763 256896907 137924980 967349404 21334958 579710340 805955154 834240204 808827343 128291561 923268965 408138931 55598144 201097969 464537393 373931253 530092567 150815701 198536276 123160061 644611215 393400636 126069648 74774190 621645324 229745617 882655210 620966420 823796958 188848497 535949040 323207667 193843849 781967528 480929587 433897445 118852573 189324177
28
985323936 282311858 146200252 820848079 315519593 672598936 362473807 945326710 527288020 255662510 933662357 259307451 925524790 591680068 112023463 468563844 749241569 970230758 356706977 285380832 191402035 446684434 67132307 917749845 33986138 297093689 552624195 857898296
32
253207012 78278303 975763850 249104949 714704938 447122482 736605895 14062008 477064225 323336925 816240803 2528964 757444880 679391363 618703982 347461931 212898720 906305320 554461337 317764307 68370369 190868433 551033768 940949640 765924616 992082088 601759546 284990187 789219874 388123999 961553211 954934468
85
569443058 264861240 797240515 378508458 883531178 744890069 829784772 418131019 545781798 76864442 112659896 563361523 681899271 355059829 450175374 609493970 178516686 597933131 406162511 703068765 907019600 476283152 391100338 445537626 946471890 39417867 557030237 706221932 865585292 502233416 956723154 811747997 350029930 580539170 236633945 710049888 872762060 104840813 834131951 517713736 731012971 960832450 334934958 305930729 728677559 825813904 118805138 488746836 130877482 556941181 723717228 389039701 788013234 105803327 870784680 415145867 47534804 751945458 831150360 6243495 544303166 839088975 913943311 74199012 386167378 452298898 197817725 106666260 567546490 412013134 666985285 571475989 995294899 242873961 90302554 823829765 533527360 809124913 875568889 432586629 518965190 672711253 40436030 856749353 413172938
68
101103665 503785756 159287440 965889568 967697546 679004505 464317375 472145143 738341512 44236218 385095956 782106108 397258111 916744872 80274174 620868648 421561712 935934427 543940467 89734072 486554004 578777257 978693173 769890045 99716960 658218344 422999088 129669353 289113191 984293077 76944306 512313362 422252562 832291545 367915584 491558027 747028027 861461449 267999755 698637226 586410614 152801679 846144646 467251242 831490064 672745306 308742470 521571705 181275478 728222359 173536451 518658983 458311565 184627106 507286516 501717450 122625773 55653057 18932564 488017822 718968093 430389514 868266881 555267021 721476216 62285346 520238920 126708375
28
765215685 783323418 128620591 590173986 253364176 116051985 946936734 662191512 293320899 460136074 67793562 342876102 447633135 938643765 687594802 748667356 339999908 237091973 865768863 99681843 987873722 847566181 278737492 159648739 11774675 284581509 294959315 248760037
