10
93
380583 439373 473604 996878 434698 515562 903002 245948 177350 103621 727888 70904 596551 103840 446483 300292 671477 541040 3789 766914 353954 766955 552935 699595 830217 512997 546848 199161 144913 703516 231506 482676 72432 583131 594164 892234 856070 230376 615367 460732 511130 618436 563744 538995 622921 407749 648568 478466 959851 790337 755796 695547 129813 175632 164370 327786 48207 532639 159097 413469 49892 90327 9066 175339 294404 907280 950022 4110 247202 273815 70120 378308 134904 760802 237652 771906 129832 790895 372671 688453 982636 152508 660071 571976 316899 907653 884457 863932 374835 548991 591282 976758 642376
94
297459 391841 17866 584101 35482 415611 174214 444107 12830 713768 846460 993289 940007 929526 362479 739864 570814 721828 61515 20357 233262 438527 171328 649349 705347 104393 239364 622372 127531 760129 616741 321915 129354 972865 114494 39357 190730 676196 59173 48679 242373 788215 889417 163847 69057 567625 508020 296140 807864 185718 960356 489989 179361 965597 766209 53369 585435 984811 689820 416782 711796 881587 207428 167404 888466 472212 287233 461061 351028 178492 301923 678881 378069 505423 775202 693699 440702 846005 853764 277063 980632 942216 522192 111868 972755 235269 586145 206570 416544 489761 746948 991139 705092 953770
89
596671 133588 436587 421263 573135 489029 753391 733941 854024 74664 381428 305201 711166 768811 535244 674009 989229 14531 136412 550358 512671 988817 982393 130448 135237 672480 862407 724561 561237 823936 838763 128689 342723 825335 412527 885444 292451 999192 655637 71508 202665 812372 161050 911003 681461 31993 509446 600070 278651 303317 484044 466016 123534 410856 158513 433615 842304 548966 792493 861467 570958 811338 657769 131453 448797 178605 958871 858875 757747 280173 644797 349083 978930 454165 999146 22144 438919 9308 18453 244631 449527 430088 495307 247515 245286 322464 886959 476001 514102
73
696726 20905 863785 644557 374474 85247 108859 829725 659090 258617 449774 836597 427030 192026 602958 754348 842240 980999 437927 558862 794568 921660 72268 634690 944835 12050 934396 23952 526612 580472 206216 69240 141863 494423 876980 53759 142132 355052 627472 68901 461469 907162 545978 345780 187404 239363 658127 992910 566079 641847 746798 105129 298153 100626 429361 832190 300801 602030 865611 227599 939354 859792 125629 432235 87954 173853 384740 502061 24917 141586 694565 493698 355400
83
97090 958633 248732 774124 2915 843442 802190 306813 552142 472524 38643 243251 534427 160317 129842 835211 946149 861774 497356 488660 323894 612182 144605 730504 71021 544372 937404 774503 971503 576704 882493 327602 396382 669626 670568 874475 574481 756826 604302 684982 565817 184262 785095 770368 921032 790637 740725 619170 964254 4278 777840 771494 673219 166888 189624 117090 899408 579942 285641 494067 672068 537416 726200 535451 990784 819474 714162 446806 414065 627013 164442 107912 257790 720621 86434 580975 318977 822493 770013 275982 581961 261044 415200
98
828493 927356 160280 197423 386929 280732 349671 389517 714364 646064 707119 978574 467891 431465 921373 712618 843069 425153 27183 280480 724029 92745 651883 508212 336687 872248 552482 707287 450792 438184 226965 816229 671834 962151 899300 811754 888807 513030 120058 469159 298045 245161 403851 656004 441000 245617 201039 197840 172326 681824 371300 734338 220340 695082 159 603187 541124 138619 12920 97723 101397 258528 52690 901908 108726 741661 895736 937849 514574 696717 637010 32265 644856 19380 185616 148760 698854 396130 882378 835728 689299 234970 822742 376930 780005 789242 559915 968219 669689 670129 245993 639798 288620 238319 446009 445768 638360 409876
98
966610 932061 329769 350917 549370 476150 70868 79045 18312 228067 265216 734770 140300 437031 137687 258677 135981 346068 675045 672838 635529 993323 269537 896134 390815 936211 556154 898262 708344 585495 160932 262494 113077 968507 659509 10573 354876 377307 694711 589660 297512 703070 773405 667485 655385 676768 804574 913423 891605 150249 6240 195144 107256 704931 881343 381011 938393 734458 500534 82841 864611 632890 794375 486152 830184 530385 838938 635488 652779 425600 403900 933708 233475 503042 750596 430222 20182 462257 536246 651795 756292 659063 145236 877508 318945 86472 294456 494996 393639 775945 200272 110174 84022 88145 390006 283654 135526 317002
11
244146 602899 395773 431936 939269 914079 895755 51485 206675 435982 761398
32
35744 266260 588595 308325 615949 819254 324821 941079 39114 724474 117813 349320 540612 603839 42134 821460 122118 604256 336354 830813 841215 981119 279656 71072 951162 998838 994771 883724 796410 268756 888455 211858
40
713906 982364 936836 554562 462509 26589 737231 247756 135635 842783 538480 800335 789686 901010 85926 901040 502918 602922 750165 780999 804339 637735 895062 874934 472866 281444 736730 190124 897220 792659 981700 183796 528909 474353 693680 311095 735430 628733 278471 237402
