10
923
770984 577482 602534 406648 784800 307291 968261 41604 430969 954437 519402 532234 723739 536626 779615 701073 841946 648956 287897 899723 710038 291110 492342 833612 475876 72236 334214 753561 840842 5436 250312 365176 589013 417614 262529 426698 986926 866816 150460 371353 291096 983385 877100 774682 40006 968078 590438 785123 610243 257081 662968 762067 906415 789842 985285 960795 841457 96236 247737 467581 954429 516485 89583 486001 368724 563187 720679 993375 175041 633252 445993 718399 52544 579210 211743 889840 225135 526807 527712 250171 715669 360311 774218 853408 393477 188255 221077 445437 931142 306599 495220 995371 89393 176831 121697 580256 260473 163427 380590 418469 409500 736923 53619 403831 212286 961709 719462 295320 447382 674543 958798 740275 6007 653266 428016 744178 64259 562645 816899 811942 230637 171877 662902 390209 558144 113340 712156 247000 742048 140789 220981 48853 873356 13030 315218 65251 627259 505961 857016 733517 4127 391893 515847 256079 31540 594681 681158 161721 909130 407108 796543 996330 223130 962145 709105 942493 746595 984382 581286 300910 716631 994545 322484 228357 128542 51908 235036 876381 843869 855841 758834 126142 947497 734743 775928 531136 703133 556763 837712 141285 438061 159722 896823 970944 867632 45341 669894 532400 551789 925047 194883 294684 308512 686640 711272 675990 843998 203747 769166 69768 613803 826527 537950 436444 193084 604015 474660 951638 126472 588060 957527 439334 142626 942206 167562 972471 151918 323170 764798 892360 376568 207118 225406 125082 36446 63197 285309 523097 543931 562879 829974 938417 33140 385690 754200 723433 663000 870869 100342 754143 981642 507193 472849 777016 264488 971677 54009 294441 576026 293307 810948 758574 948698 257193 706562 405054 263725 465290 784443 201693 881475 563272 316892 644739 86808 610816 514776 230866 969415 172545 65261 251819 222040 574545 129274 658299 552873 368101 723998 52295 948589 285272 851136 629767 521382 12517 446539 735 756756 148459 672167 820799 468980 863848 976757 356230 944865 1920 271187 811240 642834 363801 348777 673833 487794 542303 885042 977489 323928 218043 749312 642117 760701 836912 711018 348800 595478 596988 162599 503633 178332 990467 92532 790772 422799 660169 163057 483094 494810 500995 581729 807309 584227 846095 898741 224160 725014 314353 31529 904976 448976 592713 295408 943330 118440 59371 905617 421614 738981 757 977712 279769 449160 657911 40966 101369 5256 480 399431 812034 317084 203278 225102 21342 29100 967340 489157 543872 74407 834147 519839 45575 546234 571579 722049 97105 392438 434873 132583 193344 950688 515178 972661 685946 555505 908636 187470 615697 373242 231617 751792 752484 539466 950363 828365 757477 646532 184322 125970 433920 620719 668136 709946 306519 739749 70961 460343 919293 474409 125251 310480 991995 563820 637335 300811 723072 865261 680876 951055 678189 217214 416998 740283 459996 205051 916837 521173 626472 245634 169749 964375 497989 74003 962945 282155 769432 719520 570247 228877 218014 208236 908470 839963 897977 602509 565702 872274 91148 962209 170348 264042 897812 458621 80329 587253 402358 405812 519801 516498 982340 26986 928318 972718 572363 970841 617746 651816 299925 323743 898094 566099 818687 72338 410867 594600 2680 923782 778304 956546 3471 667570 825761 756572 40414 594038 217552 451918 383811 661707 39987 759689 756699 118291 438221 666133 434895 41876 241517 424018 685270 368906 215596 744436 346440 700491 197524 140770 725472 26605 157855 308655 911804 335838 187426 679086 311393 322728 889030 556474 833751 266121 779916 603606 413082 815769 596421 835958 241004 309639 682054 131160 685168 916614 98331 701975 303280 760112 357180 757581 416758 122928 648464 68082 638954 578214 264810 664757 488958 840229 834200 230085 498813 725529 315454 748686 888509 257327 928521 769377 460065 384512 484328 488053 695329 813367 483146 689829 85189 910565 737879 435848 255159 219369 964447 6095 301658 265957 273260 322178 952082 176732 14418 314062 261689 733213 684265 602022 226261 141133 323032 841214 106404 356869 586588 719437 1642 860300 829119 195105 132738 585629 850828 118412 793741 85082 327245 350319 40970 929607 177317 152934 996344 772732 141084 704386 51046 312073 732694 810958 921887 848021 847527 355005 863435 951715 421048 34557 269864 644734 744206 594769 729940 837883 721905 416469 893297 129320 366755 477710 138998 470664 245711 365886 332240 977279 124553 494186 98719 933884 781146 393939 812445 807439 84197 750246 594116 756656 611999 38250 588191 271347 714197 295406 351731 931415 306375 283176 173986 410628 528002 479391 823855 750323 989213 9506 180306 828619 124268 651364 115321 66342 723213 452159 594711 698620 714486 354015 182906 856023 424769 482232 789239 831904 80047 989362 512392 807126 849167 654474 279943 887429 772369 497730 125633 394819 77469 35027 310676 425817 814066 580215 808735 995181 681620 262481 989817 712983 876996 738052 80555 898659 917609 263162 831119 427395 997981 963681 85220 923418 641307 633840 239196 815538 646715 210845 763360 820961 89962 780515 623068 597971 374308 111864 598717 750562 685840 308314 407101 463398 13815 582925 229795 411783 774301 73392 730685 599644 372695 416054 317588 276252 109726 357142 765672 285576 183163 327709 384464 597949 503281 863903 228561 577543 389626 773469 264645 332773 404494 837576 465553 599614 339910 613819 797325 948847 414456 780635 796835 708784 62367 688118 719809 539961 7748 768828 138228 960234 237538 936495 458413 810023 927190 400505 527952 446615 446095 537140 561748 297211 287343 392616 834905 51609 305764 72462 411846 979646 70489 617340 491447 514815 551363 568442 58836 613549 947424 735161 654318 210664 531509 124863 514558 783792 256644 474970 483477 942041 357249 889933 551580 376523 674632 513382 381178 523437 817400 899946 798531 434811 849052 397206 322577 224169 266672 227902 792201 907419 681167 517435 90383 721001 28480 925201 938232 875270 519461 167873 385093 108173 605393 965169 259079 448797 451940 21077 220279 655477 194721 444953 237248 54276 141311 857708 715488 629226 500618 402337 226334 107341 381173 965840 682265 738554 435842 575196 97987 166936 715651 455236 487278 190480 297163 842171 610449 562048 402418 61295 174367 996730 734718 841451 46849 702354 283941 276903 3615 281285 958459 173278 810815 643727 368118 385877
147
757282 636456 408440 16777 308762 137187 576770 660373 499296 82662 470828 718845 258834 147728 303691 406191 631376 457435 760594 590691 550018 438114 35446 604993 183555 906135 122545 121046 159407 179896 989573 224967 120672 785793 529968 205125 171579 403212 568639 60456 118130 608466 379210 953064 183406 362009 63749 938546 180462 815702 80949 71872 502745 740666 439273 907623 55804 530552 422571 584947 554069 860901 742945 204663 299301 192745 260871 685164 317779 594417 302247 391788 487189 203589 895732 854762 496880 705917 474946 504755 284583 493558 796871 987297 725698 377131 809413 318330 775551 850222 245281 294352 797471 560205 909743 321073 718659 686018 746556 15475 100604 74581 546837 737758 812714 595330 800450 760348 401347 948916 895405 510911 772477 907734 59532 304252 78433 388891 291003 213662 875421 283675 299836 667569 586002 72158 445393 108153 370640 817056 760445 664569 807803 799402 307371 310271 662177 631795 329078 902347 982881 997573 651654 644306 62038 517572 87829
425
753495 160526 194639 305308 375375 883815 467722 215104 321255 332473 36684 684360 913127 922207 323905 99951 829180 748801 367593 894911 25562 966670 479649 951361 406167 347602 598886 707917 747894 715079 902751 266663 374562 191376 361284 423453 253574 195578 552103 32755 376970 91855 991707 504949 928197 857592 712905 411748 981107 967385 885236 885807 912796 742944 704224 570454 5486 257950 738806 674142 364345 431058 250121 996529 269101 102765 571375 984274 73977 239549 236067 778976 994416 22662 861916 848716 673549 747662 8959 805494 283755 150843 439875 667541 261712 280050 28011 688811 834546 452684 433145 190054 835539 689436 115542 923193 983795 935875 724011 555901 376960 54338 138003 217428 548929 342136 130469 772477 76153 926744 351540 727185 406715 22509 920460 993684 216555 555235 681265 493511 543340 212587 446056 975433 71514 682226 679676 806625 376072 527089 292263 677494 333181 348209 566602 132699 832540 516050 277474 278179 146714 318271 915264 252787 972310 84322 843959 529193 102653 255397 174867 863384 485830 945587 353692 72386 769284 71733 77933 29752 850769 100694 161413 871226 827712 685935 568994 217291 217220 988624 612084 861216 532208 979399 872097 496879 886823 852508 815094 18450 752697 567591 43135 753273 587698 967935 402797 180050 377187 868226 753515 440709 792199 205994 180172 578990 701085 284636 357211 229320 733435 833158 901375 268657 602166 423279 590007 635649 442780 976131 451124 401301 261142 290492 148469 692457 912399 438543 542442 67003 765234 211923 43161 594044 498249 380754 637048 469158 264493 444114 8696 142567 632489 235102 364815 149383 328192 392611 940237 98500 651453 2713 417186 693230 244338 814071 405835 686715 936067 606570 185432 671172 951877 141760 680105 296257 811057 209259 974174 877762 195058 58444 380255 25607 651427 130190 759953 886540 145692 872382 98456 843734 9705 1002 565203 50903 774942 275132 434107 411328 105878 180472 571952 709729 452731 285329 592828 786451 479792 55651 105025 444670 373840 567887 422587 963668 757443 999175 755183 143808 653560 34824 119836 612565 828118 916308 500412 510246 761346 262304 918620 866079 67036 732583 541375 640897 158554 433679 757227 676226 245450 329106 872131 822237 373984 793846 587419 105934 822273 537312 183173 435726 109490 298717 894412 287332 582334 2838 273663 146208 719465 970505 529531 911990 590743 789238 853740 804685 514965 393065 550523 420092 774730 417030 304501 526664 681747 871034 527792 811080 627536 833851 728558 852861 163797 96944 617368 84046 794009 755449 593491 965602 340786 681778 785142 236108 371575 993224 210044 35247 33982 560876 626767 164504 604363 882014 25777 567327 577167 36212 741233 788729 268011 878423 516326 107349 540781 869599 382859 523661 31216 237553 421399 349396 70666 800281 488830 724284 878307 466301 185856 108897 291764 439049 655440 986401 905627 267242 662074 465869 657327 935610 703852 396678 999472
220
493542 234591 839393 519713 72611 278998 624534 337704 708837 177356 903517 290778 162831 404295 990933 171650 240471 970952 139050 386009 925653 95481 213194 300424 193785 790923 168386 413203 295665 587827 111162 23798 900959 354581 519413 908824 53700 634978 719144 737790 139781 638442 893230 897502 39580 202528 959119 491322 126837 327765 730109 202875 997219 551895 11591 301851 147713 198677 599067 633598 23433 624359 759457 169589 403027 595974 915909 321550 627100 681578 61037 692218 17740 923666 576794 613134 341072 627805 126412 282870 2894 376623 777005 918132 420090 208845 266724 50352 736767 197740 995302 360822 282865 903253 420151 603247 547280 366262 808276 757401 590709 557482 435466 11266 516620 783940 203699 689863 737627 981143 620445 155395 741749 329929 608996 564876 445195 392068 237928 336694 233241 511441 949274 553785 251800 764543 118857 762478 617594 994735 362287 108591 503518 867883 400288 82342 172252 683055 995641 290055 52758 584999 687276 279056 468817 157367 147762 629822 49282 549680 444633 90424 992775 616461 320511 964699 618128 17261 435474 161249 747177 906868 505321 774906 398093 81083 730732 92210 307817 485925 734446 626923 529594 510389 289623 696876 103472 57236 841563 789491 314006 461139 859601 971655 649519 561745 470511 299895 857598 697219 440329 187443 933195 621846 498130 267787 961374 21962 45131 528748 583939 93671 261677 528279 255218 117793 384607 577757 375021 222950 90354 829589 480718 753682 724851 92323 283270 243161 108357 875580
765
435168 531436 759743 759854 748420 575319 208097 199959 15484 448559 9372 903863 947496 460009 931035 668158 378046 889286 304764 806765 753381 951664 298244 18903 787879 479924 941139 38702 621509 841234 86506 204725 11432 731426 974372 522171 41002 963593 724010 828975 64090 478010 203763 499690 289983 999713 770838 305842 704859 946593 394678 556087 22621 850086 575066 969276 683198 457141 559500 448321 307179 221133 222787 837168 889409 631766 227833 504309 870272 991160 132361 177183 120394 95168 112898 922888 302575 144166 848517 351696 754864 488948 918789 450174 176270 67904 110178 322717 686000 139387 665178 724564 105542 938007 128958 873832 922088 493755 513082 77604 561307 235310 584489 153755 796031 278138 864517 471957 104805 197653 115819 967882 702006 38267 928679 878495 981799 896710 235462 258828 883105 182648 531313 394877 671200 299097 615430 340259 451836 823913 330185 676966 580809 569745 746630 620296 683358 630694 486377 863735 206040 849112 229839 332188 313519 633749 885358 317654 461958 798578 337217 732698 797654 310542 231670 150951 419040 644993 158249 779663 524199 519242 835893 833595 620958 960985 727184 577141 528899 448339 906482 469264 25105 869510 68861 64710 714916 240695 443543 50505 882744 469399 801903 13014 270871 37320 803547 26068 107679 635541 79933 1451 598593 786494 722371 231935 81502 733269 155303 142748 978351 442958 874783 469448 381002 565239 119963 192119 858328 40835 938391 886359 595394 689246 97046 818528 490274 367045 192191 168999 115562 797375 23978 363751 732791 956740 335238 468906 191369 218696 983611 579899 74873 170060 987261 102434 513767 24549 152747 398308 726477 642318 941718 307967 118316 349959 867804 208283 612925 536090 149544 700854 970164 750032 517436 132365 346580 149561 331333 76225 891912 734344 457647 691215 889980 852789 499713 294205 628386 820921 975191 358557 1065 812035 531889 137071 796342 509445 809440 827407 76285 649773 724433 801979 567921 315700 818044 393672 108099 108258 175440 983394 767555 776762 665855 482015 46617 664846 602554 139155 362642 391138 690645 180380 428421 157971 924348 218194 648385 903009 905428 495387 286909 243380 441207 91003 844218 52036 201716 482214 875303 897964 115459 215250 28689 652996 271812 220467 182967 127290 302437 417974 665531 27965 400265 361682 479891 608785 449406 943724 744169 829501 436033 586800 545873 663520 628948 231921 484686 697470 642458 388519 845220 937997 460888 251641 526006 449004 151706 847836 991266 352808 622810 200492 538370 199788 553643 206381 60007 936938 939105 355660 879018 672508 934446 818337 950492 935088 466213 229784 768700 23264 828970 785190 301419 28777 511513 603238 821680 467609 79243 909591 285384 586991 356045 396238 830598 128524 214145 955203 767022 552531 679773 406426 11459 85466 737327 224759 968551 850312 614020 501665 230975 951761 174664 391967 609384 811309 626546 711433 781845 766591 249019 129676 968813 130456 532488 156066 242048 386331 83901 391576 613040 210051 509104 757700 1418 6328 913840 879781 174114 451766 184473 89066 656742 126420 927725 30969 425839 227407 41882 23950 922912 286345 339799 54766 114455 694527 72234 813711 545179 95560 528857 392126 285075 596982 816082 512366 735373 902182 166782 825056 141415 646928 876507 272996 727688 409725 26416 377560 16921 457982 198175 538550 870845 274147 46446 215226 670114 543168 725301 510482 830301 664562 436702 335267 560693 467317 855845 425868 828751 326899 355709 192499 995903 500051 545855 124218 814372 473982 539422 966168 54770 519806 271224 170567 652839 147033 936598 369189 506723 552103 700072 376738 742127 121861 353490 607133 833602 399956 243551 347596 510970 332870 526708 730513 134853 103058 765730 116136 629593 266280 534837 956043 394707 982364 443627 248742 962465 812292 491187 986487 835961 886594 315349 144817 925430 498156 532943 812382 958491 217898 326384 330145 279476 274435 829005 141869 699097 502755 952337 863852 659609 881392 494027 880622 669788 895584 808461 871855 300487 62669 72967 626107 922013 968127 815748 502528 980638 860465 536407 383349 324839 541435 81522 56521 760423 102117 799403 143176 260138 631143 998772 685084 179161 744598 191682 951268 476434 53958 849183 805909 386597 163770 653616 780926 510737 931619 19058 25029 615066 293147 71340 152264 216945 538948 916188 543660 79356 184871 640644 91420 901856 413332 887654 14120 501859 389758 29865 848956 791582 642510 103404 468142 234759 54588 748131 508174 16548 275587 141023 356347 698181 194126 599768 226197 368575 773839 712210 535991 773419 279726 934404 522804 665247 7269 233551 350863 628476 636573 68671 138912 579752 274392 601234 96140 23768 603775 937920 105755 80056 525892 586889 933264 925114 288636 109325 952584 644043 670738 730973 688314 953283 155810 667224 479651 603889 212801 475417 357964 441771 465088 997887 139682 627748 177809 559971 867618 436190 753903 268331 454147 566416 36502 689785 26494 660631 660603 962656 585434 629665 296424 915573 689090 350010 666944 496471 795028 44472 825929 127759 231258 628918 613691 110781 366582 401338 353191 199278 547896 785123 693804 519591 845518 517143 644786 753746 985656 287482 565127 864895 442611 76273 413193 672378 504229 836682 859865 42977 992835 886368 620182 69967 633801 666609
306
780731 543702 827141 741582 885279 492858 191915 477948 242216 502581 652323 646364 622016 679622 658083 810696 677505 158596 274234 72456 202104 215314 495169 698411 935639 197541 434121 43429 260215 605573 847491 841813 392107 691906 924019 91635 305488 687024 126449 686341 610772 384774 272944 172800 354793 988106 895625 318680 601188 30534 664125 331512 671080 887971 270962 394192 198586 533331 990041 743441 959261 125388 524279 487878 226808 119161 386736 830955 431121 760714 957508 411487 351979 995100 234872 457267 746625 752100 149783 909332 35795 335323 738859 867611 132568 727800 695443 952869 778999 68470 241888 938250 774942 241332 724948 506391 700565 143300 111547 724836 821046 813564 395290 236522 741087 389495 618573 505323 215008 292570 821206 641046 357101 237698 267478 711779 848743 13252 415343 945783 497751 240287 168126 746362 415955 738069 759858 709739 692123 486337 772577 885451 630680 229240 22639 66471 805176 204425 347794 754961 523293 192662 328217 893974 176829 208928 695224 295594 688723 515046 861636 115015 879697 853281 180836 716061 112801 173218 957082 599323 473800 297011 135220 871264 419774 681312 82071 270993 873873 63132 867619 495600 289332 783938 889389 544801 235461 141158 529241 624061 138063 279316 765210 146338 681783 361318 533639 63931 632793 433311 570994 170543 436508 432730 341565 306367 199496 268130 785598 562843 260898 794583 402220 320981 890800 821492 789508 712703 920044 225324 839095 334507 212282 129000 599037 993979 299838 639337 184332 52924 965914 343236 706610 23168 763766 996219 954512 211714 249891 724418 655564 370276 435104 415002 553098 83891 685798 666320 519714 988728 693949 727024 949327 889220 896248 870231 211639 72539 600412 512664 434500 555050 902179 969077 76367 692823 293216 723657 191343 36494 204815 206710 131065 75769 971290 672241 974343 72227 50036 446861 737882 138861 44179 185208 554948 270740 137415 456749 158457 247576 241736 495074 176817 657797 520704 118874 933343 658313 301067 334352 229499 181984 793386 716359 789988 365350 16235 349511 923155 529228 671144 741718 990382 539702 388411 810391
108
431771 324756 147101 854651 570292 544488 779061 661255 903168 135957 215892 710707 406438 796558 283679 103792 482924 185678 670926 861616 53371 379309 910289 973946 995960 500121 411620 836126 90067 160721 874437 181990 422618 104941 386899 781113 383234 52879 534716 327322 192039 470782 598246 439250 53407 837728 966953 450782 740222 628554 189290 917403 76588 964358 512531 664946 377425 352699 171493 420190 288790 699860 33270 152338 724542 546110 607895 253992 824459 797417 165315 43605 389481 966659 139880 986362 578419 200327 701414 261746 302828 39953 528310 422164 526258 376687 352397 866806 994824 132888 937506 909344 199221 936748 336550 780441 731191 364344 234446 736855 890234 460191 954675 571673 763261 511930 192854 742370
403
37021 314292 388631 157319 109653 373791 244120 901057 380941 793055 65323 764329 943175 496356 258862 930172 219286 870596 826773 468876 80997 516586 137445 326203 138791 519427 67939 796600 511877 515191 283161 578509 905604 120822 112222 555253 439045 488621 952451 84386 103839 483615 992062 527237 634692 588985 64436 317296 446021 146586 346901 869937 749780 309832 392401 286667 363683 649212 124325 308257 618656 262383 946069 357389 303371 661371 344337 712235 285572 222988 621659 681692 334283 454169 170740 39014 898857 758011 980828 579101 422995 806290 777087 347556 328693 833745 147504 76425 29578 384726 875399 36099 949015 388927 390112 975295 963188 483622 434908 853080 504872 333309 249029 503323 701025 555255 736662 515095 783021 746573 135092 414446 971104 275573 585049 847350 870479 767379 7821 887083 1101 348962 871718 151648 285524 966925 244558 864154 314754 31627 816132 810221 793686 746377 341877 516641 599293 106094 754621 654465 397528 138274 131070 353820 939134 36495 460428 995004 971581 938944 473750 690283 687915 173072 168440 886652 833671 751934 977770 494620 490093 741062 484089 493856 916362 122906 86474 675353 94698 307519 46087 657731 704591 897145 462099 61498 65301 422345 426849 805501 605257 813573 733417 234825 882977 770128 38107 620682 378160 407316 892673 214911 937895 65219 153195 823619 184456 994206 16106 485460 757402 932047 419143 339813 590034 183525 517841 915319 916954 219215 636291 309257 282900 251638 298980 803321 267107 239851 464797 694324 206127 341958 480965 157013 162619 198881 376572 510988 49478 894712 506689 893676 511230 433076 263232 695724 383056 881338 973302 979540 250431 813707 420078 727640 158428 705821 229374 894278 387779 135507 530546 963655 59627 11627 310841 314122 469726 709265 568511 883958 116250 453501 213862 398310 637946 322976 890540 226692 758757 357719 193991 9907 603351 592256 389728 875002 184935 781703 187998 486529 33652 581698 161792 504511 146553 976697 61712 335620 368968 726587 302454 998113 551078 312126 16862 989569 893807 737980 987807 588605 476289 886711 791207 947167 999046 895158 392678 925095 736557 880497 809962 909734 757586 796287 516974 428403 609839 287702 730535 382909 26241 702097 328471 307302 49672 178540 282406 769824 996565 194267 393388 625536 379493 743173 442718 544822 335464 591088 991446 627345 204701 869054 12529 834181 448196 402997 149766 593134 930615 312558 118757 857384 973934 785420 71273 811756 341976 709697 983057 129880 547282 328486 513892 268383 498785 105222 613473 140238 795207 616309 627507 997604 222524 996796 311172 311085 615849 673607 596918 592856 480269 568919 11026 210487 55065 368729 914685 70618 488075 879013 763029 536001 180668 505104 846702 887268 330114 993982 204571 498467 538668 580995 276316
674
998781 428167 589050 3271 415774 858422 164262 578560 335358 356706 172476 323125 275065 123768 411390 923491 756126 484787 41622 561901 407252 813869 409536 385418 170786 722703 61765 837680 222690 943893 393150 319199 721057 267410 693552 248831 486905 424479 147476 66882 896329 195050 585641 191527 680886 576635 565512 833043 714996 781436 487967 249595 956942 338057 644105 488180 840426 433944 812615 776961 769312 757971 258749 714807 521561 239355 900965 707054 266406 181515 361441 165463 660854 40860 619089 85221 306943 49317 459694 165016 223920 204560 696222 49766 707480 967073 931679 633586 33379 751285 413130 551813 639458 623448 975445 153946 439029 704012 426278 592063 361851 82870 845705 356030 136819 556057 999260 96614 741245 53403 162994 251831 879155 35970 456843 455266 471535 145943 932749 272960 992751 578686 56719 11084 795760 213096 165990 171429 947320 280328 906634 428804 821201 155744 629937 217604 209609 641840 852267 768082 436315 623198 431865 766696 428537 928387 565545 253378 682619 746510 354393 897797 784415 565679 677842 522221 605380 15550 240527 103067 50773 309172 929378 17618 605465 384703 489403 300711 214842 923479 253856 93598 479731 616225 327347 20428 979180 687230 741989 586891 590216 572091 376635 942922 48920 293764 539948 341135 309474 476446 139280 327287 165303 692232 304417 41613 461539 722010 438634 209518 350619 15829 481624 796437 460287 331621 958693 265483 414158 688355 144522 56756 462698 639238 276218 468455 960489 256447 482809 658427 13730 403808 293147 349708 852351 588301 957561 438330 665577 681613 888465 542910 601172 873687 797294 244845 482631 552547 409049 524764 66702 375109 965611 469454 788999 681385 102025 851689 628377 673679 483980 912013 146885 684312 389592 44179 903533 905112 263305 487660 706693 963886 266188 465764 197731 921338 733231 662215 883422 24603 195164 843129 526886 553417 140779 213810 613897 833833 743143 314892 210383 785512 618133 670734 83211 878695 908426 451560 375125 510120 492408 984365 698397 589900 73308 870248 766752 602211 59107 921171 115134 850139 251711 723418 552464 618076 987217 191656 987803 486272 261702 917782 261415 785445 817595 856414 542537 824724 224301 143398 181729 515428 97964 653867 31250 16849 786387 909504 660453 619272 198610 841355 238303 839239 957234 384007 899807 146266 369873 244333 123519 650131 952155 885847 494471 355745 19811 691389 512892 382211 463896 238763 112325 412082 704067 508801 387135 853823 624117 454976 555131 422442 422798 364481 888630 496719 113019 966217 372015 953002 861312 200421 54589 529641 666985 281999 898184 886212 508842 618333 408758 172594 859329 408528 321407 778941 455195 519160 80550 23057 229204 484253 20405 217361 331521 46861 99616 152076 845475 670743 421325 144592 431376 162015 742723 914134 112729 505949 255982 566905 311396 588469 850067 396320 114950 640814 189011 634811 200407 360155 443419 279150 925119 348744 678311 454838 37284 734387 857729 915045 992223 58867 50125 292371 520353 871045 903068 435343 912994 775800 843393 628788 438182 196701 737806 672138 574679 313637 93342 771083 858690 972731 308328 99128 210006 749613 726145 146117 145388 85910 485582 405612 688240 762232 432442 865611 289890 837979 217882 442961 486287 841906 343220 100488 223542 224209 93651 1156 246714 656100 345848 427664 500686 347821 445093 888216 626377 499473 716732 858015 374649 650789 516991 897025 594838 965277 42159 246190 680095 822490 843264 514988 621774 795658 805902 295067 419885 836198 392324 276048 489745 684070 305408 478732 248495 521638 347168 330915 356212 737350 489309 112738 952484 992619 77899 368009 542602 660805 966844 812645 332961 24487 356586 593812 855004 833902 243742 879462 732326 707984 296373 584464 954933 864193 746826 96547 183705 872725 291311 452159 225094 504926 448584 883146 808827 658395 691454 602020 706910 48449 967132 190673 376886 150560 755178 374608 709360 389251 505353 174024 65761 57591 130154 798501 11678 572631 976279 697970 525906 58109 100785 951894 811185 583916 773169 705805 789540 354835 113523 415156 545567 270624 385038 811436 529756 411054 589730 403836 542909 983056 960957 736511 350929 557700 714013 7749 143668 740725 974338 219833 606944 87589 129970 227417 615818 452483 780766 434654 506647 724934 979604 569841 343841 442688 515385 960529 612329 691507 600634 354736 235952 877275 525717 35289 823569 638892 295568 990902 810375 584774 442799 593072 41796 387337 179311 303593 64704 884742 249022 589324 471503 923986 961282 803051 781555 947645 545559 632474 526755 93985 929346 337937 636857 201632 470827 897355 88609 807344 625169 875350 668036 667318 896769 490089
471
822892 989675 424186 294087 233751 502777 94241 861696 56984 208923 223965 621827 888327 106770 578741 52078 52335 962061 585667 661277 461178 86141 701314 57531 235001 753884 9642 96929 672578 136985 773783 268602 190894 488296 280551 186916 706413 581289 468105 21990 559990 840933 242384 894031 289601 678449 268145 469956 767893 58279 608931 453616 211911 972218 710416 613672 91527 519210 63684 694982 151671 50948 675116 26772 59186 132188 355574 743219 951736 255764 56509 634493 942730 459484 186132 752955 354979 788492 651776 587557 483375 601767 368430 180393 624032 63702 534676 202460 247545 161481 7247 115759 689190 260014 672801 283353 708730 185102 270265 122200 958294 509957 562112 158404 437835 500673 923361 440227 623369 851090 625596 188849 925055 658830 500061 464681 749856 115381 346128 867206 293046 803165 994672 706233 245469 441449 140701 981184 740208 129634 756624 921593 359031 561407 285644 610043 100710 166653 613943 506715 116920 866900 189135 559305 136482 701088 572041 97801 426600 827038 218510 822598 143093 838071 743226 813265 395807 739563 666771 601111 58135 483549 879742 670986 499880 481226 815114 659792 861664 730702 204713 191997 580184 908389 84403 117713 125045 903368 881097 510946 359432 420280 804906 761447 276440 528698 167255 269940 675408 472446 542564 38078 472707 459049 430263 14754 409980 923751 631113 645473 487444 90122 705242 755524 551435 369610 557583 896288 181855 797820 501287 231456 101016 879365 693152 922247 342483 777783 956520 399999 718731 724305 593860 213123 694797 93620 363615 843938 20306 216476 222363 441147 107125 767865 804353 42845 165258 435360 877934 289974 932440 789172 616010 363365 342130 913424 204434 133315 237597 14658 326185 191814 55261 551548 591255 966095 966278 992240 625201 902420 220368 455505 564318 604404 195538 608133 401619 484730 816565 300613 947347 507369 717818 891264 12308 778722 324650 839722 871140 720498 353637 173781 670124 996336 150958 53469 479642 205195 365275 562374 927841 183027 874027 846112 496371 814892 412105 988180 709341 39455 886137 853115 863607 944991 31885 577835 545961 204706 794579 65327 213740 283905 511552 493505 10057 807051 964738 996587 19130 948195 893287 628510 947438 417460 665774 646005 613671 148435 702464 506706 727016 124701 53449 653024 202146 721727 66809 949554 478183 140634 808605 180289 737549 586007 130024 665363 729665 733624 969317 933531 295222 955241 819173 572289 102662 130109 251149 826481 616679 858027 465081 163659 574034 793221 994040 940923 510053 412675 192574 4909 494015 300225 123482 659515 374849 476468 697785 266 105264 886180 835227 782091 647333 178513 964410 38499 658055 983 190373 270131 713347 456130 376822 391138 780945 602378 464392 600534 479994 665458 755693 506309 675646 888059 836045 987771 21693 926105 652599 426414 19361 535424 802886 637244 423047 967486 826587 736937 485235 558931 822258 167337 254922 898789 947152 589385 114219 1833 341905 737554 99844 773945 195332 259226 179385 455687 697650 381535 844445 637143 200492 939051 438179 379915 603523 451118 671014 334865 643419 942724 782706 23311 572146 37394 707362 48966 153712 847390 626184 663675 648847 999462 988121 799308 517227 585052 560232 603340 950110 714607 892421
