100
90
42 7 20 31 24 57 38 64 66 85 8 25 83 51 49 23 40 15 87 80 37 16 48 17 86 77 90 73 78 44 72 29 30 53 3 50 74 6 46 21 52 55 39 88 26 61 62 14 76 36 27 2 45 59 89 32 34 33 69 9 4 71 28 65 47 58 84 11 19 79 63 56 82 5 13 35 70 54 81 1 43 10 22 60 18 41 67 68 75 12
97
32 92 21 30 36 90 44 66 72 31 3 59 22 1 57 27 86 25 67 65 4 12 56 47 73 11 81 75 60 61 14 64 6 13 38 18 10 79 91 2 45 15 78 37 55 42 43 40 84 39 46 54 7 89 33 19 83 94 23 96 58 77 76 49 48 88 9 24 70 16 8 71 74 41 69 26 20 34 35 28 68 50 17 5 93 97 51 87 80 63 62 85 82 29 53 95 52
75
58 36 59 28 19 63 23 39 37 66 12 54 30 6 74 67 32 70 14 48 47 60 43 31 21 27 15 24 72 8 49 53 50 68 29 3 69 73 7 9 44 34 61 35 26 75 20 62 71 16 51 65 57 52 22 5 11 25 33 56 42 1 18 46 40 10 41 38 45 17 55 4 64 13 2
49
9 12 19 48 17 37 43 40 44 21 26 23 24 45 18 8 36 13 10 5 39 6 7 42 2 32 30 41 22 25 3 4 31 35 16 14 20 1 49 15 38 33 27 46 47 11 29 34 28
50
13 3 34 15 35 1 47 6 39 10 38 7 26 16 23 12 46 19 14 32 30 44 33 48 8 24 41 49 36 42 5 4 31 2 27 25 21 43 45 18 40 37 11 20 28 50 29 22 17 9
29
10 24 3 23 11 21 15 22 7 4 26 20 9 19 18 25 1 12 8 29 5 14 13 6 28 27 17 16 2
72
40 8 31 4 64 10 57 55 25 11 5 6 38 49 56 60 26 69 3 67 21 61 62 33 17 53 37 22 36 50 51 23 24 13 54 46 9 66 7 41 14 58 20 63 19 52 39 1 29 45 72 43 28 12 15 59 16 65 18 27 35 47 48 68 71 2 42 30 44 70 32 34
74
58 26 22 28 53 51 65 23 63 48 60 72 70 38 50 19 57 71 10 36 7 37 62 73 25 68 17 5 45 24 3 46 2 12 32 27 52 40 15 41 54 39 16 56 9 55 66 34 44 42 49 59 13 43 61 14 6 69 31 33 29 64 20 4 47 18 8 35 30 74 11 1 21 67
15
8 9 12 15 5 3 14 10 11 13 2 1 4 6 7
11
1 7 6 9 2 4 5 11 10 3 8
31
14 13 4 20 23 31 29 11 10 22 8 12 28 19 24 2 5 15 21 30 16 18 7 1 27 6 26 25 3 9 17
7
2 1 3 6 5 7 4
83
77 41 18 27 8 1 37 52 38 57 48 36 13 12 72 53 32 47 34 43 33 56 21 58 67 66 80 5 61 54 78 62 30 65 9 39 6 81 83 25 76 51 31 23 64 24 55 82 20 28 35 46 60 42 74 15 71 45 10 3 70 79 59 19 63 40 29 16 75 44 11 68 14 7 2 26 22 17 4 49 73 50 69
55
19 35 29 6 53 15 24 32 49 26 47 4 55 20 40 36 51 30 12 52 31 39 38 2 10 42 25 21 17 28 37 16 22 5 9 18 14 7 23 50 27 33 43 11 54 34 48 13 8 41 46 3 1 44 45
29
5 18 21 22 19 17 10 16 28 20 11 1 6 24 29 4 8 7 2 26 12 23 9 14 3 15 13 25 27
22
13 6 2 17 22 14 8 4 7 18 15 19 21 3 1 20 11 16 12 5 10 9
1
1
32
30 15 25 1 17 28 2 5 14 9 20 23 29 7 12 6 3 24 26 27 21 10 4 18 19 31 11 22 8 13 16 32
38
16 12 31 19 36 22 13 5 15 21 30 11 23 29 34 1 14 35 38 20 33 24 25 32 27 10 9 2 17 7 6 4 28 26 18 8 3 37
43
3 12 4 9 37 11 39 22 30 42 21 20 33 2 10 18 29 36 16 7 13 31 17 28 5 25 43 8 38 1 32 23 35 19 27 40 6 41 14 15 26 34 24
96
88 10 95 84 13 57 74 75 36 49 14 83 27 50 72 1 63 92 6 70 79 81 59 80 37 23 28 61 7 11 8 32 68 33 21 45 17 66 34 87 65 31 38 85 43 42 16 73 35 5 20 47 51 94 52 89 91 64 77 2 25 55 24 19 96 4 54 48 76 93 60 90 22 44 82 58 29 78 40 18 30 12 26 39 9 53 56 62 67 69 15 46 41 86 71 3
23
8 1 6 9 20 3 15 18 4 21 17 5 23 16 14 10 12 7 11 19 22 13 2
54
37 5 44 3 47 10 15 29 1 36 19 43 24 6 22 31 34 48 35 2 23 50 41 9 28 42 11 33 52 46 14 25 17 39 7 45 8 54 12 51 32 40 49 20 53 21 4 38 13 16 18 26 30 27
83
10 72 63 53 30 83 47 13 2 15 17 29 24 38 58 60 78 41 46 6 31 27 76 44 45 39 12 56 26 7 42 65 75 79 70 50 3 67 80 54 62 14 40 4 36 22 33 61 16 82 74 43 18 32 35 51 49 64 52 9 66 37 71 77 28 20 73 1 68 55 5 25 81 34 8 59 11 57 21 48 23 69 19
92
10 34 75 44 32 19 73 27 89 63 29 14 33 17 2 42 47 61 12 71 36 15 58 4 72 50 82 79 16 40 59 51 83 48 85 49 1 45 80 66 5 92 91 41 20 62 8 68 24 13 38 57 87 46 22 21 39 90 69 53 81 60 55 77 28 52 84 70 6 76 23 86 64 26 9 43 74 37 31 88 56 35 3 30 11 67 18 78 7 25 65 54
12
2 6 9 3 11 4 1 8 10 5 12 7
18
1 15 13 10 11 18 12 7 16 3 17 4 14 6 2 9 5 8
36
25 7 32 13 17 2 16 34 12 24 30 20 6 8 33 31 18 27 21 35 9 26 11 14 19 4 23 3 1 36 10 22 5 15 29 28
56
51 2 52 1 29 3 45 26 34 30 22 8 32 25 53 23 14 9 42 17 39 55 40 13 54 46 10 38 11 41 7 19 15 47 24 27 21 31 28 6 43 35 20 16 49 33 56 50 37 48 4 36 12 44 5 18
16
9 5 10 2 16 13 6 11 1 12 8 15 3 4 14 7
83
9 10 60 50 43 22 37 73 27 12 65 71 74 26 57 24 31 25 38 1 32 83 28 64 58 81 15 5 4 34 42 20 53 82 77 41 39 18 78 56 46 63 36 54 17 70 66 45 30 49 72 61 19 29 67 75 33 35 55 3 69 79 8 14 51 44 48 59 13 68 16 23 76 2 11 7 62 47 40 21 52 6 80
6
5 4 6 3 2 1
15
6 10 4 15 14 3 7 12 5 2 9 13 11 8 1
18
13 5 14 8 2 3 6 18 7 15 10 16 1 9 4 12 17 11
42
5 33 11 39 23 17 36 22 20 26 1 21 28 15 10 27 16 30 8 25 35 24 2 41 12 38 19 32 9 18 31 37 42 6 7 14 40 3 34 4 13 29
9
7 6 2 8 1 4 3 9 5
8
5 7 2 4 1 6 3 8
8
6 2 1 4 3 7 8 5
26
11 24 9 6 18 3 7 20 25 13 23 8 22 21 14 10 16 19 1 17 26 5 4 12 15 2
78
15 20 60 6 66 17 67 43 53 21 46 13 4 45 76 74 19 48 14 42 40 10 55 37 23 2 36 68 22 54 12 57 35 77 41 65 62 50 44 28 38 71 52 11 18 24 59 31 70 73 47 27 9 75 69 64 7 56 49 39 51 5 78 26 8 61 58 30 34 29 72 33 3 1 25 32 16 63
96
47 39 50 64 86 45 61 75 3 52 56 10 9 77 5 42 37 72 96 27 84 18 65 55 89 30 8 12 25 63 62 95 6 2 78 57 31 11 91 54 60 85 71 58 41 33 23 53 7 88 82 35 28 15 83 51 68 66 13 93 69 76 81 80 67 40 14 94 59 17 73 20 46 79 43 32 87 74 16 36 90 29 92 19 44 21 34 22 24 70 1 26 49 4 48 38
96
38 59 32 7 47 77 55 49 5 11 36 81 19 65 30 44 63 95 29 46 78 14 70 75 54 35 60 66 8 52 83 16 1 74 68 73 10 39 76 6 45 31 93 51 27 86 18 90 80 2 58 50 56 92 85 57 72 69 79 17 41 9 22 89 3 53 87 64 94 61 13 37 40 34 96 24 71 20 62 4 26 15 33 23 25 43 84 91 67 28 82 42 12 48 88 21
72
5 21 20 54 8 11 24 48 67 72 62 22 28 14 35 71 19 49 59 18 46 38 15 65 12 32 40 13 64 47 43 42 3 51 70 55 33 39 9 45 2 16 68 27 29 60 10 34 41 6 37 52 36 44 30 56 63 57 61 31 7 23 1 50 25 58 17 69 26 4 66 53
78
68 53 72 42 8 67 24 27 6 9 70 69 2 36 74 40 39 58 10 73 17 47 16 66 19 13 55 44 75 28 71 20 77 35 29 32 11 5 30 59 50 3 57 43 12 34 31 4 37 23 26 56 64 48 52 33 54 18 51 1 14 22 21 62 25 15 49 60 78 61 38 7 63 65 41 46 76 45
8
4 7 8 1 6 3 5 2
42
23 28 4 6 11 22 41 9 27 36 38 31 26 19 40 18 25 3 34 29 8 20 32 15 42 37 30 1 10 5 12 24 17 2 35 33 14 39 13 21 16 7
75
63 60 22 48 44 61 35 69 58 24 16 34 39 72 17 37 28 64 30 62 23 43 26 68 18 45 20 67 55 36 11 59 50 19 2 66 14 71 57 9 25 31 53 5 74 12 32 6 29 46 56 10 15 38 40 13 4 54 49 75 8 41 52 73 47 27 51 21 3 7 33 65 1 70 42
62
16 30 18 17 31 50 58 35 20 32 22 43 12 36 9 62 59 39 57 19 23 45 29 21 27 37 38 1 3 11 46 14 13 24 54 41 6 44 51 53 52 56 33 55 47 4 42 10 28 48 8 60 2 5 7 34 15 40 25 49 26 61
40
21 32 27 17 2 5 10 33 11 38 20 8 3 14 9 6 1 36 26 29 22 30 19 25 28 4 24 7 23 13 39 12 35 40 18 15 37 31 34 16
58
55 45 12 43 41 33 16 5 39 58 38 52 40 14 49 9 42 13 26 6 2 27 25 10 22 3 11 53 47 46 35 31 1 4 8 48 18 36 17 37 32 34 50 51 56 23 21 24 54 19 20 30 29 7 57 15 44 28
69
32 56 37 25 22 24 47 35 8 3 29 1 53 23 66 21 40 16 28 45 64 57 55 33 52 34 54 5 4 6 20 48 38 30 11 9 17 68 31 27 46 67 14 13 7 60 58 49 59 50 15 12 26 39 44 41 10 43 63 2 65 18 36 62 69 19 61 42 51
75
41 58 55 63 65 34 47 33 9 44 52 11 12 57 26 71 42 53 38 61 27 51 7 54 66 19 15 21 50 73 16 10 69 70 43 32 49 75 45 62 20 22 56 28 2 36 48 31 40 8 3 13 35 39 29 46 74 60 17 37 30 23 14 68 18 67 25 4 64 6 1 5 24 59 72
38
38 33 9 30 26 16 12 2 28 11 1 8 4 13 32 20 34 22 36 21 19 6 10 24 14 3 37 27 15 23 5 31 18 25 17 29 7 35
78
42 25 53 69 44 26 8 56 78 23 71 77 30 64 6 13 58 57 4 75 14 41 55 39 59 1 73 10 28 37 19 35 29 63 47 67 21 33 40 68 5 70 36 7 15 49 66 45 34 2 46 18 3 17 61 27 24 52 72 43 9 54 32 12 65 48 74 31 16 51 76 38 62 20 60 50 11 22
7
4 6 3 2 1 5 7
3
3 1 2
34
28 12 13 34 29 23 9 11 33 7 19 27 1 17 25 30 10 6 3 14 21 5 4 32 22 26 8 15 16 20 31 18 24 2
49
13 40 45 30 32 27 4 44 38 34 49 29 12 8 9 47 16 48 35 17 24 6 33 37 5 21 23 43 28 18 31 2 3 15 11 26 14 1 42 25 41 22 7 39 19 46 36 10 20
66
39 60 10 43 62 6 28 11 36 47 15 51 30 27 54 34 58 4 9 5 48 44 55 12 63 52 19 42 49 65 56 31 45 16 14 59 57 13 53 20 1 2 7 18 25 26 37 21 33 17 66 35 23 3 46 64 32 41 38 61 8 29 24 22 50 40
93
36 69 42 68 55 41 32 37 51 86 33 46 70 57 64 48 91 9 67 85 12 66 77 22 82 45 31 39 19 5 2 11 56 25 58 15 20 17 52 54 81 93 89 83 16 87 90 35 78 26 62 29 76 88 28 21 38 3 73 18 49 43 30 47 27 44 60 75 6 10 72 34 53 79 23 24 40 13 92 84 7 63 4 14 71 1 59 65 8 80 61 74 50
54
37 22 41 45 21 15 47 2 27 36 53 49 16 54 34 8 52 28 3 33 31 9 32 35 4 42 25 12 14 7 51 48 13 26 20 19 43 24 29 1 5 38 30 40 11 6 39 44 23 17 50 46 18 10
78
48 40 14 66 32 23 38 45 41 77 62 4 31 72 7 39 73 42 56 19 51 61 44 69 43 10 65 15 5 64 17 49 75 28 9 53 18 27 55 3 13 33 16 34 70 11 8 57 30 26 35 76 25 24 78 68 6 29 12 37 50 59 74 2 58 36 21 22 52 20 71 1 60 67 47 54 63 46
36
28 7 25 31 13 1 30 18 5 24 29 3 21 10 26 9 27 11 36 6 33 32 20 12 34 16 15 22 23 4 35 17 8 19 14 2
20
2 14 15 18 7 16 4 19 1 13 6 12 5 10 20 17 9 11 3 8
19
2 15 16 7 3 14 8 12 10 9 6 11 17 4 1 19 18 13 5
84
41 36 31 12 72 46 43 59 21 4 14 71 40 7 61 81 1 18 2 28 3 83 33 52 73 74 22 63 60 11 27 48 6 56 65 66 34 8 54 49 57 58 50 37 10 67 5 15 78 20 80 47 44 26 69 16 84 70 42 45 24 39 77 17 32 9 68 53 13 55 35 62 38 76 25 30 64 23 79 29 75 51 82 19
74
32 8 24 49 60 58 45 21 14 72 27 31 2 15 5 11 6 41 13 33 50 20 9 12 23 10 54 68 34 62 51 44 25 36 22 4 66 47 46 18 29 52 35 17 7 56 48 26 70 69 39 3 71 30 59 74 40 53 61 64 67 1 28 73 65 38 42 43 63 19 37 16 57 55
95
43 5 64 29 78 90 54 57 62 55 8 74 67 36 61 89 47 24 7 17 6 49 94 37 38 72 68 92 3 27 81 20 18 76 14 2 30 13 46 66 60 21 12 95 42 56 22 44 4 51 10 88 35 86 19 16 50 32 93 80 31 53 25 33 77 65 15 84 48 85 69 63 59 75 91 39 28 58 9 83 87 73 26 40 82 11 34 45 23 70 41 79 52 71 1
40
24 4 8 39 18 2 20 7 31 40 29 26 22 36 3 19 17 11 12 1 38 23 5 14 9 25 13 28 32 35 21 16 15 6 37 10 30 33 34 27
31
19 11 20 2 4 8 30 31 29 9 23 10 24 22 12 3 26 28 18 17 27 15 7 1 25 13 6 5 16 21 14
47
28 10 24 26 1 41 17 12 23 47 21 36 5 16 4 29 8 15 27 30 44 42 2 7 38 46 39 37 35 32 11 34 19 25 33 14 31 45 40 13 43 9 22 3 20 18 6
79
5 63 74 9 64 73 21 32 69 4 34 67 50 8 17 77 18 33 31 60 40 11 37 22 57 24 28 12 56 65 68 49 53 59 70 6 72 47 54 20 41 75 52 43 29 46 19 45 71 23 26 14 48 76 27 62 78 1 61 25 39 42 2 51 3 10 16 58 13 15 38 44 36 7 30 35 66 55 79
66
43 62 45 8 40 34 20 51 7 21 52 23 4 55 24 31 17 13 37 46 18 26 38 36 49 16 58 41 15 6 44 19 47 33 66 32 60 2 14 25 65 54 27 50 35 39 42 11 63 12 1 48 56 5 59 64 29 61 9 3 53 30 22 28 10 57
44
7 36 27 21 9 32 20 30 18 22 15 38 31 42 14 1 29 16 37 41 13 33 5 2 39 12 19 11 10 44 8 25 24 28 43 40 6 17 4 3 26 34 35 23
57
25 13 16 17 50 37 45 1 48 8 27 19 12 32 44 34 57 54 15 2 30 46 43 26 53 35 21 52 39 3 31 33 42 24 56 5 7 47 6 9 41 23 18 14 11 10 40 20 55 22 29 36 51 38 4 49 28
51
44 16 29 26 43 14 10 17 3 40 35 6 1 25 51 36 42 5 50 2 9 39 49 30 31 20 41 47 22 11 7 46 4 19 37 28 23 21 12 34 8 18 38 13 48 15 27 24 32 33 45
10
5 4 3 8 6 2 9 7 1 10
82
20 53 73 47 7 64 19 25 3 81 16 40 24 10 31 70 12 42 44 5 21 45 34 78 8 61 23 54 14 66 6 55 67 80 39 69 65 51 27 56 77 72 71 49 26 63 82 9 62 48 35 11 43 29 75 79 28 60 37 74 4 46 52 18 17 76 13 50 58 30 38 59 57 22 36 32 15 2 33 1 68 41
93
82 23 83 74 8 69 71 2 84 11 66 36 45 54 61 13 38 29 76 42 48 18 81 78 46 47 64 16 28 59 35 6 89 63 27 24 79 26 41 33 5 31 19 86 77 90 55 30 73 10 49 53 72 67 65 60 43 52 44 12 57 37 75 22 40 3 25 9 17 85 34 7 39 93 20 51 21 4 68 80 58 56 32 87 50 14 1 91 15 92 88 70 62
65
27 60 46 28 34 21 62 65 1 15 17 6 57 22 12 8 40 3 41 42 33 2 47 59 54 48 18 61 63 16 5 55 36 24 51 38 39 45 49 13 4 7 9 37 31 32 43 26 14 20 29 56 19 23 58 10 44 64 50 30 35 53 25 52 11
75
30 50 2 35 46 48 53 64 15 27 3 12 42 47 75 58 22 49 66 29 40 26 34 70 74 51 10 69 33 61 16 65 41 32 45 56 62 71 1 60 31 67 39 20 17 73 38 44 24 21 68 43 36 13 7 18 11 37 14 54 6 63 72 8 19 59 9 28 25 55 4 5 57 52 23
94
62 51 32 3 90 68 22 33 26 93 45 48 25 84 53 2 10 71 88 34 82 15 6 21 69 91 59 29 86 31 54 89 27 61 16 56 85 38 65 9 37 19 18 24 39 73 64 12 28 11 13 58 50 44 43 47 30 81 72 5 20 14 83 46 1 42 35 57 75 76 23 70 94 63 40 78 55 4 67 79 41 66 52 36 17 77 92 74 49 8 60 7 87 80
13
7 6 13 10 8 2 12 3 4 5 1 11 9
94
72 53 84 60 38 10 62 23 18 11 64 6 17 79 81 94 8 82 33 88 21 92 61 75 57 26 86 63 71 80 59 25 12 69 46 78 13 7 5 34 85 45 65 19 35 40 20 55 47 89 2 4 76 28 15 16 1 51 48 52 22 54 77 49 68 31 58 74 14 90 9 93 87 67 44 36 32 27 41 73 83 43 29 66 24 56 50 91 3 42 70 37 39 30
91
57 37 8 54 46 6 77 17 15 3 31 14 39 9 62 18 69 35 19 74 25 34 89 63 81 10 72 49 22 70 30 90 5 27 20 29 12 11 50 2 61 68 79 48 84 86 28 4 58 53 73 32 44 76 64 7 87 55 40 36 21 38 47 75 85 42 60 26 23 66 83 51 78 24 91 82 13 52 33 56 59 88 43 65 80 67 45 41 16 1 71
77
23 55 4 41 69 27 28 10 13 21 33 53 17 16 40 31 2 73 8 56 44 38 35 66 36 26 22 9 57 60 20 74 25 18 49 1 39 7 67 58 54 30 32 61 68 46 45 48 34 3 71 62 63 5 47 24 70 59 72 12 42 11 50 6 43 29 14 51 37 15 75 76 64 52 19 77 65
71
46 57 38 35 9 68 5 27 53 52 11 24 7 29 37 15 40 21 42 23 18 25 39 58 30 69 43 44 1 67 10 59 2 36 55 63 22 66 6 16 48 54 12 45 26 19 56 71 31 28 51 33 49 61 17 13 50 64 70 41 60 65 14 47 8 4 62 32 20 3 34
40
9 39 11 26 25 24 27 13 32 2 16 1 22 38 20 17 30 40 14 37 12 6 28 36 15 19 4 5 7 23 8 3 21 35 31 29 33 34 10 18
21
16 6 14 2 9 11 15 17 18 13 7 12 8 3 4 20 21 19 1 5 10
33
25 12 13 33 18 11 5 27 9 16 28 8 15 31 14 23 26 19 3 22 24 10 30 20 17 2 29 32 1 7 4 6 21
46
44 17 22 30 46 31 34 14 13 36 42 24 21 10 5 35 27 8 15 25 9 6 2 18 11 29 39 7 26 32 20 38 23 12 28 1 4 41 19 37 43 40 3 16 45 33
68
5 64 63 29 68 37 23 44 43 50 42 34 13 25 57 19 48 9 17 2 26 54 14 46 31 8 20 59 52 45 65 58 30 28 1 53 66 56 24 39 4 32 40 16 33 21 35 55 60 47 18 10 3 15 67 11 22 38 7 61 36 62 6 51 27 49 41 12
11
9 1 2 3 4 8 11 10 6 7 5
84
29 2 36 43 23 1 82 50 69 24 20 62 47 30 11 6 65 52 56 10 79 41 51 39 18 12 45 8 77 54 38 67 37 7 34 17 60 57 4 66 46 78 40 26 84 27 42 44 33 49 59 83 71 15 55 63 72 35 61 53 58 48 73 19 13 3 14 5 32 75 80 31 25 70 21 22 9 76 28 74 64 16 68 81
47
28 23 15 43 22 40 21 41 16 32 1 44 5 35 24 4 10 12 45 25 2 9 37 30 34 36 6 7 20 11 46 13 17 14 3 38 29 42 18 27 33 19 26 47 8 31 39
31
29 3 31 4 13 18 12 21 28 17 26 6 24 30 27 8 23 10 16 20 15 7 1 5 9 25 11 19 14 2 22
45
3 33 4 38 16 29 20 12 34 36 30 39 13 21 18 5 14 9 44 7 6 35 32 23 43 2 19 1 26 40 17 25 8 15 42 37 11 28 22 24 45 27 41 31 10
90
19 62 42 78 66 67 10 55 41 7 6 81 15 63 90 47 16 82 71 24 12 64 59 3 26 11 5 58 87 37 48 33 74 77 22 40 34 44 65 29 85 70 76 80 53 51 57 45 72 30 36 46 4 32 28 75 39 18 50 1 68 27 2 60 61 23 52 14 35 89 17 9 88 38 56 20 69 73 21 84 8 83 25 79 86 13 31 43 49 54
78
55 54 48 46 27 16 35 70 43 69 37 30 11 2 63 33 73 45 60 75 59 7 62 58 74 6 40 65 24 26 64 18 49 9 68 28 71 50 29 44 51 34 21 23 66 10 31 32 4 36 14 1 53 72 39 78 41 17 12 15 61 5 22 47 8 13 3 57 38 76 56 25 52 19 67 20 77 42
51
47 42 22 2 23 21 38 8 6 34 32 3 44 27 46 36 50 40 1 24 19 37 17 25 43 10 11 9 49 14 16 48 51 30 39 41 26 20 31 4 28 5 7 29 18 33 12 35 15 45 13
