10
83
56 51 9 61 42 50 36 2 7 47 34 82 39 74 73 59 19 24 75 62 11 44 18 60 77 37 30 33 66 22 35 46 26 5 76 45 41 52 57 65 4 70 72 71 1 53 17 16 20 3 14 80 12 64 27 58 31 43 68 69 40 8 63 79 67 13 10 23 78 21 49 29 15 6 81 32 55 54 38 28 48 25 83
40
5 33 20 29 15 35 23 4 14 1 25 37 32 7 24 11 12 22 21 6 8 38 34 19 31 17 36 9 3 30 26 2 10 18 13 27 16 40 28 39
17
1 5 14 17 16 13 7 12 4 11 10 15 2 9 3 6 8
48
15 48 47 6 41 21 14 18 3 5 20 7 25 32 29 9 30 13 24 22 31 8 12 40 2 38 44 17 4 36 33 10 34 27 43 35 19 11 46 37 26 1 42 45 39 28 16 23
74
74 16 37 65 33 13 25 30 57 5 20 48 41 4 27 45 53 31 15 22 68 64 8 14 1 10 24 50 9 70 35 49 23 26 42 46 29 7 69 67 52 47 54 6 61 44 18 58 32 2 21 19 66 39 56 63 59 51 12 72 17 71 34 40 36 55 60 38 62 28 43 73 11 3
75
59 35 43 44 62 56 14 71 55 11 28 12 34 53 41 15 39 30 69 50 63 57 23 64 73 19 42 38 7 67 46 21 45 31 48 18 6 4 37 20 33 17 47 70 26 22 29 36 9 10 66 51 61 2 54 72 32 13 75 65 58 74 1 60 25 16 24 8 40 52 68 49 27 3 5
90
33 27 43 11 79 46 50 48 32 30 19 75 22 62 70 71 54 36 82 80 9 87 47 86 59 6 53 4 5 77 41 25 61 49 7 68 28 3 40 60 74 10 73 24 38 57 76 26 69 14 34 16 85 63 84 78 12 23 17 55 58 56 89 64 45 83 81 8 13 15 67 51 21 90 35 72 2 42 44 18 88 1 39 65 37 52 29 66 31 20
17
7 16 1 12 13 17 11 5 8 6 2 4 3 9 14 10 15
96
42 2 79 4 90 18 25 94 69 68 33 35 56 3 15 10 5 58 16 72 80 82 51 62 64 44 39 71 81 41 92 32 27 87 9 67 95 57 31 49 83 76 20 19 13 78 59 96 55 66 91 21 23 12 63 40 11 88 86 37 8 93 14 17 89 30 47 34 85 36 53 26 50 65 74 6 48 52 73 75 70 29 22 28 60 1 38 43 24 7 54 84 77 46 45 61
49
15 34 11 3 10 32 30 41 39 47 13 40 19 12 22 8 2 25 48 23 17 9 24 18 6 20 49 7 16 14 43 38 35 29 31 46 45 28 44 4 21 27 37 26 33 42 5 1 36
