10
57
421044 812644 968689 192597 637734 819419 736590 370073 648319 342551 31560 461511 401325 165052 101699 574657 473537 318641 355604 284590 575327 128033 960349 942835 78185 579534 11375 114448 678834 927636 89293 20730 979119 792745 901882 33315 287323 525250 289160 494778 528293 401174 783517 271322 164282 14468 269184 878978 605105 104585 816956 616265 834949 598690 72302 508464 621240
58
476061 387677 247485 630780 862838 526780 134178 937625 986204 159512 773904 656840 456371 48663 365423 586393 285373 922566 537770 410362 12188 950166 204351 101128 187573 763485 560243 898555 608570 754019 763166 135657 111833 102231 933954 603309 351437 826626 533436 229921 268612 314718 64565 327159 229727 925929 151909 175679 542414 577788 165903 306562 347870 250851 965190 997010 769853 565172
98
45536 663311 687811 184545 82729 855606 212749 88264 181374 676383 486759 254981 461592 84522 465130 887610 905356 346787 924832 359103 940195 163684 606637 787838 625776 587237 713952 438574 90060 868945 252252 157818 861983 8986 800950 316510 792037 610573 136695 980659 977 387841 380083 256960 792230 625783 648449 613458 370109 325149 479682 478021 982086 122248 278832 259603 319944 468167 445648 873199 574699 423227 409124 894050 131536 814273 509863 463107 952290 406925 893920 878449 513878 465083 568716 184990 195759 426612 478199 30600 90068 472146 364835 223279 597620 214973 732180 490343 29328 661802 407564 807417 859957 830840 259331 276806 115827 675357
13
436463 232968 691835 848419 272616 485442 66011 605064 323541 736035 513142 2477 484370
24
543901 237779 773555 837089 454783 538864 117840 205253 260884 174923 942388 393842 663981 344629 422378 53415 722531 956654 156942 600089 577465 424626 2573 392455
64
898239 557034 870078 850463 364490 907550 112147 868915 780238 825831 443752 230959 351454 990796 486811 447633 656995 782913 798030 270715 276547 243298 893206 467547 86737 555968 319073 236786 728468 343894 940358 15848 395134 307706 300524 5089 628598 433012 64067 3067 853033 243235 57510 310427 867817 995878 620204 312395 812157 645860 758289 849745 702082 585211 861678 817774 826162 115749 565709 949009 156560 84983 955182 675634
29
89479 328746 200374 650626 668094 490960 55517 718266 203844 450804 417839 877146 493209 153709 4857 306997 297176 449702 612001 551163 208342 298443 643759 136665 65337 841797 768176 552552 41674
66
686959 527207 409747 852109 341752 419146 239120 173633 672880 931300 756530 166431 269160 713202 620556 573024 910461 7628 418715 88371 999037 737501 284950 772176 951885 144341 895257 300031 573662 791974 770112 363131 90195 471910 189877 668236 478041 323913 720504 184342 817518 289029 118254 959639 529215 414802 418803 703239 611805 388998 199840 212815 317343 931633 666743 781711 290858 198618 957182 150392 69752 466783 929098 715237 736031 979204
92
272902 970542 984256 568144 946051 856064 589582 60933 705586 626016 269340 778090 620423 689809 542126 486384 855688 893198 126426 244109 863179 306021 310919 789297 830855 774416 947492 85208 566212 85992 708484 287852 226821 416591 136990 3455 76393 818719 439938 21226 374625 439411 697934 751628 231421 716713 496166 673626 683914 334875 116867 421075 166351 14212 579647 423686 264202 222152 912017 803200 256820 3179 336426 677749 441479 771243 58753 889964 410371 908462 115600 964873 885578 575698 806576 166382 532608 801832 740787 208282 825255 138340 710670 285509 185280 786846 339350 238493 418055 561499 242306 314143
69
4778 56514 722137 73654 494967 850897 188651 33226 468643 584908 445152 458937 64386 564206 33105 655745 357949 722902 593205 780942 570465 949473 931081 125498 134375 100423 157889 456333 12768 335295 641550 465627 57187 505719 222880 957697 939675 934199 461277 103624 13428 727322 386917 73841 143864 281607 648414 787267 290085 37646 748543 627246 121337 575783 207345 603159 216501 578503 756474 576622 271606 78821 993551 163954 859164 777363 597270 761170 497931
