10
839
656607 954587 366757 572436 59986 639841 290553 714970 589799 732542 162642 922172 970132 975520 390699 649235 496659 568973 255751 546821 661876 816748 682326 92228 979253 735788 381923 516570 222151 247972 357467 34185 847092 16275 195699 333073 760483 529661 336325 314159 266605 495984 167284 698142 386068 605523 158721 551540 98781 985836 991149 169006 789238 759309 704674 838046 714968 160765 322507 421461 504693 339845 187851 794822 864082 598375 867406 569280 414180 944531 696817 31383 591789 977352 553290 430563 637396 862150 35898 517927 789443 213828 646327 487986 858020 495911 878382 623936 297529 725624 922335 981670 208980 816522 61330 375266 951033 122464 896125 529509 779270 148745 951654 497737 150199 948277 676042 142811 908221 922152 213496 92540 758584 806589 592300 588602 907490 989581 870304 25625 627610 97893 8246 473936 42569 535222 474140 938157 353489 66586 875614 85033 129131 32010 819665 754820 46224 195029 778732 938631 397115 794338 476526 678300 212557 602807 783312 449997 179762 310692 524143 23791 406674 139719 712616 821099 893574 660436 644854 421827 349180 253708 634963 657478 650289 677577 976976 682265 979076 299464 226147 714852 188534 905200 495308 388795 766576 86731 721418 589422 764027 758698 993252 312182 754960 420374 445202 660209 253740 971638 1139 364008 918128 959000 628009 306405 713589 900195 685328 762572 96196 723820 171019 525009 978556 367643 835563 390159 763613 483771 41772 252082 615377 417879 384955 682000 84720 407716 513756 373224 498533 223414 562921 669178 397050 492433 87920 793677 561284 419249 461396 46788 148178 235377 949022 604200 77841 852765 107310 230577 332354 885663 473006 464801 117660 527066 801597 380508 800337 526069 659510 244312 337394 303849 702170 107327 32756 504587 694578 462081 165871 995831 267261 243705 652475 475520 46847 910480 666914 304246 433179 382682 544578 103515 613628 924924 91179 798343 972112 763413 622388 151386 78899 233233 533144 847823 171914 606799 514880 389902 925513 312624 558325 429043 255879 745213 833436 450426 627939 925514 305611 934700 607098 825449 177136 245933 528832 758921 892281 912322 935538 748255 664140 484459 58931 171343 903067 270483 509665 512790 813185 879903 114834 131959 122979 878517 8050 277136 613267 872587 345705 264055 143042 419592 787546 597846 168152 404288 34903 17579 78555 866487 343686 422931 260587 896729 24940 185842 354235 774951 546568 154657 408313 671122 293010 834266 488751 410992 706196 423679 418853 122496 867055 601487 410093 528980 806852 282955 31312 573327 829024 133469 235160 440568 390374 459271 137223 397795 794456 70617 496163 107859 517265 592006 250613 750446 153086 114516 830876 579170 527531 716883 676178 95137 359438 404908 189577 434634 980314 33227 29585 787555 570720 991869 448363 676720 856841 271276 458341 693407 711821 169061 197282 245880 729287 175555 457236 856915 967873 249460 511315 775621 845177 205868 32154 607425 491665 844563 186727 723893 584848 492003 332678 833027 479956 554887 71130 449898 375854 909359 538863 466972 634771 40580 357442 897279 739592 471230 154793 579067 754823 530326 15846 489056 729299 764881 136638 965709 68171 597122 71286 898868 112343 290813 955064 606625 48155 302772 427155 434512 560873 582172 352500 25559 75606 436119 878663 456255 124961 385189 172769 48750 130066 927033 319152 190791 856720 466884 223336 436888 689911 546092 232092 903618 462263 224794 238768 911190 404233 685173 683200 602068 629197 611221 593634 687472 549237 816385 669356 988725 737573 947207 108393 365061 852538 139692 169203 660571 818899 473593 399735 95997 752969 509779 859990 108718 970618 762861 342712 380542 124675 904059 354839 121414 982776 540850 293255 924955 613210 657444 954103 251614 179922 853173 841787 55015 703025 481299 493986 438770 942752 83402 582156 226456 181678 169593 720037 863216 328973 111043 722926 484781 677764 920560 249374 560019 19527 654889 594113 10173 421545 723986 634794 976679 570470 843739 423210 567028 578443 170725 347220 152816 506705 26655 253690 100541 524613 962670 259561 155147 879626 895158 642983 261684 490419 950118 614435 941172 422216 497002 905682 593608 61424 795097 533970 552543 869355 294841 429174 307505 123411 489061 794958 823253 506852 208129 383168 287237 332566 577135 842627 73990 241368 440786 180268 843169 294297 394468 523795 365376 51562 704960 689816 190042 525261 507120 754078 277993 73966 83602 517583 825355 67403 275569 931016 333078 267922 908037 175426 570892 500295 623244 464191 310021 910332 436022 222694 735746 620832 24184 608949 677289 81541 601109 261062 679464 847480 992683 163973 728211 802119 584812 380363 222140 3052 750128 798659 573286 875852 433189 399584 877287 777768 313579 608864 580196 819295 159976 85437 604659 793327 485819 361560 885466 612573 651762 78711 17260 331930 249196 823493 847834 807370 977528 662634 458957 434593 148684 451865 446264 465505 765865 591695 986266 387651 699922 913732 840769 120876 374330 863332 239087 156879 920708 468085 639677 291300 660972 31144 317050 745904 761858 3866 230177 635197 874474 341892 416399 156809 771194 622698 260715 377634 945025 754483 144068 104779 141447 425570 19298 573139 761494 224035 198289 903233 878826 445069 881532 683098 720284 352040 176767 268296 661747 831200 684649 799499 82297 700537 331824 169410 934250 431295 580918 379604 531826 563870 27390 932843 826257 342546 452620 212129 62048 466976 403854 2539 505734 328450 903744 70443 26102 530360 823188 435307 344113 448144 28844 747867 150499 460585 157184 567046 47922 364249 893069 842678 541887 408012 896388 142158 132430 164637 791719 867841 643185 994679 498610 606827 326473 459381 423671 832154 125004 802550 102392 127683 249464 181072 777551 267183 109349 504033 612979 77030 892771 294152 309662 586277
695
193128 318109 128474 618633 18252 294319 285361 549254 294608 842602 120357 461628 635653 707621 316430 635039 103812 735432 331799 440930 231461 11256 908394 762028 533313 31515 490225 403586 301206 757769 790946 298045 996816 737864 34652 400854 256084 871024 77263 337963 392165 306633 3206 919952 681731 206706 176767 637078 488509 461455 535798 914382 944821 551633 913762 618589 132621 34765 643661 599350 831287 982068 782783 4614 635718 231384 562039 934039 529213 681284 952388 68425 925888 212980 815853 832151 326646 819249 616680 40562 277810 602075 714990 364788 404980 72357 887022 810588 349355 84016 760934 441697 780981 618167 68299 514125 236136 34141 346320 594502 69689 841367 541669 612045 827990 756064 353390 922464 924927 870702 499748 43513 825768 546914 231800 276297 524805 461643 474394 558534 188506 320863 587200 540864 275909 242563 253625 608365 305534 539054 25251 599891 59677 747187 3374 188513 54068 120819 902465 766335 496201 584861 511465 366478 858214 834355 904427 17737 428621 779787 215917 720700 787824 678582 207084 413943 893296 274856 948687 400630 78695 224286 307239 235292 421464 733022 875460 830669 948841 774748 530079 653506 843789 44014 920456 458876 927489 859599 597802 714594 482791 257463 434585 268795 460581 671632 968009 494908 500314 895015 40928 670316 947510 423541 579936 954216 484474 786063 581358 529881 70697 318268 428194 441900 509020 679221 335718 139539 487942 370160 480905 89840 773215 471540 717266 9015 871898 896264 120608 522893 81830 326544 811308 503753 408110 781853 156738 515030 14005 362462 280505 674334 81638 126122 227342 12003 900417 649996 25579 514370 148137 714991 216591 865385 805948 984993 103683 484297 203419 386500 41847 762770 512524 782707 795392 384828 591173 996252 457226 869687 966778 294054 74 704192 40527 751284 295177 824005 250560 843890 663829 93391 112993 916790 832533 907215 944933 62520 768565 199886 945984 794560 462950 521197 576944 308414 625044 261390 94894 312357 121510 122263 361202 77802 805515 856609 738581 790762 144501 743209 83596 440084 809115 118371 418884 194067 72227 209993 179846 495649 348792 109736 858404 983927 565873 913509 485311 366952 469699 359470 465997 348265 832238 600023 801237 432338 943488 927074 172713 420215 922656 681607 938417 315964 972401 579256 875424 888243 359510 1122 777752 715382 638115 497311 504615 384925 104053 251048 56088 74836 664423 593400 724257 341212 106384 803562 310181 16712 842422 643860 273355 9917 419984 560186 777320 899455 5324 152370 712618 901803 819256 333392 293503 923841 138181 140836 140289 152173 823455 633323 335996 107613 730072 380702 116814 673781 518266 604051 337065 457374 688125 523647 145029 399839 77856 468790 448018 641190 320382 883474 581531 384564 114471 125232 184519 144008 387027 354870 559970 307587 563279 498823 865754 959917 214701 340602 262221 577013 522053 260384 309604 29103 98952 273275 655016 222183 189195 591927 869867 46591 577623 495406 478872 566667 111680 765847 165501 95176 479763 744298 852556 190740 772347 539932 972753 727605 538353 734184 352878 385088 201729 328899 615710 475551 740862 12018 938090 173477 19894 187242 418352 384086 865656 68223 190171 139726 13247 478299 469328 303980 954263 903687 600930 472829 815289 144359 787774 175438 284923 333199 281984 736253 682271 915925 956122 185317 97235 262489 9099 959023 876194 172195 234004 654287 388319 89428 198779 711791 312094 563957 483965 346883 944955 718023 347391 932423 149512 129857 420447 491188 362377 931846 969052 860707 285869 742180 169429 480914 536208 831691 223519 103090 103560 404411 694368 764967 253116 426261 292979 185386 758261 54839 701990 442115 377928 191457 919745 884602 52052 586477 937983 178510 677059 665174 639031 857239 109069 473676 880119 880129 460916 863764 685241 660122 183276 153186 650927 971093 517351 319501 143911 400514 248434 478893 976869 201250 79971 130276 160703 188826 936728 270512 761517 235082 574042 475161 562430 173570 699387 873614 8553 969120 125725 251202 741884 856003 556092 871771 720841 844773 272455 316093 258715 942 132279 886084 598327 997816 2661 763491 450566 702121 74052 574788 158906 626363 546427 22275 534434 212096 364873 185619 810484 675845 129871 664819 480393 627175 254664 757331 175844 422413 147136 410529 372928 484222 507377 199262 453911 88730 513728 881976 611991 199067 78282 376256 804484 681824 995068 245277 549037 977071 33500 369506 429826 801690 999092 211066 695160 297733 77784 198995 297810 70336 849518 811786 112800 783461 830557 746440 188667 638910 969856 362363 105477 517735 684380 301787 977691 769969 969327 78338 945953 775176 64957 45640 634198 547229 583474 730159 691333 179621 365689 377814 402465 331827 416540 19076 202789 297683 1773 768885 264521 721770 832255
556
368509 76882 723531 593970 381791 584236 50668 469606 514618 910318 438190 694432 371502 204458 284001 327768 330428 840943 703569 63091 708877 783489 899068 843339 271985 67629 823482 157092 264752 646185 364095 115976 904966 313017 39448 446315 538674 484556 27247 223816 228936 458350 431424 408615 288380 651307 151846 396067 614422 716074 49883 332538 38982 964682 901794 637582 109165 629368 288603 503404 726553 308029 15828 271600 234787 342815 784086 526069 876129 932078 458922 560615 990535 776455 289082 8221 773049 508301 647723 971848 457211 71429 569286 142515 1352 749304 96604 175563 429447 148507 180280 534760 638468 369605 700258 690703 571786 66482 107195 662532 600648 965692 822101 424711 105992 932962 296272 74923 620322 375449 279535 929878 318243 725880 735810 619859 742412 147320 272568 357329 572597 224442 316789 336345 895980 212706 445128 790634 807916 388577 435190 838858 18309 442442 269308 605191 571774 315829 205132 818605 776930 123640 399003 312258 766374 846504 377352 948130 740914 286596 258212 31697 865774 897623 331263 376545 768484 638334 99628 440372 653248 780541 896860 53684 391052 25327 229399 742010 45720 317994 498109 644653 607095 742721 611130 646356 721842 881147 324068 675565 43627 218280 838638 163984 671882 614909 31190 729138 483724 831717 711244 376572 105743 994994 348051 628954 410892 979969 216163 241868 434729 648565 320690 385808 260295 972208 281136 44998 135094 885736 733052 61148 890664 109492 397728 843993 722515 970012 868794 768641 914478 845037 141086 78468 76617 819059 73139 77746 950447 205567 908040 213981 974591 130291 19539 844280 951775 651889 729427 441628 982093 93661 880112 890873 490532 268445 496785 594428 478590 675803 80681 910860 974445 687388 319396 77174 607572 457314 264482 492628 884595 119401 799374 176168 588540 721285 917833 215222 835607 823148 974433 102272 242781 505950 385206 495717 751568 150506 294448 574339 565353 710338 978727 696403 905848 628491 872752 394627 419104 336062 68019 162899 392574 956382 72654 766179 502112 611840 917541 190996 78947 240000 383785 495569 954223 736072 103118 507022 207431 280826 279429 718349 81610 699172 386326 467193 80553 925361 687413 176316 27772 35527 31129 374119 791599 480247 850128 483326 531061 276454 500131 140761 584129 998192 169443 114522 660837 755820 238710 609154 611503 398296 589160 682228 205554 85121 23709 45040 759355 521600 333908 250298 791619 323545 812706 913484 517853 528665 948570 266562 367537 12548 477952 598784 217795 97855 709905 535349 363513 152140 692279 975835 281779 573782 128282 835892 601868 948367 112019 149480 915449 912162 659029 328096 122090 792951 875918 398961 621708 77448 104050 796623 840051 174562 414631 436221 804598 91504 407216 274741 821546 651431 704063 105816 232949 302413 387794 382002 312898 7597 350488 78661 707784 177273 586055 707458 17321 829841 437005 202924 239139 878618 831392 891644 742116 842180 867069 911798 36582 651097 859370 152743 506572 186577 717687 285743 813662 371505 293742 86454 181579 743146 219292 556122 618341 519825 981208 675644 38675 141076 78420 665123 25226 753671 128525 858658 143546 301423 549371 349271 248898 390159 379344 142523 956041 145403 645031 134354 910200 988482 33606 378682 998360 39994 594789 991629 875928 897372 786958 22949 666710 104571 167151 23878 191490 872851 98618 420199 404426 798115 848384 189701 295974 118297 873535 468023 662699 334350 672444 553961 10517 519384 768878 396831 578572 139714 328950 412936 104582 904040 620300 4500 842726 290367 313076 607192 342315 886669 399540 785947 320413 147066 463141 518465 782351 569902 3112 287933 19544 333266 865107 203303 934421 524600 736773 413005 23625 761899 579672 995406 988028 818312 599682 764458 260588 384644 541305 213213 142937 180706 48903 92873 543779 206258 28614 678770
788
288663 212771 484166 515218 380081 630400 45927 773302 161478 192832 651649 456138 930584 727782 156456 895664 450005 310200 685119 19178 121183 347256 478264 374853 139794 955176 46620 537419 167638 368640 95375 631093 52425 390513 376790 178091 635648 871224 309714 994942 655049 478202 108038 40718 600122 999765 849581 175458 116660 94512 881341 417180 832320 957728 230251 382456 70605 938656 472845 993987 749478 514694 554683 701745 793544 190749 673709 644470 457051 862800 50597 707656 595020 234514 54039 169668 63184 585680 730634 906787 831444 762332 583795 68851 236657 709829 632882 495815 869683 273924 377915 398819 700260 849706 496386 698026 815529 714243 721521 363732 457316 576689 980522 548293 885946 646507 476769 124395 799835 671305 200153 303063 79889 913636 138565 906672 550537 48881 268566 996805 887015 507992 729797 785668 537776 418059 678614 923834 733008 305388 133515 768541 678394 999959 220678 601098 358142 332487 669303 135911 215367 495505 276230 824321 292370 596368 787818 982492 471037 767190 715598 448650 33848 528742 752714 614171 528226 235944 417867 255901 172251 725425 323556 369637 67605 896153 255274 859016 487049 489804 207863 510956 253307 988022 300448 133230 814972 48684 899878 59408 823409 716100 445557 520015 163564 917755 770881 629221 210618 663771 432279 564075 997626 573137 817160 535201 155641 660153 318798 166634 99560 931462 176132 349973 555324 343257 425610 833990 543991 433158 1700 865307 97086 717132 570070 6980 185980 293347 257423 328861 733804 425718 315183 62090 675887 556544 960617 556410 659593 198653 226665 811635 166396 884686 893813 47117 865289 203947 309097 707525 588063 680122 365344 518622 752807 268607 216884 577201 925743 790552 599092 409158 798432 965236 800909 508957 599915 281479 962420 836452 188686 933502 186018 727574 894998 660935 105341 665828 178523 606472 193299 243130 578053 989574 962902 844579 932720 500711 123533 149674 274161 143643 526594 929078 327180 167643 445676 766508 689817 674202 161755 464406 704512 875661 862844 729964 191666 100430 37311 524280 910533 13645 167501 855542 668318 767356 814695 615395 301606 590602 837751 88810 539072 322944 752011 586199 724428 346351 836211 873416 756970 877088 559806 71278 588235 630701 86422 686721 672982 187677 906760 357040 751744 206921 852617 844693 458428 510841 691516 436122 240624 29396 568699 296267 24900 852575 425340 767679 717479 75127 636855 529885 608179 462798 815748 308849 37480 539673 12361 197743 188311 587794 165143 434382 697487 839406 438472 542868 790437 142978 919996 658444 289164 627221 423516 184128 168905 600726 220208 150661 233273 71861 255358 488579 375161 45471 599177 682483 583352 734826 139081 781476 465162 676766 72033 200774 623684 655713 360448 442855 409507 569694 435806 333119 703106 879707 946168 771446 733750 786508 374483 719700 859567 83913 861375 808634 758047 259600 318844 558579 46181 54695 260676 586858 956881 504361 64722 245021 607577 247085 879514 745121 303032 508328 860946 799365 600095 18957 178786 828034 863708 694603 566426 199058 42322 699343 583340 406084 351778 681209 159132 375310 741145 879363 297433 112566 498267 252591 406770 511278 263284 102976 812382 581726 657480 430011 57374 917707 63895 802260 733013 853951 971005 607526 875542 344983 722070 251690 21866 180669 116802 813761 205544 946595 848046 11846 368829 319385 794373 515340 183797 236941 249739 231291 778861 522567 497950 810924 403903 667154 241040 893853 818791 740344 907336 927720 858038 644903 998095 418059 469899 437223 328988 46598 341422 752022 481026 108858 357875 601509 900801 533846 495846 666775 14613 534887 619576 59081 22156 971083 908811 365282 262571 521447 666687 655454 906495 382899 646304 729756 160494 933332 888143 298462 705916 502862 591647 193380 991396 680880 302404 172979 259792 27451 261258 561196 207310 959298 35094 268656 108942 92118 52957 902040 768122 411997 19343 4210 284152 608411 409896 754255 747285 101192 908402 119218 633401 960864 524483 616958 623003 957569 116350 955123 804097 360671 731770 81262 388553 876814 335089 727332 509708 767704 546464 886233 707844 208177 195016 180530 91243 991468 339139 884069 208969 854576 198799 936566 828934 309438 965826 50906 64690 907342 54776 572398 817501 609996 745488 576153 178035 397160 933155 713447 100166 677149 38423 484645 869847 210626 995953 885321 799834 203076 188813 237383 521443 991221 842425 920691 679821 246350 812750 824689 749042 164957 520664 145680 158813 967802 245117 309121 998109 215064 267700 54847 78023 83211 173684 206266 176874 26138 690493 437524 680984 131120 867058 725262 940213 869168 986161 172271 938615 158912 277768 272142 173875 605012 621122 139319 414539 957486 141376 114114 998022 471510 813694 302383 699155 342861 518771 737997 612982 726960 459200 70763 217268 490159 810832 584418 30949 522378 499083 278545 5708 663879 781717 385919 9882 970117 709036 387914 571801 33253 260032 954597 606901 995887 761238 136467 658750 942873 84001 351745 342349 930697 907729 45632 315612 705098 756924 599797 217533 988950 22027 989817 514224 425988 798176 180522 273358 862452 480978 700760 548879 823007 293128 86890 619515 527573 129193 155604 329122 832029 633933 369324 64456 247914 940983 114793 876749 768910 737347 199346 664218 973545 414259 516937 925783 672993 114418 776935 631613 951735 143057 546159 800800 512393 624720 211097 162924 977965 618871 424076 720378 524395 839723 641135
263
187128 737035 925668 859343 903493 278256 551296 212728 555622 496974 708137 563569 260840 392587 492595 731986 695290 52624 439423 691300 820173 447798 843852 887756 347410 187535 258477 810874 497917 211125 757655 877864 203067 600723 623332 466112 947312 226292 299603 480069 147504 892396 578559 944327 568261 334889 295094 331673 118231 498218 451617 30308 733227 275435 272957 251200 180825 933049 389797 427808 212164 778325 792438 171273 706862 596607 476040 582381 364341 446814 172781 877698 860688 722069 8916 117512 576979 878358 35778 493466 686705 99548 453313 181113 299504 432822 291741 116836 310228 102940 860649 40797 768497 707645 393771 584125 122717 978373 998950 934801 769478 111044 83714 200195 70902 956179 815975 838156 822998 360348 500755 534400 639797 23599 690871 13827 553458 372004 479922 417525 57734 216340 715914 978119 774377 493563 698889 744920 161618 932089 114755 151864 179889 260676 881409 656760 247684 17072 899870 944753 608535 984178 830631 658934 170363 301361 655363 732120 252260 610881 150230 192534 770098 686106 600692 656235 383465 712010 562875 970313 792203 601844 964009 908655 130892 567539 849967 790646 56948 869356 915254 381061 444368 456521 328654 986292 260657 416782 130396 155400 434080 584604 604229 257940 665222 552349 220407 242655 622180 641240 752756 997782 519940 938949 937810 589747 453810 290846 562302 780609 455013 912708 541619 396185 608227 240907 238204 412045 639056 441764 397744 178178 474068 541550 680480 639556 515346 95433 77188 263584 516219 869459 619672 554507 217279 420408 661604 320399 331391 369741 658735 758354 969618 916584 249248 862648 837470 728385 809248 644464 665043 394510 403023 326326 121310 589349 292080 207212 760246 821497 361815 686321 132960 124350 875054 42928 222140 775938 449356 473156 146126 26521 269824
831
581902 423633 50278 762557 384334 214713 856928 88971 452154 288156 836554 846902 905616 70919 549574 378807 890696 199096 266638 881478 951367 171777 397065 564320 896255 84894 448252 851222 880989 500155 131100 797880 970868 873599 490467 805324 609181 906380 749767 436914 814486 580351 315021 671339 804173 869227 812508 923402 548746 463789 671098 371748 478747 362004 497669 697900 411525 11122 601128 96934 476441 959032 156167 374789 138856 185911 18896 849100 729934 784500 575736 185067 941253 222527 321095 298546 944819 104224 963208 320522 868828 623118 899729 938983 216028 624653 46391 183529 601226 113574 25780 151243 973104 345003 194174 799995 647127 713383 699658 870936 564510 339400 21046 731552 168534 338807 256661 462205 784766 540726 106219 391048 245630 405417 925885 398421 39831 100983 699418 624640 299394 844241 782623 134110 293280 239797 363303 438251 514830 309800 876963 127056 56364 816535 258002 426887 101747 680202 552304 723383 897473 721387 106871 462242 546716 990672 753468 276107 558745 352190 477549 206283 755951 100661 254303 262131 297809 258615 223318 691142 55518 278366 299329 463647 864465 520752 575586 195596 361764 261947 559958 619013 234974 312148 877632 293454 860923 640492 862224 627064 620411 385307 95758 516699 925505 257263 853099 727735 850729 610729 252954 576539 942449 217777 470078 389642 989535 729922 866547 834918 543643 419966 943224 647722 398422 939232 900211 506781 243909 703299 98728 303551 6481 855222 193940 145460 460013 744130 867183 912181 792088 114297 585696 400168 217660 475298 616534 887542 112212 713697 448622 609516 762687 182116 888853 265974 906719 322462 698938 32383 409021 792482 697353 545494 553749 781519 525068 552109 484049 965652 804812 358988 673501 499179 770385 788927 615240 821860 592026 876299 321499 510574 417646 652325 685346 456852 179585 261508 749427 298506 407106 744000 451839 821453 714869 560854 659611 292782 777146 402835 495074 362825 630035 183904 621852 198444 988840 999967 94618 337938 776571 543188 118752 989786 117931 987597 855704 886437 97295 419229 680764 245377 644943 569648 563522 42550 131833 832831 136776 692799 976102 459595 598364 972118 632620 167009 405291 107627 317085 916042 667936 601703 623120 426704 421110 319472 894824 440465 75984 732650 748372 343444 690483 352160 644700 817872 636706 660070 746535 952875 771803 509940 715864 797880 154984 302952 537261 123186 430359 716076 475069 382253 359192 163050 215251 709783 157566 976568 908035 784081 713128 722430 196267 881348 644230 628778 887783 519167 219773 432750 125655 984795 314722 603974 153189 317378 218322 57420 602691 968073 511952 421581 679067 798046 298023 408476 53631 793117 774857 989564 490689 112491 441315 230036 743320 285856 901943 439962 41406 145260 195306 323153 410555 207858 723568 940516 326149 968752 844785 756997 405517 824398 265549 131354 588149 563020 23154 797566 398057 655931 269206 334452 388709 131978 38664 29103 193207 814997 174185 531492 926738 66142 551014 594988 155476 352783 648809 725146 794889 963529 876252 324019 898057 919611 919876 630650 143685 323887 902847 112840 251329 564767 832621 231267 622443 513050 842085 29984 578615 384501 538012 711991 87171 941019 976196 500764 666581 267220 270974 241196 854442 843053 349066 195433 999362 587270 141389 873033 826202 377665 255516 967717 628799 573993 944828 512414 511344 369950 829967 640639 921749 276133 863800 168642 755283 430513 646157 624243 361868 400521 465849 347308 626141 1699 781544 369399 309616 420096 942997 972459 186253 456202 135249 600803 798773 729058 483037 930570 968174 616650 769545 845561 685279 776126 555185 54639 903331 73631 419167 901959 912624 959733 138811 822758 539224 373283 12184 765220 314756 400212 541825 293050 36098 655127 767870 135147 247012 498683 319169 544101 464500 109962 36506 258222 808326 764445 627044 500153 982556 115939 825659 342173 287675 144328 247756 572447 549483 704143 924398 653377 769225 474578 540101 788292 820850 244763 345501 17343 266432 663385 94575 430232 556482 750093 642667 443471 986942 693463 60415 380345 598091 230370 658800 511251 477102 528476 737935 903791 993657 602412 967867 308109 557581 206822 761804 269271 259371 932891 83735 479217 527605 192764 60890 368814 723482 675779 354353 897112 87637 680007 787192 389823 539461 106085 961703 531691 136989 143444 89746 301903 851791 306898 500280 644120 831476 903289 25703 440577 220380 907497 213539 726328 313870 569476 247418 704802 682021 929514 579588 946655 1424 63266 825799 599735 196645 956129 177963 611389 254057 303393 317643 818649 226625 933497 801153 475820 25993 351754 981245 731085 933062 199184 182002 31569 950357 530222 723923 136384 605173 517562 655191 178704 56341 126107 581093 309850 362855 674819 712572 760335 865341 318559 728052 176811 668921 504835 797008 499690 448762 467026 43154 275627 577665 730231 938168 881378 812233 488217 695514 657303 33363 816293 917850 470299 672741 461995 879770 289903 444989 625921 641512 446681 21291 122447 66809 894281 167188 373463 464946 132518 252179 356768 990364 387113 659094 790931 675486 831177 377682 35902 457679 182486 818280 696469 686652 272476 935799 895404 519090 135273 31618 896061 717433 280303 227984 481172 459661 926955 507999 721518 114634 161046 906120 124623 819078 964957 46698 824444 746830 665645 3424 28666 881667 432941 616784 159171 243897 452543 236984 275629 489954 569879 635360 307456 473041 270839 547256 515728 829189 387877 428836 661962 180869 160023 334622 356074 725917 571076 362877 36386 447375 750323 271501 778768 549743 97716 950718 79644 955435 758040 145957 843214 392375 824115 818138 687040 352583 32836 639423 925329 939301 43259 24936 796571 489368 620815 845489 190683 325309 174372 10078
946
336125 682886 383149 941954 227883 268724 379043 257685 805044 285052 335191 956494 970884 727734 460790 753491 506191 564229 899920 117308 732940 852738 466504 228504 543740 348955 260290 203663 286709 3470 636874 32804 194392 781406 222987 854074 786948 331892 706700 852815 204153 393231 717126 170451 628807 160560 985100 66521 965988 206083 808789 818919 752046 608895 900674 523468 655597 227885 266413 58712 706793 816450 50173 466235 581080 143536 658151 81811 770234 726054 854115 850279 566359 299186 149949 22456 401469 236685 265572 500105 874293 76352 627995 192440 765818 528524 784537 642035 45963 19823 746812 496900 201621 54803 765538 65133 276491 667103 23777 368081 625832 369946 260732 300950 905211 88905 977345 819837 125850 417512 879329 904411 409025 466191 966177 907224 534027 549811 271447 969693 563303 604978 768170 970281 689159 468795 376467 420282 50068 815718 400684 544493 779570 296238 398345 617844 166927 25420 613206 839298 157110 557830 796725 35956 860428 308149 183303 909496 522541 424616 887882 741037 217240 37941 728095 830686 212692 920902 122867 950301 981406 236631 729958 197175 49733 575768 642936 450445 599251 347343 980367 248116 551368 941735 985440 195110 705764 439277 634936 727221 168348 493253 777531 615817 846650 866309 835988 634946 53222 42458 100369 444192 418852 820616 540913 127082 150842 587135 498236 256478 552408 46590 741968 878070 712101 802644 7296 180457 606166 908064 946447 72339 455345 268440 440057 199341 165960 302021 144754 238920 674365 762616 959775 328470 377527 893356 651363 975214 755271 379178 446454 340157 919940 525159 388888 394091 249834 66036 119675 678889 64496 613147 964380 617610 428874 957128 533740 85652 443559 268219 181828 202339 768866 826804 459050 54184 979805 214339 43433 735729 514858 245568 225850 192475 170731 939049 455639 199283 497989 944863 876238 115989 946209 337592 891792 900303 853854 306501 104665 121832 813127 923218 127136 792343 26908 6421 883961 400759 688361 83524 7449 868841 36999 740467 371800 76495 243918 172313 552315 214603 764480 184591 648319 575481 554747 390778 79858 534527 361082 627341 255060 790004 722407 898670 275911 618949 633269 335106 340726 898877 941901 939610 710084 76372 130551 954369 349639 242597 111793 204394 444061 98717 291530 743808 27919 474216 169878 563402 752099 45879 815324 183076 203674 553387 915561 563633 810672 951650 235706 390570 222859 669561 654882 48349 53364 423158 848246 611874 569120 51937 238361 223403 432752 412711 271173 469458 58582 566580 155769 234978 917763 648112 699191 907487 283527 353067 125447 639850 463493 87829 122406 593453 644959 306487 946140 949853 943344 412769 11038 527738 52019 709524 432090 91062 139091 59127 545793 724031 244731 999477 294616 459143 475893 44141 200555 106828 385365 738567 744352 439294 77179 244073 70623 176111 705927 208046 920407 63732 702025 352867 100344 294707 972948 219840 715242 715298 482999 63920 409537 843255 977785 897988 845581 874414 26661 821479 516402 649891 517664 626521 966489 31986 812315 618268 236908 153616 210572 168130 299573 848029 7110 251151 194973 137366 945213 653068 244770 425223 6742 181009 880659 328157 673613 71174 105990 690478 691958 192366 966731 687419 108269 695658 355015 787572 327480 854050 123126 419635 478111 596223 377779 979586 678152 107391 861241 834610 752360 453998 980157 10630 733716 826879 21797 549182 628310 85201 15814 752915 480712 64092 479428 534288 89392 900015 203970 365426 187655 128924 474731 386400 533198 125655 653977 257801 341355 60529 797897 419747 224408 119585 896774 430752 246248 960443 884791 243279 760138 993970 804129 221175 451483 659410 298297 905334 234823 401555 914033 322398 697396 874605 243616 488628 779322 288401 358939 421736 948830 642293 450767 964123 513315 103469 389236 16335 4482 637118 390556 285091 900654 717540 529525 296835 910327 688282 925510 521364 900542 334853 970946 334251 346769 601718 645672 72889 194636 669370 803854 767953 459227 869523 577577 666023 619393 936907 333063 931607 42109 649825 753430 811506 451445 777226 345925 331049 191367 281912 205010 985532 162329 20097 706557 545125 565076 136953 791832 653770 992439 505721 464882 369678 753194 721945 684400 268847 103319 627402 112612 295001 880572 256198 773656 472864 10143 321618 430157 362794 65183 131219 785576 663331 577430 33991 48850 702505 501356 432376 675663 181727 229149 51907 157943 766734 629414 304521 398325 844453 587089 183595 249790 658328 565989 558193 898200 370528 287546 353428 49503 487095 551238 262361 126797 117932 923264 757083 382588 813506 306670 741372 725074 166527 326906 210868 775416 817274 302939 945388 135228 343191 688415 159886 758695 146027 961539 187847 578297 534645 16455 130784 970617 775506 961533 557196 157740 265744 239289 440520 291466 211842 227195 229259 925931 460717 82575 705802 86623 95643 648973 266508 557286 449791 260093 444467 734201 492623 290704 25093 834489 255996 882463 289084 243388 724599 896712 438029 777591 904822 181465 338558 807137 577273 924336 851740 640351 61938 439822 257488 482134 806670 565978 322130 847821 740118 898099 615040 341036 968699 387958 272642 719870 568439 460771 663898 318462 104097 958144 536311 45630 251966 32451 736198 890339 779729 108267 546046 548240 572429 136050 427669 38536 327408 802071 965819 186869 952388 52926 500202 852281 413118 819340 74178 412968 78193 686676 708552 548488 80894 544585 822226 289624 576665 843153 391923 374734 112408 354839 153659 79658 778256 540488 190265 104340 832383 426576 915531 453487 65938 674268 342023 625178 936006 766555 891727 440519 934948 687623 833 314515 744834 926211 682447 558483 354225 798691 680471 433675 653599 540492 413255 462404 636618 613500 426468 669842 457799 781191 259497 838421 837431 560727 593361 967260 38998 921513 896365 966765 567210 880975 570088 530266 200812 659261 757804 69817 265407 702596 152180 531608 71770 388047 849760 883478 261224 429003 370080 153882 178997 859525 514583 75930 414467 853692 8007 876796 80839 469623 630453 62689 880891 595246 649250 243691 725712 751543 754423 688239 722306 610634 177783 610591 83022 860786 522267 738701 953452 369760 739972 37166 189174 220613 202855 922787 320015 205444 682061 527096 68296 87276 736338 3529 705867 24626 576334 674225 621668 596055 40606 667212 618839 854683 6149 888896 461181 559805 891664 916617 904174 535525 245551 365438 6640 991489 911127 308917 210344 500827 843356 681441 451705 571229 530262 783766 274224 340973 499128 833140 912828
544
678496 86330 851131 3983 839463 685189 813939 641044 717347 190113 835732 13943 943802 294381 308741 816808 265370 130328 706559 524310 548383 566461 921490 486335 341531 807660 635373 119896 289621 608657 385392 255099 7830 660322 627866 36649 953989 706250 777269 461811 277773 256961 526709 77713 23484 340685 9799 435680 439883 804264 81494 28740 419825 616639 638854 546537 242772 898435 228298 368076 975195 91365 758052 587069 97756 890615 156231 263724 997127 243684 236064 45616 73191 517471 501147 900543 148796 387920 60881 26796 560092 793487 601446 94208 780880 528193 717963 405303 446432 95683 941398 772142 999560 470343 62307 982786 218678 718255 615679 716653 555611 458053 558571 809556 956632 985462 34897 769744 646949 930992 674324 718392 781320 623669 117609 951644 230277 680803 840192 796235 846060 332943 87161 140380 432944 942232 258782 623632 815253 772073 241246 673365 857460 216829 76684 381324 251822 113711 628890 431688 897255 397624 932900 811360 814151 38692 757513 910163 488164 484461 644023 388098 982851 547562 976093 402468 79440 937412 154077 1624 804537 975520 968150 942923 856726 666242 370774 131413 132944 977608 370142 924555 891312 352503 470659 435663 571359 913619 871348 142314 603975 285714 900734 925813 221216 629055 788813 589739 129302 672066 299782 79317 214536 251870 779817 978763 835218 270044 179404 260690 596861 62207 374705 745165 560867 857740 681086 931573 540667 470272 130101 987817 271727 98095 282249 502014 855837 705806 903929 562589 74315 613176 611894 231937 530110 986921 17573 107701 900701 532451 196910 925622 410889 966532 793022 145666 213373 286375 456443 787045 266454 870962 45882 955196 569341 367793 25230 894089 210653 102587 11039 125782 355593 452727 817999 139976 838421 51131 131960 412143 433439 537756 981374 771514 316309 669378 779036 968422 197254 869768 762783 119781 904271 582342 332041 232963 666768 568878 603978 826030 234433 994560 500626 298551 996362 201605 848203 279591 477731 36150 733472 478792 877203 19743 608065 679867 61316 845199 772455 609032 367764 296838 533857 235315 508942 549943 557673 860050 497732 47336 872752 405103 182281 878752 577488 502251 159667 849834 399180 507806 73968 761968 265208 858537 795913 661121 619802 105069 916025 435102 669947 571171 206522 952162 633073 497747 863419 912502 759177 331170 22297 30938 47995 786524 553257 367394 594478 548528 50656 658471 27092 525039 955816 28250 328259 699968 111416 592221 757861 798837 320391 260156 398531 827658 96577 32653 5178 12441 923009 211656 368823 258356 23794 168308 835193 362806 652933 786487 277610 321197 215474 510435 615084 196714 344504 415205 646013 781892 256576 929830 355223 444441 324500 799524 887802 304217 107571 282209 296232 141716 764869 305422 326279 831001 811375 452921 607887 674814 72911 952247 474740 372785 459731 489539 22956 34866 329425 447033 727191 478633 470350 688589 102301 166790 355556 605700 268121 972481 198052 977744 50977 43150 501695 980262 980869 890784 930088 283582 935406 724134 230871 563476 132374 169869 658848 461558 185057 255655 825793 675742 463969 928468 552189 951380 959626 433210 427877 618693 907650 112149 697526 728691 148236 375777 201205 672574 287324 316586 785288 872002 70366 201056 554487 391511 308420 811209 8268 961893 559555 39224 297526 670919 161222 662213 895411 20475 149813 554851 25778 625456 93700 189231 744145 960279 137938 676144 137352 314432 198591 994010 772664 594760 105279 247139 737146 379085 425015 690075 822928 348627 763631 6572 166733 163643 108713 959186 104480 155547 263500 335392 917124 892220 100551 668463 742140 120448 712935 449236 637439 364420 19457 269356 912802 663124 262887 918838 122068 763207 788041 623386 713435 291467 494557 268710
884
512133 852950 10495 628986 680119 259139 955634 834358 450659 976865 98343 284845 620599 149572 480687 730738 384030 225191 861152 741598 736545 355774 23571 203617 914889 904542 165359 734207 290682 245267 435692 322177 515508 184391 449170 77196 208881 740892 657133 818164 234359 762531 2218 277232 179920 438896 828168 912049 974657 420760 828716 500024 362543 577025 26657 620480 902546 897211 818108 550395 950356 422474 410286 568245 494121 459019 951569 263323 6070 803587 26420 717734 980056 64722 342608 564710 513586 755420 460966 656738 766254 644305 464294 226089 439844 455040 60129 511676 189143 700204 450579 520318 873033 801023 547557 182078 118898 982672 29480 272831 644637 56879 350320 607402 525682 209347 519435 217801 813527 108131 691553 399950 399685 759784 107371 232932 301278 444795 946259 88750 819644 561463 322857 163085 597299 203956 758553 927516 986490 330078 157836 874969 186949 313431 966881 533221 29670 715184 998459 359896 973310 481293 555829 12769 554719 162624 625061 996651 213788 418699 690467 84457 24852 773586 917182 839209 974738 367067 896612 511747 869484 713616 822604 949734 232452 158576 31226 228307 6289 664297 584507 764918 320394 860693 479327 312706 325261 571356 791662 601530 105272 883790 157672 565616 2135 233213 227808 1168 537001 881632 561295 538738 710166 156238 947674 624246 864354 130620 756941 129759 882293 501216 112223 818070 375472 340821 645637 288842 722378 252031 369709 321437 337625 103140 973910 101334 253916 759668 998980 854821 731051 450710 747870 582951 144790 164670 858945 357602 822410 997554 965787 551925 597515 579339 667411 813536 812406 301777 886526 736818 550773 591738 690963 291816 785636 685337 367962 572966 881811 528848 273819 300429 410651 94650 727677 439962 909842 751352 281836 941830 777345 446920 293870 724154 68974 382382 262374 812321 812584 431541 133105 969160 239512 247746 814799 42830 896958 366226 901511 513320 104448 910098 310085 465277 657040 691249 374149 17335 617823 616483 795130 482760 376386 767656 157044 195635 765013 463177 84426 200854 295018 31572 765531 463108 871848 541258 118025 988982 460704 25283 525104 906318 673809 502601 924564 494477 86044 806740 751351 97517 927049 791407 548386 107576 581857 699075 316330 1418 139295 514894 309338 263417 497081 703124 436784 605476 95358 690192 286 6769 411638 225024 402299 285802 17306 496504 862986 886093 503618 508711 344539 311609 792430 74960 998367 987737 945319 43781 708636 828915 92191 918799 274457 872667 935812 139786 270399 643530 904345 448608 597699 987503 45859 156204 976328 386024 894365 565661 911484 624308 207572 105172 785125 968012 966159 796849 138328 575859 483658 8110 386350 958536 234419 63811 101762 285064 873757 299310 180354 794520 129285 870042 601339 195034 4582 318813 700187 766649 220784 919019 86334 737274 51558 234971 79087 334088 113374 860925 109946 182800 455970 394002 763803 542749 569976 213674 462583 792853 5012 977371 801637 848215 845728 513174 396958 654107 524319 843332 592014 872592 36597 604832 845487 186582 608818 554176 671877 961128 180881 724225 694252 8106 38632 591397 52761 887157 653898 941813 793441 731257 69843 534580 989736 511665 693418 680275 89337 361701 393256 37420 632594 223928 428738 851613 917879 969636 336011 514981 545480 450156 53365 421551 975838 402652 127924 754397 269688 900916 563223 294190 491735 101574 598924 564074 620683 961886 202476 882687 761424 54040 272796 529175 68952 860739 399546 109494 717774 753306 797183 809795 436247 501461 253794 996494 541811 783565 893906 857108 962905 866444 146494 812966 211937 895624 668120 465548 600783 258717 558863 622014 893019 488140 537237 727221 790926 216401 385123 903261 428340 616651 733709 753493 721847 601258 865465 161500 846219 39931 382119 447532 601582 576390 260576 257710 335449 518158 533639 716224 27471 723549 951297 857219 817647 278990 556645 540906 247895 345479 140280 151291 52587 271581 343489 734345 104475 342305 505832 898632 549911 384674 786950 302338 668413 666328 894047 865577 471064 790072 68397 420093 552531 349993 995765 884324 950776 556196 761556 599299 241386 474188 161266 801369 286214 810220 765669 87083 138938 393722 611027 170138 958887 45107 931973 221849 750846 666004 197042 198180 473466 71381 673516 280624 988488 270965 160714 100403 192634 282093 236213 353876 395283 526713 375995 853135 703052 903433 95201 65350 638669 551561 518853 463708 240504 123214 209309 24233 841646 403528 328384 967815 277395 394562 131153 330165 726562 506494 886480 73917 691610 95509 437069 784496 225229 114339 628249 433357 815691 801013 282791 276453 633142 737401 54921 718527 735086 627929 481533 894973 776042 161701 663629 671990 588577 88591 881012 629268 395245 515146 819089 778174 732799 496778 978619 103328 95668 648607 171924 175380 11613 119308 530232 909897 305331 183389 190802 728831 622792 30924 504696 763203 456444 516802 732902 177048 6879 327117 312832 953349 384753 839138 623834 713135 4440 149870 555018 987525 670875 400797 906871 378463 981603 584151 905981 857266 8781 44115 91562 471268 544897 915902 425702 566577 516273 612101 458769 154054 271625 353719 62860 194958 284861 105253 219638 455987 797378 678080 937785 417912 263717 384092 839397 333234 556622 843443 378162 86573 775702 790902 321799 649713 442915 83117 163198 153092 165503 128985 308055 191002 888766 70878 890859 804285 534321 864080 873472 159755 98529 131444 903854 907206 301522 902827 843193 786802 496573 479922 744213 627969 393578 970960 925278 877069 90926 512426 114232 137430 593829 727710 591389 568505 693367 971215 125683 632245 598785 852665 480845 431022 553100 182486 684188 451334 447101 224470 678003 384529 881854 801395 622772 338180 927055 289734 122784 436590 795807 5390 421390 309323 795070 162708 774030 440829 321016 277701 677786 728510 75211 262916 308395 708922 359490 710432 923171 520462 979628 559060 623427 414380 93459 494075 929825 843535 205017 326344 589191 200641 452713 712176 624742 260281 830317 221820 474193 501161 192771 41557 689884 20242 171903 404291 65461 359382 93465 283599
510
706098 748388 462232 464558 440164 613223 226081 36862 235 418477 321746 111575 668660 608574 572691 184365 727672 920853 587549 59175 30128 417040 912603 109461 220312 499740 984238 157284 762861 602445 588567 259191 476948 912101 650613 218205 91492 695524 31756 939388 64443 614266 555628 58721 368005 213374 475104 616430 399140 738932 74165 129997 56120 321318 522634 633270 234394 918369 709013 666701 13694 237725 457663 902728 349289 929459 308098 748745 221897 299633 248613 30803 117028 451055 675103 710927 58046 866438 801358 840725 486970 278471 572359 198148 635863 532114 656036 3965 709534 787800 787414 200740 834195 400085 275451 704840 598064 96500 740905 139126 103619 962555 657153 742755 482706 679527 240320 439730 934479 662469 362304 644250 700411 653597 451318 421033 207012 854184 627206 150182 331401 338468 976875 374308 673088 135727 639423 862734 910998 676717 404907 211252 993431 620998 89529 960356 741945 761420 327787 59057 191616 272787 208916 205457 982529 109427 402417 515950 502175 442356 207792 444041 28103 436892 857782 463696 52002 797078 423060 264804 64487 345582 389109 206766 860008 63888 271219 906526 592457 404331 789765 680195 690386 614350 38227 139752 144961 34261 782836 862437 558650 132577 670995 224581 230579 950568 511233 939626 412406 495032 171726 115127 847273 338835 137744 954618 489482 537909 691195 589391 201729 637589 79926 211679 273140 257338 612790 819488 938856 428896 458411 194222 427063 489177 942148 38212 485786 872358 89861 586950 185049 266423 264748 184782 300426 261969 944872 567692 727818 497741 935246 112102 752497 704813 400095 539924 676715 770579 229382 834383 283134 175416 531911 460184 687068 839865 327327 520314 819684 555901 702122 354264 651667 161191 955164 861150 631498 217052 511888 456327 370933 831036 870365 632763 199386 254215 947808 723314 728489 687210 593299 166742 180574 175211 270621 612520 385340 873636 627225 626492 343892 180327 280226 723573 4063 382806 955018 104127 817125 6205 393797 571206 255607 422888 315481 466733 954756 700602 99336 602221 385492 999869 752389 416706 152628 445847 329911 172971 473687 66386 770474 847199 216548 138558 725384 103146 869318 112789 705263 92271 511996 734562 738189 803742 331675 760512 88948 472976 799901 458321 851966 247953 362249 827174 24475 681446 42245 42757 942397 993916 24872 218378 40644 357368 523118 850101 555115 109000 379447 57416 755729 668459 472946 839296 829400 171960 116990 581827 548706 397545 136068 84496 809115 882523 236859 590271 874555 904642 438942 26943 669730 893626 351877 364104 967331 803837 938507 37577 672984 587686 326467 378614 212392 792241 748415 321252 139869 12682 218149 205087 208399 725400 27550 458301 789591 685583 872681 864355 901610 190249 145829 951717 634729 320362 118315 694439 41543 328958 77462 480653 266841 206958 132336 185290 458027 30692 920198 350557 87185 632641 100704 578697 763130 621601 400758 89154 656998 247407 360821 936759 297677 96571 518789 779039 480269 211894 923212 242054 840827 227615 371706 539163 840360 798572 456107 502229 539047 311112 828557 185052 272603 379701 184336 580420 205098 751713 616953 484381 567537 544191 609523 320236 336118 665257 159444 258093 388312 582295 765749 134274 778596 625940 296395 170032 103166 46612 944038 824629 842297 360951 615412 475494 15518 475546 791701 959981 526767 39584 167819 29763 185926 410634 568238 213342 560074 444689 166257 21964 654121 146127 574622 386996 143056 226846 752642 717475 249990 213865 735060 735750
