6
36
277755 617671 447824 598891 403712 888543 963199 623001 282055 128322 436465 366878 121341 907936 51803 401563 143409 479615 365213 701744 573919 477741 212978 691996 420841 933 376293 588867 209464 943223 681230 665687 339210 677017 652147 244326
30
995424 780482 325508 577704 994501 799803 669830 597072 756899 463127 61135 487505 469746 219889 285687 815697 367202 993350 482934 271460 346548 722008 286571 228106 618580 774736 935709 530395 361336 116867
38
882298 422771 720631 379577 734770 284763 534653 743422 688353 891998 326989 907640 683154 374449 984886 412547 306072 382354 297954 88901 68416 413397 268953 902800 733994 321686 641445 563476 789911 221775 529325 749679 603119 160993 758484 749875 796947 297935
38
62535 830529 325375 953498 594261 423006 612003 581031 520415 284828 947067 653970 886939 718334 439652 661797 876996 623167 144063 802491 470970 236561 343285 769702 218659 293207 852192 192134 304601 790334 884093 804305 138015 303615 998884 767556 812939 968712
21
756532 321965 118853 522494 409200 292826 823753 590073 151001 645424 55120 224943 853626 785052 76446 791279 288360 465837 72974 778288 896100
20
5300 749214 544970 107805 140584 651410 848349 945458 971036 470474 336744 715782 736617 955844 103779 367166 614813 718055 538796 558512
