100
126726 874691
843074 600904
433514 529900
39156 352000
372875 580105
480085 591868
483474 428119
787041 347380
184942 577068
676464 663190
844145 96110
959142 982776
306142 498115
881165 800066
872346 734975
203776 920583
962226 920428
309599 330500
457872 936701
856362 232248
50560 856042
490117 217585
974415 950052
629546 916283
214057 211059
661077 439225
291171 406877
325331 680287
571108 302413
390331 390207
706553 12262
692654 987836
37518 524546
313058 152287
799439 287788
102551 986393
735107 379741
107175 164178
662905 428285
996276 524811
175379 380898
585257 138818
860416 794444
24893 677403
64837 601500
343878 729595
875497 800024
222445 673516
126211 206376
754319 528983
301133 643259
255038 930925
593138 369085
852517 733003
285306 896705
764215 339171
616793 31518
27783 706393
933521 187746
199808 735543
131877 783860
196030 13043
793227 804129
952433 490007
489419 131295
372049 347603
9076 313354
157286 508311
485878 161144
516862 89441
137167 640793
650753 441470
74604 912202
306541 677831
535196 406877
639569 909679
490222 766166
283069 316288
806681 566066
603408 752023
101359 339535
197429 107189
55395 76900
924969 5775
374654 903723
740306 171951
457470 883139
136015 191844
462467 131122
645529 332518
734664 794152
398479 955493
795207 517030
843462 537362
256622 207948
636871 639389
258055 615214
194497 134829
378981 492758
593796 875097
