20
979 8.005241912132378 49754
499 4.100723249539123 63938
482 2.6050425723980672 26180
232 8.83238128077095 92321
9 0.3524284488488881 93863
284 2.0301969418448933 60052
26 9.771613718635384 90431
855 2.4028950912530767 28407
774 0.9983145426856669 86724
304 4.379387778336758 61323
486 7.937959330023439 85122
367 2.2284441489563176 41495
108 0.833322182540244 88035
519 0.3969657499567456 83634
635 1.7290899774402588 98804
888 5.038735539435626 51423
351 9.217470988409051 80194
988 2.5009050986025194 10788
897 3.788788886991129 59264
43 6.83730265352643 13031
