25
6619 54.25999410983257 137687
8033 39.74645992158554 442719
4180 41.824528404022644 578292
6523 20.678620179525993 615105
1948 49.39221781929516 322438
6553 85.32208076904348 945538
2307 70.19004464541324 794124
3361 90.52848890921562 903881
7340 75.99555702160993 644335
1887 44.82654508688218 434892
1570 76.48665480101883 237089
1177 2.651683166908833 660518
1305 55.501278081157984 176504
1300 73.46589757645168 100235
2772 1.3373881415611673 482561
1757 27.476363406828856 752767
7525 44.944373921904756 584753
2756 71.40377665384634 543447
4616 2.097100218298558 290229
1018 99.36270631824269 497627
5891 8.838546757653436 765038
5748 16.321852742917827 145075
8258 59.88536232458328 848667
1275 88.26201433239649 992351
3399 20.74423414412939 834231
