50
638 35 1968
340 1 3863
885 20 4921
277 26 6120
736 43 3439
464 44 9631
767 33 7227
37 11 9319
994 9 1373
292 20 7824
514 7 5105
314 40 9835
487 4 5900
367 11 4562
143 43 4019
579 8 4954
666 45 6784
225 16 6461
177 7 7351
80 26 2113
605 6 1503
347 12 3169
329 16 7873
47 47 3602
857 21 8565
688 28 5988
888 19 8661
369 11 3630
872 24 5503
287 21 1588
948 31 5003
675 39 2745
823 46 2033
715 15 5235
343 22 4079
437 20 8743
716 46 2099
693 31 5485
516 39 5541
648 35 4075
976 8 3920
160 7 7327
67 36 4841
88 15 9235
186 2 5272
368 21 9382
629 19 8801
738 33 4218
394 39 7514
541 28 6772
