100
2129 26.990864490859764 81669
3827 80.25125726768258 98468
149 29.550138584595945 26245
5449 53.04308297089407 88477
1122 92.47807054816303 14425
349 45.42315090759543 23387
5782 37.89601742077444 75021
3519 13.584072041639043 22993
9023 37.607805044591025 75405
8361 62.947705856054704 14697
8677 21.79021339911862 49684
8691 95.38782378454212 30874
2773 8.86453413288059 93158
2215 81.06133697361271 88158
6497 8.450586482040123 28889
3513 13.84318580024001 21925
2323 23.883991203365458 50855
8457 19.41295826940006 83036
2406 7.894420169585853 77313
6669 1.9612184238857044 22961
6922 70.2582330588849 20346
907 41.69954876466774 10093
7612 25.741418786338443 17630
629 3.334319531724601 62495
9769 96.77505270569618 52313
9859 29.642570151434228 49398
5898 58.40550706554924 50627
606 30.25751876371193 14633
4986 58.046721074711876 90707
9850 32.381015262626235 64510
5294 0.8572043582007669 74121
7487 91.69511782671154 37068
6456 66.15614423013879 33714
2664 71.36705014004689 32151
8816 22.12114784025238 23283
4987 7.248775188067423 97962
4074 66.46725919849709 84226
7096 60.59838888909315 32504
379 51.35242865846259 78844
1429 12.07153035787869 52497
7586 74.09303226657117 22199
9450 48.159794755629534 91838
2312 97.47757950711726 67447
3573 96.3557586179515 60408
3815 42.96216754533666 32789
9371 13.950080399586316 75619
1119 34.59231401112038 51381
7699 47.01258485207097 20165
833 57.9950938715691 22246
4863 84.06695930166296 80207
4449 41.497550613922165 99365
1207 13.281484070605794 29301
428 68.99300978980872 49113
2071 83.48461556465664 76840
8297 92.34682124438068 17855
5661 31.547756618230494 62660
1012 51.853701092061456 92946
2665 72.24744877998224 46512
2819 66.17733810136417 46062
4718 90.32984203906169 33549
5701 98.9566102966861 48542
3843 66.80335468348565 15586
8673 89.77358139983077 76284
6775 13.088278069548435 82031
9528 41.981569688342155 24285
5623 46.761673157657725 50427
2368 23.031479190606767 35875
9323 87.31874698661969 35588
1263 42.69270733615905 21269
8572 26.838824673665115 75523
6685 67.6212018146877 75874
539 26.437593428163098 16693
897 68.04403858088214 53833
3312 35.625844115562764 29012
4989 24.844272828384664 49170
3911 51.941015833546714 98974
1475 81.22659549514853 47010
254 94.03284991150706 25577
3560 5.084322825286982 25545
1180 95.98804643080751 49481
1434 25.766533003448693 68744
5222 23.20848434795163 88345
2520 63.6811037496618 54034
6104 95.21056567303101 63307
4680 88.4768067589735 20396
9242 10.971084923666215 68899
710 1.8265459407539923 71092
4413 3.0801717969107254 87082
587 96.19053563877172 54182
5593 47.601953928605745 31880
357 26.930824098617208 36879
6084 68.81566744869143 69593
4266 19.2682263983481 63467
3121 42.02442310068336 47920
8794 68.02640058413857 96472
5567 51.10593571411728 56877
7138 30.71925918498214 71039
2820 53.999940996492356 59770
413 41.30858297919317 89944
6138 59.36696296350085 96395
