10
62
108093 883514 686546 546399 529799 460542 650589 320603 566415 937851 151296 483829 779602 387726 814602 383727 836673 993969 344204 223217 785897 802380 131935 268582 702138 539268 699896 675918 473708 966947 123745 121366 599007 77150 977190 684974 340004 763657 923393 272106 694027 715371 542482 496600 210969 500746 41097 606504 289677 235620 570594 748506 406720 48164 548029 447048 767755 586883 649059 47319 173291 588957
267
695085 509046 416523 593553 25320 145514 879135 234311 425811 455913 179873 951466 583528 908484 794066 490167 970650 684348 652596 860134 666978 138509 837852 21852 730053 487898 719056 860274 762299 734007 944273 967577 944497 633210 558446 878262 873563 330109 649516 960262 78998 157102 504346 438696 201596 549843 194698 175995 689522 271036 796668 222654 924871 869166 431770 262228 560548 339710 569702 33292 406110 632617 771700 875744 781466 297398 455760 746880 738477 51515 987716 650785 931950 357585 903337 195500 862461 426489 158604 211956 255285 586582 324517 269585 577980 462233 313889 965982 115970 71120 861280 166508 865013 241258 439236 365349 672361 140084 561391 347938 762559 819346 852380 168228 833569 11482 659959 535191 931243 846870 980508 852255 717557 920843 11147 224721 123153 225768 608494 431261 220579 463749 544859 699326 572655 419009 283065 939132 825340 919546 49074 323138 689774 315772 30219 332552 962455 839076 940476 579677 817173 968928 566749 329800 407485 575375 293515 910286 305283 529554 11024 438984 897610 29639 600949 894152 181375 114873 590146 354813 310075 370034 863050 254472 442835 757300 831108 295274 952537 649590 667919 13509 701451 771968 564517 241608 930660 271414 626440 414966 928790 433480 703193 608625 915975 615246 654268 672927 20173 199345 259084 262647 904096 772385 370599 961801 538468 383788 699579 791577 5151 132837 10512 734258 581106 343326 237794 191887 757625 839747 17983 846904 44804 944578 103760 336970 198557 414621 959602 604917 35434 596667 136918 598600 815102 231902 777644 700558 975037 917079 928622 572097 850221 467009 884054 691930 690715 33541 49364 683137 152835 871686 847882 442036 168175 650389 546897 525733 253485 884857 108441 764401 466640 943595 856805 631741 426476 739515 977274 559712 103320 512960 313791 328452 250420 606157 426591
157
227907 357854 995309 209640 777808 722243 540090 467675 442339 916118 536928 720679 286045 706265 221180 561726 26579 890923 207519 707488 102224 521537 567442 366410 208888 392390 992093 452757 932702 567400 733844 870283 105220 607897 148593 310370 211058 656231 389201 41302 950006 72345 196645 442985 139951 384898 652985 89568 486693 983093 828062 480163 987473 70070 348496 37702 945665 227721 482249 987057 457280 852615 15988 771248 711550 372971 513317 453255 582738 982597 536728 358463 47479 128131 827896 569604 647407 18713 739841 988137 901191 145788 853254 930386 776215 663942 408091 371369 763487 618408 62197 973015 796559 507720 471920 341208 17118 82295 379008 489517 717667 26698 401592 904313 697919 513418 746438 367513 752098 527149 909356 584634 601932 914137 442364 265961 424839 168589 857810 253517 767042 894819 797251 903113 277539 41946 922214 60573 807060 866383 388240 179292 424994 972080 159281 783590 134318 964815 690383 933040 239989 917309 409411 305609 508820 4587 332915 583318 283812 217270 586942 83359 448364 785265 677136 797964 516540
89
427935 368600 283634 417101 488182 896062 17179 159142 616259 386978 586789 968055 630141 953242 386541 992271 387321 319005 818726 968282 349748 594343 858203 500887 458925 382876 746367 482482 468490 567403 820021 298692 366600 701890 990078 264081 473822 362644 244441 197111 665749 648118 830748 51322 190287 758678 213429 474800 464676 947883 611971 597029 364762 926219 605554 406673 564123 95307 952293 375540 66521 543921 362231 937761 427382 195077 793973 9991 156633 221415 710168 858477 473385 954136 290744 128229 210109 599318 792919 68202 661731 658079 205826 211362 131794 519136 690898 54367 664660
105
924275 518565 178375 484541 330232 18002 698636 86692 69456 685910 106961 483057 999319 543435 145740 435847 612907 84471 520472 268442 401977 686532 453862 737148 474240 734066 77916 788782 397712 359242 230597 735239 797133 710951 454950 334983 494644 580017 25914 35205 580036 70827 201452 960699 35275 285818 444307 472225 284314 850924 344171 407707 332245 723439 531646 570551 626807 462055 81069 669522 151153 78110 483115 905374 247443 449549 134101 223118 592107 229450 979425 689553 749431 284810 89866 189062 461603 828983 147523 706894 832767 850468 31238 90011 628027 158994 684774 205313 375459 739598 518699 419818 397972 918406 656347 314405 102223 624573 307276 181466 927630 642420 19704 32149 435619
401
28001 50622 992440 28873 878648 692197 566642 682054 96511 338892 831793 998883 745110 402695 441331 707399 948638 269794 486339 846128 825912 48577 787175 808600 511534 436022 699517 926918 206901 790840 509530 212857 850541 893773 966686 95937 68998 430629 938186 812281 483484 539162 840891 89836 373037 920891 101655 984206 176377 804612 170986 460681 542948 647637 864239 930423 195081 787725 588791 933402 25677 978716 765122 751393 843252 538368 512784 420987 420540 212550 270643 205292 513159 569772 473623 162825 180006 97672 869911 473535 887576 363478 542487 293903 748896 255834 92002 346135 863723 382658 371190 219959 216132 125723 137773 867167 670406 172188 256294 178623 615282 84470 815853 987847 668904 202902 746 257183 88816 903746 63400 265437 285736 216303 494142 733485 130717 413883 973161 106513 804065 971893 183548 733412 443239 780977 678648 541912 793382 425186 170569 294238 577072 9518 638905 696851 82150 991386 497086 4661 599719 760226 561974 899224 479820 625089 92821 992675 573735 734120 596279 989479 892313 370116 958131 723949 658457 187291 841267 584006 764552 4241 867855 208843 765023 658040 136023 924209 247710 988020 924276 247799 627440 816558 319197 863484 857238 614088 577054 355817 380209 465687 575630 83425 326976 36723 786269 301794 435827 461245 68327 288742 992974 400850 207750 867986 832058 537437 110714 726419 360411 463192 688650 240114 207851 7774 405161 90271 147371 65472 317199 227609 817942 871497 210604 184475 581839 863782 265305 294946 484530 495684 556485 741141 231586 705367 425536 879533 667598 706790 103321 735904 12004 563690 201562 601545 152453 268774 136035 390377 637558 359677 471712 815652 444835 139349 733515 559721 687471 724037 282572 929826 610277 177475 485811 228624 691256 219787 962026 638803 853646 544345 679303 839726 876828 160289 582600 372198 567210 45335 872782 870508 417478 668306 777067 470980 15726 210333 428410 707096 166567 241186 71159 224693 658105 197367 686163 857642 23722 611556 155067 69169 916564 495670 599220 433069 68158 615879 193702 778231 756038 453850 690179 666949 985619 838918 271862 935085 640699 77950 510978 484789 889896 600161 540365 319616 922468 309442 658731 604329 121082 792458 470794 164211 647820 572019 899034 139068 435977 805336 334299 259990 665378 620908 171149 771554 166106 161473 888727 185555 812225 757314 660275 649188 338254 73724 134470 411560 871520 271629 163963 662806 896934 791570 395272 193526 828320 554894 446711 229164 135448 601418 349169 818613 809116 475870 873432 770857 626537 610052 49202 343733 22348 658589 842851 725181 303911 112798 338067 973061 443599 201343 912250 979595 984078 534588 531823 698986 278362 698832 920272 40 954082 394631 162513 333071 310053 758514 263326 83578 778317
453
136770 779660 100770 929775 800339 780894 648358 427123 531774 864593 912069 75108 54349 986680 119325 919186 840374 457612 646044 2406 353580 841488 616044 206233 196554 195408 797434 86132 501371 445516 962180 244802 943608 988446 616126 376482 549059 851509 893956 125394 369388 680604 644820 190385 436116 964269 358451 61218 622476 669157 795384 921223 925683 438147 868201 982854 57204 622372 920199 887541 874594 210956 155057 179154 628253 31526 277689 656917 148580 850008 903618 663478 607683 591784 160241 607313 546074 728621 579625 544418 575999 198648 371781 322203 79304 51895 293009 38273 881916 729918 722907 379615 190181 584945 194216 310520 530642 595208 994597 597510 10635 84503 656991 178561 96199 492615 670704 521695 731942 740342 993347 405659 463420 174961 97728 743142 858396 733137 257373 70999 165674 921276 762687 645463 524881 929366 956798 381993 410378 746815 352627 795675 768062 218543 755403 744080 616295 70223 190208 598941 227577 21564 421924 5254 305605 209682 706971 773325 644648 276183 934831 843328 902120 79824 877944 217846 398699 411767 211851 471593 842611 22766 59951 120324 580833 139267 589780 804136 841984 415925 494709 606225 173658 198110 390690 916597 735994 381392 842038 769819 99797 802069 780725 475946 285138 82767 498389 78919 803130 369972 676835 610951 580589 793654 568330 943836 192752 568851 11741 694394 174861 396770 520469 181032 50653 160481 124561 238020 769953 930998 83705 107690 115392 746046 164571 684749 216226 902033 494351 845070 308592 749685 816747 930184 88569 475287 315857 743063 618131 924984 785447 149106 536606 499131 739238 982933 249995 977432 285191 224846 678566 791829 912146 661366 761809 331170 372852 364005 732139 127003 215216 636849 537686 919517 846437 855457 125746 61335 650927 803697 931170 122985 131987 422134 254398 421439 445528 857746 64608 73811 579620 646606 392832 921270 419814 382101 543552 905038 173712 123750 112006 837771 405512 966685 711521 738843 443861 235826 198863 186893 490008 499311 993271 774952 209812 488975 103327 189408 157473 389748 242117 104002 510405 892647 346669 201555 997329 70399 561481 78611 427657 217924 230612 305122 747879 31589 985619 96186 601071 805462 234984 278504 353838 594171 970142 699111 720784 309976 92166 222630 6406 779544 293259 702222 321874 520768 677586 155938 182205 537502 614942 942796 148971 410210 98769 961568 788168 261029 296556 704059 359335 856548 202539 3892 131377 765501 158416 485500 852468 696144 100250 227098 264638 991038 697765 971597 88517 651133 879446 534532 19282 257046 740365 436562 880471 903754 187112 477325 348418 346155 218607 814040 86143 388371 612218 635319 160773 348992 853719 52504 605904 576851 842159 351973 866758 36227 480752 176464 838727 645720 96081 963169 863809 197165 694415 465314 19519 51615 245296 843813 712357 866521 617899 945450 59843 126850 386822 233861 256150 281035 96173 244378 702461 399783 509522 109606 543937 550355 391518 667212 990241 612113 340330 745609 557564 243790 308876 237736 777471 636200 929908 94156 957842 311253 558362 739779 243626 181791 881970 369261 82881 830918 177278
385
201848 854541 184160 175453 878133 785636 674564 118963 779923 925077 876019 547690 249990 681313 142352 737098 244433 469499 840098 345816 139877 438858 558121 552420 534355 322574 372357 762766 867197 37199 678828 827715 747864 190142 862096 693331 890552 482905 194683 370392 308846 174895 448017 837087 357528 399048 502539 272848 463385 274262 518396 789137 835936 491888 475425 283414 589323 643696 491928 284310 70908 935507 806082 585799 749075 969991 579236 691166 160364 411900 971345 677053 905910 421248 394638 855641 960243 275138 367537 761542 901703 300295 9587 498998 800514 376600 188830 571487 857933 314046 971736 204884 113731 54381 526482 400927 786208 589680 895918 549811 818 924153 647547 341634 619212 569610 970365 404430 57758 403836 149070 469574 963395 776 413598 358956 137858 305588 380381 121301 694511 507844 983532 343730 494365 289053 573916 830569 761746 108090 11012 163334 932678 54409 247367 67967 568974 620197 20700 8099 731045 619463 719515 525750 803348 411087 132990 549799 705251 97960 464430 332475 527043 843588 160048 82851 17817 723413 746982 459594 769914 8375 85698 608707 981074 308470 890171 586081 282634 738249 886253 294935 980245 939624 66371 96331 316065 233024 658726 132647 319073 839856 764405 987273 31161 961578 406372 406874 700346 505335 675493 797943 43612 385665 236308 519077 31165 65927 856684 997476 396999 927977 365155 434883 571588 36347 880476 845277 610194 992004 522382 778366 827461 62776 118482 957197 107308 474646 451964 731478 370903 648081 516158 228294 509600 291491 550121 745961 767199 531842 319055 433948 728388 37190 740399 826887 800773 614426 222898 349563 105201 437985 468883 537158 585062 869657 229057 713276 523760 673769 519796 638498 899247 440009 370565 690894 17189 921327 719925 214860 872319 523966 552824 882571 823061 12569 58110 942550 672111 135282 788471 4119 425844 694606 273352 149963 870809 718247 239990 978932 135575 803419 93166 469907 507984 244277 963118 306301 403759 944310 544229 544187 60786 180611 672064 595261 57126 755042 955696 751021 959704 419777 515702 601873 685045 904980 674740 859979 854250 805611 232234 696169 37422 74844 254031 985266 345019 291063 158956 258627 219938 584217 654942 311323 756629 374385 885855 12534 434425 968955 156448 573575 287974 931957 496648 880653 952805 372722 282444 239498 925030 207984 747661 407226 29283 346774 523340 867862 575850 885654 467255 374398 452860 969131 263626 971243 141916 246019 474575 827564 589473 588915 182842 198511 618565 727738 118542 689870 335853 555264 540671 763081 961824 886866 716445 615109 959063 460746 852125 967452 603838 386296 972696 257218 409271
299
242327 613527 180753 254199 522497 860771 13504 841214 574799 158372 662748 858638 33465 998266 400496 532268 752491 926874 365353 410830 515501 886219 81108 916669 916017 438501 998402 934175 354126 3350 411476 964970 129357 458937 417917 61405 985120 812055 885098 369224 805841 22897 914458 226143 954086 755440 262307 277565 227041 115501 444465 592455 576023 687935 140981 365391 480723 194725 735596 616480 145967 587760 306540 364829 806945 963628 683549 329736 714749 763548 418902 392544 543902 99527 402480 315417 844002 345623 495994 552865 212549 290809 725700 606787 328490 675287 961596 706559 661388 159188 122353 91432 215454 857646 418789 297582 784057 682650 302293 346904 734099 872992 938201 710928 688116 211573 373249 213864 993386 225711 652893 928457 421859 829983 196356 851434 817918 962681 210704 479977 10 30225 91222 349047 69658 308939 726832 571806 156786 855715 438297 980301 430673 315140 543308 831621 827559 990143 697571 361414 517519 491721 703475 425400 115710 480028 495088 934199 976049 899181 880035 296497 715110 830160 822005 953234 273290 196325 523509 317159 622370 397126 569796 578561 152780 559987 194119 796911 103747 248500 749420 308626 387387 507604 759245 113166 167223 187579 323667 109457 841817 589340 999506 771376 320457 97638 514898 696089 368069 498198 598309 208153 158580 903533 531468 357719 608104 459743 525588 816864 584745 235733 526310 265618 541759 847326 584438 325912 163216 149621 247546 507018 898053 103150 539202 53613 252037 857578 349439 446479 404571 699039 491627 487368 39348 228524 637553 150541 870222 931998 370829 800144 29963 188387 873408 397700 675559 525934 176883 899932 399137 484332 908441 717797 254129 497197 766608 895303 882644 14928 305018 885785 30854 176627 193943 726605 583536 325178 972559 679690 17051 631507 389702 575243 911392 143397 707464 510663 508727 293529 618604 829548 633313 370128 827285 143647 846952 942168 97578 209570 948356 32017 931141 914859 647554 877006 461841 553921 42503 826614 211551 596056 520665 398552 96964 90065 589565 769873 480792
310
995284 959800 295442 628209 626953 850122 356832 551238 934477 157765 276865 173702 562597 304786 365143 94421 799466 755688 846223 675724 443481 964623 602194 474674 944674 358590 613697 897253 924005 437770 69424 777104 916162 921250 599583 998254 310108 150134 914774 426006 373028 184645 834924 562932 750258 915298 538039 307688 529398 318697 504076 244045 505150 651684 365564 929270 28632 491847 32092 100675 281055 940308 203275 345895 428834 261239 468001 535477 883493 542454 276903 963140 973830 746326 759460 320474 191136 921152 68081 25708 165904 595429 38744 957846 16612 663604 811134 649378 124825 937881 34958 740787 473132 558828 400045 724051 401552 2122 358787 613959 404370 985122 72803 588227 433469 149730 235558 198796 692981 413371 707941 488595 262468 978855 81836 138484 435435 792247 427139 749730 648276 459961 329009 976896 359254 40883 512656 239797 207678 400060 209535 551548 59024 974349 698480 873266 353721 428553 498256 291331 970516 429776 539766 152757 998993 374748 195013 223337 805160 427471 804627 803305 140177 441178 744661 715227 147073 511490 567291 103198 327360 221297 295187 85426 708305 79372 343191 678023 833801 261123 152384 793869 727524 361244 805751 49421 528201 558666 623376 730945 730850 14542 896242 864004 896005 967337 386992 70288 667130 891467 321608 756369 168122 188779 383891 150595 410206 700319 808377 640780 926014 404174 281088 782591 708070 384572 271693 417360 957368 106363 753519 709748 730234 299247 990451 200916 44773 28369 805784 348252 400887 51158 637577 384608 754884 64870 196743 112632 993884 187940 294235 709447 488717 415842 651834 743553 260625 974739 551725 898999 410017 363890 958160 800096 128868 507096 725056 417691 190092 662844 564537 931329 413442 97917 580034 734811 877651 871544 494905 552594 150960 798581 14519 420810 347380 22995 827457 812699 763971 85698 334227 614313 354493 641313 887247 310611 299956 129009 532092 543164 601046 942254 85395 4974 35038 602883 321692 349458 388608 652978 851954 413238 774873 342077 858412 779983 371169 224490 343176 203803 202988 968871 70919 861266 275656 845869 723878 180290 475000 552269
