100
19
635806264 288976629 346247303 312809288 678812273 880315818 476526647 383464701 232081248 498785904 306696942 607892432 664005971 84100387 635013780 612376875 592267305 615519050 727940623
91
4274982 990743023 718908423 378929937 707656107 673210519 797776125 47830059 603938924 158141632 918725045 97686142 993522126 719046115 38435648 668606749 110868563 308972581 848376423 661993299 18726730 281018147 213001056 958129884 34778393 157869314 272413591 514614215 436835001 596228111 624589397 553072810 802914492 164028430 831969070 317598253 656697030 586482882 379357389 534193445 709257699 29100648 455642100 313051046 173773157 799514917 845183044 984799980 865036030 910357633 190326380 121468605 358615588 338182876 59940555 171165612 103629781 572187278 320655077 670368811 373382043 415190308 880692449 310545722 688562917 197869690 308828225 484374623 661913673 130185956 966997653 984942050 445698276 791159804 457504804 805965755 25191328 836066526 890299261 129904249 434483649 148642637 752368704 836634066 199717025 287120467 116959630 338602984 63516659 134535430 500128393
77
187278767 375891983 744273360 430273773 872488502 271750248 301803313 569038190 96033171 594652313 287722147 827273317 532737917 642546311 592268592 682649111 844662781 800101928 7770317 414402881 989619077 144096483 325316677 867467251 905779152 218467486 505291959 245378483 582069983 298036261 567531862 428220738 71894564 525368936 638413001 432388870 32956491 698249450 402766092 106227455 84705425 962254299 101510595 119199094 395976630 77395800 822429320 969723039 456815274 451136681 974991839 420611901 311405892 391978029 466360960 855897077 412257053 334640122 826600993 257025151 171436186 52585061 787166904 963589524 130126507 816175075 536837012 957417623 637946196 116495200 867284292 622866855 919786854 895080497 30224396 660123947 416836095
85
494339720 118677985 782974620 992202752 702928606 321748482 56399654 547191306 241327447 472109149 763981736 102543669 383271500 466299094 542476153 972388245 248541851 861826166 915966048 809350849 548392554 755382041 262220157 669816045 399199307 385308423 170010095 288195877 565955668 256907889 583097032 501679385 406332656 150227316 864233784 786764980 743898248 772672350 68196405 477197070 248583270 664861952 629945335 106656867 734605888 542271216 960376279 997434775 567990215 298247476 934465336 484044875 134919425 961899531 758532818 654443352 564358238 260290858 313424186 406396159 68460105 474073552 439239028 74104654 351867449 373945638 439120859 947815484 306792740 234961105 718115915 847132473 925814663 810183670 502176458 174262526 137348807 977706986 321149973 970074263 674455587 921087006 264290056 90454156 21309043
39
755491933 574842049 355842183 916808059 620978302 689865680 18739770 743222249 237828100 590271452 29161235 278083353 781519823 74307882 812234264 856180683 548448729 193186742 262267942 128660757 950347352 319106396 187959287 141998837 858783100 973123718 654433432 567747847 255783627 65867751 212300158 117537695 772519428 349589449 477348405 857879912 351011835 306463973 194572859
66
432695222 287065026 147073511 214755127 36278980 489568084 487523437 80439358 789851275 862367051 403500126 562028031 436597358 510475383 833644376 532529220 946092376 835074986 540461927 531479938 659920757 266547324 364639526 492646702 630219034 344395 823428485 373640782 884562984 182705287 817714105 669902147 794278696 816444264 75380500 170848213 754469173 437338380 553571560 117588144 335677676 272491583 658858120 912509819 899281220 36151879 807312461 351790127 496457326 448587369 400782956 784702779 279186782 248129957 608760784 184242890 616543266 976749990 5663887 228069292 887007552 997599690 428089035 978575293 889133927 440794042
7
360364058 2935896 345277592 561799620 411818625 306612645 623490096
76
110701300 192815 929524106 159498318 538470440 914810370 960956245 513938319 729355241 36698032 292316065 945321395 555665547 227189560 237000963 403717773 970643428 846091974 812564400 650406925 512483272 602492744 305602191 703008672 405603070 637152630 279490901 215875918 848111871 220021986 438451082 872731928 865107944 784399663 105433743 262578332 43974323 12863690 25300324 824213148 246151222 517627298 483720552 499243977 824833106 894657675 814409994 922695264 431905060 597001790 253146313 81183308 819082805 21864104 942815566 173481031 96485401 998395998 254900569 245004062 898889035 713386598 296232969 490942417 676631811 991363621 613829029 268612730 430377886 935733010 891954710 774036252 672153315 928874974 965516866 892520543
56
253251871 741899435 310547309 830143749 657560853 362823370 841299998 177051281 499240314 746854992 963294546 783966288 911775909 59764542 499308680 482554505 504013764 39641069 453605153 840810150 770109682 486697065 333784268 480302550 261722838 202875757 426891411 771534644 287816299 987224969 474454440 563721355 914005762 612841913 851015415 971662035 373033054 63041757 275499745 767511561 536379390 977140533 553252241 37470023 150396198 950539997 457115846 57952190 311182969 676408414 722655498 609590570 190224393 875245593 72955375 569179069
91
409164678 330660876 295554672 157653046 89628766 299665053 133218573 511894858 418399915 409350714 283403581 461803192 197481218 142005316 230520140 661842948 483469164 201234627 33282870 514156050 919504370 990476442 104452357 308403968 880749298 301109473 956618341 333215256 68613190 15318371 572329933 236336491 94388286 103442688 110305210 818185100 776635276 112407011 728880458 569081405 926839064 124500293 980482224 117408881 211274086 10720426 430415377 134042653 779105894 211084073 998621857 890405714 86260095 2005364 738634417 981958432 129818904 689619526 653505277 825528347 453127010 431564750 10169128 553371102 969616479 717203130 304180880 539657946 412945532 212966417 742264942 103262295 205515552 578752103 496452198 221614080 262236238 117468996 135503796 721575139 877267526 453833205 614443553 32709637 915628594 914397238 541635835 818266943 338025886 13983295 203116448
28
336996057 874553555 565632671 25503052 819742230 345888615 467096319 836993909 883545787 330182318 60562270 804630588 498516240 991017738 748196916 93121988 216486397 127058674 662557654 643213489 613408891 724677290 551563039 843158071 231977831 692798085 658236584 483937545
80
803092721 639527719 558609363 77106991 211983033 71166352 118921386 109339567 507591869 132460459 846771590 201937172 342363242 960867003 665667075 762071223 159919300 60652262 519275185 410828452 272062417 943614027 133532701 381370659 415552168 776026421 982617190 815352909 995288619 681284389 264321827 161760093 842656385 165162145 24394915 37617534 423137940 491410557 499739271 475468670 479739019 430205993 123848195 434015528 20412989 498103541 37378539 563138148 336278870 785645617 122499079 609063568 563341838 586976948 185496636 77146869 691389769 957849184 624447189 742873510 527536614 31317743 366770801 485412447 792209962 495571321 344424913 172997324 111073482 942825549 269197679 79137089 328632201 376093747 514427812 976871421 25122894 249981338 1817442 316362697
34
67012278 942543171 241517347 270230866 795577985 158791325 672119490 387710166 577369315 977363712 517415804 14269467 476343035 346552715 371055361 78863381 100018613 62024549 744529417 820114874 72762333 361562622 623139177 619180965 393220187 673951838 102869799 798300760 579484311 630218684 170207414 282227853 745242909 702764052
67
230894053 105833371 405311292 118024262 262263141 190567445 267216330 12754322 52412262 125732632 747877703 351050225 209595872 68319256 427154813 165449047 174658190 371715140 991641485 237532306 544270861 680382474 581267648 882963848 604516182 839951610 236245259 742260498 455092352 444166924 402545852 409150911 8936113 982805961 111596561 793256470 889324475 547745858 162399788 10538761 850194298 496949988 678634253 956743200 470257191 621109360 628461012 255057636 943936265 162945715 531877649 595622878 740274310 311122292 831030681 71210794 497513122 817250130 550385338 390267687 574154406 606774490 355071271 382848546 297467236 228725532 158155378
40
678271388 820222589 871872234 91951880 541437528 544813444 943603597 847250503 772864602 360435903 1814636 747162032 898775825 946631614 156019743 567843036 70927555 938467740 876475648 540457929 944586500 746807162 688262978 157036821 440915151 95189291 576625135 542882760 637486626 539644636 103323791 830307698 983449504 462008662 531634954 981559805 237001741 417350504 396909310 957509962
70
797223419 729176649 831239340 104287713 332476268 905366581 432302668 245868339 816321633 373925372 386025030 523992666 736802393 245006409 428804363 295930350 254932035 264183088 234200910 892966656 481102542 615303881 266898373 96724141 755205429 908151543 110601961 445264739 355465065 20071709 227764802 731552273 935584546 537464716 86047435 31709637 895357360 865771428 296253073 901163411 873956775 450424267 835728160 428624338 10479748 850920884 382791032 903112975 854885270 908710137 218416906 457617707 352919998 842765552 963153149 313770613 242251436 732967646 302848808 620902946 380564039 196775574 156674731 132691405 755200702 755679816 930294655 614977386 544001950 103142215
58
452795086 149415262 766748122 421950535 796004980 293151854 157713748 450773854 450905029 476031779 477644646 735732016 630425934 304728920 829487303 835484762 412819269 250076159 856458335 224604389 370148895 471312217 358898828 349263092 325673924 657857433 335048142 2434796 129195144 389745701 989443617 935142458 394266617 628162101 120987501 504796999 580614489 402797342 126946792 336522263 175383103 785050684 785717701 723297723 816548191 393378412 238146917 724642281 401983625 67153820 533702140 852675815 250234719 347288120 427549973 465414559 256292731 252383710
72
396979763 956634146 562914641 123866359 639673175 902122190 867008672 238470960 60912089 439406485 106851327 612707685 726592775 499869813 757669356 230307036 677845841 80186594 831379022 271032565 353996416 543258936 321510777 590732043 339929524 577006171 561114257 421360721 312831796 444135467 778570913 79265669 55804764 698694926 353537008 57432710 997345280 830788776 441744877 414079191 731026465 602164797 60961563 492124976 270944081 6137236 296299942 746812734 218948119 126451163 41183904 19069079 965438368 477538201 308853896 868411861 874155072 255834109 458555790 101997708 992584756 589587621 433977932 457922125 336572025 715606791 226143977 801599824 392681948 761565367 152833027 633089883
6
619950705 326578768 708878850 516131552 714149277 640159375
18
506137547 939346494 837122093 799052412 685790571 957564014 923295521 183677239 343022968 612964613 685120235 843652222 473714757 716335729 504775521 140103483 677195394 548357671
19
768514994 548834373 774565541 383239126 438047041 752361820 951133026 447710324 239559482 676625669 217812326 212209712 161332092 934119198 546925176 169388359 893368136 787295753 192058399
19
718826405 995692153 572584 276064382 198047016 923622860 277384174 770806609 273672139 505954758 546350476 177679493 119337595 908135766 186099325 289493947 653069894 790102790 560596759
7
986093717 279421131 454038671 72262535 120868362 481534626 675860014
53
47032140 534155799 538612708 479036186 356701153 349088052 478485313 312094631 546796804 883753201 76711141 672756760 639331770 497560418 698929859 333095686 664259477 854351646 151892175 562195842 553734313 22222310 771084047 298330969 318838007 712383923 961491533 465078973 255093150 416255498 469188979 119516043 749360994 617750696 680632927 931229827 531162665 158578858 894825375 628477863 612483274 771129746 219085071 277526687 183450509 181976079 715901107 550920661 747856721 644521570 739619899 916814896 562965888
72
404429047 431309288 728406388 453628305 333257040 846554832 177616447 429496592 983515338 290004033 969148248 618703436 686439770 510728862 451468697 485396395 338247889 215847551 880295455 282476483 779636520 40407645 626348537 154787522 480080190 163337356 397959219 52757462 309330728 656391619 429782102 9503751 46736859 842620879 412288 723218517 13499667 222106504 618030557 461029937 986387334 730053998 628719717 505235721 106356861 43800419 846366076 672750852 410680501 363030788 229064294 29273646 676110776 751172233 239373361 69179239 161257049 955045972 334180622 310861718 366546398 114506630 442572868 200144846 752809940 278109438 417961289 614536873 983329967 565681381 311797657 32530668
74
426735389 460188052 373185654 760998417 573650496 967441573 967242717 336319123 860009697 942464812 314855412 219079104 45176543 529383247 460043540 781085115 303035785 415317279 887668782 599186329 342335599 274121778 109061134 65269175 692491903 152968091 373835799 66891009 844519230 974413047 551528468 68558125 339282191 800349872 736088080 923803739 242924212 325620607 867945457 298710801 824945525 976826798 167955083 124319544 983891616 129168720 317644913 345847842 881737082 284463907 513659024 48091569 842591721 884603279 569479504 671491594 518009022 303652153 488559772 599026085 832417789 499110579 405509734 880352663 157705230 461060161 601417104 916583980 868355242 146714473 352294133 452623651 93611944 749711108
62
944197245 645425805 218296168 562313196 922575458 370125987 673590546 385337630 474662522 630152116 158920873 612010297 663638084 630604549 849073188 367239687 464040077 429794587 403874074 735637688 360625422 893029402 835620318 374306180 481377603 764837241 358186951 905168776 739945198 603357823 828091234 139199857 512699946 320319840 780983331 176262424 629180179 186218692 906945073 317703749 917439026 989595419 377201233 783767690 352358141 189382354 332511724 906993556 415864176 572346305 436934940 425779823 545272735 110668123 879947695 336701010 475862462 320746453 272086992 739505612 863448938 133923243
32
896806890 936328672 341840388 575828797 429591529 337308271 50619183 304408745 367817943 521311105 594397381 287679533 961674628 200604157 211040512 881331506 32646221 736860862 852952034 472064925 746557190 828875839 109440386 250182107 985238537 605285464 844530328 478155432 45174790 834835692 394243166 164389299
36
471719562 907080786 450572024 855698955 164989971 180884047 918998710 481687832 769186607 242884639 317428646 929578068 227674656 850089911 458370065 116229242 56120826 425446060 394641232 934048547 784144437 586659911 717067623 148046281 154636503 723498046 4632547 229636264 336798490 873926578 648660000 29317997 47485816 296137681 406933250 504637403
45
569148195 488801680 930486555 109753590 931158310 441423527 388815351 240598175 256747774 119614219 235663437 864619698 769249580 431873110 245118541 47827873 194749937 727421680 511379874 481444374 585083962 991823531 99105519 499376942 331620158 275844206 605724215 925808224 918509288 150697794 119321677 264427506 528330827 191311048 507560172 50966665 7880619 930104967 320525558 419634440 728485199 613062378 557151851 660212017 145911740
66
788864239 559638250 177076826 837661983 386064381 410554680 175689880 387510879 421754118 456705312 534778682 906155169 443806793 453779284 318394679 304902300 60798638 986689762 211380024 561176885 990258362 101524475 71039495 946688616 394241323 502293611 779476152 434594229 617345139 494526384 48509770 810051256 116876615 160787045 930990440 481459743 107248622 691289736 25351545 762962535 796039826 497001898 837901637 815668119 86820627 39281211 427793057 178270848 834099707 284379808 469766977 342855417 299159677 587977410 152027871 131274629 790666429 941165129 762130079 157501052 317558097 487618566 731077284 190478090 65102221 166571776
83
764973403 306682512 214285526 99362188 773624172 642746113 576731873 790648397 245357887 993985667 284194873 137778806 462574856 74411228 799735443 987594942 257268385 753603662 440217678 638026366 255862141 266703183 788151860 799623690 692203374 215344034 891701947 2860767 928865445 881151316 944717027 13681553 532266818 399998097 581892420 151156894 547095051 968756321 925996885 208775193 222055397 640230057 628425731 203858168 35916999 197298608 495492313 808574508 170830663 607761622 547668637 777512027 874221154 683265287 657340430 882913426 10184538 624112779 970258938 956871554 562562335 86775163 296484852 652983127 556712576 208978967 253170885 271923700 451578945 184257962 685780936 430538824 765567436 205767473 686824945 445183549 159217214 56994894 292277775 436971050 377952653 131841898 891848297
13
545507677 704571031 483057230 84563360 853784503 316479572 729888692 812497106 335011113 345146803 490134422 760098178 644041189
45
74507428 4191398 724919118 309741369 615414766 83219663 984552270 318157026 861874920 352465025 840182842 138831033 205164054 620606193 792304962 41474052 509812305 739791944 391478586 404774744 116000624 59536196 314600868 463598028 706628955 713137768 883646674 872925574 746532629 575937422 54731759 557563192 582224379 958594514 335021099 760797970 448694721 46772546 293591862 45097025 752337631 615229774 970955538 568012593 801880944
87
714411809 745793085 785072809 15500317 514480266 740721810 672404170 887102678 23363021 342740919 866559602 586765246 330083715 458702055 582273107 435999560 611418138 41279049 12411481 972266322 856851272 877795379 719102557 248725290 249801576 203705627 240243287 287790730 495939337 566033470 51683986 984117880 405082449 249646356 9833443 483000034 750116390 203370062 803988500 449391256 241004365 18219442 139473344 91271201 821053037 939931766 525516636 711650268 561243361 641075208 319903620 364238953 644806452 184537910 285126280 611846771 613033153 293369531 131990930 476681747 134207241 697244201 132074336 806538558 749853819 796310235 331199008 789452931 458655530 73914376 411341852 415945023 257036534 771225800 388483781 267703369 62480084 456471809 870266767 851746019 665917838 171179321 135755850 902396960 697610983 554597571 290073819
25
350152502 62375601 201128619 443576631 340352503 685683341 652579481 364715288 378657608 85436214 459813237 711968074 41585401 556707031 543086305 132269801 510523936 6029504 50054341 975311771 585835625 62840392 939452957 576062356 579631750
61
857159167 57577470 976498092 893011179 884272158 903868918 347778643 229074649 856751706 418675465 691893736 580413375 252793117 798236139 35765399 969452042 725214002 354838754 127051851 311960249 390639594 37404887 819362366 521929657 879160060 838537774 459056368 997820374 751731704 185521026 213075817 983589329 257189045 948873540 721775448 540294259 831411443 400242093 748385157 247466125 993078950 909855807 606488946 382108491 577433963 845473535 959437983 458091312 320812343 771722554 947617495 344688943 261162303 997797558 226222793 69900234 677223233 654845338 791469493 384397961 215130342
36
136135871 54928369 397302570 155205954 212366217 753457666 861308585 315674667 346526058 563952716 36779933 665310125 704186034 460022140 879099615 33051532 629968783 217015665 646749238 820012238 405655902 929909968 176145348 286051470 105070013 971819016 58760660 652205824 373259572 406946629 536713450 829465239 464106819 513733380 244381387 378094529
29
265569481 343440728 732533188 823545267 953999629 314282051 93034367 482809454 108622595 17304252 902414521 40494655 886275816 409900505 734326811 899521456 370335004 876921462 163037868 623078238 215720427 689032743 265581669 854890600 751940201 282074781 127420779 125184481 856083474
10
111936104 382404042 418784563 960430479 113049998 172394435 573384968 311645230 581619935 878780717
22
691866885 183081564 355925195 491658830 352326432 480338480 16079837 141063392 94317214 765254115 213872208 532348647 561624372 9220854 653497077 746892866 121921692 265862793 559712304 70202009 985590735 24037731
81
693140884 916412605 600675453 627115312 16581517 821437303 982460447 667588043 824527042 120057565 560922483 931395201 183049987 856792603 290779512 192491812 50062848 508308453 769262360 580776755 421185275 513396849 504697337 294380985 248254526 398378863 708138256 808803289 392929351 634146790 344466531 746769376 938745200 114013687 405847598 988945859 124647446 376546975 568369604 310296653 969455389 253943930 870948110 190259251 350709890 623567744 742432390 347861259 880583540 559133858 890154871 601314203 955970587 511171628 640503537 159805599 785246166 143011245 71159327 588363011 334772896 398385628 692941363 959664537 211274906 28129568 655395509 776522270 503177790 884454574 301125882 892196142 874777576 369838670 431924517 827406412 899565143 465491019 500127574 844549246 473814325
34
592184498 281762483 813621513 957315869 549531915 688704811 997703732 791425190 311856507 361604919 557254544 45405483 974978152 852000817 261842923 926180717 117026978 105696593 20182865 1359293 916146930 30048971 999190693 981766028 909916567 648147275 54139500 416893860 376033381 174322616 210308133 128095392 774999996 723989568
67
832837538 84039433 170800239 766129005 869893602 455827516 158348852 423687302 942191012 790085042 968701277 352284063 127206845 258420276 426071196 921203684 255749534 133238587 806254372 577300399 659247014 497169152 571173486 980356047 206916286 12669772 99168235 167367564 434525242 98542944 762547439 820916052 193313035 632524103 427371631 747244506 241264168 902562707 113711053 112904300 510424868 416939153 775531798 427832162 448491080 22720940 329588837 651990119 233856256 80863635 300749012 949929751 917018725 204541489 781288853 623429171 597215784 303206371 572913763 59130949 229151074 570915589 438720931 29194898 973958125 38591174 526080418
12
68113616 198408926 916640702 126542420 145609701 740311292 431808999 480638398 814616695 876576502 317263258 823612007
42
642307768 243055379 661601166 328380508 952091835 178973345 600841500 22121534 973520267 53125677 47258626 980884442 136226521 660155015 543912382 1523102 557590470 543789330 699987419 856810396 143385534 462908945 344348648 71367309 852298653 58086962 74789340 622015172 489581085 340150495 571486992 502006378 763873047 812096671 681873108 798462987 547264883 432859997 797271463 908034875 694233555 608097154
51
952327171 875993838 799099772 29591473 270829543 365517557 441692706 541776749 513176697 455134085 678439394 763714156 291056519 226931361 962569713 440176891 410791216 341224481 951981787 376965078 480248738 17844252 72896666 474357514 271703021 96882424 102176935 428542674 184135210 683437690 402364934 569355777 101061352 186532081 211618179 252831495 448122607 187269578 57694674 722484484 675149695 130582673 829250828 651374116 29330214 174813772 266771331 732186518 755628794 190530603 463496966
22
680943572 702022409 278392461 193673835 298746253 522494890 370062663 557334197 282089714 910336256 152709601 373362850 995499142 326263371 753284244 597236718 625175324 519114788 587960864 108051170 541584238 988787485
1
924225130
94
970087468 455215415 481491838 775008904 300483427 497275624 530467374 184234587 532678432 506869757 895352761 744708625 241705524 437718370 658041091 169367771 520247518 395591461 570302169 533248050 33821064 458410919 148474706 366133714 973525500 287542421 317691343 262961320 181822499 64827773 357985648 724727643 367979266 537177615 548717673 472922793 165191872 421030391 628083779 787908497 431209550 493691109 468168921 928153821 891725933 28137823 844949985 123356427 543969314 370980338 970653961 203322939 322796787 954339687 452298891 88493950 346847726 753018969 92597591 554784293 898939096 330110319 251698723 992221042 145539533 102204907 850953994 977266291 819690124 350704665 296354341 645262864 87681702 179550240 770261833 652792416 523209509 697488754 285728582 978218914 649146140 857736628 799753677 836256285 520293178 284320345 717940241 144330049 504412092 19913433 935770937 83398739 815149152 69292129
67
97112917 385777753 547127563 255286310 683574778 866776029 579312217 907697635 922004624 857775818 613627447 906318707 723921273 577328459 245003566 920056421 259305294 423515011 398982322 496361328 879190004 305066626 81579911 448103459 371105929 338812873 527249752 676963459 93130842 751488806 11507110 337367156 924527336 923389353 717154004 278275038 455328177 710993448 600679950 160213578 957359453 597442663 643045775 854181559 578284858 492641618 433697044 271358789 738691721 437284843 700526830 968783324 954030188 716894857 670152504 19469425 613524879 812500108 338789390 840723980 108531471 994079685 196484755 772956337 876660282 300019876 20498943
61
49974639 971962468 851643255 651851246 857312919 103391608 248299559 527850867 758714016 282965713 863561417 369886297 390261191 801387509 333474949 75650782 47906152 230632311 86795951 938527366 921913885 445541768 264506291 167451061 980978327 971026640 145019048 669999752 720989298 97048129 34876566 671349418 323709281 768655288 682379258 948068844 255644821 107024935 662658763 190054995 206493171 479944440 93953126 277025722 518832239 818859927 242518777 286787218 777884457 904845204 447867345 764389295 48166459 60784015 938865305 966206531 572910717 457902315 561285079 357361431 393325646
63
82079921 852709627 740913457 527928301 920682563 337340488 436977922 334823025 706696212 297955108 587810832 450279304 537338027 456246877 521608684 226995496 700395628 541570165 74026832 730503449 270931035 416884834 886632705 95054255 97586478 889001020 169886280 89868004 687704360 686138825 646802621 506228302 586955083 522648785 342886833 411448549 225876016 846913769 196827196 782572905 978318986 305615546 267870487 816982998 12046853 387777480 584001876 545541135 839148376 924695523 7486413 548156758 267628917 563961714 79652921 628280921 6826672 75443243 536550942 132700182 630288866 385007169 427161114
52
762781486 798425732 473101642 885339698 141783891 324788051 49567361 719686284 606730571 243301351 72590925 501716240 869955608 629847138 104516986 812679202 696514009 591842762 56903618 899483376 190391127 148339576 445097218 719353292 616879464 908151882 572074975 327014414 877403840 479168243 120361555 760099837 732747301 63146381 752145157 285836840 479725408 108750560 106366302 17792459 830753970 741499916 253126442 993501712 466234942 138271598 497396853 32996099 195680336 166767752 112733904 717841680
21
999181875 28297653 531335370 165899026 465277159 427036361 562996221 90034223 716454945 253597411 28695278 426259710 341719506 449941561 642111523 591663635 327544832 316003449 927163493 518491349 367321607
36
440632604 288359369 965398498 484390003 451295679 447938409 669257270 393044618 196354789 780030324 574003705 745855809 371819781 460901723 450147564 87803502 392140903 964489655 437063555 117897308 903898923 447409741 667673978 840437026 589588773 532311336 682031546 540231201 400125180 955093654 887645237 152996327 72910145 603909366 33588794 316054920
25
812409032 218990650 507952787 956898592 759199499 205987729 640715130 516908316 478439236 347721970 395980702 687027564 406827275 771304685 178225447 696284789 947066224 591888597 891331638 998601021 31548444 405382470 615227315 556345329 428908322
34
434614915 8467763 7142821 729052213 551526597 273064596 186152562 30708761 58515669 922202758 843470746 575389073 765082808 757509469 776992715 743092874 296768570 827563201 459635481 930683637 404758688 5049579 78642662 83089368 97191803 284765602 722197489 42430902 962567490 670302644 575135803 563776897 69148018 738898827
24
388329519 568320888 937794661 366666099 590400673 220018062 382463699 574167011 281950232 439331784 438152316 699749705 720830970 684065558 873938690 680423069 814859943 153190765 577536807 489510648 999574754 419392268 338247226 811448933
39
25831181 560490920 145609545 765160657 571047986 412707225 236484586 852316776 551848996 972879482 211078929 271037482 176019217 38007035 35249750 846990283 82779880 415410405 191765699 565534626 271318825 103199678 631689783 486321328 131958718 687925660 726111521 285438781 329185812 797121344 296422443 2369802 162173642 149307348 126807865 561590449 644159811 705038335 596404600
32
219912948 340377408 735606987 630076385 675747538 930459860 40527547 953696613 760619143 950900590 513231369 120127071 948997764 5445015 939564658 950442680 57552171 235720553 476231397 501645895 467599856 826843036 510344877 289612602 355537465 350608813 260402126 797516616 678546342 23054447 152314189 539363680
75
486852191 497090442 483587807 46279162 121645119 249439813 914872492 796789707 968406698 758811772 262445710 805562173 530298598 247562553 131214574 172920060 260683582 690393639 353163447 150951422 274480896 515545310 655629151 452209570 581419041 82433754 593030574 603784124 579664599 284927161 387956873 483191860 420593062 374386024 886122165 858266753 237096324 387679920 950299566 599293056 4821581 168235389 326663103 277740269 43811869 676636575 701407135 236410712 238972022 121648857 811371525 8623861 207083320 190077044 704749512 501777325 922636123 672809252 171739262 319729499 342188489 655847229 762949934 126237492 568404180 974257094 185776252 624910875 867714903 724593056 452085612 729259327 847607850 650176126 333181666
56
32744914 745534672 527259218 204384068 625138433 52083321 247507166 301289454 183923752 240630876 181432501 655373959 436831035 967843018 561633608 469532300 732426048 598304778 811339046 483683691 582198365 203574101 989638674 623864613 997617867 901495023 945965958 402079107 218997923 323863116 751814291 927383980 481435015 432955580 827429726 789141058 782142790 912309086 435560043 363155446 388841600 112336638 78871279 404770555 402705616 76855506 388365370 29439121 575149376 715230944 334985055 406061312 557701107 3012485 254429696 654296513
54
953782254 664684178 932410707 277524449 81615444 161601951 232833540 840130061 195289085 505267002 438471709 408456510 703612159 14931561 117934633 956491039 608661719 3841850 662525720 176608054 684027204 907809279 937464640 249010197 472560728 989993651 663782559 437240830 641059227 185849976 970724991 501136811 171845008 999201777 402987241 889024848 661638130 22174251 639591696 300963220 880392358 12131987 870561820 430454695 38989220 591600887 348577701 421422922 901164883 215607397 227590611 653484426 809124258 141961898
18
345051311 417998264 129662778 714332727 523587604 172423259 96516169 781682834 170193377 999672334 561334699 578889329 505843449 529806349 999953663 692705670 477508306 952496539
1
497227860
74
363229730 797775217 207091686 510044672 483597699 756231539 174541784 655148981 440940890 700000197 334026590 143119643 602552839 886309746 878090968 840706063 822095564 571140968 518793081 456265302 541653330 42392343 666206697 467251621 659810072 498932484 646573134 12366080 253447754 172527670 871821361 926033995 279560138 258078526 920621745 83354370 781792739 716765038 615925592 286922381 392973367 465751501 868053654 347087217 733711139 239509382 392051156 716448587 490903409 39174594 671385847 633506515 503725711 47395799 911443779 674278415 5587178 726512940 725602929 410713043 906311072 223564199 588351044 482928210 440669008 334374241 626684937 652590858 20894988 517920566 280462599 820577626 867338087 511983642
87
135139465 385277768 813360317 224385899 734735360 484022870 152622807 437322095 745088819 161859431 72317369 481404881 142925255 426132583 473115379 477147904 846160061 826855827 368783716 17565164 751219105 353888484 998529423 732829610 775449844 995243069 132418373 113695762 773968619 275140777 990646264 594888477 91428742 810320927 869045395 939296808 225803125 67131505 423604177 608961360 465709564 721469260 417942371 159130202 669142907 317053898 443764950 102084674 678805036 118620923 568315631 137731415 27782645 405802834 743854817 438232126 207956599 511240559 938274753 131214261 511278831 844665629 965476770 794232032 974650111 858680251 713738224 365925658 467081812 645519556 69914278 678370188 669317775 855638320 654301254 784751273 260491764 578629617 283650675 645304188 179710647 189940052 786381593 686584618 605333775 937948241 35681401
88
346984052 702364174 627296571 75917430 719311629 644543720 252259856 838922048 880090678 578061490 50986428 350236694 92524626 482938958 918979891 54213458 360875394 285006712 461812005 30596217 917965949 913149500 999359922 910904182 659141117 380429031 936151323 598918964 346732199 849477954 632234634 523239904 464589474 405550908 232168423 546382913 432319613 22019838 471259129 524046777 557671097 325549574 965344387 208117373 318577615 182474622 544070061 702674281 516990395 843332700 681362943 584523202 314593509 601620663 133948279 692490821 271914216 875663581 508178317 904008950 437808519 331422548 10335246 601009950 78373122 567630164 794364313 454971291 911659008 511665963 188598663 423384810 737712800 536117754 812614981 424186721 236421445 187659808 254672189 214250124 842197312 866101654 724087163 15243723 664171894 986021732 497411817 680123284
6
426098010 947730818 988445618 804497660 1590764 361960463
49
852993457 222538124 277649184 494781462 14536961 542258376 544351898 885330384 71034600 469569713 786676581 760348354 190605249 92675547 908935585 611882373 597974042 687073213 737253393 483464640 354608620 950443394 34753004 127902567 696615146 677930289 998412703 506957085 314607040 39618047 232328182 723858733 571587447 187905897 988128428 130098242 803759016 409765140 434247445 514736638 194362995 892116978 402355663 235631386 605054382 306302069 549061525 62650282 426878795
62
956617464 154318064 557453387 634692999 806784175 897498773 935489212 497664458 274800755 52718892 660725472 403448199 777137109 453460357 947772832 559624278 860120694 341647662 348507382 871572012 532350425 145241242 364998508 821797806 864223124 872846531 526975573 359100669 183545950 950489790 694745963 431755009 343210470 631939529 637556755 592453248 54090112 257847756 61890450 818904203 671621149 143552677 587223502 524375193 507891123 490440011 661102152 706397928 674554891 650742785 838211329 896883966 578353908 909020544 134665178 183957859 246524131 386462272 733784401 82745960 401263277 119115377
90
381906534 364935652 617898167 291503130 713007513 259898819 236115380 364084184 32235519 80721695 596993333 793380824 900896541 699047343 546310162 923421601 102125994 659871932 527428025 776082400 529345841 54545828 291054591 394635975 592439750 609208944 670938131 465862537 287098425 962021507 7595352 838811065 619175742 672533933 987033862 571861560 868570766 153092921 438145040 312247013 402063689 691124687 266766459 182316259 515919591 8268580 745584033 756731704 414208549 309377474 247489148 297357397 166968578 777474722 440080208 12387207 243009600 864749949 344990804 605580433 125613692 380749835 181201164 23295180 92764998 284215443 876187907 460856348 958413487 555887810 846320750 496866505 165926797 567929479 339743704 226958822 891757902 187812735 578683761 392041281 75929351 231671215 308596206 603284313 762316878 964351602 506454875 567701513 958043261 119001489
50
93433595 309044025 212654138 401542968 689733414 213008067 318825569 993742627 771510490 396800819 341582547 879993298 784248221 696953257 479237280 514962548 515957082 246615442 94997392 385229266 31640576 877861816 242566352 361791800 117973354 58184005 842555392 131336639 963975903 975032458 678024223 733139405 297067727 223954163 527411219 771582357 371441819 572688470 126860268 710703436 300448346 547988428 162249336 855609409 562035657 266108961 443323791 629592184 809160126 370572917
15
924448685 219648265 513768692 567070839 354059288 614612554 347354292 579796103 730144044 236097391 306370883 837622240 998889902 157835707 249227457
76
413915018 348949539 770880246 381577631 773760525 816071340 772259664 836138884 384147331 725415485 919236294 432784901 541871900 712507591 115097704 272076870 219121266 883280307 909849528 739109066 524757500 350613554 49177668 803803931 520591885 558446894 937050895 161846285 939486798 523281929 42674840 669669378 779235482 182398599 420829791 949890224 39659295 184425998 817307327 108547292 663106147 136662315 663106987 778252679 234707253 570695093 898211245 734432914 944273092 655475020 980719512 245156066 769306459 519104610 465933824 677411551 577629875 729934262 321556159 669271946 436786737 382157705 150515888 375508870 79662185 610567031 105989613 9981891 892752251 236307682 399493268 597232217 124799083 543943838 731538105 884866843
89
155230069 715153103 248861782 518609787 784014300 380378888 126863997 699506797 531308559 782189073 538625360 544270074 380435355 821677982 744583163 898288 466858484 898402157 459628558 489238088 786960378 852517577 722741523 866051172 660924666 676542199 714439978 866648675 703984278 600432338 292297771 10259136 810530137 397206808 826167098 357797534 135593028 585868896 562875119 895724500 308589473 871874174 3532722 607398578 113829727 534460168 325910444 247368429 231575215 108458911 626242901 552705324 38663514 308534642 626971810 89877428 90207001 566150059 602958201 96567780 827257518 674940612 88766924 193137123 255536201 564216854 554153584 507728871 297348311 177858483 707771772 503084158 413550119 113325087 35278518 616932375 223277747 185097942 173194527 133903324 293256376 191832537 113362003 728851358 734420418 162251746 348421691 176418899 322114990
54
470066093 429266447 288456711 920028018 237646374 393331232 968974811 732924470 461674457 482822843 607089827 479103935 521274674 710775905 41376119 985412008 136368493 468890939 878041031 558420733 758607734 868506428 649894115 352887730 434960395 620475037 793364446 595497364 726237491 425136122 647332904 116165462 980855379 63035480 348277905 655257184 186884356 323322751 826800503 114751632 669233140 646776291 746267519 53477153 811635568 326308755 269965712 341808990 283242282 181817486 874098682 336283471 200238700 783316409
12
924786498 791586072 401860837 816265484 118844623 476043435 333369453 355714802 590134966 922260636 418321771 844487936
30
375136012 232459543 474178556 792255209 299401046 991288825 564034390 451118412 988369553 969478013 517405395 638929207 500978912 327395707 40977410 575850530 457977216 260044813 928743949 324168656 577786448 678739378 887741916 751145457 682079992 14092952 308175419 873516711 813012631 491507677
63
814528155 704355970 64851622 988847869 901622079 402663403 763704166 425174990 436592618 200198057 596109059 346171161 472535829 418434900 610414625 969244205 92783149 758227057 270839108 884112809 722679935 5081567 584526232 700557221 656711431 630027050 301290139 841976959 810102784 335909301 636838571 919639785 212465668 5499989 964801214 881963193 850816993 122730300 161587244 757027348 121129076 151159667 188058976 598632245 562981787 526224141 157484689 794998864 201231882 959100275 485814985 785418014 845820285 745041824 571060321 489965632 825795991 770758121 748178403 211079851 111850698 763925927 530791638
17
431017603 706958443 685793203 118923213 209831986 358626466 885786823 32909988 461139605 691915040 985854979 2893208 836723325 228111392 133396594 813412468 178066314
89
663647170 563406932 260173099 141573056 877759393 338595680 955307225 965961979 974155058 602448574 415238241 662079363 729818674 259159533 581583517 554027705 546033077 948680115 147269028 814427507 463561410 243920407 203645268 13249282 331856866 912854300 434210074 946704001 593302180 346161019 188770132 249252661 238116457 551760393 884739963 718378970 871917003 865392520 675617055 835286799 848827584 450895132 599591375 975035886 111779426 795394413 657685743 253425100 485766338 512887405 138551342 110141410 638882738 131404581 486863218 720871744 551183588 131697121 931800981 724614866 15191036 775259303 108279362 884225741 479311458 508590486 741438332 909644555 305149563 1367299 540072015 158642654 664884301 555497668 812247744 66058790 249494438 796055679 519624460 786448714 845887883 174189308 634887894 701677436 971916550 319315681 172738634 566169431 581508699
43
54019211 209081350 406001477 294799104 260608294 44294180 854990419 854431125 520929698 834972508 774744361 163423940 608759872 508951679 31005188 495365812 168685103 118725077 163959830 632187281 279616085 437729895 807946772 1432487 577279807 971726416 241732172 954910642 470690907 950276578 613715167 6716285 732345829 503858478 873893764 351205999 772033849 75744125 544083288 472684283 114955190 335290365 43366793
77
456578346 281617828 173346029 562149738 100605692 807420484 528338788 749218924 976027595 688031957 977503885 221757794 74016775 830812273 662743164 10202053 796663348 488826850 807240633 96356398 332840123 53722599 839140739 572382260 630306959 775754707 959310941 509995471 222510482 184928727 39708449 704238749 615799856 531104864 782763998 456003441 192614547 711223827 350513568 129203501 732324066 865067545 78433093 135309840 901432967 574143385 746339602 191643592 514639050 144047172 435079249 243060239 516502093 57617473 559897400 54960192 28703875 914174001 181145683 15501931 817286333 864679407 134411835 84169472 666322894 252723790 103496270 189550640 55451342 887606668 497806393 752000881 363024693 619259542 784295989 748824352 581296156
89
64128370 957904784 19534820 886324473 140248406 733905572 533654850 712873550 40673894 513929263 924448527 740512549 228624961 804514108 193057003 963251947 597520903 659988383 811914343 588669224 731871415 74243522 834896816 79861501 325289813 79525904 704216106 865576112 232422921 823242471 948831695 307375792 161256176 799664861 678181266 54197093 845705875 898219386 484857319 626494297 678280507 293792172 73333082 695735011 856819716 727384243 78839750 540910206 91377054 722128451 6324203 231268747 786227458 94754527 502610002 281908494 936630853 25005256 490900473 42735712 809388128 296033427 758344799 503483123 817480285 775650631 772487288 722051443 278819124 905346057 562858899 617089051 334587305 671080989 369314888 706743581 290810158 343704809 694964165 808976491 623195577 212578912 659832572 273937293 554920538 968462427 70575885 264426767 391367455
12
334614964 8993351 791775149 193292837 57675241 13380320 515668308 354637562 686433784 542027019 446845612 975875146
45
544914837 108711319 695143549 669309247 492645930 342445986 191435520 823667801 33679642 423085571 523972649 68724356 674916965 487626160 420045602 833761830 697677895 664841255 670680359 201872061 915462262 833624245 462002643 81542579 763304607 787059836 660892106 971207410 498027982 19674588 242547776 462195173 619275437 799772227 739577000 88548140 311283138 726468803 922802177 429983002 718499003 382736487 231495129 279260429 403611363
17
305624491 473681043 611292778 10305428 545824912 22673394 743025790 204330724 575788664 831758524 48965150 635048085 764653965 998450569 920005207 821122449 597905500
1
772864399
45
966346814 439449749 630400149 423538536 182793046 991746853 432594886 325917270 337423923 646507080 567169814 567295274 186095270 553766752 412730958 938932486 127992740 223626193 285861744 329747217 292489149 292543616 199716614 462286195 184049016 806461198 684954460 505439488 854698417 402309822 445360147 931973080 50669339 757722064 599785777 408462073 3139432 770789839 562970434 425308091 123285734 924739287 757661083 463293301 805214866
70
833803191 88520212 630394927 978270149 350346438 787427217 267630106 814264154 929879109 976616372 340363789 972030020 805170702 776708405 114902953 445478059 971516196 670444537 833045479 212301913 595824725 523352682 199651211 14144991 465703624 942082208 311229144 707784227 807354602 423985475 821647213 5214621 534819326 778647532 615453766 300242247 543690026 236334620 83352644 681005509 906548326 302455489 590485462 90817795 743414896 567924610 800405207 723803871 283488115 743730053 655181754 155686637 418975386 26654512 189983763 250274914 964045177 210451545 36131377 133089455 147756275 606335518 806902531 588711050 163676870 310385925 95834768 250468874 955379801 180611397
35
852748026 813824382 784271859 500153082 383377960 423505462 148175415 617652046 778453967 415961466 690272735 682784870 795743460 447223473 933551322 400101603 45751858 203441183 346048263 620509392 688952848 404637415 493262279 316519101 771856558 494166095 730943955 99210761 964084983 985424481 552483704 228433587 864427345 665131572 682927354
46
310962982 819472151 157492435 584207798 116182719 370563099 623391930 356099217 747818498 730891375 317996700 639134655 75962911 646506774 581592555 47296637 50548734 160397625 619135270 582327015 94600181 691299760 964545998 430753225 491335284 920876997 770807953 941068753 438938296 692568581 228710536 945877928 153801768 875696349 621182802 518317482 377863062 369989355 213111861 783275588 928025310 600483178 886218985 497526656 481820603 582785850
19
557703123 704214408 399956224 658631509 46798053 33829242 150162864 724739166 424176561 95153950 376084257 745802255 348720099 418001971 807765095 71303240 673372408 280750798 335260787
33
215521170 206372411 909697191 663122118 561781584 618649066 74551441 593374048 960412251 237844438 259570249 286161445 311517912 638439132 560126375 378880823 945672799 478767040 416019684 192665580 337323974 538888072 872653431 875740331 936696472 520585998 923818471 806657373 443456179 247046336 107816723 101098647 70833779
80
785498376 15801492 99590302 551551406 54679776 8498780 671861992 161927196 716441988 736240711 723096888 68920985 89956156 635518294 206600700 124593703 98348681 689910362 772963832 126072850 684847898 70260638 484296442 671954855 751005899 100848734 723241078 536546962 616313996 163622123 818382671 291853017 573579149 516518615 807808932 453405380 606124703 674500913 840437925 188610088 887549858 140211795 728337240 193962250 836216427 413269803 736051159 313742380 590369787 726175451 586048962 699890371 7037922 168317134 970987224 780184643 336402850 776746928 556294055 882949743 613465415 357980375 583496808 631820159 137824914 323610019 270924419 67630178 547243854 599254397 749258190 949194011 329554133 455565086 345677414 810568312 80928101 239058363 275429768 958005930
17
973004477 565131952 178924462 253022805 467519249 652759731 380948448 138229969 372176801 109278355 972489501 614559607 238393306 371651544 186232534 8081895 97290556
73
295311829 320155451 975890528 292770369 966025398 463260399 691894581 599520626 562718334 530772586 730050184 625088698 173269446 265326248 479497926 139559313 130924121 580175623 394308260 719738331 948078805 654306098 50623256 435406442 869479775 389167340 573347740 632048529 654639097 781625613 410189593 749621657 439894426 182513017 80700613 795689181 866519537 407405545 883367851 910019016 341406570 214914411 263041681 462242446 382166435 523724609 701339659 970819039 653138432 205049868 128153382 554262342 175319997 152806103 166308351 196189392 594630911 707121317 142689853 848505932 858183161 897368289 274839469 374513236 489128879 678128007 680198966 281849988 209433502 361465857 338841545 421271360 582902941
67
145034095 617173231 185822940 108047119 797835486 324698607 707454751 340328826 58456627 889766685 305608025 241970175 759511958 575142497 17814460 748167240 142616033 143051163 18222312 331815322 768632411 554159456 978661882 96363354 9157501 848269827 763863684 365937733 698647951 936607296 146592618 26727300 242513703 166729401 165181138 152604062 158499423 904703696 648673868 997287346 13082559 32392001 651106619 564201489 42487429 989339956 298899912 508959489 781320550 245559619 233021512 118246922 726339298 38973658 39215267 747633734 475118842 171982429 94767135 154169456 621787912 13344994 60855532 567673852 251552278 531983537 719306040
