150
749014 210110
430598 377919
157973 37128
596271 29342
248574 664548
370716 84774
63194 161453
301726 931409
25991 298928
728035 801338
558023 697507
725709 962633
286232 749687
197283 160895
390657 658209
413622 625160
303130 311547
514239 349448
274395 187824
127292 285033
546593 60111
19715 766261
153794 142865
185194 218689
278038 428374
732439 570442
705794 475696
416447 706261
945297 880280
6145 712961
398873 344654
800364 757160
730185 401310
294221 591515
473411 767939
331700 363912
956060 834633
448948 495474
717073 23895
584725 470007
618550 511907
912883 198711
248634 691019
980789 2234
851507 16669
730795 537434
366674 697060
471360 976272
570718 849243
311662 304636
757039 589992
272235 473801
651904 521416
866013 621906
307271 874721
581686 968227
842211 162682
337708 948787
885526 201415
665496 457390
870686 614715
441461 701660
675196 190539
287515 465484
389321 717180
738546 971632
185535 168920
306397 548852
537492 900780
485769 890344
48217 594582
172975 168606
305770 525229
21788 335764
566731 873590
821371 535502
270361 918280
940701 251526
908829 787858
979904 968395
170685 590474
640277 593005
625320 49666
193160 907161
272049 49141
223570 519072
747902 589423
272743 829094
968154 174824
500075 85533
101104 149687
743304 217926
145485 364113
235285 721972
784407 590484
342814 924391
675534 850037
674792 984950
725750 234731
622712 918056
824913 968277
278335 912868
368996 6538
948823 811691
603049 879858
580300 212357
965098 110570
530685 431773
528304 955719
341739 903643
450142 300882
489544 533998
489781 188436
662960 952502
701316 954968
960252 85760
331884 191351
92174 995085
912688 938183
443767 17881
647152 913975
377814 21316
446960 71335
305538 898573
46033 492895
43993 67111
32817 993966
274297 4786
327165 824564
325298 82291
716853 536903
298396 146054
512987 818197
695672 316057
288896 861847
695384 949181
991348 428830
260484 64689
814435 246878
685741 179932
233871 271212
881280 840365
471329 916583
356409 256227
3448 477848
208669 34121
89562 393009
550187 131952
593280 676608
77796 852202
