105
45029 55707
80499 99266
4702 61048
57157 31349
23251 60629
64408 31186
31678 91840
42825 9642
259 95725
93976 23612
48627 34409
34707 35051
19466 3587
69545 49644
99057 45877
16742 53547
86197 40637
37368 35971
1978 34524
4170 75829
21583 51720
89633 20599
82836 95889
29769 76743
1099 31496
21595 88565
71633 47403
83351 67581
58348 87270
77538 78018
19423 27050
69793 47368
52739 65606
19308 35636
1131 93232
28449 61166
47770 15642
55908 94235
24323 91082
61054 45610
76263 97844
71164 40533
167 21029
33404 84371
63727 79438
41143 89733
92528 7507
38545 6160
68280 36156
92241 68262
17326 72291
94260 33800
57215 92151
94789 18701
96184 41979
2074 81746
95373 21121
15833 73999
74418 45224
69976 43243
92280 4275
21047 95712
95375 90883
45712 16221
49749 78830
88043 25836
63269 15095
7283 6809
95403 97549
85932 71277
26597 36787
12625 94176
25032 85219
11104 21359
38479 22565
31745 58707
82782 20053
15403 36306
70085 96000
5503 82540
37670 85735
80200 4214
57098 85332
87419 90518
59495 56108
28880 80361
90468 18719
11660 79806
37012 19098
8141 21334
80348 70967
44970 82127
80322 2866
2769 76825
26872 29292
49986 96507
77194 48030
30186 62357
22683 97675
97994 80670
20553 37399
25286 44187
58086 72257
94656 57016
53983 1086
