100
1269 37412
67242 6290
56887 52956
40471 47737
61143 75654
47461 92386
30553 51893
71925 28197
89563 14228
33828 78145
83687 14513
93718 30658
72790 54815
12392 4450
89907 8115
96210 18771
79148 70435
86192 29363
38373 26918
11959 71103
2461 74934
89037 39398
24235 32102
4355 25463
9610 47060
51983 89574
22640 72466
36881 62690
54432 68876
86279 15494
7181 62808
93775 40802
85732 82504
85090 8271
80019 29526
6425 53388
36017 58033
51508 17214
56310 87075
95696 89333
12294 96241
41507 75931
96170 6661
69930 50775
59298 43149
95639 41988
2569 92523
60218 11059
60398 77065
72521 32496
77547 85081
92966 65327
82473 67714
39143 76066
96950 65078
47362 41828
21048 58900
83761 7836
47181 31864
31969 42554
39277 26526
10191 12050
94654 83329
73332 82467
63588 20827
40525 51811
76614 12029
67905 84039
21544 1324
60249 10273
15204 12123
49247 87218
63855 61661
88262 53326
25142 50456
54393 90286
81691 50906
52828 25660
18067 86827
36997 50197
18182 46895
33401 90849
35279 33656
13972 79351
18742 2397
83268 91109
46176 78583
31651 34812
25186 41330
1556 85244
56534 62651
95761 25132
68196 65862
5084 88287
95488 81146
37976 86936
11304 53881
15348 43755
15824 71010
18266 73260
