200
309327556 460064418
976754601 694407624
556093788 411902708
122205513 756798803
595346794 40171532
54727873 168579393
801523259 221912459
364774438 49003063
480541530 55798536
537545077 812030106
882243346 680966947
657779865 492497770
787117085 485514054
498909280 812502596
330894723 588466879
192307100 617719732
500047531 56660423
997492919 616719125
128592525 804303478
583002049 893992486
144688610 997447301
118458512 910221180
144443390 111945665
59501915 109371327
780094628 780911926
580773097 323242812
158716885 486094106
223811812 820237871
353009350 281921157
717342323 520317589
282283475 553658974
134043228 232691270
78981435 137979476
503923874 168223996
288733085 849602342
545707028 712848780
668485615 326485627
253582246 947231152
775808614 346002141
671898075 881815555
554523933 140845661
610972464 782631998
911603387 708354088
523785203 39127136
437419335 264505643
136321534 374109828
876629954 539163249
100881799 709833271
882342767 987463259
756141419 990036478
901564603 461213083
64778998 412114109
256133370 588834119
482024974 327022534
359111517 117810107
125179171 205370950
316655535 204842474
681477469 504248022
277783724 22287269
420362309 928659346
622592648 639559512
902954046 806972009
762982960 549728538
314378314 715873987
997413297 116928647
268387701 57307295
708353985 559718349
613506290 179247112
304749367 205305220
779036782 288084644
59242373 934299572
456549779 726320657
438701873 856870914
226573207 75853261
875898436 224325454
382114690 234099213
660906943 375520753
562021793 775199338
538924167 736643570
147611694 842238394
223084612 605640431
49922088 189525333
608434491 636733652
370587840 894194151
31234320 346185281
205537763 353026061
901748388 194436410
652989235 856115184
104175657 816822678
705999314 268272298
537134625 255661927
402700958 850863898
923331054 153729713
936199949 745507546
298099553 9195289
748935549 649942782
874712447 292850321
927279260 732049153
975018875 612633234
143358773 40160792
903167727 511948621
272658114 145441012
102513466 539904568
270529930 951599660
624621051 248243884
753555143 857388699
81046233 208796810
662526655 771016882
39948666 868279607
242297980 453902649
650890159 667896463
356362399 375217152
312332630 900679520
701114507 225671198
122874699 827798983
537175528 121057631
698033113 95530858
931122914 197331982
552819143 87199173
80283620 902242443
691313564 80009319
36487853 301855926
715660675 684027592
13052048 324400417
938194630 203265693
487140502 9674688
99362617 775093431
969022020 105396940
155348816 411916387
60786052 593716865
423981187 719391551
67662972 15099409
211442698 485580278
484397018 736020436
615975152 843716529
349180825 988568676
295954230 226605786
299895375 624332932
54367060 865660605
584276821 705572778
714627233 752820443
562759613 850995676
286389042 816498386
721346760 36590305
443868114 774456964
336983249 900242576
437253333 495645455
630787339 445974992
182566324 281933632
213052659 320771022
748811111 775485530
680533825 144521913
148084815 827598921
145053696 319438562
103138859 620001964
540700689 759534866
924356138 291148559
836190831 499935928
787964963 502287250
845786940 351887742
909559950 634169615
572722492 153679073
926619696 942985278
38230577 788591575
110830559 273957487
934107972 908017344
339623644 94092925
512083338 829495861
913287166 898143431
567053538 339681547
603336480 53981410
120188687 752548854
766684898 951550659
623041110 950175064
245000454 509002766
93841687 936578073
512925551 279057758
210247654 773944533
558160490 662585892
540067078 417712617
942511986 655682662
146695067 205615927
733789082 154282111
881977873 910407346
944707180 746789469
725387760 430563358
101632078 946018737
757267804 241160529
452002010 27780820
736985625 302762825
125354995 62459186
438550955 791246645
292986246 960888211
806336752 534981612
358928902 336215557
760799135 949883261
657530409 552686094
557911537 922749539
414781067 308303598
444949263 636483976
