10
95
55 46 89 12 54 70 32 24 88 20 10 28 27 86 62 92 63 33 17 83 94 25 85 29 68 57 49 58 16 11 53 77 50 81 71 84 93 65 6 30 7 35 91 82 41 75 76 78 8 19 36 95 74 23 44 52 18 43 5 61 42 80 31 47 3 9 38 14 40 1 73 13 51 37 45 56 87 34 66 4 60 79 26 90 15 59 64 67 69 48 72 2 22 39 21
400
272 248 144 184 107 278 29 177 134 244 368 186 180 353 384 89 362 357 399 226 185 126 99 165 287 378 125 9 205 295 303 262 123 217 251 147 275 92 345 112 245 290 355 41 79 358 234 361 173 87 339 111 80 62 389 146 152 220 213 356 388 35 354 34 20 281 104 359 68 72 170 164 383 267 261 258 10 325 21 395 157 237 231 201 215 155 163 246 280 50 48 32 106 257 6 274 19 319 373 344 346 367 13 365 187 37 360 242 264 102 204 236 376 22 306 323 45 30 1 109 298 84 240 114 296 188 377 198 304 327 38 400 318 263 208 83 364 129 235 390 271 179 76 398 259 63 167 224 2 97 158 103 18 315 190 332 183 221 27 291 94 311 254 143 193 175 326 113 381 70 138 149 52 200 206 137 57 314 191 44 288 117 93 141 101 256 292 342 391 74 61 17 3 148 321 153 366 351 219 279 222 178 379 312 58 335 282 73 81 211 328 100 227 171 334 53 12 151 338 78 308 168 309 283 203 397 197 310 243 260 189 371 65 140 119 223 317 284 196 273 247 396 169 330 60 69 289 5 320 307 133 239 150 238 241 108 122 131 209 91 229 90 269 277 96 387 8 59 136 4 233 26 347 124 142 120 294 363 43 329 16 67 116 199 42 77 324 49 276 105 393 64 71 297 337 372 270 293 118 313 154 23 135 305 28 302 382 54 392 15 98 214 139 182 172 341 285 25 380 322 176 218 82 386 343 207 299 14 7 88 228 300 352 86 39 252 46 266 349 40 369 255 51 216 85 331 24 301 212 174 132 202 56 110 253 128 350 394 333 192 348 225 385 127 161 375 95 31 230 33 340 160 374 268 159 316 156 336 11 370 249 121 115 166 66 194 75 286 47 36 195 250 181 162 232 210 145 55 130 265
497
58 68 114 316 386 466 324 158 6 252 311 255 63 450 23 445 165 380 335 231 90 260 186 179 216 434 287 7 208 367 275 454 319 44 497 1 133 418 64 449 320 455 59 336 178 86 163 308 56 294 238 415 280 185 485 192 406 37 432 394 220 344 346 27 289 125 267 19 339 48 250 38 474 67 293 441 61 364 381 94 431 53 299 106 223 167 36 73 243 325 190 16 482 233 408 5 365 164 429 435 470 162 307 452 371 358 276 279 191 127 370 438 330 43 115 486 83 402 146 310 198 10 210 375 273 135 128 170 390 139 69 469 57 70 338 30 448 489 426 196 333 232 98 236 130 389 274 140 379 251 205 459 76 492 131 451 296 109 15 111 405 282 107 81 263 132 79 199 66 384 397 136 323 410 182 476 89 419 315 422 8 20 200 348 50 25 355 78 96 168 334 437 123 24 101 436 256 288 483 412 253 399 302 143 297 197 461 218 317 484 249 353 35 494 194 65 31 329 479 264 149 103 404 55 40 160 225 331 480 305 366 85 447 214 491 286 13 175 80 229 362 245 159 369 177 487 304 239 45 173 351 372 464 26 326 184 342 145 488 230 258 75 4 395 414 246 457 396 21 32 201 430 261 52 99 425 154 14 421 150 104 134 481 269 161 110 373 3 237 84 172 42 72 446 398 226 129 347 241 382 300 440 360 156 472 187 126 46 195 283 124 29 204 284 387 71 262 215 337 257 119 141 193 361 423 12 403 363 350 376 409 343 169 383 11 295 352 108 420 442 227 313 392 41 138 157 291 388 443 97 54 207 147 18 340 467 424 345 93 359 240 309 77 235 303 155 411 137 202 290 314 62 475 153 183 493 453 439 152 33 377 122 321 234 102 121 116 189 328 219 180 242 401 393 478 217 213 357 417 176 268 203 151 92 222 292 112 51 490 477 118 228 385 247 378 374 427 120 327 306 444 301 142 368 341 413 28 458 212 117 407 91 60 174 2 206 17 87 22 221 281 471 265 82 113 298 270 318 285 209 495 259 34 391 224 278 465 468 463 254 277 244 460 166 105 181 349 188 354 49 456 88 428 433 462 148 100 271 47 95 272 400 473 211 171 266 356 312 9 332 144 496 39 248 416 322 74
60
22 24 25 26 40 35 41 18 47 1 60 20 4 50 19 32 51 31 12 23 17 7 55 39 45 3 42 38 29 16 46 13 9 49 48 15 11 53 2 34 27 21 33 59 54 52 57 56 30 43 10 5 28 37 6 8 14 44 36 58
139
133 109 24 10 16 68 31 5 107 53 15 59 71 66 69 58 46 74 67 91 134 28 137 47 39 14 2 96 111 6 118 110 3 98 78 121 22 132 56 103 125 54 29 23 80 108 87 34 12 11 30 72 139 45 104 81 51 37 33 13 97 84 135 117 89 57 19 95 106 61 64 70 49 52 42 20 129 44 50 41 73 18 17 4 86 122 35 26 40 116 62 128 120 99 131 105 136 114 7 101 123 60 1 75 127 130 27 9 65 100 77 94 83 25 55 82 138 119 112 8 93 32 124 85 43 92 63 48 113 21 76 102 90 126 38 115 36 79 88
483
452 283 464 200 440 13 116 445 417 35 201 382 324 365 110 163 357 98 165 360 141 374 435 270 77 342 64 425 399 37 292 62 194 427 458 322 344 400 367 118 43 115 150 208 290 113 186 59 481 392 463 104 403 345 39 203 55 479 6 385 126 268 136 325 449 316 108 311 160 135 46 478 29 330 184 414 312 371 207 271 204 79 90 202 321 227 404 217 100 411 231 17 262 340 177 254 47 175 304 169 368 281 117 16 236 147 226 280 41 32 215 456 276 284 300 296 72 349 457 475 137 233 87 469 130 376 44 152 22 105 171 432 189 205 421 193 264 86 329 247 442 172 471 179 343 138 156 120 263 354 434 49 148 460 332 477 14 257 28 224 9 402 415 74 151 71 220 155 158 51 293 1 123 221 373 246 299 125 157 483 199 65 350 436 364 212 232 222 187 210 241 266 84 57 81 438 114 23 38 358 223 298 89 58 347 430 229 230 127 166 309 216 339 66 33 413 109 88 121 327 378 239 134 318 78 48 235 297 101 91 131 190 335 180 405 80 173 259 315 314 50 56 140 8 394 42 34 446 476 106 183 278 15 441 447 97 132 443 139 302 428 426 214 381 18 128 258 167 353 25 412 149 144 12 143 103 249 317 111 328 366 238 112 142 467 418 265 20 448 439 245 307 375 92 444 391 63 305 409 40 352 455 69 410 362 36 326 337 437 420 319 133 124 27 465 83 462 480 423 174 338 206 196 94 424 162 336 102 277 389 119 406 211 145 473 252 93 323 52 380 396 178 181 401 129 197 75 295 96 461 369 466 99 225 459 331 198 192 11 287 24 272 453 168 286 355 348 170 256 361 21 313 195 60 416 67 242 393 386 320 384 30 146 334 73 408 451 255 288 240 31 333 431 395 5 433 275 419 398 61 3 7 274 279 107 68 176 301 95 159 390 244 474 310 122 248 253 282 470 234 85 387 267 10 154 372 383 359 153 308 164 356 260 251 285 182 53 243 303 250 188 273 429 2 219 377 4 54 82 306 341 218 209 19 261 450 237 351 228 185 422 294 76 291 45 26 472 388 379 397 482 346 454 269 213 407 363 289 468 370 161 70 191
242
197 55 56 23 234 209 52 12 134 82 27 186 80 59 26 136 175 124 220 182 174 184 88 193 138 39 17 118 148 143 149 126 203 199 93 44 151 185 71 169 119 48 40 113 231 131 11 22 21 157 95 16 87 86 177 99 31 111 64 75 8 106 150 133 237 238 135 200 97 230 129 84 198 60 100 212 194 123 66 191 241 57 179 98 181 225 101 166 159 236 117 6 112 217 34 41 188 1 72 189 63 210 15 24 89 85 163 147 187 122 162 208 58 161 167 102 224 235 180 115 204 9 160 53 121 127 96 108 226 164 47 240 77 2 155 49 196 219 104 168 67 68 192 3 92 4 36 61 18 79 51 190 35 46 146 170 109 228 239 173 103 207 140 120 213 128 145 233 45 176 242 20 32 81 171 25 19 28 30 83 211 110 73 33 158 216 62 10 156 142 178 70 154 29 222 215 152 76 116 172 125 229 206 91 218 232 130 227 94 90 195 144 132 105 50 153 14 137 43 139 38 165 107 114 141 223 214 202 221 69 37 13 201 183 42 74 54 78 5 205 7 65
319
37 39 206 200 319 308 213 81 145 305 113 27 279 179 167 199 196 64 104 79 194 161 29 219 256 65 237 23 26 41 148 297 298 111 155 301 164 61 205 285 112 292 160 21 147 102 253 98 183 66 119 310 241 265 233 31 317 7 32 214 88 56 189 124 184 255 250 314 312 224 158 94 263 30 278 203 91 232 76 72 16 38 257 251 218 169 63 234 221 242 318 215 89 315 207 33 122 35 123 248 143 82 69 166 53 150 303 25 227 101 77 180 171 139 121 28 260 128 182 136 99 300 186 100 14 188 149 67 280 146 247 20 5 120 130 262 105 211 57 173 264 85 229 210 209 226 131 198 153 175 243 151 129 34 306 295 58 302 238 55 204 276 95 193 176 97 114 272 163 140 137 84 110 11 62 52 228 293 9 290 216 282 75 190 40 270 19 271 172 252 109 236 245 48 92 71 202 244 296 108 220 281 133 273 51 93 283 231 86 192 212 168 103 235 313 156 83 185 291 3 268 195 47 74 254 311 165 287 10 275 36 4 49 240 222 80 8 187 304 152 78 307 6 316 208 201 181 288 126 157 15 12 70 117 274 269 115 294 2 249 197 18 87 266 289 73 54 50 60 141 299 261 107 170 134 217 258 286 284 162 277 24 127 44 116 1 259 42 142 138 59 118 68 90 96 225 45 174 309 144 154 22 106 178 13 159 46 191 230 239 135 125 267 177 17 246 223 43 132
198
109 117 60 45 7 182 186 1 65 26 193 8 20 116 49 9 61 54 125 2 188 21 16 185 81 101 70 162 160 11 88 78 79 84 113 166 23 192 138 35 179 119 196 110 123 25 173 198 147 32 38 4 14 6 174 171 127 177 156 167 85 154 3 135 148 155 139 170 90 195 150 159 53 114 5 165 121 68 149 181 52 95 190 62 157 75 172 73 51 55 143 87 69 67 22 27 72 57 31 145 161 44 39 124 184 48 178 100 94 152 112 197 96 128 86 130 18 142 187 144 74 24 169 140 146 89 102 191 131 82 122 111 28 99 77 40 41 153 91 80 56 132 66 29 120 10 76 12 107 47 134 163 194 136 108 50 33 71 129 137 92 175 104 46 118 58 115 59 42 158 36 106 15 103 93 189 164 133 168 180 83 183 13 105 151 37 17 126 43 141 98 176 30 34 19 97 63 64
483
483 372 275 386 40 224 298 357 383 183 238 137 85 447 257 423 75 448 477 395 271 36 32 97 377 226 147 296 215 350 131 426 27 21 204 457 341 434 280 59 200 199 249 411 160 154 192 13 389 80 276 254 16 128 261 259 67 410 356 464 421 46 115 187 156 455 234 374 139 3 287 126 282 362 132 10 123 180 127 281 444 270 364 37 87 474 245 252 311 18 302 273 279 290 322 277 112 168 285 310 240 384 251 478 71 344 385 146 228 129 177 81 451 416 12 117 339 368 256 335 419 375 349 202 402 121 284 89 188 74 100 2 241 176 394 223 94 361 57 406 481 35 244 23 205 11 373 337 229 101 134 428 31 9 105 118 184 459 393 76 470 138 196 133 258 370 209 403 326 237 236 186 225 300 397 22 420 95 62 91 8 174 61 230 461 253 325 274 195 5 315 7 130 424 161 376 313 110 430 203 66 291 321 268 216 19 382 363 366 159 307 316 260 29 143 122 352 482 109 217 355 63 391 387 476 73 263 26 68 49 220 28 250 306 169 53 262 433 92 460 83 70 162 64 106 431 367 404 52 378 439 399 414 286 60 212 189 88 453 342 108 14 449 136 173 111 272 354 55 181 182 320 198 336 17 429 201 65 456 293 149 358 148 152 77 345 458 194 99 221 51 214 44 446 39 314 343 165 135 172 304 413 170 295 207 179 164 208 120 480 351 142 329 1 323 45 327 396 441 58 401 440 427 213 193 309 333 317 318 233 38 463 388 84 144 82 104 190 210 473 150 231 475 472 119 436 124 331 338 197 346 359 292 392 452 69 288 140 294 56 408 379 299 166 418 30 340 409 324 466 471 283 269 371 34 42 334 468 98 255 211 297 79 246 219 465 443 348 25 175 178 462 365 347 90 15 239 417 445 114 93 305 289 218 330 415 438 102 278 54 191 381 163 206 243 185 242 235 47 155 72 157 267 171 312 227 380 422 398 479 435 248 308 405 151 319 469 301 454 158 442 222 145 407 432 103 96 247 332 450 266 125 141 78 425 328 4 437 467 86 400 20 265 153 232 390 369 6 167 107 264 412 353 41 116 50 24 43 113 303 33 360 48
