10
102
27 26 95 61 85 75 1 51 4 79 52 11 12 92 60 32 71 49 74 35 14 23 54 69 57 96 78 88 66 20 59 16 25 83 17 56 10 82 91 31 76 13 77 29 94 43 19 67 21 18 53 3 36 90 9 55 37 98 84 41 81 48 50 34 58 45 62 68 97 70 73 33 100 89 72 93 87 46 101 63 38 44 42 99 102 22 5 2 80 30 40 64 7 65 39 6 8 86 47 24 15 28
761
216 270 514 287 203 44 720 134 177 281 400 559 435 427 358 116 66 355 229 142 258 648 166 194 408 611 180 80 615 628 240 326 73 304 508 478 726 104 642 219 548 638 495 275 710 292 647 187 161 243 528 63 452 385 11 51 550 426 232 605 279 742 732 272 610 484 376 217 317 21 634 700 261 682 327 88 709 13 600 601 621 541 430 107 448 472 119 162 753 56 346 594 599 365 666 699 300 591 589 714 506 22 433 282 526 669 680 396 269 633 244 213 156 15 71 632 171 474 598 470 298 124 377 353 609 59 468 301 173 267 405 237 198 199 552 418 664 369 97 239 479 278 25 311 131 612 45 727 518 393 129 489 657 271 651 306 653 90 220 660 567 536 665 551 734 519 274 671 34 404 94 436 740 618 312 350 471 446 179 392 19 85 407 527 543 588 4 341 417 641 388 293 492 746 561 68 597 174 36 694 235 759 54 731 745 290 658 228 380 500 692 469 708 529 351 586 60 414 313 77 403 260 113 389 437 424 546 331 343 352 147 188 695 332 530 733 307 434 39 154 262 590 517 476 724 487 305 184 251 750 585 725 449 440 511 486 325 442 639 673 679 48 322 141 105 303 571 231 318 441 152 616 422 718 562 416 739 291 545 5 703 579 40 617 535 581 677 266 42 32 689 61 172 245 295 659 667 108 70 206 230 136 650 573 654 103 646 690 371 480 64 288 49 294 315 91 212 390 553 368 513 276 645 33 163 373 3 674 608 283 595 613 668 354 751 30 191 531 558 619 250 455 246 379 12 197 569 705 277 74 572 102 460 702 224 420 415 687 752 537 170 754 533 575 65 7 488 580 146 72 345 253 428 314 401 737 524 356 297 149 444 490 672 126 37 717 120 592 491 145 196 205 578 620 582 221 685 182 466 148 82 46 236 399 758 445 756 391 286 214 565 522 691 670 662 498 378 542 398 185 50 361 583 387 18 234 43 225 501 178 496 715 510 729 463 459 53 655 69 504 532 397 176 443 265 568 697 226 675 195 757 299 577 423 711 370 603 493 193 366 319 115 52 337 534 160 8 716 402 736 344 499 363 96 200 626 362 520 593 438 678 477 523 14 384 410 623 99 57 202 9 242 78 263 241 382 122 629 215 663 557 681 338 140 349 684 747 372 58 456 409 652 512 432 29 186 383 564 268 538 622 106 192 38 516 83 289 111 167 704 413 1 570 223 137 502 602 158 76 554 485 640 324 249 686 86 168 259 143 123 208 153 302 464 233 340 760 132 425 280 79 24 151 210 339 296 101 227 450 637 473 429 722 539 98 247 367 394 207 462 688 112 17 255 139 62 576 696 110 555 631 475 584 264 566 93 128 254 755 84 741 406 713 701 515 67 735 257 252 712 494 596 549 574 730 431 238 481 348 411 157 320 133 92 728 28 509 155 31 374 89 201 256 439 482 465 175 560 6 630 308 316 607 138 749 47 95 614 421 144 159 364 330 635 333 75 606 587 55 150 248 130 27 127 118 20 451 218 761 2 222 342 135 649 310 483 412 347 627 447 521 87 284 723 453 335 211 748 381 386 525 26 169 375 683 183 706 329 738 81 556 419 540 454 676 164 285 497 624 458 10 457 743 661 359 360 357 114 204 334 547 165 190 744 395 100 117 23 16 604 109 505 563 209 707 461 189 503 321 467 625 643 336 698 636 693 273 125 309 719 323 41 507 121 181 721 35 644 544 328 656
233
221 131 13 207 171 216 30 49 72 157 50 97 58 183 1 100 222 78 109 41 179 227 205 106 147 64 203 19 25 214 89 190 130 186 199 167 99 67 228 192 110 194 76 127 187 14 94 209 169 219 81 55 65 11 144 126 35 134 101 92 77 230 191 165 204 163 135 223 85 158 146 188 215 115 90 166 10 95 74 218 156 46 117 119 98 73 2 45 47 38 23 68 75 149 152 231 118 33 29 200 63 66 129 32 31 17 88 37 174 153 22 53 226 39 28 229 175 54 80 185 193 107 197 105 43 8 60 150 5 173 108 86 181 51 140 182 212 69 208 154 178 82 206 177 103 116 164 87 145 176 155 128 34 16 56 138 122 42 123 202 20 189 225 125 184 71 213 168 12 233 111 84 180 113 18 104 210 4 83 132 44 26 162 232 170 159 36 120 61 121 137 7 52 224 62 24 15 172 79 201 148 142 198 102 217 141 9 220 161 133 114 27 195 136 91 59 96 40 21 57 93 112 3 70 48 143 139 151 211 124 196 160 6
169
72 155 20 123 90 43 13 89 9 78 162 133 85 21 84 65 112 117 100 141 15 59 126 98 79 127 75 68 124 3 23 51 25 61 29 42 87 113 47 74 118 125 163 38 140 169 114 110 14 6 77 69 148 122 41 32 150 35 94 56 8 132 149 134 82 97 92 107 58 159 99 104 34 39 16 11 137 52 83 50 101 55 26 71 147 108 19 136 64 135 160 143 95 144 102 57 156 81 157 22 46 152 129 116 120 165 130 24 142 66 166 33 10 153 60 139 36 12 30 27 53 67 145 4 131 48 73 158 109 5 161 7 45 93 62 63 106 70 2 76 167 86 28 164 128 115 105 146 103 138 54 1 111 49 31 168 151 96 121 44 40 88 91 119 154 17 18 80 37
943
780 289 405 7 122 875 258 108 52 501 764 76 692 933 733 541 416 679 398 823 821 772 165 768 638 723 212 168 716 794 325 51 231 345 378 458 471 813 603 753 125 317 128 923 174 386 885 853 338 67 95 619 320 792 839 291 68 208 796 825 4 440 166 30 116 928 406 268 535 782 433 572 841 229 455 22 164 470 847 376 925 313 264 206 936 342 644 565 292 554 382 708 545 72 431 599 902 568 648 56 529 47 381 3 658 725 771 109 20 434 83 387 697 45 5 240 939 460 687 110 334 604 707 316 789 207 404 913 315 270 253 539 503 324 307 367 784 887 42 577 869 196 414 415 411 217 641 901 205 611 329 861 294 834 893 348 297 91 16 482 660 830 744 410 286 357 156 608 689 592 602 884 678 790 457 836 561 332 899 214 557 236 82 421 427 693 465 905 822 221 195 14 266 36 246 940 730 25 247 651 155 145 432 525 845 630 815 235 801 241 544 775 394 41 855 230 412 111 593 731 445 580 937 710 587 726 265 140 781 556 635 442 498 662 497 682 720 849 256 828 361 734 259 765 840 900 356 336 485 844 912 219 19 683 864 761 399 832 54 698 344 120 850 226 797 493 496 749 702 62 558 446 225 254 629 6 173 369 514 721 413 228 33 552 238 646 129 57 449 894 303 600 803 352 876 737 201 654 453 77 517 713 634 656 423 696 12 515 384 296 370 759 582 210 280 628 659 891 443 479 860 699 180 223 613 732 767 589 468 49 509 742 882 1 127 150 751 462 202 892 428 532 250 657 374 389 27 383 134 112 70 809 304 306 750 59 461 500 290 429 188 574 287 852 747 935 65 335 452 671 278 756 365 758 385 703 63 177 684 281 868 727 739 483 53 598 139 488 546 227 791 441 17 199 866 625 311 373 873 763 858 667 463 151 888 543 160 915 261 663 916 883 920 549 176 436 878 922 464 571 831 528 851 685 652 795 456 285 170 115 681 624 293 709 121 842 566 79 631 171 469 724 502 548 191 58 105 392 459 69 818 272 807 343 245 401 305 222 216 833 454 584 418 618 233 43 167 596 179 10 302 224 368 705 779 153 450 339 435 854 601 395 282 777 197 123 506 620 633 712 37 812 8 711 353 785 438 24 527 126 607 590 897 787 533 547 484 64 18 40 530 921 690 89 172 88 862 895 934 640 838 555 808 380 138 824 717 104 420 819 198 75 101 218 189 606 903 124 349 209 494 237 594 255 475 597 665 330 299 341 938 930 774 239 715 632 81 636 283 722 507 71 605 516 337 314 312 23 898 490 147 595 35 904 102 93 583 538 857 117 804 843 694 187 562 90 96 622 738 701 786 504 719 918 390 28 610 612 60 467 298 616 142 754 322 542 889 788 760 29 508 375 769 74 906 48 534 402 511 586 34 366 896 766 489 642 924 44 276 178 588 135 248 132 581 537 879 391 194 569 269 271 437 94 331 799 26 444 363 262 745 675 477 478 439 907 106 362 143 829 87 347 451 626 551 175 476 327 755 308 575 917 673 340 447 113 826 92 637 97 526 80 505 695 573 73 251 425 773 806 318 746 623 816 669 914 810 524 192 835 310 274 741 617 183 877 130 181 776 491 837 740 609 149 190 686 78 802 430 397 371 770 319 243 400 346 522 426 157 647 11 943 674 131 31 422 886 275 908 846 932 351 523 718 650 570 736 364 55 814 159 536 203 714 204 263 119 645 396 103 326 519 661 735 2 859 486 321 21 499 186 800 881 137 148 495 200 114 403 942 492 15 146 393 553 510 927 309 670 919 39 152 242 793 99 46 257 107 100 621 185 409 169 560 288 466 184 691 408 856 417 863 729 653 267 567 448 377 762 273 38 323 576 277 579 748 419 481 232 182 244 706 84 234 880 931 211 284 890 252 649 757 260 154 360 578 664 354 32 350 550 215 615 520 158 512 926 473 783 213 136 144 666 388 9 540 827 13 472 643 676 518 911 848 872 871 61 559 655 328 817 531 867 639 333 521 668 86 133 118 563 820 870 474 672 564 778 372 798 487 865 301 929 193 909 300 141 161 627 614 585 50 163 162 941 358 700 811 66 424 591 704 752 480 295 249 98 85 680 279 743 407 874 910 355 677 359 805 220 728 688 513 379
113
48 3 44 113 80 12 24 22 91 17 28 50 100 110 73 102 77 72 40 86 2 87 60 84 67 70 31 19 66 69 82 56 61 97 43 21 18 109 103 45 4 42 75 88 99 27 8 32 112 92 5 71 105 111 58 33 34 85 16 74 35 68 39 81 53 49 78 14 7 65 13 94 54 108 6 9 64 1 96 52 29 89 83 51 26 23 98 10 37 11 30 20 38 107 106 62 46 95 47 36 76 63 57 79 93 41 90 55 25 59 104 15 101
268
237 228 200 78 222 129 247 99 244 146 235 12 118 80 164 2 29 81 13 176 145 194 206 88 154 248 173 45 243 75 116 202 59 66 98 166 8 230 267 51 42 261 126 76 182 122 97 1 19 175 104 143 201 131 50 61 144 168 69 93 54 197 268 21 103 92 105 44 16 111 89 39 20 43 212 236 234 190 214 73 47 174 204 159 26 34 139 96 109 74 82 142 256 238 24 192 120 171 179 252 70 181 6 84 148 49 90 239 158 255 40 147 35 178 254 183 67 141 3 117 213 60 218 9 191 140 221 7 55 162 62 108 186 112 48 211 124 263 160 38 149 155 132 165 33 205 32 106 215 83 17 41 220 262 127 65 36 216 157 180 113 85 72 258 15 163 251 233 227 224 14 134 58 242 27 95 266 257 188 5 86 22 210 170 115 68 18 196 240 136 10 31 193 185 28 23 137 91 259 151 246 264 150 203 249 123 169 64 56 207 63 260 189 172 195 232 135 184 125 25 101 209 121 133 208 114 52 231 77 37 226 87 199 11 53 241 217 265 187 46 71 130 128 253 79 152 102 229 177 156 225 119 57 4 219 161 223 138 30 250 198 94 110 100 107 245 167 153
137
7 91 58 4 115 103 32 9 101 88 47 112 67 121 123 24 118 53 19 46 13 83 94 128 113 27 59 33 65 20 93 22 45 56 26 89 64 90 66 132 114 100 97 74 137 85 57 96 15 3 49 124 77 38 35 98 6 75 87 52 43 18 36 81 55 5 39 122 80 63 106 110 116 111 29 44 48 136 79 84 134 21 108 127 76 126 25 10 70 1 92 12 78 28 31 40 71 68 69 99 125 109 14 135 8 117 120 11 50 34 107 16 37 130 23 105 54 131 51 104 73 2 60 82 133 61 30 41 72 119 129 17 42 102 62 86 95
623
478 441 73 175 479 535 351 54 129 25 486 461 259 27 47 549 36 53 250 375 152 65 114 399 598 574 386 154 167 353 92 378 594 564 261 571 21 276 236 455 190 521 397 298 597 222 125 329 396 121 435 464 158 417 237 241 6 427 344 361 421 178 119 376 607 120 75 51 504 517 347 496 109 430 248 495 394 358 280 487 390 520 555 312 352 13 530 210 420 218 132 30 28 228 309 492 45 285 12 516 365 316 52 612 588 38 575 345 104 247 442 194 599 256 466 468 260 416 122 398 489 299 336 80 474 223 300 619 600 213 385 98 149 3 272 537 542 476 559 10 155 472 24 215 161 19 305 379 318 391 410 43 606 184 532 227 307 621 477 591 623 320 541 482 330 311 225 301 387 5 540 372 168 113 605 525 199 185 108 118 22 181 507 544 147 101 217 233 183 547 243 473 107 366 90 518 39 491 95 160 246 469 26 262 603 368 498 611 284 283 105 173 508 510 572 56 321 166 103 89 289 274 404 515 136 471 554 584 355 363 374 84 201 475 4 467 128 157 534 55 582 609 123 356 189 292 418 221 153 134 622 590 337 61 444 614 369 577 618 208 143 115 264 341 77 197 269 569 580 610 295 481 546 443 313 294 7 231 245 204 145 568 437 319 543 306 450 315 126 258 556 400 573 526 207 174 281 290 88 141 414 212 424 359 64 395 159 488 501 465 110 182 8 332 139 249 226 202 196 392 343 133 447 413 338 124 484 422 127 102 480 506 291 449 616 170 364 69 514 266 151 429 234 451 432 317 244 162 48 235 242 164 60 71 570 193 371 485 130 112 33 1 323 224 40 509 377 589 408 138 458 412 565 11 438 552 357 42 314 406 324 592 273 620 68 205 331 576 211 187 238 97 32 279 67 500 271 457 562 254 216 593 403 251 17 490 433 583 608 46 519 419 459 72 135 146 20 512 558 2 9 16 393 595 86 232 179 617 538 156 87 296 370 333 415 335 93 523 240 456 31 81 470 551 78 23 452 150 388 531 380 463 550 494 255 586 203 362 513 252 188 96 322 596 163 171 58 560 334 74 282 34 275 440 99 360 137 446 483 180 499 503 186 340 505 373 453 142 497 169 176 382 209 326 116 367 268 354 29 85 383 106 83 41 198 44 191 131 229 527 585 304 287 389 613 111 563 350 57 140 37 601 426 502 545 587 278 257 533 172 536 302 206 214 615 325 94 381 195 277 349 219 310 460 70 270 303 62 35 528 524 529 348 493 177 448 286 566 405 511 402 59 82 18 423 14 579 454 411 76 265 49 239 327 553 91 548 192 297 425 522 445 407 578 293 436 339 220 79 148 308 63 230 567 557 288 409 431 434 200 561 539 165 401 384 144 66 15 581 602 342 604 439 50 267 328 428 346 263 100 462 253 117
284
168 171 8 131 222 247 241 71 277 209 194 262 34 144 93 118 51 167 221 52 24 160 14 147 199 36 216 269 79 149 97 210 164 95 177 2 48 19 213 53 116 92 117 66 223 250 234 82 109 121 178 133 245 173 62 212 20 25 184 215 101 229 104 267 257 278 218 77 200 208 13 113 159 58 242 176 57 185 35 249 122 264 273 123 49 163 56 196 230 188 119 100 22 146 1 172 70 105 263 151 84 211 203 50 88 281 183 220 258 226 141 276 80 214 256 91 157 87 205 5 266 47 271 156 108 26 83 120 42 40 31 23 174 60 161 195 41 143 73 126 43 261 272 155 283 175 107 179 189 96 3 94 232 240 18 279 243 165 98 15 39 217 284 275 233 128 252 158 17 139 103 86 150 181 38 191 32 6 63 192 186 145 169 225 187 270 81 44 10 64 90 148 224 124 67 111 180 9 193 153 253 206 4 202 75 138 106 142 45 239 129 65 238 130 74 170 114 115 37 99 78 197 135 231 280 235 136 54 132 254 260 76 166 154 7 30 236 110 201 69 11 27 68 29 33 140 102 12 274 190 125 152 137 61 251 85 21 204 265 244 59 89 72 134 182 127 248 237 227 46 28 259 282 162 16 219 112 246 255 268 55 207 198 228
