10
11 74510
929496 253244 71652 357185 581106 244958 296240 914896 983548 432333 800185
49 301622
203692 933083 19172 664365 998917 761573 836046 850296 737185 270971 879791 807505 332267 551367 611690 144866 915081 943044 947118 895092 502311 581711 255783 989654 14954 362607 647392 996220 833876 885971 858594 442064 176784 570689 817467 426998 84271 51968 263662 440336 446832 724725 204855 25889 747697 639666 426209 328982 159565
77 427510
880130 151696 748805 633143 663861 436997 732012 265207 551944 403501 979669 923366 721016 82314 972152 290250 826163 236611 219737 391009 450994 101044 419044 673469 402939 68040 988128 557352 179890 359980 530842 448623 979494 624798 796739 949171 810428 826097 277987 83403 169986 780376 631581 755507 643780 658939 976135 955771 113155 34821 323144 416400 117249 339832 823258 321568 448183 795896 611544 768523 597823 775462 522372 615188 862621 176826 276397 784653 349540 63237 459728 5227 635774 664671 291771 12924 268419
52 249401
837062 695402 26261 418987 925985 736577 604332 72860 401328 93454 696734 842631 571823 122596 93076 236169 688505 587520 584484 28935 980648 949788 958170 906072 469769 575120 827731 763066 365568 852752 88029 986892 200518 380187 201140 315694 189148 73442 388698 542433 176934 656878 815778 442489 143437 11249 102341 740997 65353 930972 63825 63015
67 74403
645071 249284 569092 272539 209717 39076 194083 370667 585317 146080 244572 476349 28584 522307 9177 232062 345732 406860 878287 768768 304746 484435 78580 101453 486170 954309 776677 983139 956094 917631 1484 830835 926811 468447 610192 748215 125104 1878 12917 603535 859314 705381 761983 292404 47835 568610 882868 33430 283755 303543 17333 863991 71392 804102 814881 528480 482627 148076 237865 770104 520177 897684 268816 85871 457493 537884 318740
12 530161
222136 476150 865811 833226 199538 253773 563627 683555 100333 189012 300329 716705
12 744366
85229 320156 77760 677933 551634 948000 935043 378251 315040 166124 770508 408048
37 704047
642 658702 900969 854040 240586 209539 231828 386 568518 956266 877427 429354 907806 683930 129258 282278 897140 338894 544586 806983 616925 859940 416378 930357 228461 162854 369603 136206 264121 303137 714100 108236 577345 179709 468591 660358 132516
51 306459
467081 179211 343066 859310 636839 52456 442205 106785 969848 759996 283501 412405 646367 236003 165866 218701 904180 267026 382999 492200 718094 157269 928602 519750 520632 484019 535302 647930 567113 948132 520473 475159 703246 76459 12968 560772 465715 882184 401070 645442 600977 241840 624426 937519 893156 606637 638127 652059 83229 195264 849085
99 942061
823484 552281 885633 259236 308514 218009 327765 966984 973125 538753 820896 266679 96402 91450 262397 854789 665333 870316 953717 89681 189570 648618 231493 184663 365583 612061 363078 923602 589611 155771 668515 235986 417623 710966 893196 560523 705241 300794 456649 834140 770903 297574 176923 644671 107616 180961 620940 132256 329932 823379 736469 530155 485750 569378 319277 785995 220877 467543 683441 289358 190786 801754 424013 755392 350667 774737 553187 636029 952390 960691 479973 394649 530741 44922 353344 39203 296906 52805 565950 729206 470191 353062 580741 227185 965333 725427 29673 226035 397884 399194 621242 42020 56921 783104 641394 450092 990 753751 345087
