6
45 761849
466066 790073 309986 590563 446198 684717 901756 133926 122963 942256 332403 944213 94711 388467 607309 242543 818461 383932 576574 650714 488309 262685 632717 879000 494143 383468 145317 455431 878375 343670 587423 788467 807093 706371 694189 944891 238116 30180 876711 908793 878998 863307 327151 556221 967000
8 287723
905954 31978 573409 337506 766001 474948 453736 660278
26 862858
155967 945734 64813 53847 874277 502880 263979 275464 568642 693306 157063 631177 273971 765441 121095 408777 769870 978740 538044 86185 61775 931702 785586 413385 163291 584573
21 464509
264700 571571 27840 846745 634325 751031 536651 649188 418738 851990 441241 309249 908183 21909 180242 890696 431279 567679 232446 719705 830930
46 777815
198106 89569 974663 162959 86751 428071 545717 310656 503866 574871 107663 863827 385405 835157 213963 618280 278718 322625 168305 980590 212249 973148 479169 983292 732338 399552 521515 55387 713426 511371 946748 459121 570791 658036 682248 535136 243207 907606 699774 887893 150330 357261 301868 507709 937958 994365
43 191463
859203 511928 244541 481847 904054 806950 408402 724791 876741 584912 629665 576032 522189 572186 727393 270885 605799 87725 369070 9923 965507 477491 660864 290811 200410 591939 585514 329995 379403 16482 692877 244339 365458 606434 27520 666734 294679 601309 509812 593300 67574 984830 196291
