10
405 120059
280805 337334 827911 986067 630518 819400 594478 581247 472067 105840 91569 335269 886332 873369 753691 799820 345227 811131 957531 103189 707379 133653 381843 211232 186141 206203 541552 524006 928785 863408 616240 229143 518885 321380 383434 929695 191129 617493 649703 633444 401364 86128 396159 72410 903168 645599 930567 435421 277680 341312 480126 960393 561234 87166 641845 105267 632821 100013 305201 493506 475592 716583 532854 231663 536470 746070 647393 345637 165959 398837 634150 518606 540143 381423 779254 423552 833271 359882 445336 14314 915868 861754 861978 873573 654406 67797 594739 299089 135102 545368 833924 494618 603262 938523 65955 589449 862025 383285 431482 282521 396717 964569 287117 363154 119793 721787 158991 4350 534364 927722 439066 740062 117609 589796 54521 124817 842590 334771 942239 167630 993905 960070 401225 314134 970669 892369 660573 23556 393039 417468 116845 555085 474109 390751 971302 79702 812408 234825 789512 102065 322290 585412 461585 5914 137538 759582 831648 444975 672888 502403 866596 74087 757238 404308 172076 485139 236461 282991 723836 828361 787492 619420 140795 185422 508284 636746 700594 888715 807701 837276 791483 794073 612138 390535 907478 940888 610910 977822 107357 622167 226253 167240 575474 604640 578408 301282 984407 106007 726156 961534 432542 709726 129863 521968 477859 964007 205236 309516 499102 735731 362210 987330 479266 764610 996470 448466 966188 135396 514507 741564 845515 346108 901281 803268 852969 198296 62552 826900 344042 865009 687952 396154 630856 83566 565851 247472 681413 426993 818228 875337 634059 32107 722764 932496 841574 306495 849979 867730 974944 184885 253679 550525 647913 943115 814219 766537 763075 101547 391909 124164 267175 39009 457782 508134 786401 974977 478763 373315 466673 34718 609090 982278 723521 182533 122232 412501 567084 388410 216151 447312 902733 330435 542232 187714 314262 288276 983677 128401 32495 850770 352554 720714 190778 36266 908462 433482 571201 292105 478501 221809 339659 354038 279368 943811 561135 530315 343043 791724 6110 942852 799650 408651 598128 69980 873948 849527 771411 63277 146552 218783 526809 320217 866109 385677 382616 507089 507218 669335 231979 873061 995112 311301 728776 982573 791114 652783 737142 431147 656618 909262 611382 499944 685491 149391 500291 486789 554812 507389 996932 834673 604206 644681 741634 765170 732638 101236 510024 831583 806700 853175 530006 908960 294985 681818 1679 994336 845831 921440 217508 49592 975124 816981 56941 396148 15297 399057 709283 589213 432031 232172 391033 783540 892307 86661 371895 43051 981882 404506 757286 426876 228958 498274 441925 808608 305663 341398 840069 81153 562864 752943 471373 72150 974193 635722 489472 358777 739288 573110 217749 181653 361643 797036 48675 370599 979004
327 149168
943969 679981 624609 786611 564498 462466 706400 769150 771839 717335 438484 549549 953553 183176 278483 985733 523774 332220 282096 797071 136964 77584 336032 963999 82207 538769 240985 450064 381748 529342 494818 145403 591508 607943 343552 851175 325175 671492 984523 501061 833202 617985 598820 437581 573816 700468 517462 508016 493806 808954 12557 171663 480276 522434 299001 318566 448323 405871 63620 182431 522401 60880 765602 334476 789675 823746 447665 896796 354216 86635 295624 103041 371649 359058 542701 315520 185211 444050 361742 403411 114613 832991 248697 300584 488595 776409 943738 462867 796505 128115 139772 502654 734498 925965 964860 786287 670512 642269 921788 477150 943178 899951 730693 123023 387222 455963 281380 707024 104751 223707 573228 587904 123054 448188 420920 641589 799963 92614 487961 862194 179150 917695 59823 913998 547382 525498 926133 622881 69399 373333 479416 435987 495401 459073 66041 795985 172453 721131 866832 281019 941876 211352 952968 66416 849922 957321 176247 778714 571052 255099 353566 166900 988534 366783 945922 354316 805554 857262 186252 533291 391588 964935 811624 228450 641992 875470 532156 15439 254422 608816 10691 258537 545346 703288 600204 512075 587814 508153 719635 652491 690234 855511 444541 901196 641322 923788 145726 581897 985437 486741 813504 326764 723849 842424 503172 518222 146700 950251 295272 21143 986813 866161 151566 895717 771225 310787 509771 860055 547837 58535 429206 887687 99062 598549 137203 653949 521445 716964 52421 733258 469589 89900 249400 642822 879393 355236 462027 99692 164290 209072 24933 77933 700437 834043 29228 526634 531486 676644 363093 750787 531329 419168 553488 332857 497543 257323 39478 316076 880920 508403 280619 863563 122210 291199 80884 120137 423846 893949 67135 25872 572889 144410 316677 346143 527136 988614 391529 217187 456109 632937 382534 549784 706408 458596 454035 880920 648729 675835 557386 937750 70417 474331 682992 868746 656528 124571 989898 817025 744456 296114 171662 171337 761612 793278 20445 206925 587858 757771 477541 610015 500843 337338 776059 48025 406008 558700 144874 301790 471087 759072 724794 613496 126938 791549 781778 77840 587880 120239 786672 598944 737069 575621 222142 468212 193033 913501 14918
584 214061
303109 190500 99803 776193 822345 377662 757396 335170 873206 768751 478770 23742 790436 530899 378816 352766 245535 127567 403799 657709 233740 786771 284691 719442 61720 285123 332437 534047 547842 132905 275512 467751 576761 740842 408791 368380 20207 104758 17239 174401 205750 860784 289559 379286 508205 515472 110673 153654 682723 718088 366095 14350 166665 310210 979395 987434 596720 288199 513276 440898 337326 121715 380288 940940 471283 127179 324468 693230 429230 570720 889905 506674 919761 339392 669319 693093 741352 710931 149150 331660 661377 975263 309247 324279 359923 697461 366457 228605 644716 433486 682296 297312 105025 802494 816268 623652 260250 416664 90936 417005 647190 778228 902581 665424 658471 442896 915105 542706 910385 190513 598082 342286 350666 186202 40873 662462 23157 794647 986453 732776 814322 592081 342238 819288 484315 121592 744325 927641 116059 958099 341746 636070 825140 415896 669464 990719 964807 301099 834051 406696 363336 259606 361953 890230 150560 380143 50915 810119 107099 788728 533130 823357 906356 184152 475406 883405 287160 32592 285450 74477 576707 680773 31948 347065 44269 760305 674660 70655 18952 992580 799706 834345 336271 24085 482594 660086 685665 981179 38685 796756 432783 298351 320358 424795 730376 376408 669620 629863 842654 118091 533249 131758 503582 310821 142851 137297 762834 516827 492569 994838 496486 647400 320288 469374 987211 365465 790882 13974 312573 619525 271582 735379 401605 175023 373297 889089 892079 918980 186564 765648 614692 895873 287214 520903 550138 443325 64015 69157 200581 359004 562659 897945 901117 33950 193119 290115 324622 914900 151321 664236 844858 589692 210998 439671 359626 208763 564379 546647 584321 672071 633789 305212 103519 126824 524228 274723 50610 285968 54593 900563 576131 418062 945836 301938 286256 745508 929526 814939 197066 375495 489396 76868 720936 356678 256072 132368 662831 498647 990392 698516 247687 598319 554007 842582 573014 828476 914902 735643 15007 455499 76507 36869 390613 128420 38685 625664 896201 562009 188336 689765 125874 123832 235307 517830 151006 811489 192505 554905 413715 682482 381337 866505 171788 527786 426890 395688 49087 577689 238861 753955 771241 155117 880044 894950 253236 898407 356525 304848 912766 52964 661741 339342 976707 537931 438313 727598 783220 351792 65582 139013 317457 911427 902034 143946 704704 192622 556058 409296 110504 732154 936577 574481 753136 885895 993522 757721 804701 106186 488848 294372 593994 828724 572844 338813 975894 268160 635882 818670 771988 991870 632948 977288 106142 88378 106684 483336 936014 811261 264229 646709 547822 321910 627706 293741 670982 263421 312464 217828 739230 336027 693532 217076 98628 943843 48851 731076 235126 540664 35456 614654 645053 125846 109026 897789 861282 956633 748480 103118 837336 440551 84129 286577 442453 927511 693768 306964 353114 895004 744119 178588 536099 916476 401802 92895 560487 3320 450386 504131 336288 397397 680218 870882 314249 57689 944131 737850 607476 992119 742844 910443 813946 82250 464778 422512 97764 68467 400095 467753 894303 47686 750094 157429 909999 886572 222105 735007 907936 174851 59380 71711 527309 306619 725150 810813 368135 929861 219439 928568 750448 763532 873847 452877 364299 433502 609082 187614 609208 137936 605804 625717 923096 938145 42767 916528 676615 53301 843734 51869 20333 551624 674563 802065 854192 659305 901852 508990 18819 594688 315232 329825 991119 131718 92644 545247 679829 187876 515038 732352 492445 562980 255692 894832 282736 404034 933672 271649 855447 203284 33016 433159 361444 452900 743822 485803 647172 647172 621956 460554 229114 667926 323853 273941 771724 748799 595238 785895 662811 529919 767857 831279 777722 695122 696504 839952 891985 187548 133633 670534 862099 8185 740988 218035 891401 444294 318110 980926 484982 157742 142892 884764 628641 317450 528861 281182 880797 366129 25937 339312 972455 482011 907165 414080 349204 724933 987571 323388 272633 749624 276776 176890 502869 687077 775122 242385
471 142624
956434 490889 201732 243738 598932 322841 251875 445137 257066 716474 851336 346094 710055 403993 847113 187776 717799 586679 466667 57646 642433 141347 745969 778434 484986 740806 346825 28613 878309 214253 418929 311905 543329 615810 871052 233104 748211 242854 188216 391791 827553 944897 791608 702308 858208 763484 989450 4657 990892 512509 111202 771860 738592 608739 554723 685264 629264 651000 356840 435598 869866 668504 85445 784978 516850 18397 636978 816501 588347 666310 187238 555103 600478 476898 891839 894150 288056 782670 494227 80488 115169 743631 751005 419794 960166 371309 969234 43816 818191 410010 835457 472359 15802 298220 395199 741682 550981 351568 69105 54754 583796 617907 863938 338126 765628 839960 105624 210071 551253 294620 278984 33503 559021 794330 678379 757808 230060 533161 479595 636463 520018 417361 989739 158136 445371 454717 308328 744703 478145 887693 949401 85475 530467 485933 583244 237985 523151 835171 278361 385372 969604 420103 192131 516394 196444 373970 708725 323246 79041 780657 337160 887593 825538 77193 860324 524457 357768 817157 254788 812032 835046 176794 394472 257292 389294 117175 177461 142569 103348 547427 638967 992621 847064 366140 64428 558488 71192 550317 280972 77803 730018 678691 932809 109650 697765 208297 347674 507944 221214 264344 969203 581471 654405 488057 536387 341053 814962 878500 533810 820798 718128 921206 915330 256886 240840 772977 651918 15946 856373 78257 691808 137163 61728 887042 637344 79499 500227 422706 110840 176402 413926 120969 152282 821973 858081 167882 333168 768027 483135 740575 983709 383379 655776 36679 896288 388335 603292 962011 147859 103705 223139 546910 923298 785878 739230 649564 518291 495013 206447 465973 536610 184259 611858 68379 777324 981507 113838 584607 753986 112471 242915 984649 699596 413332 686815 633355 819581 391292 538351 340832 547525 267317 217151 978165 264140 678745 512645 733448 788343 767492 821106 94149 454189 157417 135272 568948 960931 17048 13611 740665 491653 462990 777010 919344 863390 989230 511112 63857 725016 446636 758959 85698 499131 980271 548135 789057 958719 876202 776940 396756 289697 959541 126714 188860 930852 549737 801665 310747 508417 585964 482972 21340 628290 902746 985459 756529 621289 538613 228024 573275 469765 591693 519192 402109 211857 863806 856098 578169 870473 956138 161321 481503 552793 412612 250725 641919 289477 923684 319146 178782 294802 861166 96834 5058 676559 667191 989157 293288 823548 948776 237543 227252 890531 726773 191308 204546 970028 206148 512111 623949 652582 666251 458252 339063 249887 297524 788093 92680 263569 678772 407339 743812 344637 934962 390765 369315 326964 844888 895698 183966 577023 496911 491956 333752 593722 760188 306843 800551 222302 601123 732017 539167 964081 203850 917510 525542 946769 169584 626975 992062 85790 915042 600199 137432 749686 381847 361907 612376 281097 158206 325399 753221 314628 5263 65889 188731 255298 88133 323485 416316 476955 346599 671167 248358 370772 367151 642008 786123 856745 627262 927359 178471 950543 958737 904194 800808 803169 650601 334756 624820 799556 581814 592328 790515 277297 971434 66993 86986 968231 51091 718815 539026 680949 833842 334216 455705 123698 959100 285213 421184 627177
262 429348
590709 304021 238915 386041 697238 434186 138099 209601 142116 898198 57330 824473 155932 981444 967143 807616 216043 588146 142541 933711 974688 503748 616430 178793 71218 316240 86762 550472 608974 303622 674048 198071 932542 497767 403289 611440 655914 117103 2377 211464 463665 246575 957004 679643 498906 293460 217735 827461 752228 447738 882159 653330 314802 472423 158512 367117 100036 681730 425225 648051 521616 272901 450049 806583 87124 672807 710217 127778 811392 236811 646485 963336 581579 392492 931457 894035 459400 960290 337362 62612 949021 425650 41293 633225 427170 462285 489284 662554 595496 671673 881490 33368 451391 292674 309660 741144 648216 570624 206797 675000 638925 293689 672585 532137 606053 711769 732583 642284 45473 236633 524127 310294 818649 819051 335163 851720 256769 325247 413657 769724 388210 481965 895731 529678 87144 963260 149352 662121 487874 797417 543454 585438 217526 398663 761284 929317 942148 945673 740799 359296 427082 818644 271648 688300 998814 999740 180089 213491 411185 641518 194198 868853 37193 490855 957708 678047 151982 612377 486734 247391 203176 633119 856986 126831 899386 66421 614352 686511 869171 955696 802783 248859 796121 618403 723810 764535 443615 4745 375790 914556 617563 233766 666283 495825 300389 126049 395928 832797 576294 173831 911944 796718 595404 262324 217155 833387 938900 562146 395483 959458 138097 263564 77215 104199 284444 586883 192106 434753 470199 309135 167332 344981 413951 117795 418400 673264 838269 387453 338304 587579 779345 609090 358458 678641 110078 398006 252287 814597 192119 436803 729767 31151 383038 352334 289557 778490 692576 227911 655762 890663 691568 533162 225858 648799 627585 791863 142615 168436 687186 165460 202471 212433 3426 681772 107493 367307 875419 862052 948161 906370 759092 639875
384 396234
706604 409772 970456 16655 7219 606891 296552 429368 935194 242723 328264 47463 805028 170375 498868 680906 854532 330889 505892 446476 685830 491064 3569 194364 882432 55291 155926 543521 452086 101895 221609 207005 715835 565950 822035 826645 107260 244660 943791 157004 45099 344856 184251 115855 528703 47641 301848 225967 325220 413946 186212 338098 795002 759261 555740 443623 39986 828351 762374 197663 533102 685165 757563 230932 873548 708455 672077 375836 673396 35652 387715 171829 164800 783666 438202 585202 693269 332472 338315 159484 620309 919472 710485 697990 292873 602 194718 845600 695690 204548 516355 425986 236331 368378 159357 813792 395383 346549 551647 912673 791928 339102 651701 539241 249350 723842 172531 656594 687985 794825 643441 79915 859418 912786 779316 812600 484477 353406 616588 579260 812660 958502 7999 629576 70331 180357 962217 244750 741286 821291 77940 759004 23870 697251 67953 714522 271732 471743 184415 429742 959049 867811 853853 91633 937329 942879 7855 939878 54470 196071 387061 299697 803643 569268 252458 124904 886704 308205 943355 158831 182469 617168 331301 905486 273500 159573 3089 272467 783928 938846 67713 86933 442962 988959 417559 724041 64486 73543 90231 821208 27672 995342 361443 169567 115556 88076 163381 899602 999661 192219 199545 12574 134794 998497 76722 249579 105171 808203 532651 728559 821327 30525 367835 837748 309258 16162 518501 47066 172879 691261 580957 231399 14448 230625 631472 547536 332270 694447 626964 206499 841844 593478 310396 205081 533099 606224 653765 271933 267392 656001 302276 755337 620573 104372 816654 118234 226978 843259 131781 426929 502594 440609 659647 60450 923029 785643 685090 764355 917822 5750 408107 654657 65412 712803 610611 765218 410552 863357 695778 660870 408474 576664 558058 993497 471383 133284 258703 945029 992241 298525 94964 484592 646742 965584 818387 268760 648960 109274 232654 975204 261921 758570 14878 238639 737783 989169 734818 767662 192511 844583 361918 659391 157871 685059 924708 57084 905784 86291 712746 283652 538340 974560 494347 284582 432391 763593 508863 680021 491489 136239 717027 50011 232250 391679 756559 708243 932491 813084 636876 637807 516181 25398 328021 269028 217918 446243 646757 232445 228006 649017 842963 191684 854037 884747 923914 404103 733039 805698 346270 612405 173163 782315 126927 565970 176969 266288 665044 409457 157301 816216 450179 568943 818557 511472 213691 498374 488034 529374 189796 911650 312619 11080 491886 830107 205882 609369 950493 200969 152205 842931 68719 409935 757400 929021 921269 886801 469359 484503 852013 983430 262053 787855 963485 483834
995 501083
89373 370977 880264 616165 680971 993352 856926 166834 162642 515034 848666 294011 7492 893114 90387 14011 588723 590001 624284 477017 500609 411427 399908 184956 702948 307996 945382 930344 797648 802517 266379 106280 413871 50083 842619 146719 881329 378511 61921 730958 491973 566872 798398 652057 496164 511321 576677 552992 417280 668548 958487 605411 222620 595896 682067 419130 750831 364275 723042 833519 941108 208676 810619 116085 509089 623376 355417 770950 182948 561311 884440 587391 714365 347 705501 11954 264473 894748 295908 354084 298543 52746 593787 980035 555111 538769 590685 526018 971617 870368 518867 247540 141097 1319 7556 102746 500928 266659 203404 134609 228707 599819 321322 954779 493177 671019 236855 976829 441974 702780 978421 718207 585942 76449 637787 650593 919813 560184 199483 421372 799719 622224 854535 251321 650850 541050 609546 613472 23885 196020 14767 825680 713678 214842 802602 547208 350812 352049 532896 91122 265640 299652 367465 724914 255839 617419 567729 343100 529575 939076 29470 95732 896467 31384 896479 85074 412610 133802 823150 353804 503396 1072 990879 966961 712087 198368 281906 285793 213888 715394 164153 52692 900773 22682 847424 414974 203803 852072 380325 602020 116488 921057 142602 344089 977426 74219 979771 438422 525536 664581 410845 767272 166073 505292 802576 735296 519269 535637 681185 794250 886947 797349 317771 24545 700786 693249 733796 857159 330737 675773 107226 821849 376046 567237 933609 95739 832022 997780 317364 583852 278998 377772 602866 106036 1297 834478 839146 127149 493664 239171 978807 797520 192099 850900 834648 457273 292118 614573 162485 879017 56918 475333 960317 378402 93348 695921 706287 313160 733935 332415 466119 981538 217326 480392 291223 169239 633107 955780 407925 854001 566418 578343 58155 284751 23802 676472 512945 480066 768454 113067 577617 397758 94400 553461 212036 245350 83414 748807 691190 561903 242998 924561 176072 230636 435216 824422 237780 962771 209130 982683 282126 702749 436330 676809 561390 931452 80663 384523 110461 454952 493770 922083 724389 190547 620823 497802 184730 529438 676771 607285 812904 973178 610106 643352 515266 313081 704778 569958 885851 477384 94054 449723 816918 695971 40298 154511 142571 672511 407629 392148 426444 406104 170708 511920 818046 199980 695629 735210 800428 874972 239420 898180 205028 944353 895768 370371 749909 947509 965171 640506 995670 644253 900657 113110 408913 28441 22047 333320 632316 424194 154136 117495 541363 449989 29553 106799 59996 411358 454827 601399 436704 233584 850529 700588 319590 765803 508618 309234 424478 801986 204897 299262 427976 954478 409201 479922 642119 255701 395092 879643 396581 672899 621680 285853 666783 25343 93337 461023 849886 578600 801005 563519 915972 608277 650245 648374 403275 778659 441340 345208 219979 642121 494049 488326 783777 391746 664596 96193 754495 560621 976694 161723 760475 486836 503062 20853 168334 860636 674588 860990 469504 881984 872599 259190 379920 674093 807574 581783 569629 856433 725161 443694 605985 398401 676756 159527 348389 664480 145855 840859 215862 261396 347200 928914 630310 772975 785285 806704 529995 596882 713774 526712 784912 620627 370720 933214 58139 139956 505916 843845 611825 463393 596069 222202 889409 144088 663773 307090 814446 342715 569984 986313 149690 720015 895698 632223 520874 570354 15222 520784 532180 26605 572957 468788 515876 777655 373228 542623 823999 736499 83203 263297 101323 624667 34634 662031 592494 931822 565279 803447 190850 108821 962717 591507 645871 90924 465592 701190 194220 827552 821107 844729 627326 246207 277634 236722 835757 212198 994973 133069 605962 441208 406248 256868 504214 840329 34297 958716 448107 197912 396176 203588 285445 944191 535438 995727 29311 988314 343454 197582 602740 946184 665478 580722 910363 465221 155444 109677 123979 774405 945364 145813 612673 820140 554120 449098 566962 354863 759780 659435 367514 307494 393716 680755 643067 705530 809933 541905 164690 664839 869008 58481 762190 711353 373800 877204 722419 929619 767319 391772 452238 187459 492623 227129 943836 693282 616697 679495 538131 392173 401607 14947 742099 429332 445250 961603 810465 386899 370803 859498 863363 837783 696890 408292 525443 859009 680559 90702 190061 905525 115876 381818 395489 142607 292143 684294 827306 705547 569925 652562 775700 127483 527942 842951 138979 433248 289595 935718 473789 399802 21755 838683 30847 379734 830693 370916 612077 30408 943824 970947 781913 120466 868810 26346 165388 217093 852134 354976 636151 379236 810675 901625 659392 365667 282034 632997 198386 239012 936784 143783 884638 904233 953141 490482 550131 841279 270305 505474 629844 954467 85455 765140 88827 108869 206230 941574 36403 84294 146231 458872 998660 701890 11759 174876 183384 532469 458963 986881 93308 848362 116658 213013 562569 503831 824756 35441 929342 873771 843990 659565 200903 789856 865233 84656 121869 138396 459152 118217 53323 988966 646529 63107 985918 19023 481363 77933 720504 81843 718361 566772 304093 912402 611185 272138 412594 329691 332543 124179 685033 826314 430454 921895 841206 462284 399497 984412 575098 278380 192028 568850 265863 610003 613639 416606 255428 683078 347842 443085 23127 143101 791234 22638 846069 808645 266604 821847 38957 362009 436831 383959 477376 365531 636578 108602 701222 744017 598034 298878 913945 323128 407193 499739 876837 868462 625688 619744 1632 966198 745175 180815 367621 272497 576590 733095 727393 971721 275474 335440 845422 910803 534830 793096 540282 362169 733551 949467 640383 111697 949329 213215 988228 45170 438647 152026 494646 813931 98764 576736 208072 8238 454098 758396 719207 566928 68524 258194 93447 209085 269694 553527 321238 501579 346461 460157 484339 376671 480027 98309 661741 722960 598296 612177 835305 93501 994072 766460 122301 138724 20884 523030 999818 854569 661808 821136 820115 309615 784613 199698 828093 529502 37645 624778 753123 767144 726961 850729 601512 863304 176797 768554 630785 363778 932276 158056 744960 838555 878239 305042 654520 87084 118915 43126 28084 183906 617045 191001 921372 457748 237195 155641 699753 782388 440384 327517 613802 523790 901001 714583 883254 926961 212491 979100 752146 287969 321714 426428 67907 434581 56100 509107 447211 805303 599428 457652 549729 387089 704347 659128 475769 85277 407858 44693 262878 77939 242707 611946 89252 14540 750909 570408 791429 612637 639826 432215 766186 357782 587278 681353 448326 911616 329615 234561 110313 934720 560119 756225 137864 988380 219048 947922 697111 192938 870176 545275 240723 164589 101083 512398 435622 182673 399167 511264 803878 803406 154495 436295 173676 176082 237429 678616 912778 728759 754934 284025 563496 280951 792028 503001 364380 976648 308826 398327 85125 820257 304248 797607 173578 685263 384989 540722 906554 2305 216733 499087 273544
895 527388
15940 299072 460050 210151 347833 452015 593641 47200 679950 456001 369013 352964 996773 309837 289986 825098 122153 923960 411481 401817 965261 724839 486586 48035 668593 572464 393812 867615 768868 584942 857140 657213 813168 604067 687731 398845 957862 766112 485343 432332 168014 511645 33134 468598 322938 680338 354343 918605 309267 617332 861966 544844 119610 992207 474922 97531 762498 399199 452 630019 387369 470055 432429 182669 220168 425780 704306 920682 971009 620159 269125 553872 762833 470135 547139 292128 115887 835716 640321 646474 584822 365513 919476 889114 82965 313815 70940 294924 539413 755113 814684 329605 645712 751255 683963 607590 414568 564973 795890 251714 255685 750837 826392 617015 831846 350151 861183 560180 220291 993349 963485 586110 241193 812144 288439 657354 767378 642839 669360 384278 578197 525855 487632 993374 406980 348678 408429 521681 139936 760191 822966 194061 122516 70559 97664 788999 954095 983363 47945 581265 335427 224606 195336 118842 737205 822109 619198 44269 259804 339995 145812 728223 533970 794553 894488 662959 596348 164426 70182 393963 438336 685096 825398 861704 215879 675190 82521 780630 150847 821267 57122 453511 806466 226108 856811 415621 259455 745428 87529 744513 321511 557355 970346 359038 437782 807137 962005 372886 757896 818545 405864 111443 966420 838539 507497 249858 796027 541756 185158 981719 275506 286462 555420 957031 460268 844499 40177 601693 863930 148702 571853 691490 159525 359423 147335 666552 594616 817762 886089 933972 608723 272003 65695 104746 482533 427577 278192 24269 692976 344974 206590 820763 664531 544438 601158 822921 420508 217388 892330 420742 681291 375473 153749 144341 511240 487681 793674 928668 879944 692565 706464 301325 551718 489068 780147 777127 904174 557757 912230 188350 772212 466017 957748 215616 633770 176411 750650 2404 123500 456367 170483 980531 981094 188781 904292 860943 306872 673743 540559 63934 421008 120049 829912 467118 468412 772932 443140 833331 940938 837281 575409 116739 590812 103837 667526 548896 319407 616027 187653 617262 83128 968331 90675 460699 443511 52704 332570 337128 249413 743401 976133 275581 326003 801088 483617 51392 765442 229454 659746 725228 569104 371860 440010 270029 177436 399390 12582 74626 250170 714459 333310 534245 227835 898362 185830 570486 394812 137461 879196 830074 260020 636410 556590 361756 298643 486192 481103 542032 713857 941587 81868 202260 545032 722379 390707 810042 948383 773317 59431 753218 73992 703076 103648 161649 487356 63121 611604 430786 644723 321777 70548 537969 163645 960813 943478 75256 500196 264696 650725 132614 316279 183047 839796 734167 526568 929548 134323 158472 359158 933755 607469 815577 459208 536315 228560 565739 510320 787382 51251 718641 74652 487982 422270 668273 158215 311729 64217 474828 490876 634680 579028 817428 466194 733989 707437 731344 516185 502369 943261 849943 305129 219889 203813 782262 925075 873946 512900 116285 231102 815741 645342 867936 137075 243949 694872 346364 908946 259530 906106 600750 990749 426534 354410 528845 19293 181957 393437 400684 254624 840572 50346 411823 401555 956768 719974 784433 302103 531146 804575 866743 384656 801200 380434 104673 508992 590524 88644 76613 542118 667583 163334 701910 466529 409052 57630 223869 226449 598435 234918 386298 771746 151431 129569 574576 741204 530024 773336 385455 783073 618404 756186 473482 748585 231170 192100 586057 956009 958365 334160 449450 531385 374426 966477 614041 601210 807195 828795 87166 737463 513108 609040 211115 788438 869585 532390 622881 624942 369260 534524 423756 282177 630856 998845 647268 335051 906377 57491 475648 672498 247762 888966 395527 12562 304581 327335 196984 258150 693456 128428 864824 795592 466884 501954 91813 665596 463568 298127 988150 864394 383968 509373 697337 636122 472582 365485 6562 911966 138827 767968 420279 434714 122920 273343 620608 674723 886381 655321 821837 178081 25597 252710 981097 669290 17439 987780 262708 463134 244640 618554 926331 475581 424097 418838 998126 666743 172849 733244 611895 383829 616931 568418 840899 902286 931325 531437 536888 518726 850324 515563 635895 202637 701542 23098 777253 907745 381326 418358 185352 69124 838583 539281 994476 773301 249684 200899 74123 741294 833816 629147 142576 128443 379789 782080 88527 587327 384400 517234 314969 58797 519163 154680 348251 301457 714447 995336 840887 201969 400075 86261 28406 867317 249262 65614 340286 614509 50837 851408 552864 505370 814415 312932 460032 468821 637810 978220 957630 687925 772245 480741 723996 786352 613507 337397 845633 253985 878407 421027 67018 624269 18686 48742 31973 959200 327383 608931 602277 656167 968869 658863 151650 538962 437500 152661 821759 342754 740565 77058 682894 667341 596706 928986 220674 210069 521206 760550 680226 237778 888613 944511 195052 735320 781715 950031 613597 397304 351771 468229 535635 557245 227223 554071 349344 718420 51734 330970 237882 346010 226171 368412 321804 867095 15343 442074 12626 564804 918666 873243 495980 791061 598335 944442 77283 111473 126027 589717 235790 476136 56052 460766 907155 778748 589113 792159 766655 722512 727361 966607 134089 62635 711717 72099 457004 165356 785367 737557 230187 241554 744962 662632 560948 736696 242434 764753 49683 872769 982203 359175 810038 793312 467927 529739 443744 94034 348953 589464 114872 245512 20418 377040 617584 545121 145708 696216 408457 848439 31065 125284 425989 809219 316138 133352 436600 108665 138870 603981 14497 901597 368426 439729 327297 683355 594696 262761 820847 465325 420687 43222 3607 682798 794129 147478 525166 544099 584911 560376 877532 131067 445305 422793 484654 242198 581130 54293 736678 899012 93980 162328 179531 66724 640704 275249 210254 689018 208362 737299 663637 294220 837622 911390 689491 532185 410498 754154 978281 301714 827312 685966 558081 324153 461993 842240 947426 715619 437544 669639 411356 650595 567964 712005 939822 467733 810626 690441 144125 851788 217909 134642 151027 459855 789016 285477 443968 132923 317401 398924 465911 653214 782020 491434 28703 839222 789344 183707 916978 134474 318997 745431 221574 547542 241562 338744 915558 155452 179766 310451
867 641884
561731 37661 709852 300391 581642 100056 909827 598726 872391 250364 212832 379761 781748 20231 779410 915359 996996 934767 291749 837380 203706 499796 465196 331298 883372 982321 218771 117940 712767 807367 447009 53784 919190 567408 144934 44854 555843 374765 364732 427962 578825 636780 196157 842259 110731 759069 357404 737058 501195 287855 379286 770743 725704 701965 72553 563889 310948 481002 60689 664559 17745 707557 605763 818571 820759 923522 604493 502946 804803 329506 144264 58165 355893 597504 48722 454602 814573 258161 681480 119923 356190 231158 667113 333033 70388 819536 652173 595239 799927 659228 339852 121876 257661 838443 432171 347906 466401 727143 271400 801595 978988 164783 78574 57543 118532 575693 315333 436511 844029 537396 935102 941454 227692 281978 857301 933442 56349 109698 611007 460717 863557 209107 639142 614858 413172 272480 25827 15002 834497 863975 714740 936070 472494 114622 7613 442391 225077 467907 807111 348563 667930 600900 395577 519018 963589 803148 757315 261791 437182 493019 82311 447562 928927 770274 518461 27079 134318 512299 425350 135291 31748 590929 585315 612360 895510 861030 39526 355558 894259 679375 389110 889894 527372 572716 327908 433936 918470 131017 943806 674979 888506 793741 757568 731654 687683 645676 46356 201682 55495 264588 682120 217241 105928 436027 325322 221676 772207 360753 106493 259230 587424 881619 391303 488356 130732 664753 254527 125888 186477 542196 618320 288516 233030 561990 708572 692611 25033 951868 99935 196289 627674 705571 635417 861759 604555 754455 527660 162111 652664 374673 51186 6647 424506 976232 128623 177086 584837 782283 724316 79398 491641 929882 53884 966138 968209 69916 835187 142405 550227 108391 85332 960279 260477 17060 854192 458566 213754 564337 583471 804668 998829 206358 954588 756980 247604 187675 211966 988240 918772 235993 711142 309149 381372 133452 420101 441937 979984 285687 538136 177306 675469 969913 726243 418470 624414 361107 149465 457242 658010 639801 237122 30985 132001 954194 178084 682055 225060 152163 677250 789752 163916 43871 985579 269567 228586 6137 970793 669068 511878 281317 181972 849679 497044 790694 466756 682345 913500 553664 580343 206739 97939 711394 303893 913144 844058 232969 570945 995552 614284 161184 486174 390423 682961 157556 443069 690811 673488 111204 728890 500410 922816 697254 406897 666019 580043 846024 42859 366924 808475 71825 735742 843089 959186 942184 235032 894918 10407 781942 504540 769207 703177 235993 594152 739007 447515 583072 160790 390719 275596 92933 968441 770511 287062 958273 485461 389251 235921 235051 467571 342235 178137 898125 125236 306600 223112 244412 786610 417759 357225 769269 252059 512435 552256 951046 793908 929861 127890 645742 755995 334319 513902 311061 50533 349091 120079 908548 632266 493889 694541 858018 107117 204423 106717 354754 102769 903481 59447 680999 769389 72524 690914 328700 205133 320900 76234 102467 867217 690280 4433 664429 351666 990489 413620 781151 697711 477316 358244 90206 461008 666070 333737 197768 817825 522986 422338 489076 734648 305491 97464 484839 292986 481246 963373 297644 219168 797071 614585 954224 669387 320762 959142 758172 564459 708208 5721 900309 669570 656466 169919 737862 507479 831951 374980 109148 26685 202948 387488 78032 49630 960517 895491 457212 938045 442402 122220 827857 558410 5768 348952 440803 855762 183027 327930 620099 339395 626000 924098 653486 915300 684420 373779 323602 354396 287102 262326 937545 801772 47084 471326 716194 733968 448191 12765 281692 780086 729009 617739 258911 236313 280747 785085 837791 569987 823352 893331 312840 79422 488056 758734 595628 64507 689565 129159 247342 980687 626208 718011 402567 319364 459559 553036 417855 817668 595339 139059 677113 395634 679095 928668 405407 48733 246622 206283 438300 650276 678896 449990 638445 916958 89327 365736 179653 468881 14960 220873 750336 916324 595668 716604 908643 835476 469901 584088 243877 683365 552653 585583 160991 715006 535198 188106 127606 288226 432597 315474 327954 323641 436919 154991 538120 416420 372074 123322 565210 290426 555069 423466 466132 103240 331619 967731 110221 836440 362592 851613 695140 321757 939454 851041 548982 144752 237999 657871 98870 748533 123329 636565 488113 518877 706001 156678 144804 323739 819179 610589 159058 627749 860057 185158 653615 167589 932606 671742 546280 93444 215705 218683 379686 177333 966462 373358 797070 608850 84806 238879 297569 987442 783016 8348 885403 581161 38532 573554 354325 882061 576656 954704 861883 892745 442798 52937 572974 802627 622550 968754 14394 589440 577764 346486 146567 466914 755078 490599 948098 995656 243971 474228 222384 521275 714388 292773 872033 724095 240083 20094 388816 15197 384204 716631 877739 133262 326841 66890 900086 73126 495997 458950 56490 729885 758730 812203 305391 179037 766641 785300 770905 861529 888136 624432 555036 492706 189899 809638 569328 323259 133556 116834 574034 104607 309388 794185 629092 450232 824948 686914 265614 351553 206042 737408 138577 591436 492779 740579 58871 310547 256576 403109 643164 886486 176413 140026 487597 427811 378272 189804 202592 254257 885744 991703 707516 650092 255397 205566 663423 681926 518009 361277 550951 579029 910760 221028 726553 17273 785933 368741 212627 743752 743046 692854 881396 496956 126909 4192 398806 644449 645738 68430 616462 421502 899912 485359 846329 793079 606220 619684 253764 156562 977596 375429 956865 324156 814549 595760 623371 395126 247163 894161 180536 99617 30305 407465 691161 148134 536833 951409 86856 652136 323104 543340 86599 767400 282623 119788 772653 49341 739504 998817 272527 819723 513739 187168 484675 356832 173538 583002 37293 993268 107687 290600 284761 217647 514094 835069 473180 232231 222528 847817 957665 633354 421455 80150 347273 716792 249024 896008 780342 534716 413218 393750 265897 149435 572027 968747 138093 705810 25630 13981 43101 158835 791960 680503 842741 742492 589619 447350 853108 570520
935 25939
20210 833424 346730 165726 527533 376719 51805 475441 271448 857263 921225 343705 906889 800110 419634 865313 760725 47522 305595 12730 392898 367427 342793 967115 438959 461041 74099 76407 787302 442417 699460 523327 749002 729050 405259 227818 30066 589095 117783 307490 98437 719402 743500 175470 639056 270353 671257 813320 741667 585342 201838 232073 153965 616042 914660 75222 713836 992791 628711 257206 306108 109909 856848 924441 342376 517656 339679 368243 701633 821709 556097 517086 30024 693705 652017 27220 466754 868622 93650 107567 173290 447655 140271 118177 814992 968435 135296 756341 731729 646238 574148 284882 598581 775404 177650 745280 244708 442954 524161 345699 841554 383269 503330 890773 515908 44364 354753 834482 46669 968910 866286 53478 784161 738330 645901 583377 54029 595634 863241 521200 785846 353385 661506 442555 944890 818748 460284 589250 305932 792850 973801 195556 119785 907545 703029 572787 803315 802794 365763 375189 930557 641544 432175 65659 520867 540056 386347 145177 927672 320488 496722 888744 424016 228209 867261 523378 629843 231535 595940 939697 22920 403054 561208 653516 561414 140997 342647 282379 60763 542398 862660 308374 69147 676058 217883 668586 271341 148294 686531 227257 679900 880115 146253 910873 436406 286398 29080 171379 529915 479099 888954 344630 301456 508494 841937 201198 206941 973823 563787 957781 2010 606417 476752 537199 935825 456888 583630 521133 550875 290060 37164 227213 341584 766761 690395 854751 700068 567017 509393 791680 452609 385235 8642 368978 494989 947170 218007 876481 689256 552483 794889 638966 9793 968870 377566 426510 199576 768063 266434 606682 603803 499138 685194 156230 167335 926355 678482 600097 758377 28150 813127 40362 457782 733819 948048 582683 241184 577790 477534 959517 774783 600959 155046 43524 216660 790243 251883 155924 372234 327778 924404 84536 528205 488033 204170 614999 564509 538324 168148 974444 764189 99930 457986 960597 28801 769116 828005 992519 642521 702870 554051 555938 450027 637568 709609 956740 157802 439497 851841 463575 171014 212805 169970 472074 132269 659781 194643 176003 738237 73629 838043 836085 923345 266482 793650 683180 755128 597935 476547 743354 189551 904172 543098 604292 409299 176110 993327 607419 315450 930752 182977 296690 24148 519744 90687 235976 174901 417216 193152 210972 589954 747355 331853 631557 165728 51868 29561 251186 396980 148158 378296 140280 179864 112730 232495 743407 548562 839117 221718 713896 885475 934911 937751 295841 409065 939682 166600 177716 94014 687609 496216 672198 119451 697942 239584 907971 787165 536293 990551 360961 342842 364132 202526 826530 210896 473904 245796 393240 939701 427523 268619 605430 393124 147182 317862 707060 946039 638860 78891 803804 602368 679253 322768 247958 516255 344150 234579 241053 526375 369330 411288 174646 37235 793397 502270 804456 158311 344564 138463 172370 712110 631483 458485 1531 247797 233133 145236 878629 839088 340658 465834 13756 505747 479212 248472 91638 147659 906986 565074 587801 673835 237353 907200 704432 548047 496688 995069 986779 794540 314154 440660 255100 535584 569151 604834 189490 293656 68080 797073 390542 241700 689316 890164 160874 694576 441790 38381 800706 352299 900562 940815 670924 201442 653238 409786 236141 479227 378574 386541 391095 306790 245818 128120 871063 635260 194170 141472 253161 553396 379748 975758 444966 262442 251570 368880 196458 252611 610397 124933 512309 795383 86648 153088 665764 539166 904303 134648 455469 861440 418398 701456 537112 512671 253633 743035 51578 156608 51696 252940 522108 359640 271811 816028 864049 951962 622347 693744 407534 722495 178010 169525 923037 179111 76360 339462 433364 830541 114311 110104 378550 431153 969111 877252 369826 198672 212084 385568 538207 444646 399299 960876 625747 767671 153000 130339 998553 438782 259609 713142 632231 319967 729444 740922 46991 388562 805770 859744 589223 922581 244075 790630 300088 589238 899904 555445 194558 790813 280289 85685 186959 749677 729677 145821 838560 973541 170140 470327 481705 339103 369112 733314 30997 908906 28714 84484 329424 211293 359284 867325 274640 679523 126831 246712 516047 126485 582595 239567 494241 923744 834872 504121 441658 973764 236955 320466 193403 812044 163037 721182 777847 343938 252575 18540 112749 589760 508500 270098 937495 842274 165641 993942 299569 933239 230500 577317 804012 496914 737828 132731 202011 802202 882719 266396 194406 944599 22881 274389 381334 993463 566677 405109 867903 200868 413072 587274 872490 100035 502743 29991 862469 351864 268027 680110 104504 548419 510498 901087 237956 651186 582808 566130 675206 963413 528719 288351 291601 931067 529493 194681 592876 902820 316587 833227 76297 754235 211239 577150 808189 815754 665772 345555 3402 530897 593465 112634 342969 886659 171429 884778 176367 107583 335756 888428 112515 889829 282075 485062 712878 758434 633487 357024 67818 936643 769284 994611 46486 383246 259386 399798 47625 527795 461219 524990 591902 446605 947402 673478 670177 873978 476910 743652 384046 629556 747162 79429 667976 855936 749939 553697 441214 880631 13469 76774 741206 808864 53064 405554 205966 632286 216126 959379 377524 808240 604724 833861 237764 7928 584008 177953 243408 232093 310599 462561 301162 104444 338566 854857 857850 873885 860096 805535 814155 592222 215104 500945 794138 778290 722443 184402 386659 32016 68910 796733 609376 963651 762210 714427 774147 733462 753078 656669 188378 744971 792881 410089 176888 984442 626888 98558 389652 494488 315467 134337 746692 687066 260148 67794 710315 572092 171293 921976 897342 544025 794601 351611 398682 335948 888796 391015 757202 718010 433600 697684 16419 832903 83407 621938 75447 189073 288442 467 477866 768163 232164 128264 599847 529268 281443 91404 716474 679395 454732 515574 258555 134088 842095 530174 746982 119594 703840 813710 926028 208674 645105 218734 626586 990313 521480 180252 592677 640962 875374 228021 969285 391966 112488 610848 12433 449239 921663 723428 107230 710229 761526 351744 587588 150468 736505 830384 329900 745909 795930 879218 527450 349077 812742 151470 389972 679389 657079 213154 701621 995062 4222 859399 180978 189304 92188 712520 245386 852568 488700 328365 94885 33801 929124 422610 431267 902240 994276 142901 837135 777026 848769 529389 215749 867031 529256 758730 603074 187023 105685 272232 286025 297090 517321 338230 940023 605847 72964 454199 106953 67919 799260 308783
