100
13 593778050
283377153 442200519 43526778 151891978 185755497 654960235 489982749 787548210 960287000 448571445 642026714 817966718 88979709
48 99307293
832713913 225854054 278363886 777751781 845269277 272288657 558989678 117736237 215748242 367429732 899638959 293307407 648009176 370073070 644440713 510488547 693904868 190714760 972153470 892723917 870337017 374638487 74917289 586417831 342284929 239590119 355408853 509592530 888880568 4483144 556133972 780818749 325711075 744382064 670743277 869308202 676005223 485379216 580381076 944247250 895671236 633703051 390969489 903724440 518640464 931464960 966027447 708292501
69 86580371
644906627 718477183 509337017 501249035 904518859 758304025 496007401 494968220 779609786 373669817 341821865 88295022 854775762 41468887 627659009 544987363 465287817 996184785 930232062 8605045 131429980 711203281 514432184 569823126 111963868 920528343 409824669 135495942 116866207 238899044 130844111 245401169 963842613 798895045 883100619 138307000 964034466 551229724 137949185 212805812 657171135 788963654 283148019 341249147 412004399 701442483 749003011 853918931 236759055 344370826 790482952 526942250 712256639 549377728 765045880 555874096 712258077 304850983 567183556 610686518 618606075 847985873 764428623 238276292 101048744 462164098 876692550 882735541 480553563
40 928103754
943060692 567413471 295213614 13284333 658382710 15696929 887123337 947214400 282321783 639095917 741206018 832779395 233129015 276008539 372233284 782230028 153690134 239448536 576237141 832673492 209271115 802669435 902119106 571539101 749291909 282687814 209659933 612936149 273889710 137066135 109819968 263728973 514547335 618871277 457579550 910712547 472574471 849649876 832545716 978631203
25 856102952
784456791 792338444 52079189 498802159 644686070 915067755 764402191 700083980 905408238 281768427 458749622 545702051 427828513 168984471 189577905 1201866 861603101 555049972 133117950 503882496 915115901 774745159 964994744 385305133 624277778
86 151736472
701492143 848348735 50917853 320357816 160484440 496859626 992499968 773195715 428235795 203432577 362363294 715889383 446661857 325361740 816474647 403263787 69957908 498885331 2611688 558220983 763231012 812960090 953520311 990197718 512988116 115943495 10351668 684713007 13628766 55407907 589399611 733295477 238393304 17593535 28628487 886279726 169937870 240264973 442917759 982245628 180210474 3610154 26938317 58570930 111827655 27502711 556029518 140065233 988487353 418333423 996918229 60031562 922568140 382950848 526699195 707680654 748385934 823760254 980480177 742716608 186667540 866447655 89068902 345015583 328293862 953097034 841939549 376000760 324912764 544992805 702465541 973829470 557146012 667668101 843116535 178397572 756927875 308006098 948910644 617693276 485054807 561268089 352753944 628223911 857613204 794132370
6 900900889
93994105 590269230 992761795 821869384 636663163 212168111
82 787937401
172126099 252735211 257176937 407693510 631259756 763911878 254880484 252669389 178054247 293468504 519530908 791951854 471208553 56384407 778017575 177131892 841108390 29613564 478144358 356538221 868176824 41809434 28259341 769272027 154761369 65381261 203270008 759638567 910154559 662403209 977382367 661723268 910848895 265215280 836946310 181411272 967736429 469250515 891020170 497062123 636699208 30628885 34097524 521823833 242987508 781483561 175603600 730157118 118363872 47881289 866316278 682107049 893875457 38461036 544752308 187569875 294052521 549794365 159161323 757945968 72924956 586162947 731006418 611488978 974408248 332803174 535816516 460495914 917350869 234981347 608221724 743722456 604774620 407866259 769443457 597320453 230985329 707367383 278547590 777586128 124102117 653042551
15 172940681
8500189 895366606 66612518 71873730 443225184 18308275 160718949 297500432 179233683 364290754 982824779 787023964 82235749 157823719 494643478
85 457063472
429886181 318932157 878294149 871712617 329046783 412610877 801754640 506246167 470305083 616708012 682903790 633827171 394525249 606846013 676861314 6970337 228203120 379112917 928284848 28943866 638036654 7414198 584242900 753095212 874790203 571125643 85235814 835611937 460624595 370848770 228911095 430984277 265693353 778869934 594869892 401678438 537452986 87386306 644568085 331736141 361090296 201060491 542165240 723868217 848493740 248398991 503052894 934032182 187164375 256039956 390138630 536823683 796372244 476617943 20437292 296864650 356489194 172501735 572522194 631926191 299181100 933658397 28857526 827669360 540485692 119844062 547945750 404228040 384707011 86760881 463602860 924062805 138172034 405974115 906202376 592677693 177125436 695060 288662870 324405856 345031511 187733534 109642353 866783920 810494574
90 317277364
899140378 407743685 111755554 998116639 725923797 851119534 615257850 357308477 326245324 490084192 487485039 81842849 134222000 111578269 651049497 272328445 239412743 998938489 626157916 495001112 680227281 514819865 887183342 74037963 751828528 365356326 374324320 113835902 631158704 12724880 297799725 914103447 813629358 472580583 109443700 878533205 245694708 120894765 373280125 158983180 937311597 686002032 391313875 557146971 202248503 262851136 694698720 747253045 338553317 26990287 909658963 212913355 961662605 576907921 472298001 210775735 190996222 95502944 499280830 348578140 214352699 14252490 819932750 732298021 908626403 133570907 879704931 695126514 195903263 50987704 143404440 886988532 482542451 18572173 28792285 812536834 257353902 656738881 379918095 553280946 752362571 312780559 801238685 433442000 59904856 488239330 904202850 329787518 857658632 322148678
75 645701868
238880748 257371876 529196557 142565903 223797124 519307554 448397910 140687248 576944307 841523456 323715236 873700991 102336790 164647499 130098408 200755974 874263081 361139603 731227268 490002596 467658609 753350169 874554879 461291544 590401527 638729142 502612173 586458898 383767036 579549810 41240396 158043209 86283551 858238708 399036596 791199155 808584795 208531551 375046175 221409019 612436139 91382757 198999305 82776659 35184958 376215456 57293081 967221720 828204758 445844426 91840458 330411662 493913033 101780039 240957532 171415704 246339812 350917557 663062438 904863777 823910771 576864568 671612087 780945770 320882538 730740813 627044004 2633468 837362275 106986271 33265217 915237037 762052556 377063902 318993297
15 730264381
179574068 585626251 570521069 662550745 358751013 62216057 920393682 263446222 77218726 684171354 335033483 796877708 509260993 898014760 606224907
61 789915359
459646052 427297773 382631325 296447439 165027329 473770666 362014341 588734423 653518688 112740598 617955648 246773220 707589317 221080605 461330175 108599080 804788182 816015658 171204095 820954570 263322119 57664794 270638990 172392873 315219186 344608600 562562617 718865851 209793305 862484641 390352805 3407924 501216694 235548087 535366258 677243092 569391663 169228427 396260088 605247994 989364565 678969845 870298130 854518277 590813459 501172399 22217723 248599318 794889120 746194377 180625588 857858844 68154266 266199320 119868185 933989666 373936467 566290789 680741241 966715406 430409673
69 632949708
248937684 753870272 889890227 734920223 294082365 82142055 728694661 70282109 290183902 2254748 194677535 868219875 935410942 221426037 526906424 422654564 359009822 851828803 255585415 513853557 663104614 341369590 955983584 789753732 764226393 528414905 720766897 76419553 879095990 527727540 250364044 730329362 569451656 974796478 45636741 926231248 837099255 218733035 687386347 145644832 984179150 803846735 75373754 6057248 863641002 431524444 320611345 332053614 387956729 649572841 114942845 998501252 478690630 454619512 305188144 113915697 184597003 466981723 842213757 381628344 477259311 43639364 412752615 947276762 852377589 844926687 192231171 599333829 84393928
78 469213657
865800592 486824573 31272115 105590651 540314006 138496310 670383208 803275817 546451615 727341867 544574241 99142118 216369616 870558328 212284005 573896126 802236855 401688585 878672291 984309227 354086025 111282119 959689426 514809102 938582425 489620912 607481588 974645897 618916327 678284511 211088954 575856623 417057252 218379093 360851460 623993515 833685653 791489394 708669484 222955758 538226841 460694660 113714127 478886660 871813906 47057210 737742070 141301050 259420437 638485414 69044524 671505490 181005289 273755265 964780193 451982989 297041023 873770798 463073658 169717022 642251884 148152568 519992895 880535577 264377631 997056137 91665868 242250533 155598571 530681307 466418242 916958751 347502255 99175987 146240750 990391105 516015996 591669239
26 397161005
749805232 254207279 392134424 263518283 755701858 685652535 258129419 762010001 395803086 528529256 1104098 762754372 919623329 225087740 3462806 925019877 124104137 997028612 109061480 732799410 369477576 615532793 442500732 403545788 664281666 897114300
89 46751561
200306131 144838534 268367932 781391011 498911260 969954838 91065814 335765460 657409596 765902287 217509928 150452597 375690934 749580431 230993103 906445910 160691310 148378441 83538062 127551809 236621088 840978557 701520111 55915575 942304862 611095444 344064620 390592885 58735558 828853206 95071642 764905604 633712088 824401143 801217059 936344737 463670635 236267092 408787255 812207684 250614256 485722288 529604318 526746552 474094484 20407010 194434171 711582044 822195204 953521782 269868780 873901043 389035920 875623878 249083206 787776163 400129572 554623106 23249339 530418090 27513450 68562468 350313888 89020527 333531073 384894313 284366446 875206352 935043891 388493238 737608096 493946614 455490520 985549211 315851535 882741429 739593616 63706053 689734279 687168063 864273671 225116765 750557414 15661187 243965220 105648008 51565674 935936248 545088791
93 882563783
881297705 124726816 108142134 806373309 484079964 538231762 572564071 329031734 648494665 553464272 743150812 788306207 204832068 716701736 608901875 624201618 775049669 737400801 741410496 195780076 178805052 133815987 401716884 567331026 792020430 776382208 919429501 710318397 745741984 981929623 691022951 261647298 240810501 444134565 851286377 252777499 600056700 875105502 97060316 832910966 909564456 111968018 790069017 233283590 732665966 869990471 640254425 443327311 686187805 529957382 674534932 488477331 358829655 282436409 761310179 619746446 31772063 167823039 74412308 410237780 876992109 372328599 309863778 679701508 907808737 398507707 125902270 694654516 250426389 545226399 909738911 343938893 749339884 461921116 942962801 35355138 463669142 976260323 317197939 52051893 380187283 454090473 252290596 673582295 261851351 362033436 466882137 362324310 432308601 16910018 28505724 132534306 211469622
33 820986220
591536273 489885683 624167585 156715787 228851891 713506511 848373596 917379185 923909759 66731498 63048167 790503292 81673868 719575229 148985631 927610017 220159616 50303581 103678361 230928532 474511281 172707506 233624946 915374355 731709512 662728526 952149457 329170833 849146992 472327081 38282402 683373432 718135718
82 586445439
298165475 453361601 499491387 544412022 747504325 161501 701785832 187906360 191877871 622421626 276940508 666974118 747150938 889375102 833961778 927065001 904666103 392809317 25502142 595869578 262398922 949463962 567858898 125441091 251646868 114223321 523409472 226139958 666164733 714585648 929655539 32593331 46284291 430803341 355309016 978196886 953356229 938720502 831989805 251254103 666127032 475927903 52185954 138583378 333486992 38372826 535901957 117682621 350201581 227925485 830135598 385084798 721855408 129261877 5687556 398995019 224929975 549401345 1615164 586188469 483719742 444477213 69257849 229372769 208739232 894992163 175547796 393540198 267337746 709056222 736586428 883201005 956712043 976918419 822725071 702298023 607373302 885645160 243455041 647975606 404553880 211665084
59 431869806
922479622 494770763 332832611 283137951 879512071 581973420 614227107 96046105 360366103 812166488 412175994 845897577 87637578 790815830 401695274 941985282 298262191 312460793 147176917 335222554 822308797 786865104 496924876 845268010 211497141 388406458 901867413 890484914 163330229 71022808 307294226 841279409 846322088 204991512 72238523 223543546 454060183 913386131 369770318 951022965 91314634 148707559 972394311 239299864 327114359 534411121 807898492 443225465 82630126 939864082 19683638 18909894 303490384 763180860 207101078 455390362 501696552 710025431 4003864
26 807965549
328716229 530987186 524671346 574605375 104440523 161430451 327702766 759776751 791772297 442171720 483033617 926028228 733127812 139893431 163928433 142009311 30298721 378221455 645115880 899291904 698185537 239112494 229205319 422150252 5002076 366844523
86 162822363
239305463 711030009 494858625 293217119 416273766 527200255 185734597 804487329 334765935 227420188 401575667 326375253 437733428 740555784 281847176 85678563 282026487 828456251 775305965 940854264 798308502 883714568 367117376 873226147 16147989 967540894 267229932 712514369 706182348 531585704 707661695 194683585 628265978 187750645 528503476 357107580 939973076 375881851 75964316 465449917 115614399 339043046 332500855 662029000 348163363 950225282 675764002 47761999 259456754 612268170 864433003 657974274 539209123 546028106 493442333 230762293 861851760 552016336 664013347 529987916 792977423 582099221 895483011 201662936 535686403 131750578 749407335 667872920 578724482 819723811 68977589 328325797 954299885 395341228 389304927 94254964 192683660 78070974 786119377 427890110 819891042 399485953 133297712 452119080 364252908 126920808
27 621459430
370968596 652489194 985156101 89272991 534525406 667413364 173638098 416433223 273698125 691503836 995764155 367852706 954355835 581084030 954217803 683906696 493123794 964270253 74813220 701902814 230841444 195455937 481190610 496974157 399737859 278743408 456933311
88 962422545
167954030 946702302 547164239 71848298 120047813 190245180 78347467 709718274 583296092 494773630 221143793 847902186 512611935 100774479 479446146 398034593 527482651 686335730 853617152 233705153 624803023 693848723 365281502 667171458 583867330 395252424 972247093 313638843 259232756 95648729 947380770 748054031 209701244 834593512 234531207 876386790 913526677 539032363 382491794 611557354 639357889 515661036 673810864 431688116 302775455 15220647 233559978 81417459 891475570 302474250 792809493 663778573 621180252 72872044 498042651 313912109 225840258 265936871 361330377 409961286 35350074 879424937 429764685 441959165 435343583 258764863 405496054 583350996 648267707 427844926 775471314 921607547 706445 254194123 53054273 861123087 536303168 682778634 312253745 858916096 204901125 650604339 840945783 871153178 67648489 366019614 821975211 317350650
36 331704522
864155287 185303781 347644262 475130644 84300360 653762574 979734451 601665228 958007112 46234762 665500967 933041061 985065759 953779321 718435179 827746459 323065692 194073733 427759232 823623728 546034537 101192566 84110243 639746115 242949965 696956739 591611432 103553962 746123064 317523740 930547196 335213641 411496035 934840793 801891520 65416565
42 805014184
726268823 332346313 840683386 632495297 433783675 208398050 652385474 488852896 332473171 190193164 401942053 622311042 382975567 945389860 344488632 909532511 764410560 877217994 393298549 91107325 227148194 767430842 298881715 189036143 438622482 693500716 175319699 241467533 563915029 735706091 794302068 386433739 541400294 664497757 421091231 86405053 510273809 399814743 431141025 854263163 134493176 588125571
23 174298142
716470065 891140307 299488274 763574078 451163561 223461719 128127147 731932995 159990242 96458627 272253155 821832749 635645034 981019554 759103115 840886385 308856588 364726243 260033214 399775343 14590439 521967380 920416929
86 456518178
705848255 195956748 403313987 819759692 496519583 836938743 481360337 500633678 884773904 283068980 814680074 617391410 472733410 487195192 922073524 215664450 816127223 221976965 986126586 151283938 596514660 515844373 15875737 702879961 777601414 552589841 911617499 892689542 154551937 711791464 402572459 176977810 342413532 451258420 902888014 274989424 953205590 938740727 658414746 92933404 253905367 926220383 827760935 954980826 86343920 5067897 601528748 92628096 362240514 429716448 892733856 301915805 212792785 323186671 810091900 816816839 836423250 526716903 656438412 187926251 57633100 861802999 963229467 772082901 561639191 950718238 488136777 721996338 84126793 639685047 667770234 682130576 831483849 13893511 485145730 885388635 75176034 286966511 61790460 732807284 282566949 59459517 897708484 41483955 114424226 904562061
69 876269732
389823057 76678442 745759231 127692866 703700119 469967674 215796693 550419461 826603690 322834616 706168068 40119433 83674917 333436908 586614787 965027805 621861727 951534206 604632152 135282193 443291517 204772293 781169783 722710649 623994521 269919731 378892951 794541736 803407533 956925810 628224667 410805533 294443258 952160820 161047114 823543051 799876556 525250245 706075977 280663820 950895583 369989343 562019846 75437214 162267042 603426965 902683992 261769320 825927692 166090112 982745301 260666715 736342501 763790842 88836598 440109406 279397479 412736616 921585787 608539431 314184575 693720517 938963687 765419618 355401280 776447759 805653469 270943605 885782275
93 22025940
970846652 150471610 100173060 15976322 828990551 414275140 638823069 125237326 949719674 30489216 301513049 641020076 740640274 59020220 111763241 853272114 923581716 163933541 977360430 804043145 663838055 781591560 103902741 224511222 646033384 373449332 663068781 448613063 479929641 349431488 3984172 361302308 450509379 386012831 270312357 608161753 536369398 7774776 791299253 497277060 921467710 674188145 31195792 526285543 439199293 62781852 440097158 945554371 662190541 710634474 306549889 242084580 479167979 349392767 732840439 648723642 740589842 112691557 275765487 887645158 428185611 289487232 267547184 125386889 829005498 28495552 227688958 235392332 437251520 512130930 206471601 525826548 735192206 267114957 207946799 913504788 924453799 841550567 940985112 425686869 664451544 841124500 202828840 157100647 498078066 274098509 304101440 308167737 578716435 622289886 985438107 819951678 986617892
26 274143786
518230681 556694511 121426792 133853355 163812643 206131241 630950624 645300088 993489223 597886751 623076484 647612433 615536251 4047400 899709342 30429900 945477577 779547190 515122414 210796450 718033765 224867137 875816401 158288164 614394959 318149417
62 240786301
608797744 972473309 346420972 475982233 304898334 808685887 92274014 713024607 587179246 76907344 317803655 725874783 759229542 13819988 633466429 244332939 363575749 345567532 841990215 272431954 694977771 88619774 826592721 271631664 407918855 964038604 279504646 854422085 323588017 602651789 442172464 811318274 367423378 654103062 354110586 591575935 921854303 863658668 257342133 949326757 896309096 453020381 127725760 415006604 926331735 84652720 527288628 227193469 87454329 255266859 616670884 54395397 231277109 117248564 521820377 19089003 779681744 340769863 340222894 524794171 864648625 851657320
35 458233355
391985913 340499306 581448997 270814213 523214243 663701019 797031245 757333340 389294284 891776866 758895942 305918111 74964976 644656551 227995638 85445241 759648792 472035359 27354585 57760460 868349976 693898803 281825868 75900741 718907011 862143714 107353032 541795889 132482056 654727064 932280157 645095446 546604251 666167789 753931178
3 423734811
114560753 527833959 299615367
98 793985216
693723222 571120368 230741034 517591389 845818610 931310919 767539378 582848701 776561242 481029771 825905270 213788045 968974967 515344988 158316496 911767806 814261128 705926977 291870783 923860924 554918975 495135035 24618809 436774066 683046135 628503981 338120783 578003303 485757347 78051283 583510142 740895007 655906632 455454992 997573427 769684961 375810801 961366668 93564587 582544285 653675415 998720219 491091669 926225705 545864121 954473436 52295770 767177298 164727283 717521269 357018762 784455851 402423743 419922659 511438373 107572257 777808484 691718233 854859328 609972201 182040162 769636629 742165626 14420151 551841851 903233142 798647316 19351499 459298265 416653841 8563721 447004012 544772678 964879096 41713292 330166823 912024816 241036005 190993740 90690765 937513463 695418832 329363382 268937519 83338344 315285297 494775306 79836846 165533375 626966902 253601653 389199515 309177403 15857015 985054816 839520960 875885360 962562260
73 158724210
295417216 365091352 379594309 494514775 495463081 353847278 758801173 852169535 475982182 707960444 28698970 525332020 866602323 526764716 734774665 766847733 496368965 929630520 147999668 73648373 603550663 996454436 376743211 633566126 302357463 698015690 424913830 240733526 705398958 403098768 527680161 945633107 239677578 820623649 249933872 517687817 383847906 392814961 456771249 767470722 494998730 572810909 44008020 379103504 528452265 625495536 527253373 445040075 997504912 696894589 600777013 78934489 492566784 181424168 124512251 983832347 942449186 397067966 559090942 646811066 126084662 837816945 977469412 586171146 755714168 590244570 939378044 896989741 160957684 89268478 952004699 827925357 998347061
59 703778904
7848141 903993748 667719624 504277566 50588583 244160082 822719930 465869682 547199987 684764414 418072891 943100053 720692858 233503731 518615377 488462738 205561954 134365912 81463302 400323871 766312332 849790767 250994199 264812252 724249907 947145320 705974033 77703813 217133711 724045618 931792310 285852704 417121559 978801502 171367928 79610426 245037365 128649609 387006938 336639762 659714046 525768201 700221892 336130629 629604170 765871924 77029482 467949957 877316921 383153908 875408306 147411322 45593689 90492180 411719172 964307314 949163711 268378602 270900312
56 665401161
229523432 656974964 436874752 630736064 172037421 579717072 807407228 995586404 154733193 871712552 830731508 274668733 508916403 760721574 44264741 704269036 899412397 208243954 620631578 45897744 876381093 663886598 505593370 32488530 494520886 956974716 642122920 656124807 923406443 850857233 90561844 711920496 313067139 289177161 918539857 820559410 290268962 914847532 809173389 981326291 734384548 934196739 386616865 965637893 587724116 217685048 483402851 784366942 649316159 115139818 390962001 929539698 262622074 353260154 980256203 58226820
72 934149821
123408273 473798642 391658856 510023805 977864351 444364409 135757925 519840198 199557098 925454827 924998290 568174452 730097084 822617086 513173106 501841793 164424224 838894981 20094625 431834776 668156861 60289067 652354152 56180106 476737617 849805229 256911427 923800018 25721597 81331019 434506448 851135527 69099729 88758397 136263647 305784430 486077924 906173399 388844432 440199916 810546126 231305967 507314924 924888605 958496204 159183569 198035495 584691521 488969702 880560074 544049539 470897705 644884592 189290399 83794188 341230833 345450568 955748847 228650289 495945104 133572117 378345809 368117843 429776637 433512849 815465043 701118268 407864603 672462667 958881984 417598416 331442596
57 484884006
391937633 859760842 507852572 698150265 506775906 525461137 930478127 94613849 56936037 998711523 965425733 930007409 993527485 385933311 157014743 938599518 182036447 141276941 289626071 413304500 656478140 39219720 925793711 278152406 306846437 230717926 955834263 256435386 937321012 72746248 112904788 544164593 694737451 994287932 371745147 212198773 998296742 951820308 251794206 155850303 634245970 775901428 233217708 311426960 205097399 684976113 160764843 403844687 744155315 125188237 145661353 91280220 594755912 680597545 571686222 345983847 578612498
98 422654022
498691104 258819249 748246778 380219012 33929937 666094887 103606944 400927708 552542700 723807173 58634831 12993441 924665031 939201319 323872430 539493862 737856235 249503292 1043495 60972401 657806879 227542665 524748883 146393330 202417259 598235062 968400748 812053255 250655315 2211 536370072 464031716 403417965 19779759 21999857 16799888 212583885 457710098 264635006 894384768 67892214 335493494 136886356 790284087 380360433 793558960 246621625 693904159 251351391 388329660 719216267 407896224 679143250 131125775 670589930 595310814 61420212 877383949 509806217 212409326 802891215 770472445 742140637 733562792 554226797 76488569 962438017 255736823 767206556 889394159 817189201 340056340 296478020 744250789 974020112 976418486 184769056 749144245 98278766 882536995 54919903 146669660 263862668 93140383 384261346 925009991 793999300 625703169 420687148 19719984 143082920 904897562 616897484 610164556 328785204 844413226 497842067 601714939
58 143615967
541563265 814403937 3652153 466152804 272749 233248295 883416012 983104100 125494793 881962515 419862383 505205466 259516357 123187575 410458439 157936099 444601521 919087769 20403691 925251422 431566443 938463089 817384835 507051391 411451460 899110607 677936537 744107650 860874480 328572784 925566737 316062893 262088476 634035080 648553066 880031723 342258884 426425409 17489753 889609096 431469660 108745733 589432521 729185938 335957731 741711056 344898869 407744765 372564443 119314794 194898909 322770924 51669379 221316769 784681260 506781948 428514886 967030777
1 465388368
520994850
30 176287145
19698629 303794379 533522334 688034466 212772460 436344037 713693536 189117595 719288640 777070013 360349517 364543718 721374390 797820608 399601825 630527259 738458805 553865877 915344007 480948198 97156263 824173232 589040670 590964385 59580249 301866007 717462824 599661738 768003981 248034582
45 410136912
85143643 433614321 56043711 82390201 442914893 850514982 204787534 314893985 133434560 171566141 297170550 94735018 922611772 269579298 450344414 248519042 737352500 774250884 153641727 53977286 958531575 965818006 935098606 965216640 725356825 851217104 180563780 322854076 341256397 669064755 549829989 331222868 921108364 887292591 629286744 537522206 406365269 511086893 477085078 737008697 484441008 519216750 610350603 168576770 106772730
14 760545997
522706152 457506092 425138390 919228029 602050244 80136610 408595777 668203069 397196976 936178528 342968552 999552759 848236504 27219538
30 261995907
399247265 960432097 957037366 310692410 829509335 352433127 341772182 155108222 210936819 20351100 838980959 949241647 431941346 578181360 12665699 257815062 375026837 988003354 737488748 888740328 521254127 790746903 955242403 340035889 196718125 985662195 10890427 82743336 36405426 302725897
19 4472172
664904632 397607175 873547433 520203122 379119404 491994914 366079039 537149619 81416004 395715176 827874236 814227505 653519372 703498156 581304815 310001938 470435425 978515772 470881213
83 781765420
432099545 497730892 617320344 738421699 853413569 872036084 633885232 729844387 585326893 623085832 767121267 97022956 419049320 125923881 455266012 480145134 629128465 546655992 695857321 817043907 303649854 264290651 380576621 526220287 593503210 965341578 537532463 622952769 844496926 318529461 311826442 653183202 517576896 488691651 942479681 164145790 246469091 29003513 187949458 724374878 774284362 495962108 856835017 669681650 702887136 392352909 463577116 155876811 609033249 481785216 792207380 732104222 780430993 278418351 330672824 348057542 922844403 309750710 711070520 505584267 528967670 159141083 100817898 373850844 226639881 300152588 472335592 688445087 883275071 619969222 55597906 723497906 10049203 868446749 709954986 575696518 65344313 783107093 780962480 379075774 601823049 907751893 674278515
67 587551727
284374470 482876160 902988750 124620996 148655645 661350901 616843143 664860773 249113516 591044399 476332682 553606464 206097638 922560282 352181459 795732456 872066575 164581137 837733168 684004420 702663896 922187899 910586385 371016817 910525319 630735238 234110191 834956467 554293535 431243685 841378743 953048766 337683273 947040839 957193048 380466148 291207270 229864343 723777282 397957754 49352335 425775188 311656061 745038066 373088601 705040044 246786955 170883929 624792623 767150981 895540682 632505311 275573188 71295122 983348864 39119640 750729952 807114647 523917994 322307933 615588431 792182529 961793486 344059061 794304221 629879533 35064698
33 201705358
20095630 588518212 303759927 464979602 571717801 289938420 272539010 181954294 607728243 407037444 949027069 350657301 45948641 111446995 915775650 977064001 250891698 537649843 983331069 496938499 529390960 843089825 356425563 165094649 96226569 914360110 548179536 581847153 119990719 825210307 54833643 871061172 827925846
74 53164230
651925556 392439008 280718848 764748091 285957263 581351053 361272195 962723556 532856501 728859981 333185518 409243137 517371362 165076416 788506936 854376516 569988397 726990337 461058579 66731940 590146433 489017489 222151103 795038206 603084570 765792610 515488137 3760756 346851568 68302329 955342445 621281513 117541224 661429906 689385362 104565178 529018474 709886073 140866852 103417255 451175154 745791137 350866366 520706023 369329764 504779944 246096733 171531345 916564311 177394609 668977617 295357931 968064023 861445752 445018949 709685940 651428123 88927467 140234687 678042554 114926551 941454118 811975813 618999634 573559770 148611698 515086494 158730745 251838697 148171400 669773890 634448559 46405759 252575946
31 966692313
646975456 750479927 510678574 209623954 806104033 761397942 533977493 484828305 470016728 777802006 813319072 728426315 429417960 125624205 56161185 980258178 390004169 605427663 343529907 538347326 893700315 247966930 202538114 563262831 62955641 315093200 705712938 901848041 968417394 733530500 202748695
25 381487497
384760781 708522273 552458786 947762774 469524856 607110893 451827506 404463031 684321241 221994023 44297169 463572195 556894087 387503169 958121774 875123077 555201407 148190045 376173704 6990782 519728593 546051125 17541013 453629888 423182150
31 606088508
242744613 75068852 920685760 944136348 632035707 574876044 776145824 465194571 360486332 603628184 653815980 120919913 363350957 882571536 445708111 463594532 390454333 277104466 220999644 109416416 734045853 660437441 696950732 33681903 75252842 383858987 408479328 503010021 792014718 721446033 356355667
90 966824523
652683217 87516267 119873332 121616428 365225336 526081970 378272459 297644730 980812066 658695073 274603098 736489828 271081082 103377187 373452353 692240662 949883307 139036095 292716061 536228366 884645861 887941846 144591090 21449384 669180601 837273646 861143406 576623173 709563414 832101979 931812965 848179831 382273039 244957137 665571288 407993188 67522678 540059995 563620332 161963730 139235732 715722411 900071744 254200067 645767356 866437088 205712638 274566005 220356020 100322483 508400111 201448670 632957119 423106704 732949901 417056539 481252774 101548849 853183306 120587307 665309426 31020849 640815486 707474729 969742927 946501596 89037931 6732374 980938991 947804706 222744983 326291553 92728034 132151249 969643077 351758534 698700993 122824971 791755493 872321956 471448100 572887909 862782753 987509183 532344913 652453479 402615965 60187582 264410263 780489305
15 682475131
302915959 552673424 603741827 332715978 159784442 468186544 522322477 254771324 315267316 600440885 3239878 132586392 584140072 959142968 75556219
28 277440155
208422285 596069258 90313512 494143592 280502776 92846069 282282293 473850628 800874398 998606149 875992685 978395739 95021435 745140372 871416120 877555617 388996545 174031183 949584177 409032578 905937318 850164361 590022485 216218315 355429095 920589847 944967173 704982310
52 425879403
328698685 966900976 953769416 907448301 4820634 851233482 958164834 192116535 701833907 621135181 518327678 709584630 385366851 772353979 711057747 265925289 644443118 944648686 228871770 253072324 97521727 269420046 855692622 212027082 940009656 460518464 335192007 90677717 929356412 138168140 90132800 467009293 370122658 827941628 797842022 958278400 191111366 928171443 572626089 341288357 751985044 51136317 468975892 225114200 31098500 225409277 474087987 96773921 110504910 37206154 264050202 621824221
13 703547809
667482491 83304312 973488783 501120076 659265718 543769189 915627926 527894752 451746332 860000388 15252 920916594 847233173
15 239330989
458783713 395250354 903493737 718770694 5026856 697522194 402807050 629061820 380707642 47303105 435441829 203159754 693838485 257911181 766698494
46 814459124
163746725 637386821 50908004 24019079 805859916 437562981 214100150 553679335 700538597 111949289 611189504 808219193 745763526 426117554 466659366 642398140 827590576 921676874 190106087 836533296 792346642 949131970 785894911 365843057 485961085 448206795 689659100 8059291 762435827 502800772 610803632 9710980 996434872 159568457 255379841 457733943 833018461 147405219 300997002 426493254 693100989 595220682 751139637 834164435 744006871 392548521
72 456968965
115042534 802162644 683163551 446543675 16311111 78186716 636123232 339591508 646838545 28815740 291135560 439821517 708708703 697145753 63620143 908338815 232199691 797928280 621999616 634742481 874901089 286421330 419418447 958787260 530871333 983503829 495590960 465404804 580922193 64772264 31016894 602251920 365763977 966555086 976656793 337451709 515940949 842135843 577341873 18198883 570734163 523575242 100037239 141492490 981673302 546523081 33908844 565879012 322282512 679061294 807640506 568971939 871786229 613691099 552520396 590623042 423534314 540026706 391432819 915045632 284423409 974738547 705467190 419159002 221919898 567343755 301271576 998663492 611833037 985594266 712198887 328854516
91 741153446
805600138 929561289 78934978 117041674 69775721 527226880 988103587 498241005 779336982 554055177 347523745 743420065 150494413 390409944 22963149 14142502 866633972 983786629 852787938 189148812 947654691 367087477 491314002 709383932 888734006 97343027 952102373 564880693 539412764 544733553 462068005 47523644 225358405 943039405 413501080 498195238 937139205 839989026 550509327 925429544 66852647 767987375 75445285 485710812 393742421 214781769 4387615 421610391 842437915 750300301 234430595 999942883 758490199 55253187 179135574 523564240 893203544 99157616 860329440 372643028 521022714 323443824 469195158 56323451 566329607 607428245 162127944 809014114 766277342 966567074 711503349 751466613 584648741 390406410 694425017 663786320 990222723 795157294 679858711 865190565 409030634 207277764 560444419 897436366 876814477 338998514 875277538 584531555 184802904 486654829 847647376
96 314650538
13112672 63267024 897522335 359290105 102911393 286188402 725067788 945853657 142499276 947609423 539132588 698900887 470286631 681548038 607038927 754100524 474560688 586484409 148224127 710602721 364962528 476510859 307488747 882329796 81281893 651460991 35117632 96078815 697134416 953461473 123612109 49666910 147459327 655781592 365784877 799970561 234107526 385638697 432057715 946815948 372844687 593995672 612740170 521674373 896058883 867933897 642956962 381601562 51681930 700440927 604389043 849568722 806677916 529859390 19299153 853504369 505903293 948310586 526776659 656385512 598407087 849908652 736854326 816060172 380312754 549490998 402910686 228591858 965761801 457098861 913507323 765650058 195833253 289428686 520481476 640329248 638155221 248967253 199339572 805893674 481469251 878952532 216670359 245052587 772446442 885188891 473310355 133003446 657616979 525638120 317470695 558764500 695850367 104159807 426235926 35906838
5 603588030
464916439 356781052 680860911 498080231 130559918
67 563558576
500302283 980040515 313499087 741832065 976237695 642988576 349794993 850934057 594956927 971393992 512183035 365804152 528538596 605883290 362239945 991777272 847267123 710359068 687076629 30243388 560854314 255046884 919470232 203596765 219793246 184246254 910791750 774424509 73992924 299078861 596866275 253411662 830043920 774520877 805219269 645603219 872686266 541746969 948645864 622661943 948089621 655778994 12033035 887126607 757837502 895233604 41686742 486014677 995102326 654275260 979515943 557110423 274659980 929828372 446426660 368830266 200205136 915111595 661133117 819425774 167583788 366883940 185507045 400338975 36747672 441902466 466571791
50 199861716
716209039 98446197 938023397 693910522 846450494 974256813 690176738 743479206 850920813 565808010 588831350 64515588 877089510 548309023 850726600 274242791 938267261 747429793 76642057 475367022 570525742 652090305 100960687 980757103 374898954 250716906 310292521 873918916 604770263 525505304 18410749 222646489 93183335 16943131 334469691 961664217 588699075 596807454 217859822 202539800 15907435 27117556 133220012 921238375 510156683 389321918 495232810 62476230 608204269 852579054
57 205880746
613420072 415401982 133361253 283055877 40545853 314990360 14658117 242136851 219528316 208899722 544810968 258231760 112891853 667068656 438113253 893288702 780860557 148100602 832368714 315949039 146657335 703461632 190105046 716424561 154394314 848824225 252875141 766993559 898244151 881007358 876859199 979526212 129043511 383754601 318541393 294328984 683225348 143404501 772994839 181330629 209385808 188408839 894687443 922526523 461568242 40296506 653598530 678165075 927663874 66874588 895490555 577794034 129069994 574997906 984460342 826140797 862607278
19 448611583
566538285 640039204 552712585 122961259 730344762 399871639 631028080 406519875 738348012 877708933 357809756 73313570 786015535 916416300 357049039 838081581 422729469 22236595 850765134
22 357867036
496859160 284185420 387809467 435010093 935110800 967472588 832634164 646564738 46211361 136222036 105335370 799604782 615410151 634010277 334113618 112434116 878063794 893686915 540196299 49732315 608257067 617197128
7 931081967
591478943 114306334 520133314 437978746 562244919 443304231 859449535
15 799768596
234749007 23345016 291887044 175867924 495511178 149697318 565876759 18923843 664907132 431739531 537441562 538650229 607151357 950979010 630872192
15 110322309
946700851 457764705 230156249 776251431 336207928 355260682 247017540 454067409 670202400 959394786 207877286 657973050 363717927 159948734 212980889
94 776994471
69414620 743983558 722058975 287917102 344469907 639260921 514912325 812100828 543538795 308424676 225972086 270798654 405026472 281428429 538428774 504934839 252300145 403795991 109455882 731941369 249997936 381056885 82798320 908411402 205761859 573557034 172561029 685430664 718873672 679776759 479326234 240992887 313501981 856234423 787156954 418519751 702692808 831975108 345423037 323139548 195142055 692901673 334642957 582219496 248514017 644923348 531748806 778263154 996823657 204910901 266256595 422147816 664808947 964323599 448569107 31585821 545417618 786416560 8216913 348639980 120791686 208717905 821587348 69690070 282841944 214491515 486959590 105709897 825865909 972077039 825511981 222101271 167435666 579588690 712596055 528732167 589462752 848116602 976626342 125825097 595770146 162253329 245810385 275657815 464718168 225929985 564741091 156648344 197273489 508289755 62000113 954390995 133705479 867254481
34 988840209
285148531 306725028 336139887 220776479 256176972 615045729 89739101 807801558 170372155 509060260 856298179 464918973 162019010 745226749 197777864 767184454 349745480 629677599 197634966 223802290 451126824 391729062 583747320 645835688 900118480 211412768 595928188 281977455 900822630 574482992 597392195 420511647 799086914 868877673
84 141402899
200982791 649974053 461314778 664905458 949556992 909801292 366691948 382169331 715568006 87960372 163868228 620359821 175841018 472448164 44511703 657959730 852734767 60838217 774839573 889699812 176554293 476410264 193592429 9074639 956210675 812948211 504914654 502148568 924515636 392066264 253248891 130744133 420832652 504408221 78108161 791966093 859750712 247518488 6483413 993422698 130366455 322814222 908270456 681774063 479870003 871820777 50169782 116881469 262529375 32699021 60106821 432792370 515235345 901096160 797190152 877749950 159695864 630415333 490688041 88883052 492879633 874641358 949968787 272095893 371823658 557991214 741495505 142693359 66515699 107627395 995384688 323879335 795936297 773197442 205601830 721637650 996439292 713968007 814372808 222054909 762503668 739415346 976620514 905182059
56 492628056
21170541 784155790 440556956 944629723 190591701 850381511 581109033 525854858 876703082 360860133 791055329 370056605 267144140 142742823 213148271 111809928 205046448 544047485 645786643 418092076 127393822 810331716 26696901 692840998 252131746 781208057 338700134 181095279 911555494 338021825 435408160 848605093 179034670 394872086 962022025 667854451 76861340 920037610 770299460 256712312 107466053 591969582 556978544 232031972 404474082 322347965 11988908 394964583 538900189 620723140 407134182 517712625 6858541 586441266 144486950 448432333
46 254862948
529650510 693397858 318418770 806683958 503721647 929285232 951485668 298145680 458617400 299625819 276799455 968630136 412478407 529785138 459974124 639085818 604327193 293536607 687022517 479229891 213958185 397366102 252189593 986746212 6849695 218190245 81338725 15823406 522882705 717766811 160853898 111489428 774165059 119810180 880659412 904833020 573503175 726606565 768136600 930659521 371581044 933478456 510308199 544757698 911574316 346801826
31 349483352
749116346 746112961 814919154 411523030 399894634 407771008 262810457 905510111 975615492 150925843 827873855 336839704 304422654 750375946 446884108 305482463 369256570 455636759 575849332 135958037 415064864 570427092 37643961 158594749 441313533 485743909 679421099 699467315 721281316 925264268 983427707
8 343541810
16358690 679970381 772961402 503145836 688672188 319414130 171286981 922779461
39 285683900
291630245 918199286 940518760 251917178 333621872 693377045 409623898 935109587 443907269 684085304 503272722 435293210 77462826 488305101 950431670 778883088 616112430 546419699 538897356 294908105 724243416 231631391 223401968 57820409 844289126 469363484 219101373 627945091 970292653 89053361 744379366 988561265 756338720 901534725 192977361 586866795 142027766 303544713 596260356
50 58506073
33012674 562879904 206296231 491624275 44108165 657968179 479488691 921020200 979153480 843703040 136197005 10508818 985300292 910028519 340419114 997774032 638817360 776262858 195837310 643112 160597800 931198322 528633678 239999927 441353788 731836316 377115056 125935324 214889580 161466356 842136186 592182788 869627498 27235191 320405756 213677476 966735322 383356655 967346905 248041530 77966239 145397478 832177660 628378116 985153479 105834974 719009310 469943121 236932695 39808845
47 233404795
777587233 254627831 494464630 673765795 305646370 473403268 672675720 655926435 756580550 104439626 585668803 883461933 703618117 157507528 716775824 843382731 969998519 572767646 582655254 854929500 56939536 210718538 394442129 159919974 88872203 692304673 573742404 115016921 81051103 86342048 576847979 992852387 295955695 213860444 600519112 608783287 755651539 419621096 298707866 408270189 516376471 434953032 832700991 442783622 880015989 622419322 708214698
53 12262223
710471687 226480162 44769156 967017911 5006033 338684184 44415074 238580357 701036635 83696270 938530719 910539046 190855155 982962701 273068237 63109961 626066307 877668547 645713838 572982249 823313449 494601235 52958737 423969058 824431820 382816989 17598210 621617239 677570623 157291182 569197899 85794546 869064294 482861850 151117 325010398 556139030 328611445 884328519 669208917 138309913 937221569 673128076 721002958 790713864 526770522 255053855 551339511 613374711 444890143 753922764 672884944 792238733
95 79484958
156825566 630421863 541697416 670523811 147827214 840797217 960724179 587777752 825627242 572549201 121561241 54857136 114549616 625492923 152300550 661509746 42121046 601637742 797541431 557771842 5203930 878903146 638325200 276489079 346062376 201759347 83913978 784445499 861409977 320866773 11155418 123291244 734666391 574212190 71809302 434518686 228387521 636432240 644481634 71820657 315227200 844446569 319014880 613096750 438364777 746231847 134042936 314213255 922910500 635781817 616404736 74276259 952630249 780304829 320536432 582395390 75164513 918444536 47175097 2552126 871701647 409360486 510430719 379968643 253513747 117695537 845609266 194034163 17905955 157396128 388431667 108628310 112588522 918539581 656366018 647345360 333361804 765578260 704813431 318867885 268504938 117829475 858257368 37449568 421229162 93866061 529197370 123452527 517710271 81202682 834593654 173878530 85444868 805615663 417381794
97 433377315
881542884 690760512 766608194 53103868 588612722 855027606 279010364 95148091 697899322 880669087 401492651 992181462 36097512 524242808 874577930 186659580 628050287 167976921 570932970 388934642 688368875 353876632 863731656 912780596 470705391 729731898 313363189 203673290 360695814 642168391 629756684 324520883 680966421 433496053 615455981 644978767 562155750 474056696 744522377 654901278 672372806 909164559 313734396 965769413 634491988 156450434 372639720 303148509 104976203 111108867 84399722 62155820 428672369 21749668 900741626 246972471 183894554 727057822 178982368 451160168 810070064 525995512 371628536 363970994 184336211 147607778 909265210 923836383 289063524 291493439 494746788 57057352 834958013 405301021 708082617 641888728 457183816 759669074 818459459 206217286 593850182 404901939 163914792 689777710 218161279 577053250 413372102 902670080 653656445 974650498 937597076 672602182 14115565 393695216 532590152 338239254 953568941
35 248815847
84320707 958884640 42192753 251134253 116125079 162727659 381980593 72156032 89408588 604604698 87603519 60217815 51831508 562791984 382532819 720238927 523557004 983489592 269075916 619567385 593655251 379255049 559967058 799070321 753454233 691197907 423520184 906511469 862194330 184620392 623731933 300069978 65717993 671132691 969327692
68 736845099
337691066 493589629 877228879 358850666 130854719 819524760 948341661 680954338 478097761 188213559 948163963 271814609 596304953 349905446 255390183 635048870 622288288 682082497 29439134 445538151 477914134 118336709 904650056 483960073 442597748 256643749 848236224 505436585 23900836 406725709 721517844 251387753 588635258 420898011 198228386 228551442 184837939 938183463 323908365 97318953 377496961 477754999 578586493 607537757 362495968 288322957 601923909 527584296 643830832 687663876 282249421 629278276 826740183 834071919 759121463 321552491 482313123 335667587 596824087 697576059 952577820 629067147 171604999 682647963 894621200 895877780 326055948 755115303
99 266533177
965486987 229910475 710264691 12503742 225978181 548397122 20390109 203863494 307658633 650981834 264058209 297336779 675247684 268026020 726830369 659852181 702548255 913959658 379299732 100539547 973614553 206888363 458077759 504505499 263030131 192616795 947045024 830724544 581535444 378498866 248610779 670664683 805129352 557802524 142010064 141147793 296509951 877155518 840636746 921163911 727358564 501580547 929653423 732950048 114287395 872178267 232717589 762496217 159134626 433597114 967106435 624773379 863587708 546991490 216461240 311866114 539970340 463408846 168318936 245531583 274739452 75284228 744694348 109315582 496776844 697238359 227222805 935987171 532573275 487644917 681126459 189438213 78724617 677856298 114172687 856902534 958703305 932952245 956886823 250391494 794638941 402447821 250640416 85697956 936382420 529752299 984264663 765539699 372123063 109290091 864250361 525189328 527639992 579735585 784873009 76983800 406310415 822957055 408418
35 692369670
802515186 402456379 304571652 124447281 431773595 678929542 88364070 254289254 114149038 472921011 5055873 631944444 310227296 314604804 141683543 598515801 820895384 810054769 356509396 142427288 298300975 825013501 374751950 122611414 594786071 452759530 589141306 674385187 34555558 317648164 554812973 180402544 553935998 25414347 197594603
88 66324760
402510300 783769359 653557963 142818125 801392622 843127612 657749004 705544204 948237549 695724046 969625222 528293472 400851879 574267698 376025983 808640812 333921077 755111571 586628197 810977703 574856039 128895220 313015696 243034727 89925498 235254858 747926999 676795137 655675610 106493369 874441599 483127247 751243079 149037776 64819236 802562447 163235014 609764063 4206608 398759712 253571016 987092151 430311560 654308252 422765340 342615694 160764154 962520403 478710565 302999691 908578495 619228623 731495802 425995012 76645101 349615503 401207308 138241622 767254227 971738610 672921489 888486486 38667835 611334581 91531736 715946233 355760447 137433837 598024394 21555022 347761326 351177290 966726085 410568313 670618332 31579698 553974221 561085353 925805197 274059938 176401459 233210558 247481433 413295113 98243568 761998142 277150847 354823069
99 281698100
226330204 958025431 640431850 88398384 57727043 76528970 125097389 559782104 640931697 229347728 71681993 451762549 493294036 510946526 150027620 382501938 906723386 711722716 594583649 656490 350954291 687728631 382359940 47808459 559205457 961732155 74828451 953903238 280650162 458881820 854451053 950721690 520234309 446017150 325707789 890201148 161119436 858763342 931187239 590263638 655071577 539575046 127484460 456165589 376909090 327662075 422529641 746706213 956818134 898326411 645091353 980966330 520999018 163621729 952428341 197825248 364310612 880157733 369255934 258844790 348884545 392624705 952972644 865127405 588156263 751130232 42517590 554399398 145594524 998380087 54551601 208512852 796426690 217267743 603150026 511713593 858445943 809646032 3482951 303487196 699372958 144653536 671428816 81177633 113257260 44923054 163988622 978032974 227920112 608454600 841260430 934035500 886996669 293306546 108365032 193821396 77264649 870873133 528230686
37 946784252
819209436 29313486 105056737 899971408 305304803 956414995 829062575 277738683 475657498 751480390 702467420 46041978 831443091 243932821 784505064 107345826 305492328 704473843 127616692 754287050 917848706 348362662 847967799 989693125 574472762 572659232 198929090 318313684 237009724 887965995 321322798 513359317 659373913 799055546 927119047 741560097 15804031
75 553879116
655222994 174831222 631958864 337652958 818872306 73975022 494850516 225536725 899173608 400731000 873259117 258529680 664371321 549066400 694971858 139093006 397677347 73875212 488847417 932787142 198252500 656765605 449221318 622154556 168710246 124233036 295486946 4539470 830933661 558006849 301837903 866867666 191067973 344473849 622277580 257291727 627417502 731531704 562522565 305386380 897749425 464106371 337090586 733886744 305079524 844171549 957202176 958275158 831693103 673247624 574884781 670561742 689814797 774001162 230245596 892987412 298731940 67442165 718438673 859639610 890751927 801174072 621013516 450382249 698411001 380459814 549262277 951273102 945597619 526933011 125522389 35414948 773052304 489028328 754004457
41 390454729
477698867 65400781 48536280 986794360 241335877 514572291 594980788 130986705 327495164 537490412 881011020 647154942 182950430 435927335 899871083 499181395 189159151 578704219 499384896 738012939 558100198 628146764 973221643 320364946 90614038 393926309 182943817 560658316 3726571 565527597 385848660 343755176 59091483 345559356 164070987 781374083 189449645 945795547 909788439 687271095 647770779
50 16539386
382839622 381065296 969945445 960876070 367889996 869182421 633581888 289971231 87686494 555360389 132441220 366480317 72798161 209879361 302299549 797056048 526134257 842136922 474326636 427179018 314237905 22621113 689198810 292582866 37938358 337735714 250233203 45212792 107239131 992175048 546520508 663462733 224715766 992489628 381422917 578721935 720849829 951993195 592984301 719681516 259292574 61710143 778598931 992971871 814252195 347119725 726517748 568014107 819339034 30332678
81 617014954
185458558 542470749 54005334 876928617 429784429 64459182 673344586 465027384 531816196 682255343 571954429 516868931 474282164 719844142 179175772 861790068 359799857 421846900 412353300 671297054 673001052 980448981 725285066 961803890 354494239 401364254 180691978 801273566 937686732 958299318 194000790 350076584 740802824 809072441 697527297 821758274 43791719 697928644 387751672 328758594 333814334 499815216 657423433 466200109 250228797 80279323 190085032 464773518 31362662 458789451 796865619 455412672 114887434 83836590 326475420 284553619 991965288 69076020 762890676 506389232 428571002 373501247 311618057 119507112 583477935 71049241 614086641 406553421 877596249 533031963 206600568 859825033 810508493 325182111 419158228 517334335 124898165 508502497 162446961 620084145 744898304
