100
100
868 634 444 460 116 742 194 793 928 408 666 255 501 12 945 494 951 27 423 623 283 410 424 97 996 767 424 159 410 152 426 538 252 968 267 4 92 361 281 381 851 386 739 339 944 753 137 495 75 822 673 814 300 285 455 607 664 307 904 886 600 810 798 403 653 234 322 913 580 780 364 812 476 749 934 679 364 288 980 838 562 934 688 333 567 840 838 390 714 492 539 58 21 708 932 760 424 684 71 660
100
815 704 188 200 32 635 310 385 765 852 126 152 722 1 822 852 564 397 377 480 823 408 297 84 625 621 784 270 280 253 504 800 235 569 939 479 183 745 54 599 201 769 40 369 142 532 270 843 575 918 482 561 638 118 19 100 468 760 74 235 108 703 765 864 676 403 216 66 313 29 263 929 617 837 199 21 145 176 660 442 676 817 894 696 124 448 556 215 387 97 449 937 795 666 220 659 354 88 845 659
100
196 259 216 462 460 941 342 308 776 879 846 119 237 588 548 344 286 402 61 35 17 864 527 844 707 215 153 80 279 19 529 655 324 60 902 668 994 183 139 786 748 608 645 12 76 509 571 644 107 218 686 193 219 795 568 576 142 486 164 998 850 698 393 769 962 755 465 4 572 910 743 483 122 116 711 14 394 934 667 974 841 115 697 555 79 41 533 934 784 672 497 937 745 753 855 288 70 90 349 460
100
355 277 360 88 682 756 987 515 69 524 485 393 781 495 919 72 758 214 579 754 249 405 244 352 527 165 610 755 616 474 877 267 40 877 962 272 929 689 428 601 226 979 102 482 935 795 88 850 710 103 177 217 773 400 115 234 41 653 501 700 205 255 15 150 396 141 510 487 308 87 258 193 83 610 163 43 927 197 282 649 2 423 392 800 344 292 946 668 919 353 489 309 231 62 620 248 50 251 188 964
100
800 427 306 322 857 747 187 435 895 868 724 47 599 183 401 692 317 56 775 429 698 525 595 213 279 98 974 114 786 425 986 460 818 888 221 766 533 902 956 559 73 507 897 355 313 838 64 709 39 148 315 463 750 536 150 834 492 940 910 532 751 605 339 786 788 978 784 769 625 707 450 885 177 139 975 621 956 385 409 164 535 311 802 913 568 661 384 660 138 136 551 300 592 1 812 103 125 718 330 742
100
29 821 126 858 135 784 291 372 148 743 810 290 603 555 129 716 649 361 613 969 528 954 554 776 350 146 790 499 867 650 441 284 662 826 535 271 710 621 161 441 589 241 155 911 448 562 508 141 201 809 474 580 197 938 5 176 433 433 516 653 292 816 935 554 774 360 378 433 175 998 1 545 93 800 218 511 520 106 17 198 797 361 237 424 695 235 189 71 264 444 904 565 365 936 761 297 805 452 465 460
100
943 592 133 191 18 544 89 122 980 986 1 579 176 228 955 497 270 138 797 867 704 616 507 861 186 104 835 353 895 469 56 44 626 545 717 797 621 111 765 428 219 234 53 469 920 182 208 319 45 116 143 435 702 718 96 612 611 151 527 5 333 598 834 837 263 297 715 662 450 382 935 502 464 768 382 734 755 959 38 669 176 49 544 613 780 897 612 448 989 499 411 934 825 750 62 251 496 523 963 85
100
871 753 482 608 59 869 685 669 36 157 470 304 504 934 875 764 708 227 810 90 143 796 631 928 415 664 692 280 359 854 966 540 531 920 420 836 580 535 180 345 770 991 480 284 236 766 443 201 560 603 690 485 584 456 490 114 819 804 667 247 489 684 692 393 614 247 361 454 304 110 40 702 644 15 93 997 538 761 268 612 949 226 711 963 383 350 372 908 741 450 978 731 467 85 37 537 582 224 880 773
100
378 404 130 657 934 256 374 279 987 599 352 375 584 472 822 3 650 886 540 467 351 349 255 889 366 981 12 29 624 121 973 334 393 746 345 367 856 827 861 951 408 608 868 97 739 53 787 90 281 128 857 203 719 95 628 747 506 588 861 818 230 916 349 647 372 391 239 296 100 824 618 360 255 495 394 584 481 415 130 371 196 576 314 595 174 328 31 12 824 610 558 539 210 914 341 767 129 464 771 373
100
334 153 870 388 724 489 536 488 467 602 89 492 26 720 132 727 72 588 253 405 948 920 542 208 637 557 500 562 27 739 418 879 921 738 754 63 419 547 125 248 893 56 500 852 227 249 414 503 253 591 899 882 491 341 512 727 725 447 186 441 748 120 929 348 425 758 975 984 498 302 680 450 556 122 497 701 828 10 689 877 954 30 613 16 330 146 792 442 621 708 107 350 910 18 621 59 501 589 4 892
100
615 834 318 344 363 331 59 910 307 325 287 970 596 640 519 901 954 847 227 817 802 470 132 308 14 274 251 532 494 554 984 715 963 848 25 837 495 857 449 643 487 395 7 98 352 451 790 716 452 395 585 845 49 953 148 491 338 629 632 321 40 480 902 876 146 587 409 660 696 864 535 714 539 774 755 666 170 957 447 537 250 232 228 562 239 65 899 893 279 814 910 910 652 297 567 750 177 696 214 593
100
298 884 976 444 517 469 855 189 371 506 372 538 271 869 793 904 720 298 509 611 525 69 874 682 331 861 992 325 913 693 671 932 335 902 137 406 932 740 398 958 361 803 209 716 372 829 534 161 121 399 33 663 211 274 983 185 612 337 632 337 137 113 728 735 751 956 650 833 536 653 935 752 873 512 95 232 765 225 163 403 11 988 195 33 830 114 925 655 138 811 714 641 555 178 945 911 846 190 898 531
100
523 116 70 428 140 495 819 584 2 597 543 674 934 575 810 739 116 710 956 115 720 753 830 219 543 188 117 346 920 583 946 60 540 519 379 353 813 882 584 835 52 389 130 392 587 455 893 843 969 771 839 932 654 90 207 53 206 990 950 188 22 967 375 467 265 282 115 276 696 62 381 426 815 325 648 506 566 29 880 54 648 676 984 348 176 685 482 900 899 871 189 734 143 946 481 408 906 650 869 596
100
734 969 647 194 614 506 443 137 936 862 756 292 822 325 687 487 381 122 413 422 698 913 652 946 357 395 836 726 906 497 604 79 59 259 578 784 536 773 497 243 506 318 111 911 130 225 165 553 912 604 708 198 145 745 932 304 967 645 90 753 311 942 562 570 938 967 762 879 239 263 408 205 916 621 146 860 234 915 164 903 463 874 891 646 988 647 752 194 157 352 881 344 124 217 20 784 989 960 522 424
100
134 237 676 582 68 673 354 16 512 193 145 943 337 903 83 660 704 633 674 661 282 39 626 212 147 793 224 270 791 559 343 941 392 755 584 141 657 501 682 182 199 824 651 170 430 502 529 974 243 273 253 429 507 632 425 671 774 387 608 208 760 725 737 7 974 381 131 99 855 380 808 854 421 948 661 337 578 231 712 685 894 499 598 234 94 328 745 665 410 662 428 916 575 847 928 759 174 466 938 770
100
87 718 93 910 873 8 542 704 294 821 844 365 714 498 388 406 868 955 449 397 172 695 262 941 736 364 379 366 450 909 791 609 300 151 525 727 673 508 595 374 324 710 262 628 897 317 736 980 662 987 34 203 59 873 636 243 383 186 371 884 56 619 789 105 764 956 313 182 486 425 592 362 94 372 610 38 868 466 560 630 789 684 142 235 111 547 259 470 231 976 535 119 687 897 735 266 576 656 563 125
100
122 886 944 481 410 184 776 522 911 378 51 193 730 942 494 842 768 585 415 583 758 166 196 521 547 193 339 914 993 612 354 46 246 634 11 339 440 376 373 419 280 678 608 522 917 233 496 236 448 636 440 701 902 954 751 922 221 256 711 925 32 551 992 62 886 223 304 593 106 848 913 576 199 17 130 357 841 92 910 548 418 584 326 235 492 881 239 371 13 391 224 710 170 850 547 305 830 707 135 417
100
960 411 685 656 409 667 194 328 837 929 957 66 17 418 661 731 254 331 85 311 812 404 941 241 611 924 34 21 26 528 149 644 755 198 816 990 519 32 920 309 28 426 597 903 235 142 351 486 660 641 43 389 758 32 734 247 91 852 303 32 940 377 736 485 174 341 470 733 216 88 847 406 338 963 471 121 736 978 110 350 787 704 677 637 145 414 474 315 646 195 246 313 328 904 89 556 354 332 359 20
100
580 240 234 360 960 238 467 142 768 303 833 33 318 625 188 332 278 887 220 24 870 589 305 70 954 202 61 54 72 435 127 15 878 987 379 597 951 132 992 551 960 800 676 484 609 691 256 27 100 1 175 943 919 831 570 366 640 641 841 660 574 204 45 302 581 702 752 450 654 461 604 453 760 483 778 109 538 448 895 571 565 752 968 293 447 801 113 164 401 593 926 910 622 760 728 179 750 856 640 421
100
194 799 839 700 700 29 461 518 503 164 392 503 376 8 961 492 168 263 980 805 18 242 438 91 136 331 922 556 829 977 77 5 855 771 477 12 437 958 833 28 261 761 529 435 719 111 11 586 890 882 984 174 94 98 278 770 404 76 82 573 534 794 675 165 396 736 879 138 140 23 17 277 66 422 261 691 960 14 336 880 124 756 324 469 920 284 460 972 342 130 945 642 843 284 713 489 462 74 312 299
100
237 319 24 935 854 279 395 185 860 461 966 990 103 839 367 356 577 137 453 522 625 994 256 565 359 693 726 850 913 316 985 356 346 883 596 442 371 691 381 184 894 38 963 564 506 444 4 498 248 304 906 54 929 644 746 435 969 465 37 68 855 890 58 583 11 422 758 23 772 305 451 783 412 674 135 527 800 603 199 92 56 300 792 627 190 940 687 762 470 703 551 353 966 489 308 798 698 9 431 158
100
678 367 311 436 185 520 844 227 263 60 721 744 894 980 152 709 21 255 131 48 743 727 714 765 510 620 897 113 831 395 792 967 510 911 627 9 562 871 44 664 62 106 64 32 277 622 207 652 861 598 580 80 884 872 986 366 29 443 484 391 50 434 676 211 675 511 564 235 508 652 9 614 459 790 298 217 193 104 555 514 504 534 983 779 474 348 433 508 966 246 479 907 255 296 817 329 641 266 695 499
100
259 643 816 711 89 408 18 666 717 213 210 588 796 332 32 483 246 792 700 712 744 342 486 372 188 282 180 122 53 956 79 989 935 136 815 353 266 425 724 485 199 99 350 938 899 377 479 317 146 449 512 732 700 547 876 767 232 526 666 70 574 34 963 925 778 854 629 585 866 40 255 675 438 28 512 682 572 222 553 235 49 994 81 276 306 288 69 997 97 854 98 196 345 44 226 585 900 87 602 253
100
22 849 592 877 814 156 399 832 328 563 329 756 892 152 366 968 521 827 366 559 152 161 450 296 182 731 172 407 651 193 840 457 795 22 227 158 353 293 608 257 893 5 840 903 666 180 740 440 848 27 525 474 601 502 709 928 261 225 516 287 79 947 695 714 992 349 261 679 818 531 422 869 780 844 469 165 291 120 403 173 805 32 161 110 553 888 939 120 702 637 212 187 733 467 756 15 302 835 410 611
100
769 308 46 140 962 130 926 708 783 983 399 712 444 276 303 448 125 151 470 384 925 295 89 876 408 972 336 32 666 838 997 151 616 103 91 732 316 18 224 906 763 235 873 570 290 983 264 636 637 720 524 606 763 89 355 848 728 20 134 136 400 628 31 293 85 383 957 605 787 201 383 50 137 383 33 919 681 394 807 174 31 246 125 633 788 823 741 175 661 243 747 721 759 414 288 890 402 680 712 408
100
573 46 857 957 212 361 752 574 108 310 901 527 569 630 275 610 487 982 356 686 897 220 65 262 546 249 460 209 512 296 21 861 422 693 311 255 408 236 325 475 103 347 486 270 790 474 543 171 76 561 759 370 425 404 777 997 594 533 188 295 805 229 422 161 277 686 113 611 666 391 588 376 126 487 638 345 142 545 876 187 654 828 896 975 327 418 58 877 139 11 836 47 285 307 691 10 511 603 271 519
100
47 496 572 79 35 92 299 3 55 621 420 536 860 252 225 524 909 768 623 428 243 55 311 366 205 903 46 216 758 957 687 58 845 346 276 523 482 174 623 733 535 178 539 99 518 336 620 22 933 762 248 132 554 82 3 392 949 957 922 718 138 734 906 477 155 674 460 978 569 384 494 593 493 41 191 20 531 82 434 261 800 846 661 859 266 317 105 32 198 5 906 241 840 894 401 288 979 440 108 946
100
407 536 662 13 932 344 496 696 778 365 100 450 756 283 901 960 142 249 442 968 783 75 372 796 377 127 311 423 366 750 806 589 480 227 598 269 55 991 70 25 792 298 787 340 65 826 46 558 142 932 129 650 245 258 645 501 533 356 636 353 776 191 638 292 665 309 533 344 325 777 76 75 64 252 37 183 113 629 247 558 857 162 94 514 956 119 225 75 536 767 627 969 922 697 519 727 134 912 419 383
100
400 264 43 723 760 871 377 380 729 986 215 209 343 926 191 393 862 246 744 206 521 265 258 236 55 787 321 584 417 501 608 812 216 35 281 197 91 929 627 36 574 409 588 162 506 244 969 210 871 92 478 758 103 68 620 397 249 528 440 863 908 529 64 295 460 659 738 195 347 703 212 135 703 398 856 405 440 184 400 981 392 838 442 638 126 710 674 489 119 172 366 601 188 596 402 50 278 184 919 495
100
202 828 308 632 750 18 305 30 613 142 670 814 695 857 523 587 115 814 579 50 526 662 812 136 426 981 451 632 817 780 870 163 757 324 48 597 848 387 552 743 873 679 603 314 389 950 805 930 311 734 263 120 259 476 194 223 802 83 9 572 209 802 949 780 18 409 118 931 389 1000 73 955 466 720 739 385 576 123 800 248 787 553 217 506 6 958 734 569 672 39 396 208 538 688 461 765 483 619 101 449
100
332 313 411 228 809 945 591 362 479 242 619 273 702 949 93 639 497 500 460 481 694 134 16 582 124 106 198 757 994 14 723 879 155 48 646 82 803 97 820 13 109 511 674 811 305 239 954 80 875 306 946 606 794 458 156 712 257 480 95 855 285 698 911 81 127 112 730 199 521 269 72 76 428 431 448 147 567 696 460 959 569 745 736 313 493 584 250 412 482 539 821 701 115 144 375 11 935 778 755 337
100
569 979 59 141 891 877 699 652 804 409 792 704 954 476 520 363 762 97 712 640 599 369 230 837 260 842 10 983 764 320 716 325 968 47 343 909 962 835 564 489 530 257 396 497 738 191 820 974 372 241 987 271 591 48 649 171 219 385 462 441 620 557 847 454 977 992 849 841 325 875 668 274 535 710 668 802 208 902 46 532 971 599 965 610 259 834 698 244 549 733 399 536 957 524 454 200 664 185 857 179
100
868 896 350 125 210 146 101 113 325 697 736 42 98 216 957 570 174 189 663 345 737 116 456 667 139 906 967 126 158 573 791 243 331 527 121 702 410 216 624 341 511 275 637 984 465 642 642 74 327 45 458 951 224 987 517 981 708 20 240 344 276 709 972 5 406 183 450 693 512 947 656 805 586 501 840 754 348 17 322 509 9 735 557 489 284 844 846 396 358 578 420 931 290 696 914 471 389 411 367 575
100
355 632 310 461 873 217 148 101 795 196 340 40 163 503 374 55 163 942 416 360 14 162 900 571 551 977 226 565 691 866 709 39 732 444 525 222 988 717 606 17 315 287 376 822 530 139 645 82 841 961 605 566 575 738 834 756 308 340 707 231 369 206 973 225 389 64 170 58 519 754 712 978 929 59 385 206 764 658 932 794 11 871 741 653 758 136 221 505 294 372 684 750 954 742 700 864 937 839 478 91
100
79 115 736 50 260 438 520 618 43 434 128 400 115 970 746 107 211 789 915 73 471 697 362 48 623 996 479 786 993 922 844 250 730 925 951 291 817 173 632 833 644 845 365 206 326 44 591 940 909 810 244 300 542 962 546 862 653 312 171 148 305 264 63 30 797 735 385 864 657 930 187 376 475 39 213 966 75 174 83 6 520 291 158 928 704 532 58 176 475 376 679 221 343 754 16 181 226 781 209 1
100
726 395 585 675 908 991 46 574 421 921 682 336 191 594 528 657 748 734 692 355 827 948 631 8 197 271 173 55 329 906 581 336 229 289 197 458 285 474 191 771 49 156 988 514 149 363 657 436 609 432 336 787 462 911 828 774 495 597 638 541 863 570 883 64 317 362 826 160 706 614 619 397 447 830 152 970 364 30 237 982 639 778 284 82 144 209 28 998 703 453 691 85 27 811 191 736 753 422 191 690
100
189 261 540 403 14 532 516 353 750 521 939 919 58 22 925 277 500 607 739 309 103 529 31 535 64 459 396 778 803 583 536 466 740 96 422 835 10 609 203 636 516 145 275 655 599 696 286 291 966 906 590 589 133 181 584 704 848 337 868 621 411 552 858 390 338 122 104 307 572 599 103 478 842 76 903 79 303 376 62 277 432 320 6 308 906 254 928 111 435 117 849 978 262 837 170 211 262 384 518 144
100
875 232 308 767 534 421 674 256 809 258 42 819 44 99 969 661 116 487 105 833 646 59 111 874 916 710 199 869 424 233 392 128 53 951 757 904 493 218 878 898 241 471 979 48 823 104 773 52 909 188 645 144 508 93 386 739 397 605 526 799 414 173 198 207 533 257 456 520 962 819 504 44 67 853 51 88 614 20 617 629 862 574 754 556 463 156 371 20 30 323 824 841 464 471 209 931 969 403 824 616
100
732 959 626 23 6 264 596 237 706 510 311 241 969 883 669 169 199 241 463 641 957 999 935 499 189 410 323 456 840 327 269 912 294 844 459 670 500 493 403 324 523 958 866 225 647 962 664 350 699 502 585 224 825 812 50 484 259 75 24 650 908 170 75 848 851 857 958 961 253 929 403 525 747 108 337 925 552 933 301 914 11 369 760 433 904 216 147 809 705 457 155 207 549 128 224 143 957 165 379 40
100
438 734 242 904 919 169 374 681 239 212 406 72 554 423 698 169 414 461 835 950 499 253 399 337 557 279 876 483 174 876 731 601 183 350 590 477 134 690 306 38 930 965 959 325 679 155 106 995 359 811 737 510 557 887 510 21 635 391 302 114 496 568 987 279 418 633 503 139 594 281 600 985 659 714 871 324 552 705 960 387 189 329 907 474 541 746 51 845 569 964 993 149 990 674 66 347 762 650 207 919
100
736 561 198 383 786 931 426 218 840 423 322 879 103 292 791 532 961 829 929 475 807 403 186 473 131 878 657 616 839 800 892 201 186 281 380 948 92 102 140 897 327 781 690 316 896 63 22 463 466 208 119 617 855 962 124 96 317 651 351 918 376 116 795 729 285 956 714 650 890 339 712 640 549 837 472 969 410 714 841 419 186 293 187 787 643 99 391 673 577 632 346 911 187 632 200 735 532 129 55 586
100
613 893 191 950 297 628 1000 270 374 289 688 448 653 863 508 460 456 273 901 8 484 625 771 674 757 694 338 214 815 581 880 787 917 942 420 82 262 293 617 73 112 133 954 205 533 300 641 400 240 809 62 660 487 87 137 437 834 405 518 233 94 303 615 199 685 782 844 610 259 973 333 299 742 642 22 128 719 181 955 295 798 958 191 535 319 657 945 775 375 808 66 357 882 974 464 628 663 497 270 705
100
305 413 806 946 108 918 772 363 619 114 923 235 463 511 132 344 205 236 500 152 368 220 119 116 522 84 227 419 828 718 8 874 609 828 329 403 122 48 553 312 572 952 353 323 600 829 79 38 973 149 762 971 629 198 337 849 849 31 372 428 829 263 895 56 189 926 28 670 306 447 169 873 372 142 793 88 689 284 112 178 922 170 63 905 822 205 511 374 980 221 883 525 781 634 702 282 426 499 245 152
100
658 345 933 254 361 688 753 872 743 857 868 896 276 689 58 1000 980 811 208 313 81 453 826 746 359 732 612 909 947 573 704 176 700 161 67 265 724 848 131 478 4 506 396 247 769 934 569 394 216 299 365 915 41 48 364 817 623 825 462 432 874 511 112 887 128 573 844 494 13 152 631 597 148 447 889 171 351 706 40 10 7 439 645 522 234 854 421 104 448 37 518 694 431 524 415 967 641 702 93 574
100
831 644 736 149 792 587 432 543 508 903 89 142 47 122 27 445 834 682 999 255 902 413 85 267 430 816 675 319 614 111 77 316 70 321 79 464 518 499 981 913 359 614 641 719 8 592 768 103 738 287 586 346 196 202 369 520 253 290 542 339 541 721 251 785 954 821 834 228 389 196 719 911 289 548 659 381 857 564 172 950 4 341 331 620 104 176 911 391 764 56 488 161 393 273 728 14 78 665 93 673
100
525 363 671 298 132 624 626 696 209 686 807 496 118 207 515 622 21 40 405 746 342 617 629 121 293 170 132 288 632 905 556 682 733 759 122 58 95 52 602 9 641 456 366 223 372 715 508 633 321 21 843 365 911 956 87 547 990 101 920 892 593 21 702 443 949 614 229 1 137 896 84 849 650 510 513 958 752 643 459 237 838 28 61 715 93 117 541 296 189 889 920 122 719 447 927 802 553 120 318 675
100
676 774 343 193 66 374 178 865 56 635 310 172 523 474 462 754 622 3 236 404 28 681 105 2 656 663 783 590 394 210 908 748 720 420 581 467 407 205 437 975 376 917 132 210 399 533 102 652 29 718 628 290 599 369 511 179 863 691 655 722 65 661 560 713 385 79 660 7 455 439 978 336 761 181 584 216 608 556 87 936 364 307 973 555 333 328 338 188 799 601 89 28 425 943 295 587 290 132 802 968
100
484 770 468 439 787 612 180 713 609 826 947 410 458 221 189 650 163 309 882 802 235 220 470 502 69 139 360 611 102 223 157 423 580 2 17 362 151 75 744 334 958 677 281 106 837 174 943 7 6 800 392 818 961 402 180 259 409 291 914 739 833 351 870 72 172 280 893 72 68 144 702 61 138 510 313 13 436 974 622 127 978 542 597 766 982 218 837 74 159 168 723 678 515 922 575 399 103 472 8 277
100
227 397 516 973 990 513 170 409 444 242 664 893 23 370 673 278 996 601 280 158 771 720 333 881 522 88 974 859 64 371 911 600 744 973 972 901 627 557 852 220 988 329 796 990 959 489 969 949 560 235 476 528 119 116 980 115 224 136 756 674 958 851 316 944 403 692 930 877 456 393 64 354 504 814 410 696 5 340 338 200 267 689 378 187 729 146 601 554 509 596 43 357 880 197 652 886 30 167 928 324
100
932 83 490 682 241 440 440 356 276 720 89 340 714 627 184 614 664 442 762 285 490 638 852 894 824 783 998 345 852 607 277 670 198 969 627 285 162 99 342 264 629 379 665 362 816 275 902 192 368 708 548 433 20 637 51 292 929 708 367 657 525 237 694 208 375 82 511 291 810 221 993 948 942 492 55 414 365 475 95 472 382 78 586 512 119 752 442 755 643 966 469 282 290 932 175 596 412 724 241 240
100
221 872 370 195 137 632 795 396 22 430 162 629 426 670 752 495 901 951 306 595 178 297 919 141 58 234 871 715 731 956 570 724 126 639 790 667 443 886 463 273 527 885 219 119 606 950 474 54 942 917 685 738 155 322 82 279 347 304 411 579 346 884 227 805 86 694 215 756 65 472 303 893 717 210 180 330 194 107 118 675 302 835 399 274 780 312 812 74 861 408 766 937 279 999 976 652 841 206 499 27
100
349 32 413 533 72 714 273 622 14 434 989 595 7 17 335 961 306 980 276 288 775 355 268 169 698 112 103 875 116 905 667 460 992 883 880 551 919 971 219 702 697 981 654 30 607 122 348 842 761 727 11 417 258 12 773 2 253 715 464 843 149 348 629 485 404 456 36 209 530 586 954 786 410 475 325 584 35 715 987 831 295 347 310 217 189 999 571 460 843 506 94 88 201 389 164 903 343 345 843 986
100
644 320 671 85 130 633 202 95 851 899 797 563 888 28 177 295 511 636 911 829 324 876 87 999 684 802 437 207 786 197 572 246 147 865 578 373 739 85 559 967 72 353 450 157 680 984 885 362 428 122 785 844 674 873 178 298 152 440 351 940 758 196 650 734 494 157 907 271 860 754 518 616 362 265 170 896 399 491 776 814 556 307 350 352 213 263 376 323 73 293 766 89 624 422 549 652 830 931 586 14
100
553 669 836 472 270 954 84 729 298 331 618 204 958 501 861 491 169 749 613 346 307 350 135 749 573 44 330 33 791 958 489 804 758 252 227 972 944 169 672 83 840 723 375 714 556 656 584 365 647 499 398 667 282 847 769 159 243 531 923 798 285 384 141 628 86 865 592 835 106 415 923 359 261 597 954 687 341 458 770 330 628 480 108 237 49 167 488 215 819 408 696 694 373 297 835 882 912 591 990 269
100
365 293 524 843 19 455 728 640 567 213 728 725 261 921 522 730 329 638 599 801 942 747 488 840 383 932 689 119 199 49 256 758 654 648 899 220 24 839 758 28 847 480 23 108 777 797 600 181 220 26 495 885 427 793 999 256 639 676 341 347 804 596 669 499 912 783 189 488 211 149 216 956 682 528 433 417 727 874 420 923 325 51 712 13 115 227 245 572 843 19 524 605 552 507 728 684 17 108 423 426
100
887 52 212 262 310 541 781 524 869 606 335 837 23 69 288 48 346 107 208 147 300 876 544 152 471 466 403 421 313 752 262 3 290 204 702 570 575 860 473 918 636 268 747 477 821 30 655 917 986 208 300 747 824 898 187 775 246 642 83 465 869 444 232 832 790 413 884 905 677 486 582 499 448 814 602 366 403 178 216 816 867 858 131 998 33 797 387 635 14 145 500 419 388 590 268 366 815 335 167 540
100
929 526 352 447 887 494 51 843 20 160 668 754 725 185 846 719 401 378 257 495 183 69 994 490 23 329 238 279 46 949 648 802 79 128 618 214 660 746 749 332 71 932 66 748 423 154 285 155 656 690 528 380 577 943 966 303 846 435 319 752 808 712 542 191 140 948 463 464 141 395 625 505 678 491 484 813 229 480 987 836 459 318 740 254 908 438 340 343 489 787 264 678 945 228 669 306 329 270 324 140
100
330 142 17 715 79 516 20 183 222 557 907 123 901 121 248 888 58 685 262 852 837 123 705 737 547 834 265 616 486 698 646 217 466 113 60 221 667 783 10 697 408 392 655 565 436 182 948 130 437 145 473 337 707 254 177 843 154 964 628 171 29 477 625 198 739 808 143 721 462 443 117 363 828 87 39 762 430 690 544 451 48 227 328 507 814 335 802 342 82 725 891 508 611 264 546 156 545 657 695 910
100
210 237 686 545 276 945 190 177 57 109 162 888 557 500 169 39 597 162 848 220 729 77 19 661 728 455 90 100 161 296 123 862 72 519 535 960 912 909 371 939 702 9 836 324 424 912 24 967 572 716 230 996 825 141 398 731 920 466 999 1 182 381 60 599 469 242 354 937 798 641 514 748 164 546 66 689 283 481 249 268 427 141 866 297 988 767 946 413 310 803 954 235 711 31 327 155 190 557 402 875
100
582 471 880 723 226 125 558 948 889 311 160 388 448 183 712 676 62 339 320 934 899 946 693 676 168 586 650 800 353 271 564 946 549 655 834 205 292 259 844 190 577 488 942 231 179 204 612 495 167 867 320 44 630 610 864 906 934 96 938 265 170 769 140 7 910 271 458 557 362 378 512 665 573 474 921 74 875 282 112 196 108 477 805 993 726 188 352 52 357 787 443 872 158 994 675 132 631 251 886 455
100
13 479 625 146 292 545 694 789 524 26 521 676 879 98 209 252 711 21 927 923 80 856 822 297 879 658 259 615 934 620 722 364 580 113 238 610 597 317 868 722 416 785 592 115 681 591 426 600 858 702 624 848 805 610 868 216 987 517 898 699 824 697 375 681 795 329 520 561 505 288 507 622 108 829 264 86 965 7 995 700 308 475 786 166 305 175 495 100 278 746 586 392 75 991 139 724 589 914 534 725
100
163 204 938 139 594 698 236 748 139 412 406 454 291 793 305 955 426 981 572 704 405 347 361 356 483 655 283 820 298 92 177 532 194 927 764 906 226 320 956 862 193 831 586 705 325 246 891 31 767 964 634 388 358 792 508 108 428 59 921 66 528 423 818 953 181 398 901 999 861 619 456 265 622 731 117 78 846 667 494 684 511 231 694 331 616 876 335 216 26 259 347 185 536 727 856 694 177 589 163 24
100
884 162 620 962 469 46 940 475 303 563 45 198 216 942 136 545 45 850 819 19 805 319 536 707 817 136 777 575 852 567 621 599 177 965 205 555 791 874 360 104 353 944 743 346 272 622 916 380 252 886 868 375 158 168 520 541 587 112 30 831 858 845 511 822 185 51 237 285 590 378 310 155 829 391 747 724 609 375 758 594 424 953 934 438 833 687 433 710 17 6 439 834 467 877 778 208 554 33 777 7
100
56 219 906 561 194 18 242 85 979 391 414 33 141 650 157 409 494 566 404 979 798 477 856 329 518 925 587 448 754 306 754 484 416 276 18 578 235 719 823 602 275 431 113 492 153 228 519 435 76 884 365 161 710 917 628 228 376 332 200 579 773 738 438 356 485 815 66 249 276 847 886 529 530 244 207 336 763 820 584 57 896 305 543 471 46 550 267 770 185 338 920 229 834 452 277 212 227 798 966 222
100
811 999 430 445 973 553 816 134 952 524 188 906 682 847 959 411 599 104 875 44 346 108 540 313 50 519 865 966 109 203 47 109 549 851 703 2 970 557 18 550 270 734 296 335 523 482 945 336 585 994 674 982 296 175 18 466 610 945 756 284 321 177 304 65 399 918 424 658 975 982 117 889 191 334 220 521 103 654 111 910 207 855 979 177 452 782 152 885 211 785 696 905 291 807 214 820 742 90 334 928
100
337 450 736 119 782 390 788 666 271 979 215 451 526 954 606 683 493 674 254 728 822 42 24 109 251 972 767 194 755 639 422 277 889 117 477 464 688 241 515 878 404 889 177 20 587 737 650 571 548 879 394 473 150 102 343 254 895 799 470 388 970 562 314 656 690 578 166 875 467 129 411 643 472 117 885 108 699 713 973 567 838 545 539 364 724 996 675 720 487 976 221 963 248 529 941 814 649 323 883 785
100
585 342 694 541 130 886 457 945 314 831 941 125 121 577 286 298 629 424 921 818 708 963 270 715 425 199 637 946 815 969 548 851 115 421 51 758 394 143 976 961 199 912 36 540 70 156 895 957 600 735 118 691 646 226 2 14 633 78 722 14 550 707 895 772 914 628 233 210 685 527 575 402 853 296 300 915 745 719 973 789 565 595 564 132 851 834 677 330 804 386 699 176 510 237 527 956 83 631 513 472
100
214 128 185 653 653 912 907 263 263 41 789 688 113 38 409 42 600 269 863 665 697 839 509 466 206 7 24 708 992 691 997 120 671 674 222 256 560 700 714 401 575 27 775 481 760 365 875 747 643 813 922 287 804 389 122 65 828 219 148 682 696 990 157 181 444 788 395 908 28 623 958 722 280 786 662 654 957 159 128 257 291 630 244 722 320 555 182 420 633 279 144 534 598 382 169 196 904 477 179 697
100
41 607 441 47 995 882 341 51 410 130 115 724 843 681 851 142 765 750 334 625 140 17 689 26 127 369 519 124 555 489 344 74 85 136 617 124 44 348 97 744 879 463 516 203 324 367 567 751 221 353 867 921 436 627 913 151 603 993 416 939 434 821 294 791 895 432 989 743 641 554 747 208 735 442 665 828 560 374 19 633 663 374 672 817 781 652 289 57 306 218 749 894 178 879 738 376 102 86 605 447
100
657 448 699 985 854 525 974 662 232 797 829 479 72 518 821 673 166 50 291 995 886 509 635 2 948 259 318 637 385 836 227 812 718 648 896 145 804 121 691 908 326 209 73 936 853 337 18 155 506 748 745 754 396 511 188 368 973 381 377 757 548 502 503 900 715 955 606 1000 659 40 342 788 83 996 472 925 875 906 380 601 819 533 826 914 584 560 646 856 94 557 170 477 379 506 484 433 260 52 354 409
100
787 23 455 31 148 722 697 111 692 844 632 650 522 987 588 79 769 519 265 740 347 162 951 150 99 348 703 935 523 917 539 352 793 332 576 556 959 946 583 503 934 586 652 995 46 597 229 777 938 99 517 764 52 261 329 609 515 927 440 394 122 108 793 605 387 205 884 561 906 482 162 45 247 2 192 378 730 987 747 750 470 832 233 876 519 877 991 577 757 958 748 515 275 549 985 11 123 716 656 647
100
264 99 653 506 538 429 305 915 895 203 275 526 551 672 376 792 513 724 487 693 810 333 312 379 808 292 416 391 274 802 333 185 475 8 591 597 261 71 436 852 506 721 387 620 334 633 923 303 578 849 434 410 322 389 653 473 398 779 424 816 503 512 877 13 799 616 618 153 223 509 275 485 26 465 852 331 738 621 684 313 563 110 626 286 722 717 816 966 966 302 10 84 751 399 86 735 261 793 637 623
100
845 715 513 661 568 665 602 232 358 891 342 69 344 470 948 436 542 603 733 571 781 844 966 95 880 821 428 698 94 54 711 222 819 356 700 333 95 409 175 902 14 310 376 400 971 719 77 608 218 336 3 745 890 876 875 13 389 711 967 105 394 794 463 42 667 170 668 217 4 261 461 351 140 978 641 967 365 416 109 587 175 52 134 892 353 295 315 806 108 506 762 133 487 633 341 999 109 992 645 765
100
147 441 311 654 84 625 698 858 434 958 741 448 264 662 705 959 360 462 875 450 203 495 886 458 791 769 218 775 461 166 1000 198 158 52 415 432 210 345 153 417 441 393 254 349 848 640 60 300 80 547 87 33 266 499 928 475 944 361 759 154 723 515 278 928 672 808 435 508 859 703 481 198 110 675 86 294 437 942 24 32 733 767 487 242 970 950 4 772 266 92 720 849 881 555 275 396 344 200 427 615
100
521 320 751 730 728 932 396 537 211 478 440 957 711 630 494 180 739 855 989 717 607 567 444 564 41 274 108 758 592 945 54 366 627 661 628 531 885 837 370 240 666 428 599 621 314 495 390 915 935 546 476 355 41 470 247 948 112 226 365 962 608 236 870 527 575 937 422 237 85 204 110 397 974 126 966 231 823 979 534 328 794 873 597 428 978 418 832 673 957 251 939 393 166 520 927 338 931 361 467 823
100
985 175 648 225 741 369 553 709 872 74 376 295 200 529 558 743 297 786 687 812 888 406 996 687 193 500 285 181 926 894 658 491 615 739 463 536 992 476 786 439 94 579 691 790 1000 956 169 482 10 227 516 813 980 67 745 827 679 564 666 256 37 839 653 601 770 864 782 333 210 662 464 931 304 991 219 953 855 746 373 676 437 294 50 429 138 405 972 59 759 761 521 713 269 47 383 696 681 577 300 484
100
780 238 555 493 950 854 616 313 431 731 625 230 261 173 381 903 39 81 360 948 978 404 737 901 722 319 228 296 610 303 768 782 87 876 922 203 177 697 511 755 98 285 118 549 442 967 236 340 652 2 171 739 357 972 202 556 961 409 949 509 707 682 678 161 281 654 402 632 766 126 347 758 577 410 359 114 91 267 308 499 686 614 686 549 591 281 781 713 151 496 444 160 709 262 142 972 802 887 145 636
100
745 934 200 251 336 822 731 730 419 708 489 588 381 297 416 854 970 1 84 500 68 925 243 543 849 218 580 760 980 656 432 8 881 256 611 214 529 907 840 133 36 761 340 929 895 27 965 828 674 214 588 36 895 724 76 577 158 591 859 949 688 847 400 626 417 671 109 714 251 664 240 454 749 135 961 54 45 405 822 998 234 791 343 911 606 971 883 809 38 247 999 827 33 605 814 84 948 702 95 74
100
627 440 376 139 520 1000 406 228 202 954 865 863 285 836 626 185 869 266 160 697 904 443 171 72 329 681 371 254 155 485 42 271 821 215 232 21 416 28 892 745 89 420 628 442 191 439 605 223 946 433 516 982 273 254 728 932 898 721 136 997 538 945 383 243 167 543 868 745 94 886 82 600 411 311 629 486 257 20 957 843 186 470 983 979 813 274 266 101 198 63 661 997 231 796 530 534 889 368 491 441
100
193 468 109 238 475 850 286 853 969 476 40 335 867 887 353 272 117 229 217 579 165 435 874 908 559 605 271 446 918 171 639 675 6 28 858 394 719 345 423 712 540 281 524 155 471 545 980 308 507 567 931 420 894 637 848 422 63 468 845 114 679 371 764 30 158 225 104 938 966 460 368 238 663 822 862 749 814 569 674 155 445 310 851 492 987 439 73 998 472 149 493 22 594 181 282 1000 74 810 161 182
100
115 472 795 251 622 603 502 945 346 114 262 186 714 842 887 401 198 857 850 584 111 27 727 364 313 650 825 208 449 20 947 272 376 243 339 978 606 516 11 610 997 11 610 209 530 557 217 372 246 492 97 741 203 786 731 671 183 891 323 107 74 806 512 365 728 837 738 425 378 382 142 295 106 123 80 809 882 153 944 924 63 410 277 234 642 143 589 133 208 30 897 663 26 407 804 229 254 343 954 4
100
254 259 811 565 709 280 188 307 289 851 776 677 481 569 753 432 481 42 689 614 453 399 646 106 337 643 324 644 393 297 741 525 874 942 365 73 318 238 862 977 688 542 511 924 445 743 282 93 931 648 295 834 590 107 491 394 857 59 836 330 945 130 165 752 870 935 5 608 925 506 246 620 459 717 364 184 741 53 584 925 942 296 827 795 311 856 299 474 233 222 527 2 279 493 122 180 114 541 318 996
100
170 660 158 296 1000 341 955 942 29 567 753 877 668 236 31 507 477 255 868 209 703 253 624 932 443 490 8 952 29 526 174 276 942 352 11 30 722 219 276 262 894 385 212 910 849 933 965 778 315 244 184 407 530 556 295 6 367 538 508 976 10 627 102 303 627 34 4 238 743 861 766 663 67 463 431 240 21 152 146 523 426 539 462 533 231 504 97 415 915 207 238 727 445 67 551 180 446 229 50 66
100
606 106 461 651 584 419 212 241 327 508 92 491 756 559 449 882 282 882 602 12 200 889 403 943 436 668 725 68 340 673 77 553 746 645 321 705 318 994 707 981 375 79 791 102 192 144 460 736 817 452 21 780 645 897 532 906 582 938 335 318 95 798 656 62 114 416 735 814 512 335 57 718 347 449 36 897 920 424 123 364 810 649 995 531 992 650 720 156 127 506 794 410 867 122 268 1 695 615 317 638
100
995 220 388 49 488 141 698 448 643 848 873 973 668 515 923 709 160 816 984 141 336 428 565 968 444 87 618 328 287 182 462 220 212 187 39 930 907 256 956 509 754 164 808 151 451 695 229 800 954 666 73 42 146 787 619 346 461 776 69 209 474 719 599 834 455 353 936 636 940 429 641 97 147 947 695 349 3 730 12 571 722 805 972 440 579 623 280 938 772 276 523 565 48 758 313 722 912 770 317 19
100
915 300 326 602 628 510 159 300 287 721 673 338 988 373 767 977 797 798 232 366 645 349 491 459 369 473 933 306 346 445 344 606 215 537 877 761 477 762 30 813 421 789 910 885 611 473 893 835 759 483 7 879 349 482 282 75 751 867 680 743 767 74 384 247 927 4 651 289 823 19 844 597 331 888 279 440 837 76 942 92 836 374 275 137 696 90 639 105 453 584 213 172 768 589 449 997 238 880 477 576
100
217 606 190 129 80 825 671 97 93 45 66 518 196 625 417 261 884 561 398 244 337 506 203 160 91 178 156 801 397 362 94 342 928 631 467 468 404 54 916 514 208 569 140 669 263 593 760 721 307 682 266 724 283 466 985 862 337 594 12 409 399 665 436 381 276 305 304 510 702 589 404 505 313 130 494 777 843 583 605 966 130 127 28 609 494 173 690 227 165 107 516 309 214 288 630 106 405 632 263 624
100
228 825 344 410 613 783 310 733 195 31 860 452 290 749 470 923 349 108 672 234 448 241 194 521 335 513 589 791 558 9 714 776 46 941 75 905 706 410 730 989 31 64 895 955 35 820 285 639 896 691 985 763 466 74 714 91 385 645 333 717 395 981 667 267 916 345 917 506 342 214 116 948 578 897 349 58 84 766 253 344 650 445 792 670 821 729 329 504 977 151 47 790 595 686 415 197 808 84 514 355
100
319 328 666 833 484 113 38 219 52 882 954 820 512 791 297 753 256 479 655 286 679 907 68 730 919 399 64 598 310 538 438 953 951 318 144 211 555 842 653 521 374 858 802 593 543 269 649 426 475 95 711 874 690 391 843 573 568 438 714 278 200 267 911 739 223 338 475 269 245 373 864 79 15 8 718 773 284 244 436 637 459 414 778 186 481 399 132 981 69 391 397 441 920 611 791 320 734 65 8 292
100
384 769 942 55 69 193 699 541 610 482 594 713 502 252 764 906 610 352 857 368 103 568 120 543 418 902 885 765 702 297 198 810 70 662 595 86 819 670 566 770 818 297 191 26 630 194 561 985 651 594 328 347 259 80 665 131 715 181 867 36 172 610 956 437 982 159 855 301 24 157 328 10 86 853 992 218 534 273 933 719 298 953 653 933 738 494 146 46 14 68 372 310 185 302 381 366 934 501 31 59
100
143 410 158 353 266 250 885 71 85 888 780 660 926 445 388 920 764 151 90 904 607 309 675 259 38 491 334 418 986 410 433 122 844 537 430 393 157 298 88 623 65 508 802 665 386 92 854 876 280 532 611 384 521 953 166 474 404 884 207 424 882 482 308 237 395 82 961 915 712 898 695 913 655 242 899 4 907 731 568 371 942 149 179 439 286 624 104 843 239 46 402 542 475 689 149 298 734 287 60 283
100
845 331 874 315 679 61 760 813 292 298 203 128 309 274 184 108 320 286 999 367 839 471 484 402 747 628 199 742 122 406 387 561 656 245 997 517 202 895 865 764 581 289 149 368 336 357 96 500 496 908 554 552 905 243 609 564 871 309 802 430 187 726 601 866 256 623 701 831 337 576 167 403 758 561 391 990 785 882 371 827 819 712 911 144 680 716 693 430 168 86 742 872 463 695 727 534 266 330 413 956
100
351 715 188 674 611 60 906 849 254 329 437 712 595 460 195 427 873 266 199 671 382 453 646 114 818 644 689 857 304 822 95 927 805 89 644 333 106 857 799 269 664 960 241 452 288 186 687 453 919 203 637 556 270 906 717 719 12 83 200 20 414 113 9 164 660 851 356 265 601 284 453 561 400 883 43 417 153 583 557 826 95 783 522 335 26 463 164 124 763 536 409 377 123 199 363 876 542 642 605 496
100
461 611 407 224 569 292 341 272 983 207 819 751 633 447 194 929 743 215 906 128 31 858 626 243 166 556 85 144 199 322 415 824 568 833 732 737 842 653 662 599 790 336 684 732 709 242 477 389 466 805 215 901 286 306 120 355 862 537 315 463 839 438 324 130 244 382 63 969 381 692 647 772 542 751 634 357 367 850 239 407 817 606 551 609 106 436 777 587 708 925 569 67 889 773 15 792 279 116 809 647
100
179 680 265 131 791 178 89 936 263 992 137 501 974 181 915 70 449 203 457 131 991 175 88 698 303 446 100 937 920 382 142 355 445 766 739 24 412 564 303 457 510 321 964 51 786 390 209 98 168 303 138 291 582 261 879 716 829 668 854 954 438 696 718 980 955 626 680 607 527 134 869 182 565 596 819 722 273 75 432 803 366 314 616 476 854 303 283 790 226 112 45 764 369 387 797 774 137 10 918 865
100
726 428 68 365 564 253 500 672 607 16 646 58 809 930 797 99 52 521 545 781 234 332 42 924 756 933 528 71 520 845 9 342 321 46 478 77 519 132 518 567 496 262 455 290 559 866 807 129 199 333 968 701 991 931 848 885 797 936 921 36 689 918 675 613 529 515 166 596 186 71 32 821 225 882 291 888 642 153 481 862 164 170 260 114 950 671 533 956 242 213 559 118 595 154 60 494 890 141 336 873
100
995 218 900 496 435 819 893 396 203 928 180 898 518 968 319 421 6 706 189 597 257 769 986 380 986 575 210 55 694 763 820 514 578 937 303 422 691 635 83 221 911 969 359 889 554 853 888 903 473 622 348 886 601 717 239 715 423 180 491 533 381 158 579 107 820 536 41 400 56 557 711 899 417 151 47 220 69 313 548 71 765 197 753 195 249 76 533 260 297 380 756 31 878 723 394 373 173 903 975 713
100
851 27 116 549 898 428 461 757 110 650 845 519 218 760 331 303 782 75 731 199 593 598 734 946 899 308 210 248 865 731 229 141 601 915 927 135 337 444 854 746 946 18 377 668 691 508 445 251 312 356 776 636 209 927 66 655 464 104 575 719 377 291 745 36 260 58 600 426 504 927 942 123 746 944 597 925 471 118 359 644 387 417 244 849 473 917 546 314 436 210 598 989 461 770 835 736 562 630 124 673
100
740 889 100 227 692 36 221 427 135 227 262 935 571 167 951 135 730 167 37 412 159 467 740 628 716 482 737 292 752 691 11 790 145 497 1000 918 850 476 134 495 73 236 638 812 799 476 950 162 394 697 959 808 936 339 866 702 540 955 316 308 128 805 477 221 194 634 983 183 824 564 219 574 226 309 368 968 522 843 456 647 642 135 70 988 705 858 838 416 400 226 945 878 649 736 20 199 554 180 32 631
100
894 587 910 633 437 396 92 743 510 913 96 109 622 893 84 696 598 699 669 496 63 317 126 552 223 65 912 606 752 676 219 754 931 368 297 136 241 207 772 942 11 385 632 997 80 439 826 24 589 967 616 664 163 113 771 532 92 277 3 112 311 366 846 703 464 680 362 207 405 758 481 399 859 909 344 861 227 402 729 110 14 407 352 784 935 551 828 23 244 869 676 109 443 735 283 12 598 73 754 410
