100
10
59 839 762 655 56 989 205 260 378 153
10
67 591 795 199 297 713 680 929 805 377
10
637 183 891 831 412 909 503 670 825 134
10
630 30 571 160 144 486 361 121 525 642
10
272 472 287 374 354 97 607 505 466 285
10
279 666 292 578 732 204 377 351 464 986
10
341 514 249 235 706 102 808 912 264 690
10
785 561 664 688 677 534 425 522 319 189
10
971 392 841 384 105 671 957 384 633 260
10
276 196 657 597 875 699 935 41 270 29
10
660 411 539 600 586 961 570 707 200 853
10
825 665 227 289 360 22 399 312 414 713
10
787 842 817 873 253 611 541 842 706 327
10
851 776 18 952 413 334 559 486 456 696
10
671 114 579 342 930 710 310 136 843 613
10
679 60 893 350 610 50 308 393 532 211
10
522 897 681 231 91 718 602 158 451 175
10
688 874 888 276 613 970 903 494 642 944
10
511 161 812 453 5 618 948 980 586 499
10
375 885 140 350 502 328 942 483 67 400
10
470 846 636 751 40 267 769 937 69 528
10
671 115 749 319 7 554 612 893 271 556
10
758 313 181 769 69 743 580 278 783 315
10
177 107 886 281 913 657 885 916 398 462
10
104 706 716 912 516 430 322 351 311 215
10
983 201 673 527 500 638 938 769 294 955
10
571 894 564 595 423 463 35 215 844 113
10
470 170 545 534 868 497 496 950 58 71
10
237 553 549 637 752 827 845 48 960 650
10
952 806 701 560 719 591 718 602 203 711
10
552 71 484 756 239 184 941 1000 355 172
10
983 748 649 122 103 555 832 758 734 900
10
941 237 555 895 456 982 825 989 94 235
10
805 836 627 977 362 776 259 327 676 374
10
545 569 394 882 62 878 534 657 131 318
10
62 388 600 375 969 577 836 460 494 128
10
443 182 128 435 666 532 869 999 12 206
10
436 179 969 962 146 155 809 843 854 563
10
521 339 429 352 867 181 189 319 436 1
10
136 73 597 507 756 554 584 920 843 893
10
915 569 469 750 422 132 228 463 530 424
10
278 761 563 221 242 399 180 470 495 70
10
359 402 163 313 126 775 111 125 578 335
10
915 383 70 878 610 232 694 656 411 410
10
205 500 495 224 856 220 331 684 211 358
10
685 30 604 509 864 769 526 357 372 758
10
273 466 971 790 583 310 209 690 513 917
10
884 323 801 182 340 825 118 635 135 109
10
836 347 722 149 939 421 291 156 102 978
10
462 596 1 409 273 277 166 295 239 892
10
82 403 927 304 607 720 213 856 904 627
10
872 939 987 992 41 896 974 859 622 375
10
375 825 45 456 559 404 629 902 51 616
10
781 851 459 623 329 191 998 536 956 972
10
836 927 660 553 183 615 517 542 209 532
10
537 19 66 416 308 263 996 796 619 88
10
137 6 739 299 418 89 570 192 636 385
10
893 270 871 107 245 793 954 656 118 713
10
584 810 501 910 204 948 669 346 660 395
10
610 329 314 226 885 898 161 336 233 664
10
662 126 451 582 998 871 478 496 931 923
10
393 471 196 126 991 447 256 104 667 857
10
881 538 387 909 835 844 260 193 731 57
10
564 871 404 320 694 829 289 580 630 203
10
701 693 386 256 149 90 283 447 104 418
10
640 463 961 691 990 741 893 255 981 706
10
612 754 578 762 255 801 851 684 720 837
10
910 917 23 95 196 770 196 166 552 800
10
838 449 925 745 499 58 650 10 364 542
10
261 441 47 718 742 731 626 866 301 723
10
836 404 949 450 857 603 420 448 247 276
10
655 474 256 668 933 160 875 335 636 780
10
696 29 992 764 997 12 643 762 951 782
10
816 97 967 438 396 665 742 857 537 49
10
909 878 362 262 359 144 768 36 640 271
10
941 419 317 400 100 577 394 570 349 316
10
325 161 989 94 704 799 464 720 600 775
10
67 240 673 378 801 482 104 495 680 29
10
729 589 593 882 869 538 332 159 34 257
10
140 315 96 212 36 917 501 976 84 586
10
235 25 966 908 860 61 910 250 39 326
10
694 735 737 211 922 207 640 184 671 163
10
271 704 465 450 96 194 402 439 769 927
10
11 63 422 122 546 588 370 133 509 211
10
786 463 463 515 655 625 399 701 48 418
10
766 489 477 477 162 802 438 684 197 952
10
402 532 50 444 614 855 592 979 815 498
10
352 887 47 190 135 127 99 927 462 193
10
394 632 835 202 799 766 107 76 742 968
10
631 820 757 160 354 202 594 35 327 378
10
381 160 676 697 573 415 920 565 329 123
10
314 123 686 460 824 484 497 568 112 566
10
911 31 562 449 417 53 965 157 454 154
10
752 316 694 309 134 226 487 656 70 865
10
362 577 161 199 435 400 56 513 25 141
10
325 217 732 950 797 802 702 565 399 87
10
440 33 345 8 518 750 880 455 793 564
10
54 428 498 519 638 491 220 576 460 229
10
585 831 188 402 303 126 64 466 580 323
10
126 209 394 334 865 747 297 664 76 774
