10000 10000
2708 4846
541 8943
7730 6822
286 6488
7412 2186
9175 4706
1701 8180
4516 2674
3016 5025
2209 2123
1145 2580
4445 9832
5467 8906
3453 4352
5060 4421
1595 9557
130 7024
636 2912
4841 4161
7056 702
6292 1663
4343 5884
2087 3099
6436 198
9796 4780
755 9087
2412 820
5175 5457
5597 9767
1451 3931
4284 5255
1390 3969
2071 7000
9829 4488
5780 7293
451 714
2373 4412
7418 9665
1238 9269
5053 3730
2472 6420
477 1928
1683 3203
9421 7310
9750 4827
3852 1136
7458 7757
747 347
5305 2199
5640 4849
4878 6013
6415 3568
8408 3464
9672 4934
2566 8084
4986 3096
2413 766
3829 3452
3435 3061
3618 9869
5694 9731
5856 6824
2651 144
2802 643
1643 7745
2867 9846
8262 2983
7845 9441
4064 5355
4092 3023
8365 6584
9738 7048
3687 5697
8749 5756
5799 6713
2997 512
6512 2197
3227 9237
4291 3825
1059 2788
8117 2707
9350 862
349 9938
732 24
3969 4451
9338 8014
1593 1517
8107 4887
1885 8482
3884 9481
2211 6330
4698 7634
5927 7058
3890 5441
4767 987
1010 9810
6398 574
1188 9082
7572 387
354 9345
171 5554
3076 7644
7827 5134
3625 2415
4385 3585
4774 8050
6869 2823
5737 8409
8448 2007
3767 4333
2266 8701
3758 4115
408 6307
3398 2309
793 9388
9958 6650
6756 1292
1505 1126
925 2332
8131 3288
2362 2684
1368 210
3576 643
5693 7017
6064 7827
5543 8278
6373 7993
9299 3957
5800 6243
798 5850
7585 5613
8661 6837
2907 8644
2168 4574
711 7818
7284 911
4480 3688
6523 9765
2872 9656
8665 704
9982 644
9373 7280
8511 8147
9900 7514
5116 1538
9423 9164
794 651
3920 1841
9702 7335
3395 4021
5804 1242
9372 9934
9216 3992
9539 2768
4054 5876
8749 8557
9634 2544
3479 7951
6782 4492
3416 8399
5381 1894
2208 247
7834 3269
8761 6371
4497 2392
1690 9883
9050 7966
5561 7385
8096 1087
2713 9668
4135 6497
1740 8725
551 2250
2940 6068
8309 7649
3928 1568
7146 6180
8963 2199
5029 5431
9531 8301
2498 7488
8426 3151
7964 3769
761 517
7024 1227
9822 2029
6820 3259
8917 44
2041 9401
3948 3742
2000 6429
4854 6048
6839 1582
7602 2631
4892 988
339 9721
6675 6533
1772 9675
9364 8367
9890 916
662 4124
8022 6781
7722 4885
5548 7000
7579 8333
5331 9686
2408 8436
6290 3577
7534 1801
4566 5830
2561 4713
7887 9689
6270 9131
1893 4085
8773 1821
6735 9379
3019 1082
1275 9118
3645 2391
4074 7768
9212 6916
5495 5062
9472 6390
6126 2864
7274 271
3375 3618
6922 8872
747 3629
8446 3594
3314 7420
9453 7155
7021 1003
3400 4526
5996 8256
7697 2078
1612 4234
9441 7948
6112 8525
7847 9328
3669 2204
4838 1397
54 7603
8134 9248
989 6844
7543 5464
5068 4196
2073 6832
5155 7075
4849 7211
9078 1751
5262 7755
9353 8937
8847 2243
4825 9222
1290 7077
9254 3243
8039 2987
244 3441
3853 1
8986 3874
7719 5973
6940 1943
7986 275
8228 6419
6967 9682
249 5494
2301 2642
6391 9407
8165 4089
318 9826
7589 9639
7426 3378
3959 9199
6715 7299
523 1609
4574 9238
3618 558
2276 4188
6510 2965
4257 1838
1919 9448
5368 203
3992 8549
3833 9372
703 841
5614 9085
6844 9850
3662 8815
6567 2174
8692 8576
1298 6026
3311 8242
368 8246
9947 7033
6455 7353
3593 6163
672 5331
9445 4363
9439 6857
1856 8541
7538 5593
2237 1915
2736 1113
2981 4426
8347 8389
9926 5705
1899 7929
2239 5412
1696 9394
1534 2516
8141 3111
7036 1428
8268 4346
3434 8664
9453 1250
4864 8031
4318 3990
3304 4683
4704 5122
2843 7215
9310 5191
548 3103
4657 6587
7289 2201
2026 6658
1451 6573
9937 271
1031 5131
639 5107
1937 3289
3276 6586
3904 37
7927 1551
4129 515
2337 3738
7397 8503
755 8228
186 1690
3417 6397
2298 4208
8413 7922
1824 7260
2566 1525
2877 6177
6393 5488
7034 4854
6769 562
3059 6994
1324 4903
4880 6163
627 7945
7403 1154
9445 8140
7555 649
4225 4805
4901 6467
4006 8569
6840 2274
7607 7013
8605 338
1749 7179
2978 8344
4875 2113
3201 4922
585 2772
5034 6918
4162 3360
7424 2788
4053 1190
1338 4444
2993 1944
5243 4850
9717 4067
4475 6328
8996 9776
457 2669
8584 8880
2560 9409
8328 8270
866 6095
298 576
8253 2262
7441 4276
8239 1395
7314 8692
5499 969
7272 5815
6419 6531
6520 9914
8873 51
1883 9927
5666 5508
140 2702
1894 6775
7213 9586
2535 3496
9155 2800
9719 5830
4323 6047
2524 5788
3099 9981
1282 4008
8011 210
3244 3244
2670 2053
4935 5387
9271 3690
8020 3884
5222 767
5825 4973
3611 9962
1184 8060
7309 6426
9544 6236
6141 1587
5221 2385
2233 449
1659 9544
5976 2579
2396 8256
3734 8371
1906 2324
4662 7778
4586 3877
2969 7803
7161 8222
3293 5170
8913 571
2384 5964
4420 2503
7174 8495
5385 2487
7519 6955
9841 8365
2758 6216
4444 2528
2890 5019
4560 507
8947 1521
8727 3391
9798 465
5156 750
2416 9803
2162 1525
785 3997
5004 4174
3129 9518
4445 9817
623 675
1088 1566
773 5476
5819 6916
3161 9202
3893 7008
9005 1341
2781 2534
5558 1355
2763 237
240 4507
4151 9692
1396 7343
4258 2385
9668 4257
2713 9574
9744 6363
893 379
2326 7412
4430 6235
8970 7712
1697 1903
7911 8967
485 8734
5852 2182
9744 3198
9074 2922
6559 314
3434 1692
5567 1257
5623 9050
6137 8729
2140 2208
8878 5660
1498 4689
8186 2239
3575 160
6647 5855
4407 9272
4574 1602
8134 5539
8829 5994
462 8172
3757 8343
9498 6682
846 1490
4671 8204
4462 9085
8921 7664
2302 6177
2545 1973
7624 3587
3797 5822
9722 8928
9041 8646
9997 2262
9728 2094
9786 2877
3996 2802
4801 9916
8280 3703
6829 3223
94 2585
6195 7878
5924 23
8488 5536
8668 8832
645 8511
8541 6691
2380 5897
4621 7730
2536 2478
7526 6567
7733 965
31 4865
8674 9656
5 8885
6567 1342
6428 7120
2073 6697
505 1682
7993 5588
3280 4439
3934 9637
8924 4133
7846 9444
6549 9087
4723 9244
669 4651
5739 365
4875 960
3708 7000
5640 2580
5946 8072
655 9300
4627 2340
8837 6644
6041 8548
4869 5146
419 6976
7783 3708
6570 2663
5147 4839
3376 2332
5896 5317
745 3703
2954 7199
6524 4327
5287 112
3722 8394
3955 229
8111 7005
2068 4806
1705 7615
484 5551
2008 4327
8855 6570
2353 4986
8898 2757
8293 7517
5724 3412
5423 9351
5420 797
1304 2619
3473 2443
4122 486
8619 2035
7435 4640
5331 3155
3710 6026
5511 6615
7700 3998
7838 7370
4097 90
1869 3758
5507 9226
4018 648
3755 2395
5773 570
1400 4092
2207 7766
2795 463
8698 5080
6607 2632
5401 6686
6322 2527
4655 8097
3888 2750
1544 9392
4259 6058
1424 305
2400 1366
7092 5302
2957 2840
3361 9887
8794 9997
3024 4268
7887 827
2077 5
7433 6724
2856 7212
2581 3126
4687 3123
4 395
2211 3696
7303 2613
3063 1841
1800 8544
6697 3708
7592 9904
3921 7116
3311 5559
4858 1230
8359 4465
1968 1474
9821 3459
4757 1150
4594 5985
8130 8743
9890 9755
791 9071
7252 2823
8987 5232
2000 7083
2364 5504
186 6587
8847 4962
6878 784
58 7784
4538 1615
8321 891
3728 5317
5917 1656
1817 9459
7739 7332
7834 8161
6744 6379
8341 1385
4460 9232
5832 7844
622 4298
1938 8142
8286 4394
9996 1422
1988 1031
5300 6059
8802 8659
4671 8840
2283 8459
2320 1307
9627 6604
6243 2360
3664 9771
467 657
2357 4143
4458 6039
1712 7659
5111 6639
8802 1436
9456 8043
6989 8852
1174 7856
9080 5184
4729 7523
7498 5359
1270 800
6814 4503
963 1115
5566 6353
5247 6329
2472 6428
5012 6755
2289 7475
9679 8556
3052 807
2672 3839
9611 9297
8822 6078
1186 3136
3888 4448
5407 8908
3721 746
8042 3665
8435 7432
5134 9748
4306 5295
3484 2307
1839 4683
9867 5579
1309 9788
1156 8488
7608 5655
8938 2027
773 853
1262 752
4475 9388
5253 1283
2599 9628
4703 525
5030 3505
6608 5637
9431 9847
609 2841
3033 895
1697 9308
7916 9927
4797 5571
6202 5606
7615 2752
4963 125
2465 2906
2743 5286
9382 8120
2697 4075
1484 3538
2312 6378
9055 4432
7803 351
4772 4798
2495 9563
3509 701
9132 2611
9048 4574
9843 3164
5034 1068
8353 5692
7189 2901
7154 8053
9908 6079
6274 8667
3344 3457
1950 5174
564 9440
824 8004
7112 440
3024 4465
8838 8115
2675 2355
3888 5657
289 2718
320 2203
8096 211
505 3225
7764 6122
9020 8376
2019 681
5221 6649
6358 3588
5315 9608
9446 2710
1534 2724
3731 999
6681 6991
3693 144
4388 917
7318 4286
6451 8906
3702 3358
4806 6432
9457 1784
9426 1666
9512 7019
6671 6904
5383 3721
3017 1607
1675 8580
441 6660
4474 8727
8903 2822
1718 8350
2807 9014
2663 9826
5774 1484
6545 7698
8746 7981
752 9529
1882 1411
8411 3486
6406 8262
3005 4980
3843 2561
7372 4355
1523 3205
9509 1857
728 4444
6074 4873
7156 8400
8951 5251
6402 2170
3326 2212
7453 5513
8119 9112
3851 7002
1145 6820
9794 4818
9020 184
4670 4722
206 2485
4627 9747
2819 459
172 3339
6960 8758
4405 5441
6521 9721
2563 8171
1221 7089
7293 2
857 3036
7698 3038
625 1709
5717 4686
8082 559
7077 4246
8391 1064
9245 3718
1569 4684
3581 2593
5064 6831
3136 8151
6298 4568
4062 5035
7148 2375
6888 6479
5220 3447
6217 3637
9963 4326
5977 6591
5614 6451
7853 7845
2795 1625
6362 9857
2101 6972
8169 5584
2376 2420
177 5990
8972 943
1075 2788
7489 1831
2392 7528
8512 1604
2303 5987
388 5664
7590 8695
209 4234
519 5622
6531 2985
626 4346
7147 4589
8930 2934
2592 7336
7315 971
549 1950
9885 1946
7766 4508
3770 865
8235 7058
2929 3881
7170 9080
2495 8699
5415 5227
6925 2494
89 4778
7240 7614
6001 240
6919 6022
4928 1793
2967 1252
9184 383
2562 7008
5321 3956
9773 4357
3730 3153
7261 4039
2832 8230
9970 5662
3534 3032
5950 977
4126 5713
8379 9795
7064 3323
4009 6415
4004 8545
2224 9163
8895 38
1670 4394
2175 4760
2565 1843
5883 4267
277 5468
3857 447
3212 9415
8748 3512
6559 1207
7508 921
6934 1245
5490 4877
6921 160
1606 4493
7533 8386
386 9125
1029 6947
4689 1939
1148 156
906 8482
2980 3921
7838 6203
6711 49
8609 2633
4958 5477
4786 2144
6159 3759
579 7939
6016 6056
183 5501
4138 3860
8179 1150
9336 1304
9562 27
1509 4828
8652 558
6294 7447
2953 261
8394 8238
5381 4722
3164 3117
327 7651
765 9250
9562 5213
2592 9474
6036 2208
9428 2764
6434 6894
7249 737
385 8796
7928 2976
1411 3979
5466 1100
7497 8097
6435 3257
2228 5482
377 4725
5565 9065
6823 81
3981 8447
2371 2460
9860 9394
1660 1392
2132 5676
2576 5922
6653 6400
8226 7105
9781 2479
3774 4669
2616 1492
846 4399
4064 2518
3758 8880
3870 5371
4269 8247
6702 160
6142 6578
8023 1449
8412 7113
9464 6801
2811 936
5008 9268
4005 2641
7807 4105
8184 848
6200 6168
556 9875
2921 13
298 9822
7160 7460
1061 6821
8997 3816
3848 2650
8617 5047
3897 7817
1309 6973
2943 3505
3413 8560
785 6796
494 2616
8488 9411
1575 7628
9812 5640
6001 4938
9278 6584
8832 7250
9274 4390
7244 4541
3326 3171
9973 4019
6594 7661
2954 2340
2532 4689
4491 7928
8819 9686
6946 4427
3941 8574
1083 9383
8362 1157
8935 1465
1496 2971
1449 4349
1109 6158
520 3102
9986 5724
5864 5941
4281 214
2912 5631
6035 5596
4441 2579
6323 8455
6544 7170
7862 8000
8336 4684
1539 3886
2418 2240
3035 2282
2044 6213
7427 778
4736 5003
4856 8862
4947 7492
2986 3475
7559 1485
2307 101
1452 7387
4296 2400
4184 6642
4602 4360
4714 286
5592 8970
9303 5480
9622 5160
1063 3178
3078 9067
8027 9637
5690 4270
1404 9660
3529 829
1621 8213
5972 2532
9679 5215
8345 2769
4105 7586
3559 6786
5655 8632
8016 2382
4315 2798
5670 9776
1966 2159
4499 4319
9895 5646
4572 9740
7856 8254
4285 5800
5581 4286
7605 7087
2863 3195
4410 447
8346 8362
9924 8689
8526 1125
9803 9580
7696 5181
4519 959
1672 5503
8101 2321
1428 3897
5443 4755
1740 51
8075 1799
4078 1289
3085 5782
3097 6992
1735 727
7914 1860
6185 7773
2138 7059
7105 8983
1012 680
7037 9410
9945 4637
8494 9271
351 9510
3367 9344
5826 5087
8834 3724
9252 8819
8858 8382
1114 4036
3340 1093
5913 7011
4248 8928
9444 3879
3159 5682
6076 6379
277 1650
3312 1899
5549 79
7834 7572
9663 4500
2587 7600
8104 7732
2234 9003
3659 1521
5452 9161
9307 5235
712 2084
9588 647
2481 8451
773 3513
7036 40
6441 8722
452 8258
6584 8514
1846 8884
9555 4360
595 3509
854 5055
7807 4173
3777 9773
3239 5358
1621 2882
4257 1448
334 2907
1851 5557
6777 2116
2639 376
3894 7505
2196 1183
5940 53
8309 4914
8500 5658
7489 2288
3134 1400
5457 4475
589 9803
9417 7056
570 4405
4473 6867
2302 7833
201 5695
7258 6055
7268 189
5663 1422
2381 1073
2339 3742
2999 2876
9326 4226
7294 7307
9257 1530
358 834
6043 3796
6958 8225
7596 7873
1963 1498
2791 7836
2518 6492
5877 5664
2605 3940
3613 5245
3122 6222
8275 7847
6733 4148
2510 7876
64 4062
9516 2805
6877 5229
2982 3683
9416 7269
9467 8975
6536 1105
930 2513
4798 4491
5174 8496
4112 9562
3898 7362
2154 4595
30 8149
4907 7244
6551 3164
7957 8423
250 6361
2863 9535
8591 2848
8114 3565
3095 3428
4267 4707
29 5706
6364 1491
4827 123
6329 4499
4340 6503
776 1643
3428 9759
1965 4827
8881 2341
6367 1365
5957 2877
6089 743
914 4530
2710 3623
9801 3768
2764 4594
7165 802
2326 7949
6504 6491
9227 3168
9933 7392
2006 3377
802 7960
5773 500
334 1114
4316 2832
78 1546
1057 7316
2547 5229
9481 7559
7401 8874
1298 5735
9310 8206
8046 7429
7965 2211
2675 6133
7200 9049
7361 9038
4875 5207
8670 2518
30 8215
7580 5477
5079 1047
7111 1055
8484 2989
8600 5487
4783 5818
9915 6179
2387 8604
1564 6154
7751 6461
9909 9193
7609 8923
6371 6963
7543 9447
9437 5397
8419 7298
2021 9782
1186 7941
3739 8139
3780 9851
1432 7214
3315 7507
6070 4264
7051 2293
5500 3426
6248 4345
9657 9050
8958 3438
8929 3987
7378 4355
2066 7117
2016 8469
1024 6211
9035 6606
5402 7317
9569 5438
373 6325
3036 3855
2795 65
2357 7270
8177 597
5637 8386
1460 8438
7553 3548
6501 585
2221 5707
6063 7027
3385 5727
8557 2569
5439 3640
3191 5558
5113 4845
6439 2103
8297 8859
4758 5791
3610 633
1248 7363
7132 3423
7574 778
8142 4765
2368 1123
48 4716
4642 1005
6687 2107
3718 2779
3238 1974
3672 4690
3655 6644
1276 5499
1493 501
3603 9630
9239 6941
8122 5716
1276 3130
5572 9089
3835 6360
2349 1175
8148 324
7073 965
8116 4226
1648 7015
7833 6219
2892 8199
1502 4528
1504 3252
4330 8974
3954 7787
5697 3158
437 2329
6950 6397
219 752
4739 2313
4753 2585
2679 2179
2609 4758
6414 493
2934 3450
5327 8047
1071 2367
6347 77
4666 1428
3528 6997
10000 1759
829 1281
7581 5974
6408 6250
3327 554
2407 55
7236 4852
8709 8088
5821 8012
9010 623
7013 7995
6397 5133
5649 5705
9488 5104
4070 5389
1545 181
1118 1559
269 8789
5902 902
2561 3244
1013 4439
3757 2948
1070 3535
6945 3495
3864 2820
665 6083
1719 8440
4185 3023
831 2124
843 7600
5195 2415
1505 4758
992 2245
6518 5970
3476 6691
1957 8007
9342 7258
7126 163
8439 6571
7365 8405
7122 8184
4860 9096
161 9273
7479 7139
8646 7162
2287 3228
2603 8763
5860 436
4348 9576
1845 6741
8928 8405
2297 6052
3463 9807
1825 7097
2583 6442
9205 1194
5508 4330
4557 7181
4079 1954
2540 8822
8685 7333
883 1920
5363 2658
1753 2755
5660 748
1283 7160
8698 4474
9615 8854
7871 7106
8581 5938
1961 6201
6170 6945
9707 8388
4355 8961
4168 8777
7725 5161
4528 9468
3393 7370
4687 400
8903 8463
6380 7031
7447 4137
773 9350
5166 157
3755 1521
3531 3321
4347 77
2276 9466
3000 2031
6930 5731
652 7119
7223 4547
6193 2432
5431 6607
9385 8139
5066 1508
9412 9112
3083 1530
8426 4085
5776 475
981 8403
3117 2819
3376 26
6831 6624
4196 2835
7788 7519
6060 2825
852 4289
5571 9975
5482 12
8478 2551
830 7130
559 244
990 2774
666 9277
4518 9482
100 3352
7693 5834
7812 6671
6203 5402
6908 3045
7840 8240
8852 8723
39 3102
2905 9308
3686 1615
2675 2463
1562 8835
7333 9311
9015 4815
8985 6539
7538 4708
7383 4534
19 170
7686 8992
6774 3939
7198 7836
975 1010
9657 8341
7902 9454
2324 9793
8398 700
9190 8278
8107 6326
8775 7365
2429 7082
3143 2790
4270 3350
6807 9764
6250 8376
1911 3439
376 4744
2396 7260
4411 6352
7303 9970
3847 5914
5684 9460
3732 9808
5019 3070
9925 6721
3999 1936
6429 6982
7249 4683
4477 6951
1135 6061
6512 4201
7716 5588
3325 6444
4464 9681
252 3859
5220 1116
6225 1788
8231 9672
2136 2137
5369 406
5197 528
2920 1924
3270 9431
2878 1941
2174 6620
846 8885
4339 6874
6133 8843
4252 9369
5479 926
8930 7180
3843 683
1571 8864
1144 9052
9119 8899
4381 5957
2746 4462
5785 6536
3799 195
3735 4831
6866 9481
3891 3137
9795 3499
6245 8452
8413 9902
511 6995
7094 9647
1842 1607
1336 8838
9051 5143
5503 3415
6203 59
9315 1501
8269 689
4176 3455
5561 1674
9566 2085
938 7360
8251 1593
4959 9694
4623 8410
6700 6832
8552 5689
6300 966
9073 9528
964 9961
4537 2869
1024 4874
4435 9195
1464 853
1740 6145
4969 3064
8434 8948
1904 659
1445 7466
6250 4692
3986 5963
9675 7914
7507 482
176 6432
7124 9652
1309 4546
101 9733
2068 6957
9523 7599
2808 3718
9065 8145
1259 1037
5588 6979
8677 6705
7133 4415
6515 1341
5589 4573
6231 5211
2755 8286
3694 8581
6177 7181
5202 8231
9673 4017
6523 8042
2507 6768
6131 665
2254 6644
1070 6344
6463 7429
2043 5728
5119 7340
8217 9563
9350 5415
1239 156
8623 977
4605 3807
6277 2795
9443 7775
4928 5499
1679 1906
4947 1063
2067 5011
2595 8601
9023 8597
9193 5679
8749 9287
5478 9830
3454 4161
4987 2597
8579 9218
5759 8124
9134 3956
6062 4662
5970 4902
4243 745
3047 4547
7721 1889
7045 7274
643 6331
5314 3491
4873 534
2705 7770
3277 8621
2666 9234
8646 1571
4903 5293
4107 939
4927 7501
8444 4372
3785 5152
9710 977
8215 5434
9782 8416
6933 5850
6585 7547
9773 189
1698 5672
1924 1855
9573 9380
3675 1343
2393 3947
7341 9555
8914 7859
9336 6734
8649 1275
5267 3348
9638 1476
4246 1317
4333 6951
3371 9035
6161 6881
6818 4679
4976 6962
9806 8314
229 5033
4211 4226
129 3212
2115 3771
6333 771
1571 4599
1148 1171
7805 8934
531 5001
9455 3329
4460 6676
330 28
5657 1455
1814 3563
2635 9299
8099 6509
7799 3887
8809 7563
3311 8676
5236 9178
6063 8678
5301 142
142 2401
200 5610
5126 5361
7281 5779
2974 5834
1294 3712
3002 7235
1385 8467
6025 3922
8989 6679
8620 3748
2184 1479
8390 6781
2586 4352
7354 1553
752 4317
6513 2112
7370 6940
8758 1595
4228 717
2369 5024
7782 3009
1458 2236
4361 2539
7352 3806
3561 2954
9409 8447
4141 9190
9213 2964
6603 5776
2722 13
2286 3307
637 1297
2069 1481
8702 5292
7683 4392
8559 2563
951 9250
780 4106
6802 9164
8536 3217
5315 3967
7868 3409
5194 8522
1242 7412
4146 5081
4879 6862
2993 6800
1785 2301
845 3184
8635 2029
3477 5663
1860 2596
5279 5585
833 2740
5078 1422
8696 550
3874 1955
1898 1253
8868 1865
4224 7482
3860 4469
1083 1786
4324 7069
8243 4616
7344 5271
8428 9830
3908 6982
7681 6741
2358 2707
9119 656
7753 8136
6469 4421
5976 6778
2239 3363
5542 5929
1350 2732
7016 3110
6786 4073
3955 9109
3577 508
9459 7998
511 8371
1307 3224
2388 9775
1869 8939
2528 9678
3422 4317
547 1174
9710 546
8848 2434
6969 8329
9545 3454
7961 6154
5307 6779
8562 2350
3312 5752
1390 6653
6911 1140
2295 7053
4662 1714
6614 55
3951 9840
3961 8609
200 4268
4711 4209
5413 1338
9479 2564
3973 3341
8586 8622
5654 696
1119 7119
5661 5614
812 3588
9786 3719
1150 2367
8527 3132
6249 1028
5347 7774
5222 9690
2512 6424
4576 2608
3002 8574
4091 533
6834 6894
7401 7739
661 6991
3893 847
4211 7964
5379 469
5485 9975
6913 6549
3203 8994
4890 2653
2123 6886
4260 3554
3190 2603
988 3964
9988 4999
550 3241
9895 2170
8769 3712
6024 6122
6375 2405
8 4043
852 8787
8185 7998
5066 4464
3653 5205
3817 323
479 7245
8723 8737
2486 6981
9004 4791
4931 114
5050 6720
9660 1541
2674 5919
5694 7851
1198 7524
3273 9601
461 8473
4441 4157
6709 6456
9182 2809
6089 6842
3982 5934
9313 6705
6116 3345
2114 4116
1031 4039
6844 6377
8820 3002
3726 9706
8941 2276
9984 3277
7334 6981
2908 8533
744 1900
1757 1747
4116 3675
1360 4012
2114 9991
1 7065
4641 5188
2207 6948
1345 5619
4624 9763
2194 537
4818 2371
8410 4534
748 4698
9906 6748
883 9814
6338 1156
4295 8364
7289 8816
3988 1665
685 5749
5629 6356
8370 6481
4889 7439
7706 9084
4666 6824
3345 1386
9836 297
7539 8789
2324 1767
1820 5635
4363 5320
6753 8672
8187 9838
4496 4133
3680 4861
7099 943
672 194
6850 7221
1405 934
600 5795
614 655
9766 5940
3792 8435
8471 4640
4803 743
8067 5949
1587 9922
9211 4443
3367 1235
8108 1833
3409 5444
9505 4400
7970 6015
5850 4902
3226 932
4795 764
7700 8537
2778 4892
9723 7901
2785 5517
5684 7642
595 6313
6278 305
3146 2021
8030 4026
6847 4107
5882 9688
8685 7418
9454 4370
598 5442
8858 2005
8826 5191
2672 5390
1143 907
7311 9839
5742 1939
1061 8893
5723 1891
3374 5010
2227 7950
5304 206
5019 5962
1845 158
4015 2227
1920 9367
3273 9816
6158 1128
5898 3221
5843 2525
3551 6271
1519 9622
3122 332
4470 9752
2109 1324
7074 3734
7857 9032
9300 9364
1125 443
4783 5934
1928 5588
2570 6138
8838 3519
1766 8440
6285 2972
7052 7930
1609 4827
9116 3020
7263 618
8186 2349
6059 8570
1659 8466
5580 4586
8041 3166
1625 4649
1709 8800
8150 1412
6291 6281
1274 1911
2091 976
3792 1150
99 1324
2110 9433
2149 9418
8838 9469
1830 7103
3042 2532
6483 2235
6474 3890
4473 7352
7255 1825
3199 3127
1826 4127
8776 8425
9219 3877
3430 9573
1915 6187
9663 8160
5670 3933
2822 3095
8716 7609
1009 3859
3159 2373
9876 4793
9545 5514
9914 8249
9420 5501
7962 2424
1713 817
2522 1039
6827 2066
3811 5943
8157 7881
5583 1669
7099 154
5560 1410
3676 9081
2669 307
7382 1371
6982 7115
2377 9138
463 8394
8450 2159
3943 463
920 4394
4790 5126
8863 8897
9023 5348
9602 6301
2057 4543
9208 4632
7324 3184
9300 9299
3865 2489
4553 2728
1261 7328
3271 1659
7583 3113
9752 2683
5303 2192
5372 211
9057 3714
2129 8564
7891 5075
4047 4897
4199 8091
1971 7670
102 5732
8014 6193
3005 6258
633 5944
9379 76
8028 3467
6703 5732
2379 9659
7841 578
678 8981
5348 6755
1643 6232
8801 3212
6984 7426
5918 9136
6516 9021
5556 4162
7076 7869
6530 898
6052 704
3293 9278
4293 765
6086 7190
7289 2049
4254 830
3415 2164
3766 5904
874 2519
1993 762
3090 1911
829 8038
1252 8796
8235 1161
3079 490
7802 213
3214 2491
6167 9371
5013 3447
7189 9946
6976 6129
2117 5888
9384 2879
7243 712
6269 4869
4130 6139
6954 9514
3352 73
4976 6702
2545 6660
270 2711
1538 6337
5596 8081
478 1696
7718 5869
9548 5795
3586 1491
5587 7347
6054 1195
7650 489
7004 3652
5413 3755
3917 8679
1962 8903
8479 589
1164 651
9452 780
4833 9491
9362 4569
8830 3397
2685 1592
3392 9638
9010 8978
971 23
5666 5228
1844 4365
5702 5735
2820 7347
833 5132
3831 470
7333 7777
6254 8152
7587 2675
6614 4826
1133 1208
3628 6734
7091 4288
4457 153
4374 246
2945 6039
518 5142
8462 9953
771 6948
4642 2672
5821 4289
7103 8509
973 7831
6300 1286
5231 8824
7491 3405
9597 898
6079 4087
4261 7330
1196 7434
9192 1165
4387 3911
9411 9552
4238 1189
8002 4053
7056 216
576 8389
8944 3521
9057 8806
8851 6700
7190 7729
6287 9756
5225 1817
2915 2751
2371 6933
2291 6329
8068 5384
2558 8178
7227 8582
7886 9416
6103 7369
2093 6336
1820 6509
8226 5444
4561 3610
1078 7910
5048 7671
727 8110
1884 1773
2029 2694
6881 3264
4683 4443
5475 2352
3545 5908
8140 6015
5710 3080
9644 2907
3209 9316
619 8089
6040 3140
3913 6629
5736 8284
3407 7182
1204 1235
1242 9263
9338 3120
2345 6988
6530 9632
269 6494
6541 4045
921 9241
3422 8234
1296 9960
7004 5658
6424 4106
6910 9581
1496 8809
4748 7726
9946 5233
2324 9352
499 3367
801 8334
1247 8016
1706 4936
8655 6009
8408 2524
1297 7426
2663 393
8711 7241
2917 9708
6963 4540
3270 4114
3492 5786
287 6516
5625 1623
2593 2474
4738 5055
3765 5811
4173 4047
6692 2069
4980 4252
7628 1537
5223 3224
5229 6452
5307 4494
9749 6521
4446 8252
484 3486
9004 5461
654 8895
7824 5805
795 9619
1898 9195
67 5153
6038 8063
6826 1497
2770 1793
4428 4418
4201 2945
1934 4657
9910 1476
7421 5350
7820 2320
6503 3277
1997 6823
9938 1284
859 9156
4350 566
5512 2312
8938 5147
6843 821
4637 7681
9876 8895
1657 4086
3692 1278
8763 299
4190 8935
1195 2891
7461 7290
5557 3319
5141 179
2126 1176
9782 498
3703 5072
6973 7338
8307 3041
2468 7288
6847 901
7798 4545
3865 7535
9082 414
1547 7388
1308 7095
8248 2198
2776 2486
5648 2605
2876 2940
3997 8756
7940 9579
2391 883
3908 9843
4242 6039
4699 9343
1576 2199
8126 9996
9061 2792
7610 1994
4129 7956
6192 7492
4040 1151
6230 3901
5811 2607
7826 7022
7099 3122
8401 3736
9127 766
2106 307
8752 942
5287 1225
4477 3470
8997 855
8787 8842
6939 5666
5843 8315
7233 5795
7287 9553
1788 4597
6930 6471
6401 7741
229 5924
8067 1428
9290 651
6972 1105
3609 3576
5094 2648
5917 9057
7942 6611
6975 1038
9306 4473
4661 2950
3284 7860
9775 652
7481 7899
1519 2129
9923 7340
917 3795
4151 2985
9385 1342
9711 8222
6775 2620
8502 8077
785 7901
6535 7677
3790 5099
5298 7485
8065 1726
9099 3753
3532 3479
2220 5494
5471 3671
7341 9784
7629 1957
791 9106
4240 7773
7681 6230
5701 9042
6818 9400
2109 8360
8525 6023
5166 9459
8081 6656
8871 6271
2347 9684
7375 7133
337 1864
7200 7353
7037 4054
4170 9454
6434 20
2725 9664
2171 1271
1326 2063
4723 9920
1660 2216
539 3073
2906 9368
5179 5811
8890 4879
6233 7404
5797 9977
5735 9225
8111 8483
7961 335
824 6375
7864 8616
5527 2555
5252 8118
4948 5104
6571 6236
9353 9304
8242 5848
1346 9310
5151 1790
7841 7985
4271 6869
395 5644
2864 127
8816 2508
3685 8969
8241 2828
3684 9470
3974 5998
5858 6760
5185 4553
1087 9137
767 5473
6548 797
4955 4791
4558 5912
624 9608
195 3658
1338 2947
6973 1764
7741 6658
9079 1746
1584 3297
708 5440
852 3866
701 3219
7346 3266
6212 4819
582 1282
8821 9495
9550 7976
5424 6589
5570 2981
3531 1290
3434 341
9192 7162
5778 8456
8705 8283
9686 8326
5228 2635
6088 4445
6310 4369
8830 7461
2785 8035
472 8962
3862 6264
8463 6547
857 9875
7222 9911
9085 8644
9290 2440
2302 4013
8413 292
8327 7851
6685 9537
7214 1213
1744 1548
6164 2260
5373 8486
8729 876
7381 788
3972 1213
4547 7869
9596 4694
8703 7043
1813 6232
8144 6211
5149 5743
6023 4971
9398 1654
7716 8971
5417 2689
7556 516
2471 2885
8240 5810
861 8055
1001 7557
8802 9517
1789 6401
9564 8208
8852 9931
634 5214
7062 6114
9734 5578
5934 2560
1394 3184
7690 3444
8813 6334
9502 4615
4459 9776
6133 6238
736 1412
7866 9898
5228 2735
6887 2702
23 8620
7909 808
6100 3819
314 6276
8 5219
5435 4869
9790 6315
2160 6160
6802 4441
922 1378
2002 8947
9736 5511
5197 3646
1385 8854
2351 7471
5068 468
8039 6940
9023 4212
4085 2129
1943 4771
9445 3937
1885 9296
6021 5129
9222 6828
7042 5820
4801 2884
2815 8642
2492 7031
8029 3758
5022 7124
4546 2736
5065 1763
341 4491
5605 3381
5813 7069
864 8812
739 1484
2794 2300
4826 1155
8610 2541
8600 3582
4464 3980
259 559
2838 3889
2889 8386
7478 4254
6450 5996
8677 1525
486 5336
2696 2780
8335 3191
7746 8417
6959 9114
9573 9487
6288 4480
2222 2819
6595 5052
4610 5648
1563 8735
8674 8885
4555 559
6377 8683
5094 4825
9895 5754
4380 2740
1029 1924
1690 5542
4431 2382
8035 2217
1905 2153
1642 8109
3972 9520
6602 9984
5203 8964
1274 1794
3659 5273
7466 7785
2318 3423
3732 5717
304 4469
9238 9619
9796 4944
3667 8797
5378 8307
9732 7806
9795 8224
3500 9396
7252 4082
1541 1330
6188 8237
3067 6276
9684 4178
7702 2053
9015 9615
9324 1992
1083 7050
5960 508
2553 8772
8652 7275
3615 8054
9318 21
2380 11
5443 8573
5718 2510
7424 1576
7545 2591
3275 5665
265 4016
9322 2188
5059 5238
3096 2681
6015 9008
7702 438
6271 3005
2943 9531
3796 9196
7286 2726
1791 5845
3550 2923
5747 4875
358 3855
4129 7938
6472 7072
6004 2025
7781 9083
3279 1296
2019 4975
2624 9358
2615 8480
6602 2917
4610 7922
6986 4861
4552 6695
7621 4028
9970 2939
9276 419
2309 3800
5496 8294
1889 3650
6690 469
4540 2739
1901 1701
9167 3778
1446 8929
3803 4416
5472 729
8743 9869
2403 9442
4700 6198
3574 6883
6809 1061
6540 4219
8392 7319
9041 9078
4202 4374
2779 4345
8190 5531
2529 6145
2342 5545
3332 8366
9345 6141
5444 1651
8438 2447
9498 3489
8936 3816
7620 4529
4469 5234
7344 2247
9469 1545
4000 4702
5055 3668
6722 4394
2526 8802
3457 1352
1609 6096
6214 3237
4766 2083
1593 1790
9544 301
8076 6304
8411 4147
1397 258
861 2431
3903 2048
7909 3746
8401 8889
6698 2786
1069 7105
4161 34
6911 1170
6206 7911
3877 5020
9944 9040
2995 2135
1242 7334
8936 3564
6075 8835
1338 4913
5536 5726
7195 2969
88 1877
9773 4167
3075 6580
7017 670
2604 5605
5213 6401
6646 8161
2468 7649
7008 9103
8356 5952
736 6954
1958 9280
3987 1863
345 9612
8802 8611
7523 7857
223 8356
575 9451
7801 7218
2130 1722
7526 6149
2489 6362
5481 4507
7147 1385
8378 281
7021 9594
859 8155
1980 4322
574 9915
9266 8149
1643 5306
8002 2844
5917 6721
2364 9374
1548 8628
4778 6771
4680 8367
323 5763
9541 5488
557 8991
4715 7531
5222 512
1941 41
1713 1587
4771 3027
5366 3596
8033 2573
1525 6953
7511 5389
2402 1381
2386 1355
5175 5320
7427 2420
8337 980
1709 6599
2404 3074
7411 1378
791 9501
5362 9945
6987 8065
7044 2106
5825 7519
1165 5124
6883 7638
9251 7754
3660 6165
6349 6583
6703 242
669 6895
6220 5918
7563 2975
3124 4130
4122 846
3257 9757
4070 3214
4198 3132
2320 6156
6340 9642
3883 1774
720 765
1507 2145
4779 8520
1460 3307
8006 8634
6410 7577
5295 2832
6766 7062
242 4011
1202 9414
2915 6085
2653 6992
6943 7565
7999 7569
301 776
3793 4499
3318 3444
1464 3231
6127 2118
4839 2838
4523 6556
7734 8721
7992 3437
6642 1411
8123 2895
6318 2998
6036 6529
1864 2726
1096 5748
2416 1137
3160 1928
344 1222
5753 7447
2749 3580
551 4187
3420 2869
3041 6206
6445 8264
8930 2659
1293 5286
1243 5903
5319 1911
6037 9326
1538 7398
2421 9785
3070 7998
7317 5837
3878 2688
4803 819
5686 399
2586 6222
8616 6338
6864 4441
8508 5576
5428 1000
3745 7881
826 7972
1910 8841
1705 4093
5571 7211
6081 344
4439 4348
6507 7058
2696 963
1126 1283
3573 7035
7306 7542
9272 11
3540 2925
4995 2151
746 7152
3487 6639
740 2930
7132 8634
3633 7901
4294 2871
177 3913
4608 54
559 4647
5917 40
3105 5964
6688 179
8548 7646
5771 3731
4904 9749
8013 1941
3313 8759
5750 4952
3179 4983
5827 2945
5262 1099
4374 7442
9918 5787
7443 3796
5100 8128
2878 237
2727 8400
9218 9814
5937 1299
6195 1735
3261 5384
6532 1046
1418 4057
3835 1654
2228 9863
919 3114
3819 4825
7290 9688
9059 1370
2867 2952
6235 5442
9276 8288
9946 2853
2448 184
5052 1988
2685 5763
2426 8182
6963 8827
573 6844
4566 9636
9247 701
2906 5056
9014 59
3493 4703
8562 2647
4600 3964
2715 8326
1386 925
9226 858
1381 5416
4901 9264
6662 999
5719 9860
6932 8644
7498 1980
9234 2877
9967 94
6438 551
738 2733
5537 1352
4647 7162
3088 8603
3604 1595
1956 4782
9121 54
4276 1468
8573 4450
8817 8132
7356 3249
3629 8660
9278 4229
5808 6450
1653 2247
3235 6229
6795 8795
897 9379
3491 725
2860 902
8269 5509
9201 9450
8821 4923
9749 8370
7192 8674
1234 4126
7929 4153
407 1210
2644 2843
4130 6048
3295 7835
683 6485
2956 8667
9590 6110
4310 4200
9563 3188
3719 9428
1289 724
6549 8879
9372 9461
9220 7399
1740 6788
2123 9199
8033 7998
394 6759
4217 3241
4965 4715
5278 5127
4128 3070
129 2861
9096 4741
1799 628
2482 220
8127 2508
9214 9928
7000 1112
8406 9693
4696 7691
5837 8968
7942 9080
5335 4568
320 7850
7364 3869
9136 554
3252 9998
6116 103
1824 1670
3700 61
4056 4873
1205 5865
136 2270
7333 39
7329 2116
3041 5008
33 7072
4785 2308
8497 4631
1802 5418
8281 7058
7454 9634
9989 9066
8901 8963
7939 3804
7590 4188
7813 6327
1728 5391
5520 3976
4747 9945
2867 399
2535 5976
5515 1442
4615 2601
7452 7830
1903 148
4604 3777
8460 9057
5264 8775
6332 7392
3090 8945
2117 7331
8565 6971
497 8628
2139 9930
1796 6793
1601 4646
693 793
956 8925
9162 314
8537 7078
2647 6365
141 8104
839 6310
2442 9273
309 74
8223 3373
4634 8616
2971 7184
138 1474
5418 4395
4426 7541
4899 4114
9211 2307
8818 4873
3833 3540
9491 3476
2172 8701
8283 7453
3900 5588
2721 3377
861 6870
9395 7612
8015 1647
5325 8093
4452 4200
8002 8469
124 2028
6289 282
6200 6523
9540 9619
5765 9507
8981 2049
7304 5840
1762 5399
3650 7689
7307 1996
2868 4637
3664 3186
5716 9886
5352 2542
5529 1223
4702 919
8114 9577
7263 1994
4808 394
9576 5612
7944 6525
6830 9494
3601 5080
6956 2726
1944 7437
9153 1483
4691 6098
8174 1259
5279 7733
8246 3846
3974 34
7572 7934
979 6467
2338 5521
1943 5159
2365 7264
3195 3474
5264 3078
2013 22
5687 5925
1301 3620
2912 3612
9478 1478
6394 3382
5081 721
5011 8818
8427 8482
8369 7723
8139 4043
2342 8597
3096 9025
9832 3380
5370 7733
9402 7051
6887 2166
147 7574
7138 2253
9811 8798
7884 4377
4240 7244
1917 8628
9485 2518
3712 3113
8804 1360
2863 2830
6246 5894
151 460
7748 9538
5258 6053
1187 3147
8251 3522
1217 4906
8196 256
5394 6617
647 7908
2655 4291
4774 4956
1793 9634
8792 8521
2672 4429
6288 3549
5303 2718
6537 6743
5986 1867
4905 9998
3320 2701
3425 2445
8918 7434
6817 2338
2195 3812
4711 4476
2142 3628
20 7573
2863 7180
3589 5416
1436 3219
5048 6886
1108 2299
7006 5352
2705 3459
3435 9447
9044 4153
4684 2347
6059 9393
1713 8789
7184 3953
3785 4966
5028 2603
245 9312
27 4166
4394 2000
2323 7080
5583 1767
7734 54
5745 9113
4377 9071
7058 9626
2996 6552
3012 5518
4920 8631
9358 6536
7832 5544
1401 8988
4548 2549
328 1476
5097 5840
1364 7524
8807 101
2303 298
8033 1745
3214 1599
5561 6481
4567 5883
1571 9501
1692 2005
1471 1990
5149 9581
1135 5886
3915 5941
4901 1674
7212 5123
8901 6977
7538 4031
5156 7775
4862 8699
9499 9547
7614 3525
7344 251
1683 8300
4467 1819
3028 4849
7716 2316
5417 8476
9072 1653
9476 3463
289 4610
2686 9640
9495 1474
4431 2356
6887 7150
831 907
7977 7032
4748 1729
6424 5066
3660 7368
2567 4828
5229 4376
1953 5099
7735 2142
3764 6805
5539 383
2690 2344
2304 4767
5185 5053
4845 9973
4920 9378
6008 8808
5080 4656
7424 2621
756 4737
8333 9747
8360 1117
8976 9293
4191 4999
687 376
7626 4570
8995 3075
9754 6342
8488 5781
9517 4781
4136 4459
6792 2907
2524 4305
8237 4446
2483 4196
4542 6424
1045 8272
7758 7776
9673 5905
2887 6936
8718 4844
4941 1307
3168 3591
6749 490
9502 962
7660 6247
1180 9758
742 9555
6216 6984
621 2963
1310 1606
7727 3552
6638 5292
5646 4015
8593 3571
7963 5228
5691 3587
7733 1702
322 7553
7332 1326
9525 7333
7100 5267
766 180
1767 870
4345 3828
90 6292
1437 1601
5368 7847
8977 7583
2285 5949
3797 3064
6872 6771
9257 8832
6312 5795
1105 9994
5661 416
2830 7175
5264 7830
1853 9839
2342 1558
7649 4731
9442 6893
9030 3990
9594 4830
4676 8154
257 2208
5204 3085
514 2020
3024 437
1876 3898
1470 6923
716 1778
2083 137
9358 5969
92 7551
8372 8121
9439 5166
6784 4804
353 7430
177 7383
1262 1457
8488 1989
3344 4911
5951 2987
4945 4010
1526 7979
8634 6264
6427 2812
5852 1640
3093 9765
4761 5894
4896 4721
8167 6532
8483 5620
8383 9380
243 3777
8036 8066
2901 5713
4060 9934
7233 6402
9433 5462
6953 5616
8314 1866
7832 8355
4548 5039
5597 8684
8605 185
4364 3683
9503 9925
3435 982
1294 2287
5267 4837
8235 9012
2811 2903
1326 4977
7174 8545
8503 6261
7866 7983
7818 2627
1757 1288
5821 3248
6805 6491
7649 1620
2655 9845
2884 4993
7865 5849
4714 3333
1319 9944
5014 8375
7076 7223
6475 5788
3833 8411
1702 7490
1730 2186
5814 3893
8777 1903
9661 9276
2425 8599
7426 8378
1365 1843
984 4349
4620 9992
8181 6651
8226 9510
2681 3455
7928 716
5890 5307
936 9845
936 5096
8355 5390
226 4889
2418 4530
8475 17
1079 5143
3147 2643
8127 4347
1035 7269
4209 4910
9410 6689
9414 7085
4823 2270
5745 5939
6866 3173
5728 5547
2075 9027
2765 3802
3527 341
2364 2678
7656 2364
9022 4630
8207 3809
4794 4220
9691 4425
7683 8059
9762 8178
5318 1631
4765 4196
5148 4869
6884 7197
215 8852
8188 8947
142 9326
6533 6162
8350 9519
7295 6344
4757 9462
4507 295
3551 8720
6931 4356
111 2366
2802 2077
9759 5645
4211 5070
720 7758
9252 671
2384 2900
1330 5212
1919 4995
7172 8617
3264 1252
2066 3413
331 6985
1021 5686
3168 5044
5117 9275
9841 6847
3849 7026
2908 6625
2181 8847
5155 4416
5202 8912
1908 2073
6678 1120
7341 4399
2684 60
6491 3391
2000 4898
224 5257
9104 2879
2283 6988
2249 7038
6350 5124
2435 8425
8686 7120
4106 153
3668 879
7479 6319
9569 468
2972 1447
2351 7672
8021 9214
7891 2138
8878 9227
1768 6035
5782 9960
1644 5078
5933 2942
6241 33
7403 2545
2030 2044
8251 4338
154 3854
9145 5794
3768 284
8115 6599
5679 5547
7898 2536
772 4687
4498 2367
1517 7458
1022 7142
4424 4342
5634 4851
5472 9708
7728 210
5228 2588
5807 2643
5955 7357
5719 7710
8006 7055
2018 9976
5969 1638
6081 7748
9812 5679
2412 1309
9775 519
7700 9929
3910 625
4199 8911
4197 6931
360 8809
3137 6994
145 4155
2710 2413
4309 5539
2973 4617
1696 2435
9566 2145
558 8123
3967 8408
4121 8810
5175 8600
2623 9605
423 8707
3213 2619
2752 2138
4957 9629
3792 2748
1728 6946
4191 2211
9054 6316
1754 6903
3236 2699
8065 2809
7720 2186
4323 3569
862 1775
3966 5931
782 7740
170 5506
3505 8295
3636 2188
2721 4029
2738 9058
9019 3219
4177 6740
6454 6829
9515 5204
2281 3609
5484 6764
9184 8588
2631 6027
912 7866
7354 920
5977 9998
6778 2496
4261 1751
7126 6505
6203 3374
9338 9626
447 6315
1860 3111
5693 8655
7111 9624
5240 27
940 5700
9575 5681
4255 8259
7394 3953
3013 1608
2198 6680
1887 3440
6377 4797
7032 1495
2529 320
4410 5992
2702 3835
7936 8504
4268 158
5678 4486
8770 2194
8151 3137
774 5612
1112 7135
5903 5335
4284 1426
7964 3690
4413 246
2352 1118
8783 1788
7981 5312
3084 4355
2942 8013
819 1949
9099 7976
5898 4355
6898 9324
2430 3930
8594 3722
594 7289
4503 8888
8634 1409
986 9145
9123 6496
8952 1703
4728 2832
3598 5382
4 1572
8890 2020
4015 1094
6508 3638
6848 3881
9880 5772
138 6380
8475 5085
1147 9893
6967 2490
1783 5602
4507 2858
784 4967
3340 3867
7698 4499
5639 3131
3815 3204
7483 7233
7840 3721
2188 3089
4413 4530
1717 361
210 4078
9948 3346
6793 23
9858 3300
7749 9593
5391 3345
755 8514
3822 2936
1454 5779
8941 3514
2226 6370
4101 6540
9197 4544
496 3992
5065 683
7031 6016
6229 6119
1330 4710
7540 6876
6726 9937
4343 4799
3106 2498
1278 4173
2254 4984
9368 2955
3011 4678
4678 4187
686 1666
224 1150
372 5705
8713 9581
7044 2830
3168 5665
527 505
7730 4999
7309 1067
1649 811
8713 5612
5268 6942
32 6302
6559 2010
76 5334
4553 8264
5700 5648
4683 906
2680 6694
6519 4974
7320 5996
7555 8421
3852 4948
2582 2927
5104 5212
7295 9703
3494 1429
3957 8180
7434 6124
5132 8821
5013 3332
7309 9232
234 6083
7818 6709
5025 1582
6923 5708
1162 8230
4487 1186
7082 5562
4726 349
7907 3808
8178 6982
7033 4598
9764 7095
4618 9778
3386 4307
8328 2942
3176 9556
2440 8754
9237 4163
8960 6642
5513 3383
9839 8703
6336 6303
1648 4422
1236 9115
4219 8629
9414 6160
6777 2745
652 491
4845 2664
2729 6368
3822 7361
4660 5196
5354 2954
1830 4665
5040 1833
696 8151
9353 9233
5334 1618
1749 1729
2597 7475
1640 7327
5765 91
659 7761
5597 9297
9755 1731
3019 2711
9779 1584
9994 408
2235 5119
4084 9438
1503 3555
2903 7208
7728 8501
8671 5657
8955 4521
6527 5929
5200 719
9856 7227
9288 6446
5283 6718
8270 6610
4184 4574
6843 3273
1925 5064
6309 6053
2923 7637
5612 7691
6836 5957
2075 3434
2767 7631
9694 9707
1816 4256
1487 4365
9302 7432
4415 8120
7313 3069
2693 5588
5838 1183
7331 7046
9009 5016
2988 2200
3678 2253
9480 4698
3707 2936
6939 1066
3049 3606
7609 8184
8053 238
201 5850
9132 9970
386 3049
4261 8307
40 1278
8568 3166
4780 958
5337 2153
4992 1284
5021 8133
2658 5960
4943 1190
2885 3151
5028 2086
820 1313
8510 8299
5683 8054
5717 459
9986 9070
1203 8242
7489 9778
1037 1883
2549 8258
5025 6050
2183 5857
8554 9839
761 6
5054 4757
5337 3005
9227 8535
2769 3072
5357 1399
6961 1661
7284 9225
7885 9035
629 4449
9183 7170
5405 5342
6272 4908
890 553
5393 603
7819 3621
8136 5681
1844 6688
8319 4540
8531 1908
907 9627
2881 2666
2028 8721
620 1938
9592 5995
3384 3965
6701 8366
3219 5360
889 6567
3933 1869
8086 6070
581 8452
9102 1848
7060 5952
2379 8734
7065 9314
4323 4542
968 1392
6578 9838
3845 2243
6029 882
8241 2211
4491 4012
7491 8808
1339 9090
5427 9909
7456 1454
2264 4497
2476 4305
9510 4292
3300 5126
4503 4165
4362 5953
570 8794
1526 4183
9461 8016
4720 3573
9636 9702
5412 2826
4940 8228
278 2910
4326 7467
6510 8944
4015 8419
6463 1635
2981 752
6588 5581
2461 12
5435 7405
1171 4710
3967 7138
4464 1887
9370 5263
4928 9952
5207 8533
9409 6991
7762 7636
5375 7532
5662 3934
3057 8333
405 6069
2823 7202
2897 9960
1837 1627
1738 6114
805 6182
3324 6669
833 1654
1413 5002
8531 1551
1855 7956
2013 5339
3805 5135
1595 5633
4016 2874
4746 5584
3415 9754
763 4255
3370 1164
3494 6496
3574 4882
6952 8745
1465 1035
7984 6260
1536 4771
262 2379
5116 7077
8667 3991
6347 8442
4727 1788
7811 5172
3486 869
3131 7812
2825 7475
1668 7159
7395 9233
3547 8197
4915 2180
9579 7302
5669 2049
7131 6862
417 9358
5119 2742
9908 8498
472 4592
4729 1660
4054 5443
8405 9660
7764 267
6397 9337
5501 7304
958 8124
1449 9741
6905 9409
1002 7106
1264 436
5168 9146
7006 4917
5352 5355
3382 8408
9365 1549
8163 1895
1224 9202
5423 1669
3923 85
6794 7905
3223 1810
2605 6488
7163 608
7774 5512
7420 2634
1060 8394
7602 5474
3154 9340
1000 3730
5124 8588
7861 7050
825 376
1960 4913
9128 5973
8842 2153
4931 6638
5390 8162
5571 7952
8738 1067
4520 5207
4000 3184
7399 4816
1525 5878
7389 7872
8554 2782
5779 4051
8440 856
6966 7413
4749 6320
7011 5887
4402 1304
6353 8957
7893 4341
2676 3268
813 8868
1987 7014
6203 1871
27 6139
9013 3876
2656 1301
1762 5721
3468 9909
3558 1226
2790 834
4821 7569
6543 6529
9408 8517
284 217
9100 8375
912 1118
4320 7828
8769 726
9534 2117
2511 7476
7718 6160
6794 8723
443 5825
2511 6957
4 6396
4274 3799
6069 6436
6505 2170
1556 4450
1267 3132
1296 4411
6656 7354
1623 6512
7141 8579
4707 4966
1037 6
1769 7494
798 669
8744 2548
8465 5162
1455 5437
1194 9100
9552 4952
3060 545
8830 4140
828 2351
2163 2453
2239 5053
4363 5020
8267 3124
1872 7779
2891 2318
4351 5261
3469 611
5351 8531
8573 7252
4918 2321
1491 3564
4618 6288
3628 8072
1459 7416
7274 794
377 458
9126 424
8546 4521
6080 5903
9555 6379
7344 973
3446 3950
9036 1448
2769 5924
475 2534
750 626
5033 4139
574 9392
5447 8964
4761 7372
2137 7993
7992 69
6031 916
537 5224
2952 3368
1416 5086
1203 8037
8276 8924
7538 582
5918 2142
49 6189
6756 5211
7557 4118
1221 8348
3520 2328
3174 8323
8472 8145
1595 4844
6366 611
6848 4155
8426 4676
72 2532
6882 4528
6443 2920
1321 5573
5704 8236
4834 8334
6177 1764
7863 7530
1831 6617
9100 7657
3431 9702
8388 8737
9994 5178
9299 9880
3491 4871
2720 9563
9298 3130
7771 9371
5264 9722
5851 4456
5041 3630
1444 1125
8035 973
1941 4559
3815 3989
3202 5998
5079 4026
9724 5580
4072 2116
4314 2966
7792 194
867 4539
382 5246
5016 9340
4343 7286
9962 2248
7266 6397
6230 1311
8062 7558
1092 3880
159 3656
8962 7276
3134 2595
7503 9311
5378 9190
4846 1728
9312 8760
9429 9217
7048 7542
4384 8376
2168 3777
5762 4386
3119 9667
9131 1504
8326 3530
9999 59
6299 7559
6901 6231
4026 2298
4576 8328
3676 518
8106 4856
4740 8403
452 1020
4319 1916
9059 3967
3522 7110
7082 8617
9459 3811
1981 7135
2386 2045
9381 7800
5106 1954
7253 2329
1960 3812
4186 2296
8583 722
2204 7853
7894 8714
1693 1663
8993 6080
6391 1450
5287 7174
5002 1189
6894 2559
9724 4083
6890 9460
1356 7099
8251 1727
2692 8179
5882 1947
3147 7120
6465 6419
1877 7679
5049 4888
6110 5922
8273 4486
3556 4220
179 7318
245 2707
3456 4651
9380 789
892 4696
577 9108
9584 814
7377 1530
1724 8700
3686 8946
9623 7455
8461 9294
9689 8528
7886 783
6014 9201
2516 9482
670 6087
5954 8996
8424 7767
3964 4287
905 9745
6838 8936
5842 4867
5644 5022
1568 6340
1760 3003
1479 4436
2794 1308
8492 3906
9337 5427
7869 8930
6637 5454
4661 5788
6331 1655
441 8553
1955 468
7945 7493
5590 3554
6377 2332
4090 3232
2674 1116
1739 8626
6560 3042
6718 147
697 7840
816 1580
6152 9708
601 2932
6055 9976
4586 2332
2513 7649
7699 9762
3239 319
8860 9513
2338 6140
404 6292
2860 7768
1677 8309
1888 6541
1269 1331
4320 7911
2991 6001
3894 8974
3614 5834
5924 2491
6826 5422
3359 9151
5831 9637
7567 6831
2380 2860
1966 3928
8212 7885
2479 7703
1145 3694
1580 5475
1577 448
1961 9328
4644 8920
9576 8732
865 7776
5108 3008
5773 5776
3751 1088
2750 7822
4278 9781
999 1092
4919 3776
5256 165
3920 6464
6396 5578
5361 227
8301 8369
8419 6006
8984 5250
60 1961
4603 6108
5279 6951
9835 9896
3741 8655
5427 5170
562 2608
3961 8579
9267 1933
2221 3248
2013 5013
7122 4668
3969 4293
8773 8762
493 9132
9917 6843
3283 3738
6764 1051
4738 4319
5221 2281
8882 1002
2070 4788
3457 3890
6424 7583
7876 5437
3076 7410
2579 4782
7952 5267
7476 9459
4929 8370
8656 227
5793 7748
8240 9537
6744 9987
9356 6971
9124 3311
3312 769
4850 9541
8498 6380
26 3753
2678 9034
6649 1953
9871 6017
6855 4178
4927 7360
7964 2324
5209 2873
4982 4657
5702 7271
3643 9318
6373 4296
5462 4950
3564 4422
701 8894
1127 6745
8738 9500
9448 9189
902 7920
6141 2116
435 833
6164 1559
453 2412
9156 7255
1815 3211
1375 4142
5351 7766
5192 2650
6993 7473
4454 1654
8779 8432
2519 6993
7419 7221
4620 859
2562 9829
1361 5041
8701 1400
6371 6716
2742 7131
6451 4459
6661 3045
4691 6779
401 6382
3336 4250
4133 7931
9140 152
3518 8121
3248 7977
5523 2956
4656 7743
442 8867
9285 9695
1856 6870
8639 9256
7930 6819
1925 3032
3728 5835
1380 4694
8934 9880
4722 6266
4214 9710
3611 8090
8879 7661
3284 2706
5994 3862
1162 9118
7193 3229
1456 8324
6781 4123
9735 2896
7462 4194
4691 1913
484 3907
5439 5305
6567 6339
3939 2531
1996 2007
5312 3934
8531 2275
2095 8648
5114 8103
7078 1838
6433 5877
2136 886
634 8643
2180 6252
758 285
9581 5574
8552 4113
2212 5471
6710 2124
6323 7639
3202 8769
6675 9601
4720 9888
3813 147
4935 9470
9620 8015
1665 9218
199 2559
6174 8866
7552 8487
8271 3096
9240 4491
976 1482
566 1076
1776 4419
720 4063
9058 9189
4684 5951
2536 4483
5570 7963
6050 9587
6391 4142
3318 8106
6788 9345
5065 3345
7352 3656
8708 9723
3741 95
1896 5662
9928 9458
5906 1491
640 6214
8874 4356
6774 6429
3281 9826
4046 5223
6985 3535
9179 3020
1526 9187
7877 192
1894 4173
6823 4109
5052 6490
5725 7453
5494 2164
9345 5754
4156 5998
9014 986
3632 8336
8914 2481
1888 6926
4874 9217
4370 9433
8988 9839
414 815
9132 8620
3700 5180
5974 6572
9894 4767
1514 1531
3558 1793
1874 2998
1715 2448
7692 8690
2449 3762
104 7257
9636 8266
1005 968
6483 8653
8773 8234
7057 2023
63 1382
9864 5416
6346 7750
7866 9299
39 4836
8879 2275
6803 1502
1896 9787
3286 4280
417 7330
1689 8110
2620 1701
736 997
9093 4278
4511 1658
875 6370
8513 963
8266 2053
9372 86
4796 6325
1381 5092
2468 3824
2098 7964
2543 9665
2743 6158
638 9612
4265 2073
3345 987
4744 2609
377 8434
8087 1988
1871 258
3528 2839
748 4139
7503 6092
9924 3464
8440 16
7905 9016
3872 6606
285 6871
1485 4724
7166 5700
2290 8520
4490 8245
4838 3399
9313 6003
7080 9761
1470 2714
6550 5269
9864 1866
9767 4495
2137 4287
9949 3925
8049 8007
6228 945
6009 2425
4397 7159
7385 5775
6206 6765
7491 5430
5843 6585
9949 153
4591 1818
5819 794
2033 5763
1831 2309
3751 3199
909 9752
5194 4012
1875 4884
6088 7569
901 71
6919 9659
2987 382
4363 2998
7351 2368
7742 2784
6910 4297
3016 2936
5125 2612
6946 5156
5427 5171
122 6460
6265 9035
7190 7228
8232 6214
9262 5660
5922 6949
5123 8207
6079 6998
8656 3496
428 92
9097 7280
3006 4067
9611 7145
5162 2012
6008 5155
9743 5058
500 8806
1049 2061
3982 6620
4655 3094
2855 1985
1056 4531
9128 3310
1415 3512
4053 3722
4015 7147
8772 3695
9251 4759
6801 121
3225 256
7030 7844
4876 5961
8473 9623
2734 122
6111 9966
2889 7769
4865 2996
5382 3242
3903 1233
5379 9637
5008 1764
315 1009
3981 2899
1999 757
980 6910
7722 3801
1996 148
74 5899
571 1289
3197 9555
8434 628
9590 8283
6876 3487
2632 2350
5465 3864
1168 6928
2077 459
5913 7319
4390 5461
3132 2838
3568 8535
6038 8949
1223 9270
8077 8764
1742 5287
6152 1462
4130 3487
3045 4223
1152 863
2431 1435
348 1654
2312 474
2618 6631
5880 7353
8996 6120
215 8490
441 5348
2863 1574
8787 9529
5655 1474
9023 6921
9981 8009
3396 9921
1463 6391
9331 6787
5296 7408
8282 4172
1639 5623
1501 3980
4210 8766
9845 601
4445 7859
4781 7313
5756 9206
8986 8896
6433 4124
6846 3575
3742 8331
4356 311
9997 5298
2264 4715
6618 7805
8990 5078
6407 5440
5272 911
6104 9035
7146 6217
2932 6888
9583 3289
5435 2883
5072 7121
1840 5343
5685 1681
5808 6168
7108 4172
6013 7647
9539 3192
6725 4176
2478 6165
3407 7669
146 1552
4920 7320
6136 1561
9697 7985
6775 1017
4933 3201
529 7970
3347 8707
4148 8549
1473 669
6588 6475
8243 9699
7254 357
4127 9870
8316 8669
9158 1241
8320 621
8087 8202
311 8276
9821 4454
3697 5711
868 9979
6972 2277
2800 3698
5987 2378
7005 7658
2209 9697
7090 7037
7185 9244
2218 3508
5826 546
3339 6327
6113 2073
5350 4236
8613 9880
5209 2521
5863 581
8775 821
7376 8038
2326 4555
2344 3290
8605 9527
2846 439
223 4898
5665 4431
4556 9838
5925 7924
4409 9565
7069 9448
3569 5821
6011 3860
9906 8741
877 7722
3906 4655
113 4104
499 2499
9815 9787
3965 3075
7104 4318
2962 5462
5276 6273
7881 4849
2452 9355
3893 8771
1079 7056
1735 3968
3861 5655
4458 2844
571 4472
9135 1272
4174 4133
1305 9920
2815 7290
9109 7503
6571 9285
4475 2761
5522 547
7347 2965
64 1437
6178 2477
3311 7260
9293 146
7830 1422
9824 8929
5282 839
379 4771
9382 6822
7132 6946
1139 6194
9947 6685
6834 8415
5970 3236
7360 2896
6642 7520
3396 841
2828 8433
4970 7152
8100 9979
8421 1987
45 4723
9862 236
3629 8929
3150 6204
9760 9645
4042 5797
6869 3785
8285 7539
9002 783
5380 6902
5175 9694
9961 4584
7564 9484
8174 57
764 1442
304 7771
820 2502
7441 7183
9214 3702
2646 3789
1174 4725
7562 560
7988 304
8585 6954
1327 9072
337 1268
89 1440
5841 6354
4128 3642
3316 8177
465 9651
8001 3078
4067 3405
3240 6556
7789 5886
5002 1490
6342 89
6261 2560
6181 7473
4150 6100
4345 9550
8309 5098
9010 6104
9968 3682
8160 7708
6947 7050
3006 900
5911 4904
6093 8858
4032 1722
1809 4126
4925 6631
7186 817
5503 907
3883 2409
5430 784
6059 2866
5942 6868
2592 1543
8442 5297
9219 2847
2428 5950
4274 1797
2791 5466
6091 4288
7277 4902
49 2016
7400 2276
9454 9377
447 1076
3197 4547
2627 4587
4648 2240
6185 5652
2327 4523
3930 2426
167 2695
4163 7546
6676 4673
6387 2589
5250 7986
4484 3500
1986 9255
4930 5696
6455 1653
1437 9481
3297 3367
2999 5406
2639 1088
5595 417
5350 6484
8827 6209
179 7377
3317 3952
2162 9710
6824 11
7768 5753
5128 9563
7639 7252
7105 6697
7068 4145
9772 617
6724 7421
4481 4392
7424 901
8857 120
9244 1869
8177 521
4394 8204
2426 7053
7280 9267
8668 6476
5158 8915
5707 4984
2916 7524
2651 9100
9871 8903
5653 7002
9412 5891
2034 670
7320 3540
6466 292
9920 7489
7609 4929
5462 4051
842 1752
1085 1403
5716 3594
8785 7076
2482 1100
4242 6296
6810 2133
6608 802
6538 1905
2776 7324
5406 4460
5202 263
3586 1623
6190 1298
5177 9715
648 5431
1755 4691
9459 8498
6850 6183
7597 2546
5578 1091
396 6208
6027 4163
8387 8202
436 5245
9626 3026
7345 9077
2685 1167
2623 5068
566 9699
5472 1134
9404 595
5192 8838
9576 866
9884 3369
3375 2709
833 1594
9430 4572
1786 6510
1099 960
8250 6076
7276 7201
5571 5298
9038 1231
4227 9281
2563 1042
3401 9644
7067 167
2953 7587
4635 9901
2149 4465
3084 8486
4594 966
6078 6085
6160 8355
7846 509
5541 8302
5099 4231
301 9057
1870 3325
7666 382
9003 6673
2798 1761
908 4974
908 5942
4628 5161
4530 2524
3549 574
3581 3838
8146 3517
7350 4912
613 9140
4272 5933
1253 8830
6570 6872
9941 8948
1824 4910
9370 2936
7630 3324
2739 580
1367 3573
2030 9467
7139 6116
8890 6077
1101 7374
319 7756
7723 7402
6212 194
278 8505
6208 5079
6848 7157
2084 4050
6531 3581
8228 5527
2022 3126
590 719
114 5100
9703 981
9472 9579
64 3739
6339 5887
4112 8933
7899 7507
6434 7456
9664 8932
1044 3511
8240 134
3540 8553
661 9822
3066 2297
5585 6232
7181 7251
5363 1824
1480 685
5970 6797
5333 3083
4608 964
9937 7495
2616 7737
7886 1079
160 6308
267 6907
5067 8046
3530 6591
2092 5864
230 5825
3241 5213
3066 9378
1200 4876
6533 1085
4192 4570
8512 281
2997 2793
1969 635
3661 2325
2334 7128
6683 4798
2708 4703
4294 505
8889 1907
6881 9726
4634 8921
7468 1087
5143 5359
5149 1971
9844 2363
3608 5630
3752 1041
3850 8879
1035 3759
4903 8057
945 2143
2984 9703
9011 8593
3346 102
1263 9862
1318 1690
1035 2318
8338 2871
4334 5267
6698 8934
6854 1116
5908 9322
4999 6915
2386 9437
180 8362
2246 5297
161 7812
5861 3823
6994 6608
502 1231
9903 9160
7887 6950
9593 1809
5142 4666
8769 3863
9001 3115
6014 9480
2093 7943
1106 5977
2300 5595
3732 8705
8957 3418
3825 3821
3732 9777
9248 231
7110 9727
7080 7215
9735 5956
4772 8256
9850 1296
6276 4622
450 2208
291 5318
9018 4112
401 9766
6495 1983
9878 898
4098 7960
3102 321
4063 2014
7340 9755
1817 2787
6077 9852
9726 113
2710 9651
1673 5699
9551 6731
7593 7857
865 7914
573 4012
869 4121
1391 3622
4680 9949
236 4387
3364 8715
5772 4089
5605 909
9513 4243
4324 9962
4546 5160
505 6449
2364 1972
7663 3801
4681 704
8013 9195
8085 4308
3204 1333
8931 4664
6878 6099
9563 9721
7326 2899
5598 1029
5660 2935
6745 9097
776 1844
119 2114
83 5275
2821 3391
8027 7378
5962 5332
1842 2055
6305 3276
9255 1719
6471 5681
6679 2824
7303 5631
3842 7338
3926 4585
6681 6205
3570 3211
2009 8823
9833 4889
5385 9863
5986 8123
6835 5827
5452 3094
4695 8342
722 1566
9632 5372
8041 8207
7055 797
5555 3674
2789 9325
5815 1354
9256 3540
9063 9258
4653 6214
1150 8725
6886 2364
6999 1764
801 2730
2161 9773
7833 3989
6868 6454
7158 8872
6112 5535
7691 274
1148 4232
8358 6471
2178 9488
2027 1225
7944 5523
8807 7137
9287 2569
6114 4093
7977 9280
9007 5595
7133 3928
636 5822
679 9810
7555 5318
6476 2127
2816 8462
2287 7531
9494 9023
8877 2024
550 6070
7798 2813
5924 1794
8817 8647
7734 1142
3914 3693
7372 6961
4170 1933
8631 3624
254 2626
6840 4312
3507 2684
9205 5799
1355 7196
4025 1542
4390 6451
5345 9864
9966 690
2538 550
7838 2101
1495 7776
1011 9547
6827 4285
5258 3291
6307 4213
8670 8228
273 3283
7412 5897
4966 1126
2323 7872
2377 12
2818 5184
4387 7764
5623 4334
5521 9511
8454 1068
624 6825
584 774
7864 2025
7358 675
3552 1399
8761 9907
9990 1246
3131 4803
3184 9613
6991 1716
3549 5511
9189 8301
2189 5045
820 4007
8013 2643
1981 8829
2255 2434
9168 3739
6479 5549
9271 2230
5528 7998
1795 7614
28 7357
3587 9069
6332 9830
5657 2456
4059 9044
291 7719
6536 6624
4734 4892
5015 3819
7866 4087
8683 9419
7060 3164
2074 4666
9693 1499
3506 4088
8540 6951
4142 6064
6133 8820
5229 4752
9833 619
4234 1460
6166 7621
5003 9491
4844 3576
7849 3875
291 2708
7401 1029
4442 2259
8849 7372
3991 8619
6018 8040
8150 9835
8422 2414
2770 9176
7009 4294
7948 6449
6150 2302
9938 6068
5530 3964
4308 7810
7833 2194
2111 2809
8104 8260
6588 1026
8172 644
3580 1020
9434 900
1390 6738
4698 9271
8973 608
6518 1417
4191 4922
8529 9368
4897 3441
996 9005
145 4066
3776 2214
3379 4434
5663 3066
7005 4161
1372 193
4657 7259
504 7840
6895 7449
272 1821
8599 6813
3346 4039
7663 7560
6406 9640
4757 6791
2438 8841
7844 160
7953 7127
1902 8105
6132 4467
660 3218
8904 1352
9713 5944
5575 484
6261 4982
5894 8251
9052 9994
1979 9888
2998 5532
3767 3055
196 2075
4948 8822
997 5016
951 4792
9458 3081
6491 8484
9600 8321
5504 9156
5515 3231
1272 4954
3324 3945
4275 3253
8558 4594
1914 1194
1066 2469
5339 6426
7786 1405
1468 3529
8537 4476
7784 9645
2979 8182
4846 5229
2601 4859
9591 2248
9512 8606
7144 8300
7748 9244
4301 9802
5910 4286
4948 2984
8028 7030
5972 1
2690 7057
8887 4985
1139 3165
3904 8637
277 8897
2338 7861
1841 3643
4184 3231
8229 5846
7120 9605
432 1374
8459 8143
4141 1934
1849 1912
929 270
6703 9507
5398 9862
4008 9436
7845 6783
641 263
5383 3734
8031 1593
2530 2819
1212 1052
5827 6435
9689 8000
6592 2458
3363 4070
9309 5246
1035 7248
2047 3947
8811 8859
3947 1255
1890 719
610 1914
579 1553
5434 2730
6669 5880
3133 7711
5601 5380
2804 1599
555 5934
8351 3745
259 5147
6001 4862
4833 4288
5325 4756
4256 1218
5364 3704
8309 3265
5710 5249
2385 4159
6989 5600
8552 3352
9770 6805
5987 7965
9568 4480
1517 4831
1794 6681
5287 8309
7228 3496
5073 2119
859 4635
1752 7881
8633 7204
2660 4523
889 644
6923 2757
9340 2589
7761 8445
8986 6922
7301 1218
3349 107
4312 9021
5292 888
9255 583
3482 2734
7522 1309
2822 9325
4628 7555
7458 157
4747 2237
429 6186
9080 314
565 3417
4570 4193
331 6431
3513 2682
6013 3340
7443 2212
9742 9997
2575 8741
2391 4388
7635 266
1613 1234
2741 6647
431 8179
5891 7323
6204 1115
4820 468
2466 8954
8619 3489
8955 4225
5948 6431
270 7280
1212 1528
2742 2498
2602 3844
3902 2394
6734 5588
3989 7145
8329 7670
5808 2763
2493 5788
3608 1614
8600 6208
1966 8727
3169 3106
9902 6959
9594 7142
193 1982
7082 3966
8867 4995
6687 1398
1295 3953
504 4417
9528 3697
9157 6548
1254 6675
6865 9908
1460 8893
2132 7731
8586 4941
7117 2994
7943 477
8896 8180
9006 2768
4071 9346
2652 4235
1092 3711
6754 3754
9703 807
2915 753
4145 232
1567 4445
4223 9849
8855 9554
3006 3396
1716 9729
866 2610
8089 3072
4156 5101
2194 8766
6042 2804
479 7366
9380 420
8590 7399
4299 861
1288 6090
3246 4429
2878 9230
2494 6504
4798 7005
4044 6329
2813 1876
7450 2868
2168 4885
1811 8188
7951 792
9586 4719
2660 6490
2605 2472
4684 9596
2839 6424
3291 3294
4909 9770
9420 4982
7385 3988
8934 353
6130 8616
7002 509
601 8336
3925 5450
3157 702
9932 3620
8579 2246
3232 6270
6339 9799
1072 1698
4831 7732
4250 681
7925 6029
8742 6042
6184 6493
7338 3233
376 1471
6537 5467
8012 4244
4003 1663
3116 1430
2762 8344
2534 5714
2832 1720
9566 5422
7788 8989
5609 8101
1405 5981
6319 7448
9309 5926
8911 6103
3379 6610
5867 7544
5828 9662
9775 1687
3077 4146
4890 5487
4318 3892
6520 7785
8903 9694
6078 3044
1297 4569
9800 7751
5175 1064
5657 4366
3521 4740
8864 4553
668 1255
1546 1599
7339 6303
2119 2050
3661 4572
6456 9301
8576 9667
7709 8263
9859 6131
3379 2398
3060 5874
5808 4658
2162 3740
9814 8922
8988 1251
9439 9896
2782 7239
8927 6415
1718 982
8053 7276
3805 4722
782 3373
5109 4829
3929 5610
6404 8215
4896 4649
1633 7750
7530 4609
5522 667
9906 1717
2300 2426
104 5527
9723 1493
3057 7735
3119 4388
7264 1564
3833 6201
1084 1809
4768 4728
2909 6098
9970 162
5720 754
8532 7248
9523 6109
9059 1129
4860 5746
2465 2809
8172 3219
41 7504
8133 8598
4149 1827
9319 2025
8789 7764
8288 5401
2452 8924
2791 6427
3221 7364
8202 7612
6979 3910
3422 3130
1944 5333
4962 8049
1649 3638
9404 8147
9950 1742
6748 6044
9736 2397
4822 2142
6140 3405
1234 3149
2843 45
9619 3490
817 4064
1160 6931
4131 3461
5866 3057
7413 5587
455 836
5819 9426
8278 7284
55 9451
9428 6417
9538 9828
2652 4371
1227 2518
3485 1006
3003 2711
6654 9723
4733 9809
8848 4659
2115 1429
7846 7739
6828 5337
7982 8329
3482 5757
4016 17
78 4359
8168 4685
2371 5710
8806 1153
9253 4437
9990 1507
4692 4261
8170 6830
6831 1287
4558 3978
37 73
7814 1149
7874 6300
5056 5796
7362 553
7176 5462
7622 6978
8642 4890
2384 7772
1392 1769
8781 365
7481 532
9947 8046
5869 1037
8685 3116
4620 8375
9173 9713
1722 198
342 1740
1143 2043
3217 8520
5351 7899
5052 6733
9261 2270
485 1810
8883 6265
1567 802
1656 5083
6371 9228
6828 6880
5722 5159
4466 7465
623 1800
5060 6464
3265 658
4624 5423
3278 6612
3445 1272
4679 9933
6593 3128
1466 8369
8041 7569
1227 1494
1842 829
897 5579
5057 1504
1677 4021
3484 5957
5300 5723
5531 870
3622 7735
129 6227
1146 754
7168 3964
538 4272
9112 8405
7104 578
3333 1604
6688 8545
166 4239
2023 5173
9579 5142
9741 9830
5460 505
5881 5372
1692 6884
7206 5618
8367 2563
8875 1120
1499 322
6423 1353
1893 847
3628 4475
6947 2046
3278 3820
2979 3368
6366 1283
3775 8207
9099 8574
243 2702
8405 5362
8174 8571
7683 1097
8248 2675
9679 1114
4851 3640
37 4727
8867 1405
2261 3433
6685 7281
9315 4075
5855 3956
6049 6133
1943 7759
4118 6823
222 2179
7445 8326
5315 64
78 1582
2516 4621
538 2313
6394 3901
8953 4303
521 6432
2044 4510
4847 7825
5186 8116
6238 9113
2854 9401
6372 2036
6509 2259
5662 1171
7861 8758
6896 4488
9680 2388
6981 3970
5036 4523
6120 8389
3873 596
3295 2348
3914 8005
4006 9327
1131 9080
2156 7718
4485 871
9258 9611
836 3921
7578 8625
7753 9709
2786 6992
6681 2295
9304 5667
9533 8628
954 486
4751 7981
3127 8491
3218 1839
8087 3018
1158 6358
4912 5970
9080 9088
2166 8248
1671 1270
6594 1441
1262 8893
864 7654
9761 6188
5123 1192
991 8636
2603 1299
6803 4424
1566 9345
6038 5625
9810 3470
5427 4366
1156 5902
1267 4275
4751 6614
3484 6838
9714 4108
718 975
9257 6206
3365 9907
1455 5398
8089 6362
4674 5985
2734 778
1635 1522
2283 9851
8308 6241
8844 4687
7163 6784
3909 8841
4056 4448
4246 299
1003 6107
2999 1182
6443 6598
3979 3899
4390 466
6468 7947
586 7296
1517 6169
2138 5005
371 1288
8198 278
7868 1506
1213 9331
2909 9831
3568 3569
9317 4573
165 5294
6193 2097
3908 5979
198 1572
7169 5338
3909 4594
1499 1533
9924 6860
38 6868
157 9054
1546 6143
6766 1497
8396 7835
2314 6748
6448 9615
7998 9968
1268 6056
5682 5249
8533 1880
3734 2071
8867 9779
1567 2711
2155 7232
7350 1616
9297 9471
4533 3148
8740 317
527 7964
3298 9807
6674 3162
8683 5642
9185 7960
2303 2723
3869 2422
4673 7047
2374 3974
6556 9596
5959 8077
4748 4948
5821 2145
5793 5999
736 8493
9832 3353
4727 6552
2892 2089
3346 8806
4118 5729
1256 4672
5976 1324
4818 9037
3334 465
8278 5666
3551 5996
2249 6428
9847 3675
3308 873
1331 7052
7145 4174
6694 7009
3774 9504
3813 4388
2113 4776
1937 8098
1288 1923
4890 3522
1526 3077
4506 7392
8969 442
2127 390
7643 908
3933 5142
980 4387
1300 8836
2768 1320
7770 4436
4713 3278
3315 1539
4820 2302
7370 108
7871 3925
8646 6513
1491 8845
7598 1121
6008 2666
7259 8154
1701 4258
4 8156
7711 7870
7814 6265
6458 8229
8698 7859
1926 4638
4754 6496
8830 3823
7513 5459
1467 8487
6332 8914
7335 3167
2467 7082
9261 7645
8445 995
2216 4129
7045 5754
6056 5402
9807 2419
1149 26
6127 634
1147 7999
9507 7814
8111 7278
2327 4149
7888 7360
7990 8995
2868 7944
5277 8116
4602 3467
1720 5304
907 1738
6647 3576
3174 6824
9427 3207
5728 6009
5766 3399
1413 8376
732 7315
1870 4814
1342 4733
3833 3028
1824 550
8001 1703
9283 1049
6573 9031
2924 7236
8434 8812
229 9126
6998 5530
7515 4540
9500 9963
1930 8749
6955 8727
9312 293
5769 8723
4293 6791
2894 2499
8065 9656
9905 608
3058 4731
3783 9418
785 1637
5519 7744
286 4842
7028 3228
3267 5035
8718 852
3431 5235
2591 935
7642 513
924 7631
2166 6999
80 177
1185 4228
3195 9743
284 8429
6879 1757
9629 4901
7392 5606
8294 3807
32 520
5028 4265
5715 1184
3014 9445
6488 3907
4291 2909
3706 3998
7931 3228
1489 302
6455 1112
8277 4938
4834 5932
2080 876
8525 9427
2586 7639
8589 8298
1763 3708
995 5353
6805 8721
4298 5635
900 9659
3946 6861
9584 3548
710 6398
6189 4613
7495 6185
6041 5841
6649 3323
9066 4069
6007 7938
190 143
5781 9889
1530 5855
3173 5772
673 9876
4020 8616
7486 8489
4588 9839
9725 8750
4295 7737
7389 7247
2348 6389
1003 7726
9804 1113
437 2792
6585 6016
1690 2468
55 1248
7439 7595
7881 6684
6001 2555
4298 5755
699 6894
5326 3410
1677 6653
5595 6340
1686 2417
6820 2071
7881 1804
4998 7987
8554 4032
1360 7016
6356 296
9174 4158
9007 7944
4654 7433
2933 6960
3434 9145
7069 2913
7686 8768
6015 4564
2273 2577
9153 4451
5881 4137
252 6442
9360 9012
2941 620
4635 2919
776 6878
5673 1312
2183 2553
449 5437
9995 3370
7860 13
8694 9043
8449 9926
4983 5355
3784 4757
9174 1347
40 7155
7147 5160
6163 1701
9654 1258
1895 3644
9718 9518
4342 8535
4881 4545
5909 5405
5759 7162
5965 5454
6975 9481
5913 5525
7643 9721
5845 4847
9737 5995
5686 596
2872 3352
4858 8694
3623 8787
4375 8794
4283 3679
3355 3447
4403 8071
7407 5511
5339 9679
2706 3618
3308 1131
5586 3511
6776 5927
6859 2316
3327 6167
831 4251
5220 6341
723 7597
5554 3662
1136 1112
2494 6867
7215 3734
258 8312
9371 9833
2532 2744
9735 8933
3737 6523
3994 5202
5906 8668
3916 5789
9728 2410
2750 3461
2267 7825
2528 5037
4055 279
154 4314
1838 2012
216 9163
736 2777
6619 6882
3013 727
9784 8085
6786 859
3205 6328
1024 7419
4297 2188
2994 23
243 832
831 2887
4635 3163
5318 501
716 8538
5766 3780
2425 8614
9054 6914
2699 5002
1006 5746
5342 4751
8591 8697
2216 9675
3723 5340
2103 3345
1088 1152
2631 6264
9453 3879
379 5313
2477 590
5944 6772
9594 9931
9742 1850
2242 8392
8793 835
6333 1893
7839 5495
3082 7372
5535 3653
9419 7301
2224 2341
9645 6277
2640 6599
2044 2306
9567 2917
3131 5227
564 1722
2695 7224
8857 388
5465 5934
4869 2925
2540 9919
3572 4194
7380 9126
2365 4455
6023 3387
2197 3812
2806 2300
8495 6913
7662 9287
299 6916
6626 3931
1106 7898
5767 4096
4253 8457
1094 3478
2666 3164
8304 8637
3724 4195
3660 4670
5107 6092
4346 9190
729 9039
4171 2096
3431 4940
9232 1888
7514 4857
1641 7607
862 5983
781 6681
8131 9224
1055 4984
6037 1193
7840 3082
2273 3916
4585 8835
8813 8745
582 5343
890 1837
1591 7835
1649 9684
7584 6490
6813 5280
3204 3757
2877 9401
9775 3362
6975 5244
324 8981
9287 9251
7138 8489
6672 9848
8744 601
9814 8152
1975 3625
3984 943
5716 2968
4517 2052
5260 5673
262 9369
7023 9909
8474 8252
1592 2183
9561 1117
6710 912
6608 9042
6015 7042
6649 7562
9974 8236
262 733
2767 5501
5144 5111
4131 1315
248 1465
3960 716
5531 3647
8112 6376
7518 3342
1912 1350
1831 7206
2616 6704
9562 1586
7720 3816
4702 2450
4062 5125
6928 4991
862 5558
679 968
6627 3861
9900 835
2305 2778
5905 6279
4084 6822
3448 5397
344 5150
7738 6145
5350 4867
7757 8578
9022 4890
9234 4774
721 4827
7709 399
6432 5357
3818 9883
1949 5728
5213 1754
8539 2959
2709 3941
1062 4921
8431 6829
7326 1186
729 1759
4065 5276
3539 3850
6110 1710
9196 4585
3234 7526
7480 8962
6370 3604
4817 637
3705 5971
2040 5192
589 3241
3549 7477
1110 8844
5532 2339
8724 39
1339 1303
8573 5202
6983 2575
6373 17
4691 3664
8783 589
7255 5039
9257 5402
8902 1993
9681 2261
7249 8786
5590 171
7307 8192
9698 6014
1935 9109
2056 8578
6576 721
2928 5839
3361 9254
7893 186
1854 6341
1631 688
5978 2677
4691 9655
8369 5183
8941 7292
6058 6294
3404 3986
2167 3928
8120 6676
9529 9040
7523 331
3060 4063
785 3602
9133 2933
1443 2198
9883 6601
9630 7360
6488 394
7750 8945
5702 7481
6412 347
1080 1952
7776 8027
2942 8137
1185 815
1976 8386
9073 7253
8781 3416
1163 1063
6446 7098
6526 870
1286 6761
1117 9736
4728 865
6026 698
752 7788
4848 262
3263 7720
3820 7630
272 1635
7020 9118
6250 2745
4778 9322
373 7964
240 2647
2056 7689
76 5598
325 263
4647 8461
7590 724
8409 9078
7033 2136
7757 9068
8928 3571
6395 2951
6061 3062
3582 5026
2206 5225
4786 4563
7766 8481
1698 2285
1092 6423
8830 9055
6871 7815
776 2413
2254 8015
4722 2798
8922 3502
1864 6888
712 6334
2337 9857
234 249
5950 2278
8085 7614
7867 758
2413 1011
678 5770
1061 9721
1256 6411
6213 2541
3359 9480
6046 1122
2851 5890
7935 5325
2977 1057
3617 4925
9697 4778
7986 1363
241 1798
3460 4147
6145 592
7739 3112
3589 5970
2296 5675
7224 2566
6418 7287
5760 5325
1060 925
1077 6265
6420 6597
2486 3322
2689 2531
574 3286
5797 9355
6516 7773
3131 641
7688 8215
4945 4317
5402 4892
8243 5084
4358 7078
1202 2919
1234 5467
2884 8108
8378 8742
5619 6144
1986 314
6542 9206
4827 4661
2516 2950
337 9759
9087 4837
9746 5934
8320 7500
8315 5326
717 6186
3888 8355
7916 689
1824 5187
6912 4902
124 3713
9082 7474
3494 6642
5105 8536
5764 6443
8149 7478
765 9114
144 5107
7639 2742
6903 200
8548 3883
9400 5026
6251 486
5635 3271
8974 6949
7008 8921
1321 356
1532 2288
3634 7435
6011 741
1284 1857
1600 6726
8980 5530
9104 2905
5042 8807
2883 1141
6031 2902
2372 8299
7744 411
9881 7768
693 8305
6089 7344
4417 5272
5741 3355
3571 6648
3568 1201
3359 8892
962 7596
883 7571
3989 8905
8557 6545
331 4255
1718 3472
2255 6855
9106 7422
4049 4941
172 3838
6619 326
1836 5971
3468 385
6231 967
9232 5959
588 1169
1255 7411
2147 1336
4989 102
6378 8443
7800 5974
987 6851
3558 8498
5703 7496
5743 8848
8123 2309
7576 6168
6751 8130
6041 6077
7889 4571
8872 961
1455 9137
5285 527
2366 8619
5352 6585
4755 6389
5455 5007
8080 3197
3631 5637
2172 7784
9571 3729
907 7481
1827 3941
7072 8034
5957 9353
815 1410
1385 2435
4447 4490
5032 1883
6723 3041
5161 2030
2073 818
7985 3227
2951 2237
8529 5059
954 8393
2919 8854
3462 6694
5399 2355
3100 1288
1301 4284
1234 6313
9880 4818
6454 9593
3602 3319
3754 7588
2989 9395
2086 9451
5044 5314
157 4989
255 3983
9702 7643
38 1528
5982 9570
9677 8189
3618 6365
6381 1745
8529 3500
6078 2360
2127 3231
64 4810
6280 9701
2698 2836
9919 9819
7073 7608
1842 954
9164 8638
9801 2324
9347 7303
1594 5427
9483 4473
2995 412
8305 9865
8376 7576
9269 543
5980 7458
3994 9991
4093 5162
3552 5397
92 7418
2663 3693
7186 672
6576 9695
9588 6770
1385 9324
728 673
671 4885
4874 1346
6779 4282
8352 6494
5877 6980
6430 3950
6009 4570
2266 9898
3356 4646
4900 3525
2694 6956
9099 7477
3936 8273
1262 3618
3737 1350
2077 8690
9508 192
1258 1909
3987 1764
7449 5975
2472 7923
5288 2278
1313 1313
2137 1611
5681 9938
4710 7191
2379 6487
7632 8634
8947 916
1322 8184
6292 2507
2872 6853
3870 6308
4318 564
8957 1663
1873 4478
4060 442
6827 1259
3031 2930
628 3974
5492 2188
905 1752
5503 3546
8172 1059
2674 5938
3092 8896
1098 5035
4133 7543
3722 8449
5430 7456
4762 6698
1513 3500
9423 6495
7539 143
929 4624
372 5816
2185 8571
3049 9784
6924 3808
3302 6219
443 7237
465 553
8064 8541
7604 3729
6531 6519
9583 1688
2188 6775
9632 8116
7693 8898
5211 3348
7533 5229
9150 4043
7906 7933
5545 4003
6246 3521
852 1086
3165 4737
4685 159
3803 3003
8127 6513
8006 7595
2883 9468
1504 2979
2359 9137
1449 5519
5397 1882
5751 6936
4816 5474
7242 4327
6381 6652
916 9640
4203 4371
1138 6949
1187 6154
7350 8224
6752 3804
3217 9728
6515 9096
7538 6962
4159 1764
7132 6668
6547 4275
747 7236
7742 63
8891 6499
1155 5475
9912 6272
1567 323
6109 6471
9914 3018
2278 4350
6203 3576
78 4462
3317 9897
3662 3962
8043 5179
9449 357
3808 463
751 8243
9307 1583
2408 5255
1437 2405
5135 9174
2453 854
1629 1153
3055 3733
8422 7565
1119 6006
1094 8628
5808 8316
2711 4178
8556 288
4992 6716
1675 6367
2049 2286
6615 4834
7602 4498
8939 635
6871 3975
3507 6894
4603 2268
9745 8346
4780 9132
5525 1683
7720 6270
6632 8046
7545 940
2859 7041
2097 6455
4623 8705
6434 8925
9706 5919
4996 8425
8770 1728
959 8880
2958 4524
8053 170
2484 3152
275 2425
7055 2278
263 9096
3104 2018
3817 515
4888 9955
5994 5873
4748 8247
7595 3489
6327 4482
4982 1335
3599 3067
7016 3804
1929 3169
9713 2763
6899 5488
5447 3487
4191 770
691 3749
2889 6627
3434 8853
7096 253
17 1127
8668 2257
693 5970
3305 5974
8176 2340
6301 2136
976 7417
430 7767
4549 8547
5831 6507
9064 3000
8853 9886
7871 487
5783 8671
7510 7585
7952 8099
7731 9853
411 1408
5665 7249
4763 5324
1530 3185
7809 2249
2147 545
7370 339
8383 7424
6723 2082
3883 3011
269 4481
6614 6326
737 2686
7086 7384
7987 7466
1510 6246
2394 4334
6768 474
7962 4904
2099 3980
2273 1607
4650 9235
6548 4627
6797 3611
4317 5322
2161 9903
4977 664
9955 6771
5306 5523
7419 3383
4920 6294
3950 2043
4376 3011
7721 8585
8714 8427
1958 8872
2340 4761
8573 1331
9418 8389
2711 9809
3030 8303
7493 619
55 6243
6973 4809
6973 837
3088 5997
7431 8673
404 3699
2228 5706
3794 4361
3620 2535
1791 3720
6634 9342
3409 19
4307 6761
5119 6462
7849 5477
6312 8747
4926 1384
7758 9481
8925 2889
7906 5882
1069 8187
127 6383
8506 5461
5599 555
3579 8638
9376 9122
7116 1005
9335 8723
5886 5823
22 2064
6432 8735
6122 5728
9600 9440
9575 4457
9592 8628
374 9420
6155 2761
6813 243
4710 3168
666 330
7578 7730
3582 2457
5160 3610
7511 7059
5299 2111
1019 4311
7411 3824
1657 5504
9133 1555
5587 857
4083 8259
1354 9417
303 8969
2961 6838
4653 5089
1813 8405
7744 8393
7054 7740
99 5728
3359 9467
8996 7341
553 7379
8362 310
5543 1847
9839 6960
4849 8367
1688 3237
3570 3391
2048 5704
4032 5665
4724 9563
6413 689
7194 7742
2306 4189
1879 6391
584 420
363 6664
9267 2033
9885 52
6804 9157
1597 9069
7080 2868
5347 1683
9112 7538
7212 9348
4607 8348
3962 5446
3083 6597
944 1995
1474 7445
2747 1505
3592 1389
248 9974
4960 8422
9842 3101
259 960
3683 7501
3093 3709
7433 133
6485 3769
1000 5611
8254 6330
3678 2610
1396 3573
5324 9125
4339 568
2964 5867
192 339
9742 9368
4742 7800
4204 6234
4322 8049
3644 1227
8763 3890
4628 4186
1453 972
1445 2486
4538 1818
1193 1363
1513 9997
5895 2286
3195 7133
2094 690
2575 8281
6027 9116
3201 9593
1902 6495
2150 3048
1397 2132
889 6842
9932 9006
3597 980
8958 2235
13 1320
7817 6473
5549 2834
1437 5265
7013 446
2129 559
3164 1652
2611 6528
6622 9432
3309 3695
393 8536
7167 3157
3876 4468
8144 1218
8024 6669
8658 6445
8264 9504
3719 7272
3115 2230
4631 3817
1102 3670
5687 3821
4479 2906
4971 7260
7964 7086
5312 2718
5302 2368
4691 4784
3069 4397
1803 9525
2071 4838
4904 3877
5357 134
8952 8732
6522 823
5437 2338
4839 4204
2206 1285
2189 2177
9949 5999
9412 5690
7356 430
8856 5800
7604 4522
2416 6342
3869 6501
2702 3219
7732 7630
5097 8797
1385 5778
3197 3241
3749 1059
6950 1375
2990 4615
3799 4357
1506 1
7746 7604
3 6457
3467 513
1892 146
9806 6870
9332 3963
9020 1554
4386 6345
451 7444
3797 5948
9587 9786
8076 973
4926 2591
5140 3090
7227 2363
6983 2766
6098 5133
277 9158
2200 4215
1648 2269
5627 6943
9431 5914
7548 9590
9220 2010
3670 7219
3719 5496
6069 9835
6190 6119
7701 9717
6137 2372
1356 1896
1742 5815
3267 5393
7111 6284
3297 1710
9502 4680
5593 5769
8429 8024
156 1783
2178 4873
1481 5580
5970 9106
9587 2791
2095 2562
9648 120
4334 3977
9984 4081
7426 1732
3060 3052
9964 5449
4793 3939
3738 6264
6850 1817
9121 218
3269 9097
7601 680
6525 3097
1079 2691
3749 4364
9046 513
664 1986
4624 9289
9004 3112
7176 4659
7319 7661
8757 2953
9815 4043
127 3517
5066 5416
8196 4823
2604 1305
8462 5907
9871 6293
4088 6978
3917 7442
8644 7427
6445 1848
3888 5637
2895 7074
2386 682
5381 7790
9650 989
446 7797
6550 4979
6771 2981
2222 7355
951 9317
6567 6568
3271 4144
399 201
1423 3146
7708 5165
9770 3600
3573 2393
3690 3452
2575 2366
6994 1885
9843 2400
718 4484
8998 5974
5714 6433
9739 530
2904 3200
8580 6549
4295 1231
2213 7342
3494 7433
4433 6605
6460 555
5626 6137
9032 9755
9567 2615
923 8230
1440 7077
4834 8727
6963 6006
3169 3619
9136 2827
7748 6692
8430 5320
5962 6206
9431 2718
8086 6828
6276 3598
2408 5610
2526 1709
7235 7537
9064 2885
9161 356
3209 6570
7703 4593
5867 3378
9798 638
1058 9221
7177 8109
2762 9821
2737 5177
9079 7926
4522 9163
1280 2951
152 3126
464 7363
2493 2938
5446 162
7304 2633
8908 4018
757 6609
7665 620
1647 7977
7525 2995
8525 9587
7632 121
1292 3114
5665 5043
5017 4120
317 8148
4694 2105
8411 7133
5030 3505
4938 1779
3854 9660
7054 4216
8058 3642
2169 7437
1421 5574
4409 6072
2693 5710
3791 2180
4444 1074
8053 6409
4156 6547
4995 4573
8370 2668
7999 364
1127 593
9230 5324
6069 5220
5638 4155
8730 8893
4326 4051
8894 639
9673 9812
5096 2689
4466 2069
2294 9180
5408 8317
3906 6108
2684 2806
9775 6897
9179 4152
3249 2646
8917 2138
8627 8931
2135 9298
8444 362
9851 8085
6577 3038
3427 5859
3926 7521
7363 6407
8503 6427
5551 5623
9747 6949
2516 5439
9650 5189
1846 4519
3428 3301
2564 1196
9203 6504
6999 6390
1634 579
8300 853
3743 8658
5734 3318
8307 5586
7935 3304
3457 6893
2909 2675
2473 7975
6992 9613
3698 3256
4931 2992
7597 3886
3711 265
5406 9922
388 6923
7853 3753
1577 6889
2354 9593
7521 9345
433 9431
9789 2586
6169 3251
945 7977
9529 3785
9666 6207
9738 8910
4107 2279
2988 3584
5506 8075
6778 7207
4260 3095
1751 6703
8239 1254
7510 2137
5603 7054
2941 1930
6962 1406
6633 280
3371 8701
9006 947
3865 1787
3908 8424
8949 3706
6135 8289
9580 3962
4311 6422
504 2430
9533 4115
2042 5527
8301 4788
5581 2183
4251 705
1879 6077
851 8639
7745 6394
9014 651
7316 7793
554 7099
988 8156
9877 8307
4343 7223
256 5777
2443 9285
6325 70
4072 5578
9656 6507
5541 4424
3930 7795
604 4780
3566 9219
9281 9968
8962 2545
1039 7935
1604 9799
3333 365
6689 2344
4320 6984
2652 8121
5977 3905
3604 288
1887 1630
7059 7812
4580 9680
7089 411
5375 4895
8450 2681
7522 2735
3312 6907
4126 7086
4507 4769
1433 4578
6845 7287
2011 4450
6278 5758
167 5058
6127 6673
6669 3712
8072 9805
7587 5439
6320 8288
1130 8338
431 9329
3434 7349
8923 2439
6956 5538
2997 775
6908 9387
8450 7023
888 4405
4657 388
7704 3084
4788 6547
6909 7267
7787 4234
1720 8371
5320 5864
9482 5417
9141 8122
6308 3448
7416 6851
1583 9597
7766 5308
4867 8590
3890 8625
6355 763
8688 9375
4947 63
740 8875
5527 2400
2632 9417
1900 9306
6569 5532
8837 3332
1249 6378
1613 3397
9249 628
9683 5429
6316 8129
9886 6125
7582 6799
8331 7038
5357 4562
8376 4947
7334 8622
4447 2209
3057 8445
4750 2718
7830 3318
683 5929
6436 6091
6306 844
7761 3981
6978 9312
4741 8204
9151 2087
3244 3818
4537 6383
268 2187
7294 5227
8062 6100
5930 7398
2118 4318
1689 3901
14 4674
105 8831
511 336
4913 9752
4143 2579
9427 4172
3255 5504
9215 2912
2834 7582
7559 1612
425 9276
2589 448
1072 2852
6457 6369
564 1571
1170 8671
8291 187
2343 7550
7791 3691
3778 2780
4981 1216
5932 1486
818 9795
1283 7082
1846 2137
4680 5116
1550 7970
3359 774
4437 1201
3596 9165
7711 4279
6528 1885
4790 4633
1365 4546
8684 3165
85 1344
5687 7448
2102 7694
1783 3524
2220 3777
5939 9262
9838 5718
3997 6230
2262 864
2431 8705
2913 329
62 2069
5529 5678
9278 2426
7852 9529
861 9351
591 966
6607 3057
10 4090
4166 8488
2834 3081
4101 4820
941 9983
4481 4423
6970 4520
3058 9752
354 6164
6110 3758
1428 1173
6148 3136
9771 3337
1419 2699
4689 4506
9205 4649
4839 8464
2892 5858
873 2385
7549 4288
8159 7324
6203 9528
5033 459
8688 5565
3856 9567
8231 46
3131 7107
2010 6376
5301 7620
5266 1421
7958 4410
1982 9390
1230 983
5366 5857
819 5919
5644 9017
6065 7960
7920 6895
1821 1051
963 2384
7216 2929
6717 9955
2387 8800
8046 5946
9032 9520
6541 105
2939 2359
9215 9587
9212 3251
2360 4033
7740 2251
8078 5717
6163 8170
3715 3746
6185 8563
3956 6489
8566 6240
1578 8588
1346 4575
6216 4638
8149 5537
6206 9838
132 4326
1598 3152
6449 8015
7017 767
4960 5565
293 7730
1769 8325
6221 7027
8534 2944
4497 7518
6630 5090
3739 7697
8638 5295
1909 4449
9504 9622
4772 8241
179 1996
5678 8075
5147 5292
512 6834
5013 4214
2724 569
1840 3082
8163 2674
4683 6042
1153 803
4892 4079
3815 1566
8858 793
1436 5512
990 5473
9951 528
5777 2828
107 5500
4020 4806
4535 5051
4728 1911
6099 4586
3443 7735
2989 6417
2871 3946
4288 2599
4939 8636
9036 6319
934 7071
8248 3991
3766 1336
3068 8183
5951 4458
197 4437
2356 956
6735 5422
9929 550
6384 2086
9091 5259
8944 1460
1039 2520
9796 7768
5156 4151
6043 2140
609 7131
1195 3149
3200 6378
7865 2167
8418 1745
8765 5468
3164 1383
3076 7685
4404 7082
8283 7510
9246 9796
8319 969
7235 2345
2389 6516
6293 9742
2930 5554
3393 8905
3477 3976
7430 8569
590 3261
1320 4694
9744 4351
5628 7015
7230 9370
6553 7357
7807 4388
973 500
723 8058
8565 7131
7180 8283
6569 9149
5822 6275
6831 1267
6274 9630
6057 4804
9902 4743
2817 9214
424 32
846 5948
8933 2073
1489 1284
2770 8045
6055 8746
5166 5414
9822 134
4659 8439
3291 6340
4898 5686
5570 9565
2409 6242
6697 6813
5024 2541
2382 2337
8095 4023
7643 8631
4568 5504
8334 7780
1983 2434
8882 9543
8570 5073
5716 1603
2354 1636
3686 8462
6074 8489
6865 6458
488 8679
2693 8128
54 8191
1813 9759
8205 8027
4980 6488
8233 7433
2121 229
2531 5578
9210 8917
9270 8914
6812 1357
184 5344
7669 3984
3575 4574
2781 698
9910 4631
6409 4873
2440 720
4756 1239
9832 8724
8467 77
5213 254
6290 2210
2452 7178
4389 8766
5590 3966
7146 861
6975 8613
7833 4202
1146 1330
372 237
573 3077
5488 6807
7933 7454
780 4060
6199 9590
8226 4004
6636 8829
2836 824
4126 5949
8384 163
6077 9705
9553 9322
9208 6025
1504 7400
1692 2124
3165 6672
6394 1644
652 7814
499 552
5912 9707
9039 6298
9423 262
1551 2043
4038 1934
4037 8975
9109 8446
7811 3243
4140 9228
3739 8315
4116 5856
24 2158
8523 6616
9207 3598
1238 1527
9894 9299
5858 5839
37 586
9798 8395
9354 1922
3517 4826
8413 5720
4273 2758
373 8614
4472 3614
3483 1625
3410 1865
4464 2786
7493 5057
7309 530
2764 6295
40 9962
1316 8763
3237 4952
676 4101
4766 5246
4094 4338
6403 120
1402 604
7047 8297
9579 166
3987 3392
8928 2036
646 9506
5455 3907
2813 1416
4417 9743
8529 325
4344 578
8358 6316
7023 7688
5731 4553
3064 1068
5826 9838
7477 5911
8858 2242
9085 593
9614 3209
4557 8289
8063 7971
7626 9504
2212 3899
6736 7467
7195 7954
801 4396
1106 5125
4668 7634
9793 5068
2011 29
1230 3276
6862 2981
1791 3440
1633 9152
9134 9534
7849 4686
9628 3676
8807 4214
7792 7501
6015 7965
2049 850
8738 1074
4502 3317
5248 8293
8030 6904
4486 4380
1369 2
5737 1773
7818 1554
8976 8883
3600 6448
3863 4684
5340 6779
7279 1231
6306 8477
4069 9749
3935 4190
1270 9457
41 4290
3471 104
1077 2060
1565 5353
7805 4573
3937 1734
5901 2015
4856 9955
6127 734
6033 952
1744 221
3908 3780
9852 842
7268 7112
2457 4633
3491 7585
9477 4258
1743 3556
1914 9187
6063 636
2588 1104
9821 9493
9945 1893
484 2787
632 3311
3863 2985
3550 5069
4569 1151
2186 3690
5157 4990
6675 581
753 1410
1378 4252
2225 1047
2406 5287
5816 5609
326 6829
9150 4481
5907 438
4247 898
5279 5284
1554 8916
3598 7718
4472 3988
222 626
6304 5133
8100 5214
9191 6737
8507 2095
9892 9742
2279 7624
9696 4214
9290 5482
2932 986
5811 9904
2577 6439
7111 116
7311 8009
3512 47
8321 1087
4010 1175
1834 2518
9770 9341
3703 915
450 2683
4317 3511
6211 9337
1493 219
1696 9608
254 7599
6998 2462
5713 2279
1245 6252
3937 8584
4556 7199
9761 8632
2251 477
5419 1501
6895 5981
7493 336
6342 9504
843 8519
8513 142
4397 8642
2423 4933
8426 6477
9725 3354
6674 6285
4328 2405
2581 9441
1002 3667
9264 416
5274 8453
1336 2308
8294 9609
3705 6944
8325 4018
8444 3575
2403 7493
4684 27
3475 1874
6305 2125
2733 2623
3071 468
1424 6695
8737 1207
1935 2425
3723 6149
7404 2752
6483 9410
125 7227
5996 2453
8579 4440
1173 3794
267 4164
2961 8926
1386 5525
9132 8135
4899 8935
5425 1469
441 1319
9024 2681
9291 8528
495 3366
4272 1183
1516 6574
7370 7835
5969 5960
6632 7581
1927 8858
7138 8959
5855 1349
3486 4735
3558 9907
9540 3184
6915 5726
8239 5829
9404 5613
6027 8248
7133 880
3950 9102
5992 9313
8530 9816
8921 5496
8419 8209
4401 4243
5096 3868
4875 8617
4807 8545
6911 4029
3480 558
8755 911
5737 3898
60 4966
4428 8017
5706 9370
2683 3696
7541 4794
2499 8035
9014 7018
1125 911
637 4172
9245 9946
4241 6526
4386 8527
2155 9984
2734 4483
3361 7511
6164 7735
2344 2580
7860 9880
6688 3208
6121 7525
5119 8613
298 3959
4264 4715
8856 6218
80 420
6389 4703
5440 4172
6048 1179
8386 98
1287 4317
3566 9154
1836 1992
1587 2070
2870 3603
5147 113
3575 760
4541 6282
1161 8436
6120 1457
3116 4791
363 5308
9383 1655
3759 5891
4327 5335
3771 7972
1181 739
6430 4868
7847 1521
6751 7016
7981 3590
2280 5126
2605 2673
2443 3238
957 8232
7025 6011
9666 184
4958 1461
6088 1464
8188 1306
5660 2080
7273 4073
347 1379
1365 8544
2645 5413
6166 2820
9571 8053
4243 1857
4461 7395
3166 6455
9740 9241
5045 5691
4630 6556
1061 1799
7328 6535
5987 3103
8784 4066
3016 1627
6222 9166
1031 2713
5481 626
6229 4220
6212 2471
5469 8888
9233 3970
1403 4973
6678 9236
3864 1482
8776 2244
8320 5747
4232 3538
8964 9151
5940 6098
3670 1318
2425 2874
4075 2492
6662 604
2070 4886
6007 2272
6102 5206
2316 284
1685 1432
4619 4131
4609 7483
7817 5995
3483 8335
3496 5574
7341 9747
2326 4060
2124 4300
286 7367
3412 8653
9300 3168
6847 5942
3165 3146
9247 5963
2408 1741
2259 914
4053 358
2511 215
3770 1780
7717 7282
9131 7064
2950 185
3916 4270
2428 4134
1782 6531
2860 7269
5620 8132
7281 3758
5867 3813
941 8111
8000 8749
4559 3561
8874 3501
7385 1332
5204 2425
1959 1832
8102 7534
4771 9373
648 4340
8777 4147
9420 1670
460 5965
6190 5317
6560 1942
9889 24
8118 6071
9935 7959
8251 8673
617 8121
6396 1900
7164 5188
8017 6825
1486 6918
1200 7824
6767 6409
271 1076
377 4588
5687 6716
5761 5199
9862 4671
599 1244
769 1817
3165 3875
1911 3283
6133 8773
7072 9047
1778 982
3496 2591
1058 2766
9444 9821
2986 5372
2647 624
658 1868
3111 5363
8015 7610
7636 3685
8238 1552
1635 7338
6403 7873
4603 3332
1772 7274
2007 2332
5427 8685
7593 7203
5591 9863
2194 198
8148 2875
5222 1083
804 2970
9933 6670
7400 5851
2658 4298
8954 7752
2917 8928
6625 8031
5286 7438
7557 6528
9991 4420
4365 9041
9152 4993
9285 3451
9908 4499
4661 1262
8775 420
4241 1994
5756 3023
8790 3266
3232 3959
6926 5028
6142 4414
7400 2645
6669 4048
9295 1885
4727 486
7339 290
5016 8397
3357 2801
8801 9529
6843 1058
5719 8220
3143 955
3004 8930
6571 1472
2829 1022
3261 3162
6609 2519
5699 4850
8179 6115
8383 9359
7541 5773
4563 2555
3890 7604
4847 3662
5240 8340
2727 5164
4518 785
6696 3890
7452 5377
2036 6208
5475 1558
8956 7736
1023 5676
46 17
2088 5589
1583 596
8467 8447
1233 4011
1446 6773
2222 5380
8564 8463
5518 1668
2789 5825
4019 7876
6030 4103
1817 1045
6403 2888
5914 4635
1716 3838
8195 3728
6061 1781
7746 392
8059 6812
4424 6007
6673 9777
8100 4552
1280 7609
2700 5479
6666 7309
9916 5734
3193 6991
1456 3551
8805 7402
9046 4390
3912 2174
2561 7783
4487 8540
8318 7829
9974 5955
9841 5005
2134 4702
6540 5659
7484 8763
2386 8394
4467 7334
6891 6820
362 8690
289 4062
8692 8267
5189 5781
3916 3167
9759 3880
3865 4442
8437 6886
5859 9415
9773 9250
1962 5680
6015 3331
393 9069
1675 8157
6367 2027
1771 9526
5006 4206
2225 9701
7849 3669
3967 9304
5325 374
6593 3479
2797 9959
3095 386
1625 6776
952 4120
2347 8157
5218 9456
6864 6250
7477 5122
5560 9233
2509 9986
4329 4881
9907 8090
9883 2279
7751 4203
8895 9102
3414 3363
475 422
3517 1155
9052 7003
8568 2058
7486 6867
1091 9195
688 645
9052 4112
5676 2044
6183 2867
5953 4220
435 6062
921 6932
7931 5256
2047 5803
3904 1742
5193 2159
3933 2383
6570 2481
18 2678
9242 2406
3606 2634
9388 3463
9147 8924
7441 7678
5241 6358
6342 6776
9633 1677
9671 4321
5169 68
6868 956
9844 4036
6250 3907
3380 4334
7545 5433
6416 2604
6795 925
7900 1805
720 3010
2427 5428
1249 6828
5209 8203
357 2259
4790 1298
7108 3920
8987 7885
7388 8408
9992 9518
6608 5734
5467 443
5730 576
1878 1891
3348 9715
4917 9717
2622 9479
9768 6414
9391 9359
7584 9624
6461 5234
5900 5908
8059 4921
94 9320
861 6024
5965 4646
3475 1445
4271 5475
6471 4408
4740 6393
2278 4043
3427 3904
5994 3189
9894 5446
8853 8239
2699 6873
6839 3704
1370 6641
5832 4581
5628 3073
1584 2817
5631 7254
746 1170
1451 7466
2226 8178
6717 488
7520 6322
3716 9668
1109 4335
5648 9215
7530 9062
4140 7995
1704 1142
7388 2867
2470 1330
2399 9418
4669 6548
9995 4432
6006 1711
447 398
5907 5790
5784 8817
8601 4908
6027 1392
7229 2039
9135 6396
9439 6474
2819 940
6722 8034
7880 9732
6290 8720
8311 4584
1031 5467
2919 6635
4206 5804
7176 8923
3554 3503
3139 9298
3792 2926
4874 8257
5196 2660
2387 9403
2398 2400
4657 9980
8815 1637
7850 2690
5231 3641
9960 8063
7162 3718
8679 8301
2099 7758
6342 2818
560 9605
8014 6664
1428 1123
3564 7231
9082 4108
9778 6602
7734 9940
8943 178
1347 3393
2029 4751
4694 2434
7826 1791
2060 8011
413 7613
6250 8780
457 4558
3759 2793
5364 6410
4492 537
1080 2231
9749 6758
509 3950
3733 3477
7158 3466
997 6972
4564 853
9294 3164
1734 8695
5120 5248
1788 7824
6319 5950
9930 5563
1657 880
9143 2462
5551 4338
1658 8092
5048 5982
4780 108
4630 5929
8018 218
2945 9549
4651 2999
6375 2550
221 4175
6856 7198
1243 1638
9217 5125
6147 9488
5920 5824
7111 8169
2332 896
3593 6805
5132 9718
9396 1049
1631 7328
6833 38
3114 8703
3351 2094
1860 564
1291 8665
198 9494
7493 675
5335 6263
6690 7606
6699 4222
424 5514
2055 64
3182 6794
1924 3595
6068 1090
5839 5105
6537 4419
6423 8072
93 5330
3340 6730
3316 8216
8493 3921
8753 9575
9446 2148
6621 8464
6087 189
3958 6985
4450 9032
5839 2502
5331 8478
9272 7107
3333 4008
374 7772
4579 3740
4838 7694
1066 6328
5906 3211
7221 7971
5401 6023
5230 9084
1001 6531
1924 305
6302 1425
2356 5441
8901 2676
7357 2755
7862 7771
8663 6388
9008 8413
2175 5275
9222 1974
410 5734
7556 5421
8165 2908
6588 8120
7246 7040
3219 8087
6087 7286
6602 8355
9981 1119
2127 5744
4934 9155
4236 5470
7683 776
3359 3766
4951 8369
8131 9569
9142 343
102 1329
6149 4908
1480 354
3774 5582
9426 9940
8955 7809
4529 2577
5458 9590
7636 3308
3582 9141
5768 463
2344 9484
9623 885
7854 5468
4715 9550
1558 4667
4804 693
4491 7640
1501 9057
4990 2780
5303 9690
3627 2725
6812 5826
9358 6458
10 4400
9760 3113
1303 148
166 5589
5496 3786
8692 241
5810 3976
7763 573
9821 9505
6641 8710
254 506
7615 9610
3619 5725
7562 2006
1260 839
6523 1199
8953 5605
7107 8795
4168 8218
7647 6806
1853 3244
1782 4709
934 2878
3927 3435
796 9579
8742 8041
1227 1367
3526 2494
9620 3879
1623 2927
7702 7921
2280 8672
2145 7610
7837 1418
241 9514
5603 501
6575 3166
245 5096
259 3422
8081 8163
8770 1659
776 4625
2631 431
8846 5477
1827 7212
6804 5466
3520 5593
1228 5886
670 902
4227 6754
8237 6138
1472 3251
9327 8281
3832 4702
987 7531
5614 2629
3855 3148
3921 5848
1112 7294
8674 5467
7756 895
8636 1131
3726 2085
6979 7542
7648 641
7926 1312
8913 5330
5686 595
7623 4990
2053 6235
9233 6950
8009 865
4399 595
8862 9594
3734 7412
5228 3994
9913 6041
5737 3289
7944 7122
5590 6650
3867 2059
9441 2065
2489 4000
7224 4782
7153 7274
1259 42
4368 661
5028 2249
6099 5319
7955 9932
9111 3869
3310 6790
5745 7472
5329 3590
2842 1838
9482 3100
8879 2463
5532 5186
2966 4736
9341 1744
544 4421
3539 8530
3944 5813
9180 1065
7767 1883
9467 6111
7372 8917
1098 2367
9634 8017
7285 581
7379 5685
1727 3025
1654 1258
6029 4394
7549 4984
4900 8586
6595 4037
5439 5241
7646 6106
9775 6946
8982 6751
3700 8217
6057 6760
72 142
3704 7898
2276 2763
5218 7097
6512 1951
7395 225
3926 9477
7498 9515
112 9252
4104 5224
245 8784
8098 8237
4066 5505
7076 428
2875 7064
4627 2689
5511 1374
114 5836
9913 1014
6424 7220
2880 8924
3893 2714
2127 3300
5579 1908
2978 2019
4846 5042
1302 8141
4157 104
7488 5271
5224 1026
9695 9747
104 8518
9072 2201
5051 6791
1541 1941
4567 7773
6997 8750
1151 3983
1059 1770
3761 7968
3148 5460
7510 4134
2707 5628
2293 2039
6761 802
7640 8473
4049 6580
9021 5578
4377 9487
3643 8742
4613 3562
9491 592
2083 6661
2235 5989
5723 2142
9153 1851
5449 6986
8899 7419
5933 1147
9751 7854
1432 1018
6833 9352
1776 6764
3341 3465
3606 5925
8213 3842
247 5755
7684 1468
2359 388
8713 4900
8047 4430
6924 6521
2492 5772
4466 4721
5623 1600
4838 5830
3953 3331
5932 2904
6050 1091
1434 6371
8070 9852
9086 2270
2488 3553
5572 8275
4705 7313
6604 7457
183 5440
623 7979
5861 9262
2514 853
8191 2494
6120 9720
4993 2865
7027 7740
2206 6300
803 4186
9606 2275
6416 8112
8337 2799
4400 9066
7219 6497
3304 7280
4200 5038
3695 4933
3497 4811
8854 9216
8710 3194
2118 4984
8985 6307
4796 1316
9372 8057
8142 315
5546 8557
5351 5029
7614 1822
8740 5923
9986 7889
9466 549
2209 9852
6381 6284
4108 663
7269 9647
9666 6221
3490 1899
5795 1719
2208 4455
951 1830
2198 7632
8202 1746
53 4534
7389 9304
7013 1903
2637 2763
6178 8102
7078 504
5876 6613
3703 8960
5219 2316
4821 703
951 4515
4319 9938
8324 1480
9427 794
534 356
9032 5838
3769 5901
3847 2983
692 7679
7575 1494
6123 2035
4071 1714
3781 6904
5989 9245
4722 9210
1634 3471
4239 1592
8940 1653
5501 1975
4201 4199
6985 8810
1340 9988
2676 4355
7308 8637
1552 6065
76 5893
552 4567
9286 5871
1154 6724
7542 8976
7119 2692
93 9031
1712 6624
879 3666
9430 140
6272 8932
8154 4813
1700 2589
682 8852
4316 7239
2559 3348
4201 7569
3626 4354
2972 2071
5588 1173
7758 8351
2960 2640
4965 6497
5906 6138
1520 9969
2600 3920
308 8625
7938 9650
595 2950
5612 1801
511 4639
3036 5637
5657 1661
1849 375
2353 7849
5161 6507
5323 2691
8497 5011
2757 840
5792 7378
5700 2807
8392 6981
9025 9138
6054 2060
5272 4372
8813 4240
6643 4745
1040 5066
5608 8662
1571 8493
9245 6351
6191 447
5668 6414
3749 2748
9337 5717
6154 3851
1665 614
8012 4474
2979 6940
2895 7987
4266 2397
2494 6343
9731 5577
4215 8906
4961 6096
9668 6191
6019 2886
130 160
5079 3484
8064 4849
3569 8917
2323 4402
4412 2524
9881 5655
9243 2364
652 1012
2241 6323
2141 8164
6723 5509
4390 7663
403 558
4947 7067
4953 5810
7681 2456
2700 2868
2027 7235
6869 3776
2070 5121
3845 4795
8570 9922
3526 1900
3793 2069
519 2383
142 2221
55 4015
1005 152
1283 3149
4905 5773
1618 6130
7127 1289
7461 1297
7097 1931
2487 4368
7738 9251
5685 1759
8318 4777
2301 9418
4622 9680
1606 5735
1319 176
5042 9146
1040 6981
1663 3136
996 2534
8304 3517
9264 2784
9420 5177
8950 1995
9035 3954
4618 7918
6961 8166
3810 8512
689 5054
9442 7895
5722 8936
7887 6597
5901 2307
425 8394
6372 8189
9995 8831
7979 9755
7007 2634
8499 5443
916 7104
4734 2598
2169 7655
1968 9362
5510 6574
1642 4688
197 4014
909 3118
8184 2465
4046 786
5768 3261
6620 1874
6211 709
189 7002
4666 1796
7715 7272
4830 8689
581 2461
3948 9225
2499 2830
2692 9751
7320 3574
2914 5943
5352 1983
694 6194
8175 2269
4311 4905
4740 6083
4280 3174
6020 1892
7826 7508
4837 9729
8465 29
2206 737
9036 1335
5887 5479
1453 1557
2352 4837
2640 1548
7315 8756
6863 3829
3018 8772
2245 5853
3508 4681
7468 3680
2684 1204
1798 4459
820 4427
1266 2993
7041 7620
6616 2987
5631 716
8042 6275
1256 2378
2008 2251
3257 2024
8626 2828
8954 2484
8758 700
6781 9894
7031 5023
4360 5356
6160 8072
4347 5724
6221 1367
9084 5895
7687 8341
8067 7606
2656 1139
6164 1751
2406 978
6664 8400
7100 3580
9939 2182
764 5001
2206 9975
7088 463
7032 5077
2138 6998
1122 9004
2245 7413
4026 4885
1340 6619
6729 116
9537 6201
9775 9429
7764 5834
9670 6755
5966 6912
4010 2435
9040 7811
9648 1822
8511 7020
438 2536
8834 5320
9908 3726
9500 721
998 7874
8398 9188
4040 124
9850 617
4161 9245
2056 4233
6126 7867
9976 3020
5337 8510
7139 1386
7172 9980
9705 8085
7880 9239
9400 699
6635 9808
9213 1779
9004 2329
1249 635
4495 2516
3303 7870
4946 4831
1144 6193
7621 7567
4160 2031
1535 5227
9658 6907
76 1147
3931 6754
1313 3580
3129 8227
6333 3188
8309 1148
1681 6037
8516 2630
4584 3685
5569 310
5453 5148
8594 4597
3150 4990
8196 2346
848 5304
2104 5518
3993 4110
7600 2074
7477 5590
6045 9026
1542 9165
4776 5202
3506 2750
3394 3862
4266 8364
7628 6365
2624 5199
4015 5381
5502 1749
3694 9869
6952 1286
5437 9126
3703 9994
2633 1216
3544 220
6735 688
509 7855
748 7983
546 5608
1713 9095
3318 4913
3839 7377
3626 5145
4106 3673
7060 3574
3034 8963
8738 3093
5038 3087
8218 1611
9315 4565
8069 9627
279 1879
9612 2887
8265 6835
5664 5309
3392 1482
2260 3396
9911 6982
8700 2087
9786 5422
4494 3537
1544 9983
8963 3027
7368 163
6937 1696
2724 3623
7440 2069
3039 5830
6200 1048
4653 9617
5572 6238
7321 1399
5610 6421
8178 5553
9139 4531
9778 1230
5304 9805
9554 6770
4806 6916
2458 5892
8810 9079
1608 5577
4782 1708
4961 1014
3533 6772
4046 3849
849 3960
3297 2192
9338 2193
2204 2544
8366 798
2395 1987
3826 4669
3402 4579
2124 8425
8965 5569
7766 7515
2813 5373
7828 6725
7392 4036
7990 4919
7198 9070
6449 5016
7707 2496
2932 4325
2961 6969
8531 9097
5267 5911
2609 983
6679 3497
7873 6796
8209 8662
7125 9829
9476 995
7943 1540
9322 4894
7438 598
4390 5872
4268 5947
6327 1733
5347 5788
1812 1092
5787 1786
463 8534
3398 8947
2732 4017
9012 2198
1150 1504
7079 294
3685 3435
2829 3934
1910 6330
4856 8607
3734 9759
1769 608
1272 4249
5800 5007
8440 4373
2036 7575
7114 9033
8271 2564
4140 3322
4913 8553
1795 68
3789 9747
7853 4348
1512 5728
6898 4601
3304 1751
6189 2835
8 621
2254 2836
7235 2496
2580 4691
3825 1611
6457 2946
6632 2552
4230 8138
4518 6350
139 6467
588 6106
6300 6649
8202 7794
9991 3729
4248 1694
5998 2820
8597 9399
8491 2834
1708 8714
8111 4553
208 2206
7882 265
2101 7042
7788 8695
4075 1056
13 6128
2093 7098
7587 7124
3190 7702
509 2991
2876 2447
1361 1963
338 2874
6444 4082
1556 5111
7845 1641
2138 7435
6910 9280
711 2514
177 9288
5664 3428
7293 158
1221 5527
9109 3849
7202 5812
1057 327
6749 1076
9994 8492
8788 6112
3704 6227
7456 8847
909 4487
1971 8808
1514 7641
4107 9575
1196 3353
509 6447
7234 5354
2068 2874
4681 9846
1216 9973
3178 4162
6817 1501
1374 5822
3670 4904
8943 6274
6982 4511
1688 9446
642 1103
3514 7205
82 8039
4689 6216
3220 9310
2995 7976
2540 4553
7285 4494
6987 9587
2087 4356
403 5607
9437 1764
1441 2005
6795 6770
2048 6412
7938 1814
2512 2644
8417 6937
6485 6179
7767 9266
7492 1468
2841 2863
1581 8669
9866 2150
1356 3346
4113 1314
7875 3838
3384 7823
2445 6303
2672 348
5841 8676
8017 9408
9004 614
5800 1866
5905 2150
925 3158
9389 4254
3164 5440
1590 4418
8484 8291
1989 6048
212 9740
6690 8326
3202 6005
4485 1261
4555 1192
4689 1856
7638 4419
3967 4861
1049 7681
6676 2636
655 4690
8378 4879
8389 9421
708 7445
2134 3941
4507 1683
7903 2237
6340 8998
3324 3003
421 890
7984 1614
2886 3188
3016 178
2429 1445
8880 2815
7088 7426
5921 3097
9955 3768
5376 9281
5776 4265
4651 2309
9203 8960
2442 5731
8586 4857
1889 5058
9806 9834
6382 2881
8567 5410
9694 4851
3426 3392
3614 7859
7068 3644
9827 3373
5200 9061
700 2157
9329 8035
3023 7660
5849 3159
3151 7355
9932 8263
7674 8478
6420 7971
3163 1436
1721 3951
9803 7840
9229 7032
6171 3967
4405 6375
4566 6731
6962 3433
4216 4768
5904 4394
5553 6545
9718 2815
3873 6934
6681 1065
908 8345
7621 1330
8119 437
787 2707
6182 4150
2099 1838
4770 697
4720 8517
2332 6135
3097 7195
1748 4478
4605 6261
8301 1228
962 8900
1220 9303
3557 3947
7096 2252
7055 7882
58 7616
8216 987
9612 1566
9217 6909
3541 6761
5313 4400
1671 3864
9754 258
2122 2702
9517 5949
4292 3135
7485 574
8499 3085
3989 6705
3128 86
756 179
4523 111
6197 6966
3950 6519
8051 5070
5495 2483
4967 3103
4806 46
7992 7589
2900 9509
6769 1777
8384 3868
1882 1209
9453 4994
7992 2669
2221 5335
3172 8855
7097 2404
7377 6990
5952 9204
8756 7748
6098 8715
1171 6192
8234 7331
9158 5453
6517 712
2956 7973
8539 5464
8673 1033
254 2929
1636 2328
1534 9765
5343 9698
2025 6797
1521 3081
4545 8481
6326 60
6532 2811
7705 9416
8721 9730
5618 4297
6045 8280
9503 1270
8659 4034
3586 4635
8350 7551
9704 9849
4775 6214
5515 7996
8885 1841
124 8815
5512 4663
5862 7564
2147 5459
4366 1661
8680 1239
8602 5708
2658 5439
8882 2903
7543 852
4106 5470
2182 8310
2027 3257
8467 1774
4801 291
9783 8429
1807 7811
2826 1988
4719 1232
6299 3981
9820 2752
6091 9215
113 7512
4114 7675
8721 1350
5101 5720
666 4856
3309 5591
9254 6698
4094 5533
4269 8686
3002 1736
1600 8167
9949 2698
9775 7546
6200 1703
5245 9896
844 87
9641 3820
3125 3121
689 6632
4162 9756
6528 2055
824 4846
2561 1520
2861 2457
749 6713
3385 2431
1950 7302
7664 3488
8079 7022
5664 130
3551 4503
7104 9659
8213 5059
9572 1966
9935 5332
278 2664
5222 5089
4599 2078
9658 9233
7820 4614
2176 5744
598 748
3667 9601
7654 1759
9872 3080
3524 8732
9685 9485
9835 3137
8035 7869
8545 5389
254 4862
2639 49
213 4745
1956 2834
9117 1966
2515 1335
5905 9953
4128 8594
1095 7396
1626 1893
7151 2300
8221 1253
5429 5417
8236 5345
6107 4532
1727 9332
7803 6896
688 2027
2858 459
9919 4038
1054 9359
7462 4564
3483 5777
4088 264
2229 3952
9367 8690
1472 3717
6965 8923
1414 4323
7969 8230
2870 8457
2916 7263
4357 9971
1411 6532
5415 2515
3838 8806
6864 833
8949 3686
1687 364
6769 5648
2417 923
6543 9444
3047 2504
1349 4668
223 9244
3940 3729
1700 4001
7354 1317
9635 3975
6559 7697
4417 9619
8319 1884
9694 3877
8858 983
8578 767
8265 4997
9557 1201
6395 7735
6793 2797
9948 8991
7269 1884
9998 7166
3659 5953
4648 4160
5674 719
6803 1839
6425 4811
8327 1710
6504 135
9755 9133
9571 3326
8235 6676
5073 7305
2673 7776
4123 5205
7043 3589
897 1847
8363 2576
7667 4348
9024 3087
3312 834
7691 1068
1271 4109
5284 2026
455 9193
203 670
9630 1411
5025 4448
367 590
7051 3263
1884 9375
4563 5900
6858 158
3470 5477
4403 7874
2164 3383
3766 7211
3851 3691
1634 8222
6503 1267
6804 924
8545 2935
631 5762
9830 9907
6610 8614
6581 7430
5696 5497
8157 7233
7748 3106
96 414
3835 2027
3274 2409
6164 8287
3075 7821
3304 1734
3950 8529
4160 3113
129 3932
4039 2955
3533 5093
3175 4024
3039 6410
8857 8507
6985 8502
500 1404
4031 526
5721 2741
5753 6828
536 5816
4889 9469
8304 6934
7575 5632
4346 1449
7113 7266
5388 9797
517 6915
5840 3703
5639 3095
5440 6999
8010 7839
1372 5203
7100 6693
6565 7810
8640 7031
2459 609
6039 8368
2003 9840
7130 9191
3730 1891
6041 7131
6776 9061
5447 3535
1432 6939
724 9881
8031 2044
668 547
3667 7508
1713 1067
8684 3340
1943 6516
3209 6200
4035 7649
7339 3701
8335 5599
1556 6254
3470 5515
5131 6711
8360 6568
3397 9448
2158 4031
1071 3094
2233 2812
5543 1634
284 995
9753 3612
4848 1252
8476 3864
7112 1500
1360 8799
5823 2423
6804 3833
6509 7975
2446 3617
7277 9846
1261 3873
8039 227
683 3393
5412 7061
9388 4567
1058 1032
4120 5765
3764 7642
5652 9172
5174 1169
1706 5914
8187 6048
6580 3712
2618 8119
2024 7196
4858 1517
1677 8122
7563 4672
3670 2519
4510 166
2791 5187
5534 4957
9484 8631
2777 31
3834 56
8083 4778
5279 916
5173 9744
4516 3063
1222 9599
6740 7150
5955 8781
9502 886
6519 4758
6145 3468
8392 8066
4891 8273
6061 7299
4141 2680
6271 8404
3744 5263
6804 8006
3821 4432
8553 4156
1676 6054
9747 5331
6101 9416
1175 3218
2777 3908
6547 7945
6449 5383
6500 1763
2869 7315
3928 840
7316 2641
4040 2671
4014 8462
1120 8057
260 6623
6337 493
6949 6408
7596 6032
2348 8050
9706 6582
7818 2025
5604 7911
3343 531
3927 6824
6742 9582
7821 8001
738 8111
512 6217
3743 2669
4968 6637
6561 9829
6349 6868
8428 8809
3697 687
8558 7143
9838 1705
6707 7931
9168 2877
7703 5045
5913 7146
4727 700
2577 4108
8379 2956
9328 946
9531 5090
4928 5861
9675 4799
4866 2504
939 2267
8123 6388
7812 7446
978 4971
1805 9294
6387 9489
2246 8437
7541 5414
856 5268
8966 8876
4343 7507
6164 2093
6141 8525
1881 4580
9864 6141
4573 7947
8163 2567
8334 9302
1846 9079
459 2819
5248 8153
8947 9279
9711 3846
7597 6614
4228 4391
7030 6708
9464 6415
3516 2965
6381 9270
6708 6929
3321 7633
5625 9853
310 2152
9840 3293
924 9185
516 3380
8351 7879
1940 4634
1849 506
9491 2481
5695 4970
8029 1057
2664 5118
1177 2361
6773 8687
682 3126
2255 8493
1607 2281
261 2033
3001 103
4974 3726
1806 5197
6648 9696
589 7914
7376 230
4877 8938
3858 5335
5243 5768
1156 7519
3424 5390
8805 3681
3465 6249
4730 8355
7001 9333
5652 9336
8194 660
2929 1875
6695 5060
1763 1821
8853 12
848 5882
738 1822
1980 5186
6257 6889
9851 100
9995 405
9343 9898
2018 4871
4879 8312
1428 7760
200 433
428 9270
1288 2966
4849 3778
8419 3130
8514 2439
6985 6110
5414 896
1049 2955
4028 1999
7481 6449
9642 6450
7294 2194
5589 6475
