100 100
4 52
30 83
43 29
43 41
37 38
80 60
2 5
10 46
39 88
46 97
17 80
53 12
60 34
22 1
91 15
10 98
64 75
25 92
72 19
68 97
58 40
97 55
92 69
84 62
81 76
3 74
68 36
66 70
14 34
98 46
50 3
56 21
93 10
97 55
34 91
31 83
68 56
78 7
72 30
32 92
19 51
34 4
21 29
98 99
49 58
6 11
64 87
45 13
100 12
38 27
52 33
82 100
62 20
85 72
25 83
32 7
51 95
50 10
35 1
44 18
61 19
75 55
71 36
44 62
2 38
10 48
49 82
36 56
73 86
95 31
88 26
23 85
4 77
28 99
4 14
59 78
91 66
35 97
23 15
70 91
55 37
62 8
64 6
39 16
9 24
26 87
55 77
18 86
78 20
39 31
83 75
23 65
6 57
13 72
18 26
31 24
30 87
9 2
35 83
23 40
