100
141643296
512628816
674199270
671688988
964786824
119494810
181959963
156588527
409405562
593208902
214830704
279829821
728825288
60897932
972759619
907409653
272503898
669725544
411863741
151945912
680213798
841794529
124192250
65728333
818238951
618460250
799645424
308294203
433471385
569629048
943954170
475505228
248908668
890199090
583972181
593138874
123153368
398268292
738495270
337533413
616962459
293940042
17235264
21722895
542002973
525798753
665150110
499472263
474022077
174473677
925146215
673857227
515913940
73325886
238194945
15793731
870530938
263794095
251212140
185280924
58924424
339017565
790688364
647307714
927739013
806114898
668802932
91357404
501377746
295175949
435584175
90745854
512042709
257819380
871991502
707797207
32215599
343593637
913141635
266852424
743411575
243181693
941267442
607601020
504833467
694976569
622830049
934695877
431480488
228860480
212353028
579434503
21682716
4282140
652835960
236622774
864334760
477298913
534171487
978191299
