45
20
21 88 53 15 64 76 80 10 6 2 48 8 47 24 68 29 79 26 69 66
50
43 75 1 19 98 53 63 35 52 31 68 53 16 18 20 43 23 3 68 10 66 62 27 38 8 36 58 14 5 1 48 24 57 10 31 7 62 61 80 69 68 55 9 27 18 90 8 12 79 71
2
69 24
20
75 45 82 53 39 64 82 70 5 75 71 34 79 76 40 42 12 19 62 67
10
52 21 95 44 100 86 27 18 20 7
4
6 10 6 22
100
85 63 11 3 80 67 2 23 58 13 76 34 82 23 85 21 62 85 45 35 75 30 3 31 1 98 62 78 80 29 96 49 58 1 66 74 38 98 11 1 50 71 25 15 21 36 85 31 27 38 40 25 55 35 59 69 89 94 33 31 61 19 86 83 34 6 90 25 63 26 77 32 77 35 85 76 5 22 25 56 46 13 49 11 4 71 14 2 61 84 43 93 51 60 11 21 52 67 7 89
100
97 92 25 20 33 44 54 82 68 58 3 84 69 27 8 77 33 4 46 94 33 54 74 46 29 33 3 12 50 80 93 35 5 10 9 24 20 58 54 17 8 46 74 35 6 70 78 65 76 84 19 77 7 52 55 50 71 45 65 92 88 11 92 2 78 18 88 21 10 25 6 2 99 18 47 63 54 87 19 26 29 57 1 67 59 80 87 66 39 55 83 32 17 87 39 3 30 17 82 90
10
91 78 75 91 38 83 7 91 78 85
10
31 87 46 75 96 46 98 93 82 85
50
80 21 74 20 20 22 58 13 41 61 32 96 69 41 58 90 36 6 62 63 79 97 29 36 56 96 81 71 100 89 78 94 28 27 67 58 31 32 80 77 83 12 41 100 51 88 7 73 2 50
10
64 59 17 20 20 59 26 70 66 12
20
34 96 65 16 46 46 58 38 93 95 80 20 41 70 51 46 82 67 56 95
2
82 75
100
1 17 7 1 12 63 69 25 70 96 79 67 27 73 59 18 35 35 95 66 70 59 26 90 29 93 70 49 70 11 86 40 46 63 9 63 6 38 19 22 40 22 28 95 68 56 67 58 95 100 63 7 40 66 57 86 96 98 33 50 99 56 86 26 74 9 14 49 7 82 3 98 35 28 6 93 90 49 99 49 30 25 93 8 78 10 20 40 38 81 52 40 70 42 57 54 44 46 55 15
20
42 47 83 90 23 50 50 100 82 32 54 4 89 56 15 32 39 16 42 100
4
30 56 74 28
10
25 14 23 97 51 23 88 93 92 13
4
99 91 82 27
50
2 96 20 43 73 92 53 84 52 80 29 69 56 30 78 90 66 2 10 5 43 86 93 47 94 89 94 71 76 4 68 3 100 87 20 36 83 19 76 80 31 25 1 93 16 55 9 39 3 55
20
11 77 56 27 64 50 32 73 57 32 31 90 31 71 30 81 97 78 41 18
100
50 81 5 63 51 39 3 64 78 78 41 48 16 76 3 85 43 36 87 8 96 17 16 24 69 58 25 32 50 43 62 89 28 7 25 20 69 30 65 1 37 90 58 31 42 87 24 4 87 36 33 82 5 12 55 11 28 40 72 2 98 68 91 47 72 60 72 99 12 46 33 12 89 77 64 34 15 51 45 1 18 89 36 19 34 11 81 9 73 53 89 15 11 52 35 20 86 75 99 19
20
45 63 85 79 27 71 95 4 60 7 27 75 8 19 94 91 79 81 55 42
20
24 92 62 7 17 51 79 93 98 1 3 34 78 30 18 66 14 50 31 14
100
47 18 2 15 18 38 7 12 25 85 71 79 89 56 27 42 47 68 4 33 30 59 70 54 3 15 26 59 83 94 38 80 18 81 97 94 16 20 11 76 33 60 55 3 26 5 89 51 27 58 83 89 91 47 98 19 22 15 18 41 62 70 18 19 5 73 95 34 100 54 92 88 14 48 38 6 66 21 90 86 17 38 23 98 25 15 4 8 28 19 41 47 65 16 78 49 74 1 33 51
50
56 90 56 53 31 9 76 90 72 31 79 18 21 75 28 13 96 45 92 69 8 49 75 90 80 67 21 97 42 22 71 19 47 13 8 100 51 2 57 67 37 77 24 41 97 51 2 38 52 1
2
69 21
100
1 29 12 64 70 12 81 36 29 5 82 59 55 9 56 68 66 22 17 96 17 52 83 21 74 14 17 3 28 61 18 84 95 27 51 76 56 29 51 96 76 50 61 26 9 26 35 89 74 25 82 77 78 43 97 11 39 97 38 85 92 69 46 21 1 96 50 8 32 49 50 92 21 83 44 88 65 81 96 88 8 59 60 12 83 27 84 93 45 5 64 70 38 27 46 33 56 1 87 74
10
54 71 84 11 98 34 53 25 66 76
10
93 9 70 7 29 88 93 8 57 17
50
33 59 17 34 76 90 78 25 15 51 94 97 45 100 46 74 42 67 27 57 84 66 99 75 25 55 80 8 6 87 42 22 9 68 27 56 18 76 94 24 16 96 23 25 82 13 96 92 51 86
4
38 81 66 7
4
41 74 69 6
100
51 32 59 45 34 12 31 29 15 90 54 58 87 57 13 8 97 54 83 37 35 49 75 66 95 56 59 50 21 31 47 99 37 7 15 67 72 18 29 23 70 98 83 3 9 68 37 29 52 8 94 48 40 1 80 76 67 27 38 59 69 40 59 47 57 41 76 15 34 63 34 71 46 2 5 30 40 17 61 67 34 1 81 81 12 57 64 70 92 26 11 16 44 78 5 34 100 49 64 81
20
1 15 43 22 88 80 58 10 6 68 44 98 12 30 62 43 24 11 40 58
100
43 78 82 35 56 6 54 98 53 36 32 82 78 29 38 17 96 26 9 16 28 95 11 62 48 41 24 29 20 58 86 42 12 58 18 55 97 26 84 69 20 4 66 85 7 42 12 56 47 52 64 34 60 95 3 18 85 15 13 21 47 96 7 73 76 3 25 60 70 13 88 55 11 34 62 54 18 56 93 55 63 60 97 25 35 13 15 87 96 85 98 50 48 40 34 84 16 97 59 3
100
35 63 75 42 13 97 82 36 10 68 35 29 97 6 7 41 36 3 71 90 48 3 91 37 7 31 83 28 50 60 8 50 65 32 71 100 34 22 48 57 35 69 22 77 30 60 19 30 43 13 59 85 82 95 38 15 25 73 70 54 52 3 7 51 82 52 65 68 47 56 2 45 65 72 24 27 66 78 94 39 80 14 83 52 50 6 50 14 14 56 62 38 47 75 55 61 78 65 99 67
20
54 14 8 42 1 75 92 91 95 84 88 84 56 54 88 73 19 36 33 16
4
97 5 82 87
50
74 32 42 84 5 67 52 83 46 23 70 23 78 42 88 86 46 43 79 92 86 1 1 55 100 56 90 85 32 8 32 15 67 56 70 47 6 44 61 15 11 96 49 67 26 9 84 97 69 12
2
92 92
2
82 85
10
42 38 86 97 77 60 58 38 60 12
10
77 51 45 46 78 44 97 76 89 28
100
87 100 13 47 52 83 25 44 67 64 41 56 29 53 13 69 56 79 62 39 36 21 30 38 20 97 67 92 41 6 89 64 67 8 17 42 89 78 21 65 20 87 88 67 5 97 89 29 39 96 84 85 44 10 28 2 29 90 70 88 7 65 74 12 64 75 63 12 67 87 55 53 36 85 28 79 18 28 92 51 32 43 1 15 52 56 49 18 75 26 24 30 1 40 27 98 19 73 20 95
