100
471210 174784 -186257 97708 724190 631231 -533725 -290877 -156485 -719522 541503 877494 670418 415726 837505 -816228 -289806 60315 -260376 -761504 85923 764059 -561771 -130288 362007 569201 -492237 -320583 774260 415539 -724773 21351 911024 -765879 -575050 271112 931367 551719 43262 -111304 525300 -424614 -640978 995577 531916 965854 -677601 269514 -502004 -782345 261583 589724 481311 802275 -992760 893500 -682303 -772600 -717023 947693 282982 802668 -951585 -977561 616446 185432 793757 947541 -849757 -333883 -590178 -500157 569232 172669 899515 -6958 768468 447227 -449271 -110306 613137 153887 -488945 -309830 544747 -350456 216839 -340556 755139 -354482 216977 799438 -812487 738782 -395167 -722865 309761 418053 -453673 -589141
100
68 70
20 43
76 78
5 40
31 76
76 99
84 85
41 85
66 89
38 53
71 94
51 91
11 100
54 82
35 98
29 49
47 63
24 66
26 59
69 82
76 86
21 48
72 81
34 64
13 15
57 91
37 37
95 96
55 56
25 59
13 83
31 94
80 86
37 46
7 36
7 40
64 78
36 98
20 26
12 30
41 49
8 86
63 96
89 93
99 100
66 93
18 72
40 43
73 93
71 86
18 66
4 61
19 90
14 54
24 67
91 91
1 37
42 50
54 56
86 95
46 88
37 44
75 91
90 98
97 99
23 51
45 90
4 81
93 100
22 57
75 78
9 14
81 100
59 59
69 85
100 100
51 80
31 34
14 19
68 100
24 35
8 89
95 98
40 45
69 92
7 86
40 65
21 61
3 69
25 71
30 48
48 56
30 34
51 95
26 32
3 92
80 95
58 76
90 98
18 44
