500
632446 -589099 680849 -131510 178885 373291 584310 -998884 311777 -748874 314130 -249756 115370 -721357 619449 303277 -752088 132209 -93375 4043 -782409 -401601 61672 -815927 26340 143169 -231537 343444 788996 -586529 425417 -528382 699061 -847482 483712 -839111 -535323 185746 -269570 -791367 -389439 578064 960125 -148120 -29987 -705028 909274 -830884 796196 -432524 303519 113567 438575 -274856 -100819 -617595 -674017 -973461 -78594 21886 826391 -638019 108826 862490 -667803 619153 -143529 947247 -112235 -955159 -841759 472444 -457860 403355 -984326 -863033 366023 -792036 389691 874131 -814562 -760027 960812 259511 147044 -220301 104601 426310 562853 45186 314383 929738 925339 949051 444621 275764 168825 -800135 -654710 955263 -189106 509369 567863 -570984 -229988 -248307 540495 540405 -874073 250729 958181 47437 486368 850557 -64233 -837927 441314 -313565 439998 871973 335889 404856 -199583 -736612 -645891 -676979 -176208 -413986 711729 758095 951731 -541427 -535676 937372 26052 5110 882158 277544 183410 -893879 -694234 -421372 760161 496385 -122004 196150 -740011 -595608 -739082 10122 -612225 -288367 98510 121517 121534 -469857 972898 -275219 689324 957235 -634032 -116026 164210 -519903 475854 -496763 -702261 -851826 217064 -276750 -351195 956355 -464017 -31151 -331970 399295 -848939 168440 -468544 293305 732522 -806931 817645 53315 -244054 856887 -25291 -533106 597153 -698724 254077 383013 -425443 433837 -933015 -459070 35124 41500 -166688 764958 146426 999404 606203 -788157 -545859 -129263 -428360 -61030 -360190 -507535 90523 909018 -789227 -334551 423780 -695823 -957216 866004 -538368 734748 996792 615567 376703 971040 344421 873963 -927863 102977 -165396 245350 -28483 -272276 -126042 -289506 -574440 -522407 -521954 890023 -556419 536500 212681 229845 -31496 735570 249477 632145 -236576 -453691 -707748 525861 -763691 -833805 -171950 -415726 223378 46783 -432020 530313 -433584 360832 -240859 920644 182373 624012 915135 -250238 -533192 -680317 582183 -580538 502024 -965806 -298602 89949 -638079 855263 12536 511145 -476769 -194752 125897 229527 -178044 -530306 -804691 818334 850209 -992954 106239 814774 43913 -610763 -951276 -228031 271661 -395347 -792995 -608567 -836132 -175913 47889 -65670 -777693 392365 330380 -605470 197230 -664763 -822600 -413257 642833 466554 146461 -484249 141150 999012 726334 -162574 -821575 -796691 -167659 -734276 -440841 -400103 -883546 977617 -154413 -351682 315372 -933846 972466 204730 -55480 181105 565299 -82684 841671 -559278 -6667 -960917 -104420 712840 161847 -222829 714862 -165230 -472317 -671022 -387940 -781480 -966611 -530291 -648187 -168237 -15877 927629 -634371 -791352 -202345 -305535 -583784 871596 -608535 488952 294608 178402 -738210 885627 -331272 -726424 532132 609653 784378 -588959 -375632 -953855 -3167 588873 816828 78416 939309 -275350 87721 263934 884827 -687916 733381 -832017 -341427 679433 -732602 68432 -612028 -546409 -38236 772871 -897470 864746 -714080 -965297 664900 573753 -769220 -124647 585431 354615 342604 -704856 -405764 -112106 -997640 -517347 135320 -378257 777019 -903978 -875128 302590 935321 974710 -117542 -365732 819184 792801 906587 877484 -426565 -643853 -730202 -247349 263963 971524 550611 -562905 898576 -70931 937632 400326 230530 751122 544242 -305776 -997145 -449408 -593459 649391 835732 862127 260895 429343 -663341 -894901 -529571 -323086 417859 -81992 481623 336360 -846231 -32697 204106 197639 -39385 799785 896162 723763 -417501 829295 126794 -696832 564134 128240 47394 94153 727706 619297 952674 -64098 96330 648651 -414910 -645348 -374497 -151012 740023 87253 -254762 -663107 -402349 -591990 578262 711933 -605658 -251282 834117 215123 654509 366576 -156215 70989
500
341 467
483 497
72 368
367 412
59 347
65 270
254 307
205 258
467 470
355 370
500 500
485 497
97 209
336 395
161 457
431 497
413 432
305 442
336 448
366 440
392 393
216 347
66 307
128 322
496 496
265 382
152 393
36 54
318 481
36 82
256 372
442 480
470 495
236 316
47 207
223 481
245 407
241 242
111 338
145 466
18 402
458 460
489 495
68 368
76 450
201 392
320 482
460 478
72 224
253 276
455 496
486 499
244 461
420 472
186 428
272 448
451 459
356 473
176 379
490 495
263 338
406 406
251 278
189 363
227 405
150 333
420 424
54 364
147 434
182 213
171 173
337 404
245 335
289 460
334 381
154 410
80 350
272 495
435 497
56 71
132 290
335 491
458 466
274 418
246 284
51 171
63 360
341 393
268 428
151 181
278 466
179 238
245 286
377 468
321 374
344 482
182 213
395 450
444 486
216 468
181 484
168 483
395 398
228 303
285 445
72 251
162 492
226 332
423 477
232 402
473 488
442 488
159 159
317 357
244 277
453 466
335 402
379 481
15 483
289 342
216 276
299 350
338 494
227 468
357 499
30 192
40 268
395 411
93 455
48 473
27 265
184 466
431 479
468 492
74 376
162 363
118 295
330 442
453 460
489 492
271 464
178 280
293 302
84 453
172 179
121 283
193 212
209 430
161 473
157 367
75 88
235 472
494 495
119 394
104 410
264 315
195 231
145 394
353 393
367 387
443 443
476 486
146 363
333 465
104 403
349 472
26 194
451 470
410 432
263 435
10 119
339 364
157 443
468 468
91 309
104 188
123 197
428 432
271 424
293 369
307 404
193 253
330 371
172 377
424 450
117 353
304 452
25 381
312 468
435 455
491 497
77 115
306 492
429 455
123 237
233 395
466 494
185 219
46 137
270 314
347 434
139 365
365 405
94 152
474 493
103 393
473 486
33 329
62 126
77 189
112 295
490 497
198 368
332 403
383 400
155 477
97 103
68 438
230 326
411 448
142 414
261 301
374 444
141 464
333 477
134 309
289 302
8 111
38 256
414 434
365 374
212 310
333 494
385 464
465 488
352 461
436 482
5 69
260 294
271 442
267 426
434 472
494 499
253 446
478 494
449 457
439 479
300 333
418 423
478 495
259 361
257 351
463 500
410 498
3 218
22 418
495 496
285 444
34 319
44 194
331 331
23 408
262 432
127 465
89 151
479 480
224 350
484 488
414 420
277 322
378 489
299 305
10 258
464 491
447 480
454 495
388 430
338 363
417 431
289 478
367 426
7 371
146 378
450 495
39 259
486 498
152 427
182 252
146 440
272 289
490 490
402 456
103 385
325 486
362 383
160 213
443 477
132 317
26 407
296 374
335 431
88 303
148 434
296 483
367 433
266 335
176 426
88 494
148 429
392 448
390 462
201 220
122 382
43 305
300 436
17 367
3 194
380 414
469 472
404 407
283 301
42 106
157 287
288 395
28 66
304 498
365 477
481 485
218 426
82 145
35 98
462 495
82 275
468 486
414 460
478 497
399 439
149 464
140 217
426 498
319 329
395 395
285 351
77 420
272 302
392 453
147 253
303 403
471 492
378 413
453 482
147 415
281 439
331 338
345 361
7 349
359 370
258 357
268 454
408 425
225 393
493 496
435 438
247 317
209 496
499 499
245 413
146 344
101 384
231 498
239 280
290 302
124 453
79 323
316 428
294 396
119 498
110 461
132 168
41 186
429 479
358 434
343 418
460 485
192 308
119 149
462 491
249 301
480 483
161 486
322 437
432 470
37 345
235 293
496 499
107 440
74 97
9 164
298 456
110 204
235 364
47 384
479 494
109 123
300 342
268 400
206 427
145 231
347 444
463 490
11 336
224 349
418 441
291 477
55 142
207 281
191 492
37 459
166 498
354 411
266 476
389 401
36 189
346 474
141 457
243 269
432 456
262 414
154 277
386 496
35 246
476 490
309 456
430 454
271 475
324 450
394 457
332 426
6 466
372 419
161 299
378 493
286 452
245 463
23 168
358 411
317 432
126 477
253 433
385 399
187 386
483 497
127 419
223 304
363 442
100 377
398 420
338 387
365 450
396 499
428 455
250 416
396 422
354 357
219 394
101 317
267 452
282 283
252 324
91 461
249 372
433 481
192 480
18 455
206 437
276 291
480 498
4 476
376 380
72 138
108 184
335 345
442 487
332 360
316 397
449 450
122 151
328 330
210 343
52 69
307 333
351 356
331 440
210 273
29 492
79 258
439 498
451 498
274 462
455 485
