425220949 1000
982325524 654389478
791792141 762827027
573041373 780084823
326603025 393919929
650937699 34882031
61735242 601075725
281931185 875540845
7815787 533849018
518749410 300390360
743498312 702301033
973445284 93958010
681419134 535314154
836172725 932002331
651654193 558982453
111022127 510072382
414839277 505990541
197814357 296234500
393890544 707910347
317247532 489583269
843958578 914463406
843785952 505106759
569022749 907686098
767908849 137881117
422417577 204933415
798820502 121290788
908824240 974950535
973024377 375611449
478652651 433236420
789016494 900955974
817699669 721072551
802058758 283422623
645643479 915095486
652261207 594274906
171338888 371262420
687569557 698147463
796056278 377445998
541188627 347886270
706507376 476495076
178748379 923499126
352668483 651317433
238134001 407970978
789116562 596574332
724079224 966845408
162859940 801369047
78775117 646598759
623747389 363293591
635935217 671124808
121279188 891482911
885770368 975460502
958195473 285911383
854641297 3480727
244098599 74546536
713589030 410462723
668343021 162056439
521319271 237324788
341355265 794215450
942321980 181475583
227489216 866114804
214089265 331837335
619632434 730893094
786577789 865355197
143759609 411401730
795974522 898893574
55524495 971949708
494861044 455523355
316485082 214145169
535196601 193331760
30585976 512292734
732914191 900109000
311171410 547129721
857074885 128486411
540289934 463301366
844986677 945653905
733780501 807377255
899931815 38000349
279549407 785478630
439020430 466892817
364519206 169905234
754229490 148858480
210069006 287973736
39157811 348006892
277906482 972781831
860902374 727284176
850692025 899035161
638589020 76233665
283568110 358530920
12255745 876607104
192915984 217628494
146584028 42743661
341401406 916726848
303271112 659765581
465566678 164236691
645927845 832672891
63898625 113475945
2551837 460555908
670550283 740133252
745707361 827856649
96510646 103027648
16569404 986512547
36404494 126633375
154365929 867793664
11586544 321742653
203467667 639037023
190979426 56731913
766876897 294962781
1637902 907034949
577677696 69031817
959435335 76134557
291248587 865557179
41248855 768124186
475255284 531891352
50158701 969849342
597133282 469445656
899355296 287277937
141901005 255783235
642712218 609754973
217736404 676484020
607873267 199484111
330015858 336387929
470310328 520145569
831009966 706745757
820176183 944043178
796444608 493742066
674199193 627842371
214757628 944190685
579417876 933011281
490411869 485031986
456058757 948061431
443720838 356344940
250164909 458545009
118974939 909693263
884376278 608679674
233743935 313557173
115809526 271546920
166869922 803905407
768337149 351375102
240273021 688560924
986503219 324618265
808893448 814000952
836420665 34843712
91987669 232522149
864392559 801614922
140374722 840973134
829223854 614253941
767479123 74216848
341674436 692088353
248599058 521665926
161047656 254630522
232276834 599612863
917367773 797206113
383619024 407941317
731150858 133258495
274698787 27106938
644455283 964659738
156557122 155523178
729084229 354833272
250560620 657259764
620348119 438469312
438693356 989156068
448306067 98697312
436763136 959647441
223499684 230678867
72397672 388330486
292452094 370302869
218282977 639240382
627940661 189523079
685888506 350955088
437427627 251616532
453670906 713432818
929275940 691684273
972438897 51986574
501642026 187645156
61774369 419690165
154566450 758996706
156746015 583771565
995909962 640618011
575085968 172160373
903734756 608553534
917752968 851208021
867491229 625766633
959858396 543482583
859018583 578530646
73813914 744776186
746202608 19934738
397615425 102198402
5176835 481341598
623192122 46216694
990827115 927303841
52142683 596823000
483254241 73100657
673621678 973322532
926200988 307134824
155202869 873422631
203366416 199482028
836617847 191745735
624740685 846507703
902372623 685351325
434598379 380728467
517084882 505085953
906825106 729318539
382987488 98663330
585018486 956473470
407575874 22288220
140308362 854704159
876697211 698200414
270967364 257782739
207112022 280159422
486343398 177934798
659627356 119365091
111184486 141035765
777421702 251895217
650014196 71243498
956229650 89231734
295409330 181294860
350661636 593927232
536392060 330807063
850515970 670407007
489966898 626476104
461543349 868391220
928278873 361150553
43532397 598984107
939715031 732508965
644624306 791379517
574231545 625277616
736161763 401816423
736065078 448756074
503484048 470862204
638447358 34490228
756654926 975695384
503042260 8940663
181647971 775316669
688256393 263978580
786236171 800054670
400731455 845573862
202922165 424097042
772541059 816575661
758083765 280182899
577081306 668999915
417901623 542580801
544051328 7854419
33671701 846090398
884872798 46554005
862866037 386004090
29327692 890177530
622294343 957778497
29271770 140654903
820212891 734552144
439809687 779677998
760206943 211558449
794761955 801436899
800279608 362840122
550020244 920249109
253631055 436448520
758754051 462021218
936737456 666692641
504725390 446385566
414781747 490753670
843906441 806241983
980238567 840775296
389573345 588570918
191755661 973113926
942576770 525770855
445372791 413217558
721979567 42483973
51739942 934078157
853915245 627549051
652783215 464337892
503706769 491796788
145361102 388056234
285021687 524793140
761222421 211865002
53513486 484353332
863458014 426848531
971174380 983096505
197343233 90461172
529599402 342699763
833803586 791564865
176495037 884763969
936681357 373184424
310754516 261869229
389200840 595376631
445555697 982641606
996984617 279686661
900325600 268227250
790876814 975272937
237410366 740383133
472261532 663207912
562305597 360082250
468404080 748595600
336664919 938310171
496042689 743388340
78836109 193217697
2306807 381402042
331004666 885052993
390077732 166025237
560941059 133428565
767093726 643811783
137534100 502443010
982036973 476000434
142922298 106141213
235776110 813932607
333622533 305449217
567877071 869107046
10405986 154226945
286065285 518049476
602446864 553013178
517801421 112195115
538208417 881633020
879510305 970931254
185662956 67656512
137651794 314116824
892503405 821846915
856405260 256888354
804258250 933992056
610620769 111995931
69528479 782619491
947858374 759331578
996011252 614988748
261777416 408202569
228279521 153938855
756042332 18806014
348809840 991898213
397684220 756151810
931380436 943749530
641380304 175386231
237638419 763332911
652902941 471997491
527344956 583335189
463663639 154495059
741836561 697629396
274002199 43586357
368369709 752660676
583415909 56132622
117530504 980182956
593749613 904266681
380825980 705956343
340232059 9207026
489270315 138969259
209252782 932850670
468532126 565124957
207956328 818862475
412478793 169829436
279560233 889887104
681148432 549114835
398477818 281170840
616987234 373907477
936564430 660500777
326135954 878117503
393144946 41545472
353545723 232487691
326837380 508560096
533074030 446129744
554596395 723962597
213147408 212524836
248488376 19675517
524251424 865927457
899837021 627501090
928985470 214501940
973797460 136177521
311163149 689768637
682506838 405998585
482929690 799687329
829608736 988752037
458262422 1193424
779429617 154336690
253371906 848365527
463425914 457868413
928976683 431426115
37854835 25188799
555538630 347384297
10175917 10902397
457300132 586801499
893402374 762090886
58249177 891892096
119869855 118416537
886707781 849077866
808786159 957448586
374787520 16826740
64559794 269450475
802133397 307005449
966740715 90349265
103954710 365245746
962614869 521517083
38213339 717803740
225078530 154772587
1999719 280193816
591925403 956295772
292330679 16806016
782659247 539757106
796701065 945855130
356019139 984195996
264826637 14354925
188663096 438230289
320443627 191164963
922945822 220547159
451444469 345100103
528486509 638914530
453949264 605817747
791707132 355567120
281550785 48463054
293532794 61502844
43037108 354180128
839131994 707099534
277556540 531838091
343664732 864425652
466994706 579972845
940448459 810943593
24030495 132487939
339877461 987930194
944125009 472216550
921157000 693092971
462295490 689705637
399345883 847875303
706416513 28988960
866814819 269683716
260844972 401652949
306319992 46681485
723641599 715454599
55177583 273440217
964067621 167974602
227667919 199161569
345207068 446831148
611846886 213000771
569052227 980216917
466950904 421139096
270152970 245904216
37984151 220519164
24545085 411868123
832291395 397851957
432148663 69090319
848138963 886096129
338017303 723753091
400754982 121062394
396698223 94318489
254897209 982811945
943763277 684886469
959442563 542746269
436179928 672144309
822112186 93063859
614955950 37756204
94177226 368009273
887501494 383576089
814967238 915283719
728437035 983305742
651858983 953447535
849917060 213719070
603598844 22594264
259951234 46613894
541326981 272976753
43625303 833095956
457698880 555899500
978867110 467059403
512418209 217599414
595257821 252391963
314790552 920415272
410192126 265442124
781342869 47538147
529556676 335815884
492470999 851800817
492888687 954805437
853109544 102220151
848933231 656607493
825622081 859203942
36652694 688840941
883784971 711874481
421409282 13490803
397362230 29693877
136516850 910093374
352073816 654836617
201792475 407197375
658424090 234670852
616332979 509542562
818157545 858078120
489813170 370944029
382566088 862823859
164177206 572849442
540836414 236653437
712919159 969090537
815650738 389923414
242837177 681141278
636939005 75474430
302320511 324903965
965199008 322044843
338861719 828620826
908301637 61260428
201025115 674741307
74818497 359376500
902368726 30259915
86617786 63181759
160126635 494773338
364378461 427167373
25648448 211953229
183419629 941144988
276976906 795934625
358665839 282341785
27614353 165633984
754723300 279154958
253132351 539121939
538092175 542297308
353554669 567520781
414021939 441921004
361557614 961740007
653352958 859544464
839508594 7910435
100036872 454081261
326936718 719012403
340985358 742606539
284325487 566419415
270510443 460820596
972151117 754495128
853073900 921278742
278885562 759622790
762199702 491767597
287392767 209381241
214080799 225651872
924717603 884361142
563923986 109017634
421993843 962519113
47434172 511367036
928433588 910734874
891684534 170833469
935979177 367756123
737029086 707575270
620566269 576649396
957202668 219502575
222867386 268333784
590609608 471279786
689456652 980538193
249068780 662304179
366087098 610959052
181832856 561543243
304124214 211887791
903256541 22950248
941450639 145196863
712612208 510707597
22576254 24060795
336593423 147767046
420913116 864763117
966224722 945976471
172895184 296927315
205692605 795697348
743427671 145834067
693223307 64397692
652758238 947948324
326315092 165358090
530746166 744994100
747251796 441827784
239596335 450137048
247752541 523723810
274767988 461328271
474166128 816429563
28952499 81835523
422711021 745483933
608487479 685027825
788688799 857569578
923683055 246259706
765149439 919403346
161728973 264096644
134768127 708237470
10360843 671112323
48718280 173743844
870466113 948324917
166886772 582260493
89450465 438233704
27697283 223517769
407779499 373912228
766989052 319959669
145252980 374414476
891086499 690935181
404876967 826488404
82584840 454745501
739423039 488737986
556876470 107083829
283000163 933954268
833213755 836085614
492433766 351563261
466395844 367059992
981206833 963999215
665701941 485218185
483758650 470008395
148350812 31940019
74071069 683517240
305887684 635804667
858011428 992249684
942119114 204735983
581996979 211378485
807201978 842492643
821741399 658771707
996387371 833553064
474206814 421223275
186683254 653690934
89524232 584177313
636496388 676622420
545094961 847562135
658438147 596571652
721476118 875202569
437224653 913480955
684816005 197132038
615811193 526770575
642508877 121799982
665393344 791992542
697460563 375394997
33238115 987587581
898212855 659575600
596500932 955669234
871752593 595403750
600659961 741796473
900012509 125880365
474246919 941770769
855045181 875878338
233939710 11409960
225837718 195320473
248334451 203368969
63459165 495269048
633044861 259105508
319377420 122889674
284161206 109059630
954227050 477971347
866151872 735728215
480179543 287385941
447960882 779839979
486132546 5062211
903941831 666026553
151828551 362781962
455523854 712941575
132339439 552178832
407382068 500755101
962014634 661365008
120654034 988058294
338240356 213741101
266405891 500776611
652095954 898660875
377552105 718609567
72714650 559922716
935553684 966518845
292660392 650665893
300186991 720556560
296200802 480382593
375820712 693201564
360813155 494957301
837778771 946976657
686122571 254413618
35819653 686085162
103236421 866865602
406021385 812730351
111577329 701148380
523968862 868045434
278849424 725426599
11208380 701603976
66091040 848743941
418044972 902276980
900009106 286216695
125535233 830464255
99314054 972337421
632778105 211643066
315729196 967871682
772412153 546446965
906727862 3703481
206139579 874626138
316739877 863700609
617988308 254281130
221592504 765038642
354647340 753664411
541892872 370408202
54077291 290669827
179316960 495963243
236329709 948289266
386150047 312504682
580156547 893127845
565363800 894576062
385925673 561015582
928328886 823224521
240561038 861259689
578530197 98406372
969928105 259707047
290665003 871188064
902465475 34706698
734598969 351986613
870572208 20151481
124852177 898478353
161734383 850098993
810971513 369481395
923960251 714417553
537795495 797345306
45530574 539649788
971480663 468114405
26907234 522587770
385154235 756560805
677121100 368697464
73632389 199567302
527232983 177430364
868088203 645011969
280381114 141033873
40662694 36914860
964916480 591034587
506950499 194281994
886398020 790962749
913189167 5868918
472312283 895623698
293537850 427253635
997816434 367778288
199176207 972359887
281776653 209768069
947319643 653788127
577195352 478498720
11037293 896703700
169513133 699413608
876233361 936699834
766645013 36230008
864985647 30031658
275004347 146860551
540786927 726059197
907596960 997951096
529686289 614116134
235844385 692946963
955986773 446371354
769688129 255873914
734900002 83547166
500445608 984030596
393956051 271256056
39083102 70149037
616814645 446132613
758563916 823248461
552761334 731068678
405812503 937563111
422471540 89357119
933575039 356813879
262191966 552404672
889660610 196074417
117113465 407944272
508944063 43918202
998239355 745440173
466855331 441953446
467141070 178753033
231856629 896383601
826352656 926740066
777775786 940849556
276767498 34452707
379480606 596497283
130039640 470143465
239794144 236834964
671524580 291181903
505798211 129899966
549931946 855020269
94078139 937442411
228078904 435931718
313778584 585739350
86644365 333852974
946722161 412129781
399718766 370620406
367881848 112144251
87818245 468028525
8042857 118603998
454940558 388814061
155002344 719206937
597170665 637092246
334179925 199448179
418416320 735975856
839854308 713151893
188762534 576565939
685955803 912728291
436940724 588664551
406407421 250349891
390790664 783013327
783293458 630741101
224080655 94150299
760151836 6438739
705045724 829534642
705693318 28260960
589752879 793616097
377477891 340092794
485657509 557469043
165079456 122745123
158199989 836535289
121568721 832148018
949447702 848826742
539200460 124824253
656624915 992707809
957318625 632436200
293716216 109649059
521337985 220709772
19516566 310365994
763036934 510827487
8138298 792459482
817575999 739617728
633290841 357118233
815621420 607777686
434839621 350968531
506961960 271864454
355147686 787026731
799445561 835601370
418022961 413490327
277494869 189165747
442592515 11264505
609330676 94621859
426642494 217663280
458793984 273784122
51237061 41218277
392910106 98581544
627471118 93150773
413906657 798406988
952364321 859956077
405841717 555021229
897957640 63378886
87239339 848116672
270486927 252962285
748318988 479603319
558330431 872008950
337378430 731135958
919426180 464533867
802143060 469816003
605435024 285846448
356351872 739430043
209370295 493140683
305008638 770229787
652029533 468795922
660664853 4692127
70479902 659789672
727734485 65445647
311934391 711293056
855065097 202483563
587450515 529681084
684002632 605393122
994236170 1771311
386899304 971929519
940281100 93103269
527078282 621516077
557018310 814449829
724245169 904626344
225700046 792804902
455871757 391457883
762020525 749383556
171733942 580439435
189669219 998219326
290893316 581661179
755893657 812910442
788427564 974578394
259571761 969309780
874640623 828443236
841744963 946639579
216240373 394094144
240958372 600007908
103856683 495202190
464573333 687254602
887020582 17646648
295807699 324871530
925406051 714260293
514516365 595727082
758327117 440546325
931840199 341340933
860425112 624604719
321596321 512108420
284807263 536766055
978440215 738909794
951621852 624395021
811990220 621985876
813229560 190663275
968587712 786229681
116233713 828484166
953802338 95509133
204685922 672264139
969805890 997213336
384924661 180186653
284148691 148991545
966396113 707213469
763205207 55221012
609643193 989442578
116343608 888196659
775887261 281869328
668918812 728092953
123338900 907034293
835335803 965608372
86252067 748296074
231724129 392408817
859391076 881339850
975385146 226797115
321107163 471746491
400055161 613677024
610678819 800256044
432183540 60453388
646325772 563117550
302537920 79020366
283025410 71604806
643408730 826032640
988242282 176458359
367989654 678955110
703592987 299034417
599364130 971227313
348002053 957047780
436193357 604477315
708690845 21653767
116991102 589227800
250179406 814110321
127955562 659577697
636023439 558234193
170499740 450728138
237665562 747224838
895340285 35261999
300780980 496970990
635190987 403525799
905758828 413957999
963497735 489429418
277821924 856832385
881673559 981640094
322071277 300051600
279744922 16571097
431506451 704587961
109761470 956239937
925520933 717409893
201054953 393448916
167498496 928824899
202129457 367675909
808644265 535908030
33347417 389458802
854710636 85775306
451099587 928637382
699386807 846377699
837140688 259998318
20097713 850783805
182015657 959638888
254832642 136813961
112600655 450022683
524346975 472680507
484962707 643160175
82038457 64911572
205885608 928581891
930863722 905087746
688486084 339781690
347516591 749167420
343437592 828404676
970740520 869479430
157246526 768795581
102645633 171564368
167647613 727336983
59435645 465181866
75565273 618409645
272218510 931497782
944505010 664994274
607846852 188509911
532510849 791119018
887086638 885483968
939001872 792955298
301161008 847805718
195874275 338322879
392372199 119736435
451941384 47708123
151569159 452442365
455392752 765953138
413109068 639837023
117494341 933311520
127725521 16229257
179204986 435530891
630002657 847738870
194260075 47433493
438330052 977554616
760703325 53245513
689149490 791688944
333680251 287323502
242395087 819118436
764826851 572928585
386620059 739349728
930312926 987078624
884835218 126165665
55419623 522328646
452815809 992613548
651486384 742730245
329656613 34771581
952441640 82951148
133320726 646170222
714013025 423426785
322884431 85770657
689088689 348278682
617891715 743428873
61347755 938502383
563188219 722670744
898704839 765281499
581244372 727668492
842731403 22904127
345954316 183444376
90352116 248218344
733243175 493479053
901908958 848575303
59674767 923122139
387440946 574473257
697574944 645589178
57680383 445859289
772545220 721884384
415682617 157487415
72567501 841655440
819397898 945377266
488318669 821912303
547032571 484145664
894078098 766998320
439721799 808681728
781236242 824905338
92915360 380787144
335252522 441315536
489371200 969042594
327115050 838509555
788017641 515866252
