745164513 500
967177340 700087336
754672619 251008697
840167765 778697776
622748521 585109829
726033958 890262696
599755522 288069342
282776790 646983342
240289816 616194361
279972120 7398215
26242288 53670143
426377065 187807789
796589813 964909192
177014405 608546002
479753293 352557421
881957688 638088443
598045350 120028713
249588158 1705619
600079191 495306170
616606973 162932359
401037037 859272689
34326962 426540705
139018857 715777884
734275785 629961147
322707028 618144752
863175209 1814761
65702318 507119621
85569956 222828512
419057757 924573123
164839712 86225547
374536399 975187322
568441393 668258972
408399795 936456730
938724178 984153604
967667145 403934820
701638168 39685030
405753004 184847161
779831982 19529911
661825226 858720166
620195169 30776772
445962162 12873414
735546014 306746931
635451983 25637098
365856122 517844035
518241705 81132128
94950200 605626819
874915076 163607324
374414211 731032743
268504434 513257490
286756079 323252066
756516144 824554881
229676253 201050883
524670219 42297557
145549442 8099140
905951130 878372366
966883533 890156256
824764367 12508581
212538693 503715917
948131162 270031668
753856378 431348429
329589274 236599816
618288452 25971052
849758219 576213756
140327005 632097897
521541514 738009246
90401251 329574882
382544362 726453886
834827581 837385299
199180256 843158369
799724116 434706054
601373009 6233504
123500563 622628311
846155689 531384450
846000013 709860406
481165134 541150584
870136847 732797020
644566369 788403695
590682178 290284693
829359575 83258648
153345010 461232018
438180706 683050715
681817426 473328019
194064115 466063284
775265193 893778554
544251279 34051374
553173462 145710289
329031037 295874014
326186864 635214995
464614115 764436215
729481464 110572975
518972737 906694043
80956593 96492272
873194044 858291218
680309638 443383847
38061358 18610083
426573889 574424422
581904276 850162044
516342044 770054498
435812297 424888907
801233248 957447529
465405753 266397992
800518112 840159976
624101525 380427921
609153869 320605750
160607872 384376765
592067976 792378767
591253333 115359839
93113851 89223843
461350247 682257431
538353575 47742140
323743005 180081838
488430578 404465889
713270954 306126514
136755748 290716951
891683739 717470009
355000647 160606246
276143397 904479145
346399979 923552967
610703389 897067341
119418380 504329673
988414380 116895550
816242700 837688074
44168411 750703979
353261293 70695318
149831335 662532827
956552329 585437719
401446990 305437445
25416375 666113811
322777515 474631916
730718763 322951417
267583803 601633029
436429503 76890922
314991420 251048204
453283883 332632966
859483583 501809264
677208007 476521793
253326565 668554586
299473346 245894440
998672976 10639634
392546313 256634591
919681677 157246467
621741957 164713676
74501522 517111027
391665542 141938447
59286737 436330718
553452346 780012551
979431038 129594792
742957761 90121928
368952989 275572503
333583375 274557713
870380194 487789925
236168952 773100565
313040324 637076897
192489179 697641118
897947745 480295752
774709930 372819286
5299500 961950399
825377100 183169074
323792904 723159763
820193089 185242758
212630282 545387225
404782901 239321411
289817556 540231871
489432028 387934642
469767859 142906811
503524945 461229953
476147922 36506022
373349691 787736234
231602894 114043267
52254721 508860415
509960323 388045100
484598052 550459625
315566155 528054495
963641618 479610835
614023081 930341286
482558899 610446014
683078643 602137079
307970448 499056165
821306992 775098865
685790578 172776800
375443954 707448871
209296286 21517167
240741199 758501454
503665581 156458171
78263428 757416696
837936664 56704992
548798495 642520265
859497763 621229905
744375564 702170099
941748384 523711594
426317885 230459661
744278899 583058038
743108771 671316954
762332819 89485532
236793002 347710575
504007434 287017267
927001563 19995822
182306014 436052048
733012295 585460186
274806661 373844715
807157385 839175879
480531027 291084931
528227973 248169980
349828675 814694461
410583730 478507885
593273950 528662144
7590043 221256196
116421192 735450546
548029718 677086739
999683505 514063448
2933607 905117502
600309781 75646348
408555102 820809798
218102327 919913518
348799773 70076223
813060500 535560008
525636745 297616775
145232092 589058898
601971029 960120084
659187871 935863430
800209510 15797921
780453263 348609707
801541493 918236027
728893306 48916313
859892699 809743731
753400469 185751084
871596788 918899813
757587329 334578637
506874560 289376476
515628758 693703858
567232350 293851684
363076400 56365487
624852477 907955639
182948410 552074731
881377707 300430683
435463999 435849438
550068551 297225155
842630798 807675266
337861682 990435411
495471875 268044237
242993936 646683496
895626318 742475660
868492877 665018203
776332607 896708553
365777618 520359851
32777601 328640851
692795342 128326461
562220216 174722751
511614824 667080462
588793 587867055
699253638 924247032
269906040 117262227
405268532 79180054
311019014 925825452
346872123 792692770
773815391 876445243
968420695 906679704
610801984 429483470
56086688 357962488
472876339 527620476
306322594 524060917
263062517 424891597
989163068 738215734
242783939 184804616
517107436 735094983
52577645 266746446
571143031 690223575
869084431 508799386
885703246 470980445
122102699 700447188
388121432 504259109
8618471 565293
171490802 818086868
332442578 925151859
645053848 797577444
672410054 416721674
487105314 383603074
973020452 594189515
213687575 517386393
839425530 231514584
295670118 378997059
690414850 344395733
299714577 201936187
602332089 923580783
473287706 580996363
42217045 339385172
426797322 13081491
985133872 686743125
952256434 868738042
708594570 171311300
616897517 422825853
56867510 300595072
233310632 905196120
993595403 674658886
644793581 421067512
626724740 223360374
100488215 858941790
896193921 478298380
720890103 989018959
69985144 49885306
288550949 101447084
838295529 268583501
602427368 557147993
656546540 116035739
607783879 950427473
892813346 836527540
71883056 955752353
359560397 514857622
317271421 461589454
268843975 323321164
952721640 199886654
746509261 550663558
336279590 527153268
634023425 585446065
49420323 572969319
281350259 311067116
546208229 762491826
646919035 695292836
59799776 598658841
454690444 544215576
863297525 563278183
495449250 470431313
994288248 690580032
272897820 103077728
499554201 470421072
864241199 947091760
467598584 617341851
560165464 43120195
592074684 390827720
602752446 681630947
720348609 697650833
138605542 915395759
826421411 566585366
970538775 787476209
618002186 494905084
950140079 887846660
818989051 39407609
896302396 331252330
329328607 397953740
840925295 645095371
113675021 900936085
19828404 739288879
911928058 448032030
430544424 577472645
578530696 227226790
939626915 707123216
775129089 464098199
812890957 623144442
593199087 886915831
374364179 794072937
615472907 642143759
478477190 383045146
18736856 295366628
340245545 487825087
52128237 686715378
199463687 951030797
135463273 633528804
405925999 88241434
40237642 46199559
413958849 758179841
428087964 136508072
127054821 761428337
497448243 401806893
492926312 610213219
761731548 214990779
552923897 393895030
889421067 172879759
445127166 769240524
882817097 761583402
606762443 565714693
989662704 653620957
503857480 622474669
694468410 200664753
281576407 41219741
104017318 277651224
996160632 176008078
754463076 557064645
854576961 625957257
176483569 871224882
637932315 762862605
850375825 785989600
855473055 125832744
846879794 464959128
399905369 926035371
693013864 699860963
717171948 113550212
544482080 85742748
672280471 488747540
109627125 139234432
251955249 660423917
975751457 201343535
330040019 876288468
335957972 830036340
68015711 153816828
184753372 988863965
978581879 345278567
854066304 236665628
721823154 459229297
147668188 404551685
111765102 879508498
327978687 394082079
270259803 400799574
642451201 886053295
661990539 61348320
206086790 951821853
899441543 434689400
196718420 308317236
913753797 709140612
625173966 993890437
743823769 239018181
514875159 670361514
850992330 101186185
979741088 561868489
25389916 535233701
291874687 839725060
407608601 732460546
623093985 223340290
41093723 925906620
453218248 17127317
33848627 424337708
859515715 664798168
246600816 22305664
848747358 224532993
593617936 93920026
977498296 731355008
443117770 99847676
488263584 747899954
759509497 779921412
175200568 896645920
894608709 112714583
691199889 975897859
964449247 121615365
468941614 386273190
82092127 343036042
11432463 315925177
110862372 917101386
366132693 269247627
261301034 279952693
519551931 51286672
833858032 528502833
542664055 838468718
971281487 822348910
174261443 945555512
156499182 356534333
238018902 390844898
756400258 133439528
305184786 990272507
629602758 929070414
875687447 727446484
413558033 994262247
835953720 436091399
342004094 598758925
52738252 701325173
662038559 957512620
300324940 691426229
990797741 580234374
466470332 612028222
225108756 297609443
473413786 996509450
672568861 456011575
378530209 381812118
99549003 195253265
111952883 715292232
372876579 416300285
518000907 353539280
770881331 243451817
723592374 919252492
163911374 108466093
47494249 435322101
972286386 455924818
172589317 975457437
5252929 269629851
468061603 372236086
392161309 371351053
285868726 729432567
925144935 203565595
489739774 706224072
381579572 654459229
760258446 179820668
93970806 449314745
566122309 276960750
27940137 708821258
898135910 392447110
563951913 856004354
392594617 676682001
35574672 863344547
745001547 708081419
88281884 772616056
767907426 448479935
486838354 913433090
747612908 700815215
801854594 904778536
572376633 137529345
699373224 875330781
719578034 492597699
693527958 571381222
604002006 340139096
381671438 304586344
114896710 114035957
227492395 361839160
189998915 641366488
