10
377
663935 519626 884446 681708 646202 151652 939690 412424 398150 31444 751169 591264 174156 396612 837463 462111 996919 732609 22552 493504 159753 43227 214909 290084 278095 784555 422695 107526 818975 889854 647762 192477 931169 270119 126227 833631 306049 712987 766873 287964 512207 222839 539083 182144 228007 969318 657113 151953 540393 763385 300548 663700 960985 224883 805611 399554 572136 36735 686884 851711 802068 28740 901180 525864 591455 175397 476976 705666 232119 385346 648513 515252 718728 200542 711147 534624 392567 713829 608125 895776 955064 816188 360895 296407 112963 658002 939881 817576 268895 662937 579213 489197 945024 233041 846531 324294 647766 480665 252399 908683 315305 983242 310719 609529 486758 821393 13490 56527 73517 726884 285826 822100 483787 973930 427363 265407 618213 951825 331052 435686 340206 744400 339863 459551 9573 407508 398088 538358 443962 147072 761211 654880 917905 431172 301236 540058 867799 628658 39486 685738 347226 368784 46642 474536 312487 549741 856390 969770 586588 486150 937515 749560 30120 507505 995258 540533 65780 58004 349667 402345 507303 583889 52652 1149 352366 466016 720242 478292 216308 8451 504531 714616 225109 67516 678892 46382 803024 819604 975586 164810 60249 835440 764219 801457 417222 879948 528989 491155 480585 289287 974792 722381 782845 892909 195843 152621 582471 654613 52463 423541 52644 316811 265048 673618 101744 336074 423681 853678 461747 128151 136331 302972 205341 198097 783721 993473 603556 46717 86783 690331 295542 357138 34388 296247 576471 394944 681085 55955 930324 871270 340879 361221 255928 248913 526276 965641 914945 188896 734587 971115 175764 808511 132311 292890 347236 397684 159447 870055 956011 826451 691571 94080 280203 654888 597770 102992 67542 838565 726622 442439 183183 101755 133704 694825 983718 661046 252332 285561 232348 661558 553522 259589 984489 987110 117388 553043 68582 582235 98513 790678 136991 524595 164464 591358 786124 531244 292712 126992 102650 412077 872813 804264 583112 733922 648779 97225 457002 361541 747329 333369 718312 128297 776207 340472 902302 887625 460243 764130 886399 749270 319457 743626 318063 760762 580707 520044 312073 540949 682052 463784 883857 952152 473398 342009 381878 932616 142376 938798 915381 617063 332832 724994 206223 554552 585463 692257 763606 220900 954243 946032 908885 975205 422935 509071 331261 114870 326606 91626 15692 38010 893535 130983 580622 102530 159356 660639 193370 354144 136696 465048 622805 736383 54800 948307 791317 574412 934346 623141 247961 849112 186062 588867 908257 879821 294524 35416 416206
188
304022 795864 758835 154362 707877 131859 249020 35983 49983 200346 115581 298190 828835 865298 442327 360624 785919 60958 341545 21112 747663 782389 257227 566842 954817 370028 393156 341860 513595 637138 776755 506225 220789 205473 3090 55976 785635 2563 744761 857100 162445 393437 949189 347786 150257 926743 620037 449682 274855 84193 578748 613673 377126 617616 952256 706280 612401 969748 729752 729666 6401 738804 896860 402613 843036 569111 440723 574845 588869 825607 709869 549217 496012 248748 282077 366807 658746 11672 540638 800231 374692 876319 690201 681835 375405 359973 972053 420231 589809 19153 691587 525898 960853 990083 534404 405708 531079 173564 247140 971668 250724 234620 724918 740420 541359 543640 450795 223771 459334 832477 953694 581366 330927 372751 751799 222859 368764 989481 835699 623254 920712 512890 438271 655855 91472 496684 688664 649688 86757 260197 261362 343655 211816 830907 939816 52327 45701 763855 409417 55530 195620 160666 832194 929414 310639 655562 465916 57368 819917 252745 445321 283130 50475 881934 326693 60812 956264 524932 238478 981739 652348 173157 581696 560935 835965 220676 556156 554077 741527 902595 319386 60636 830532 467734 92492 878605 748184 471621 485307 378374 378193 387353 688251 634870 794166 449568 866550 223094
225
83224 690647 496586 503480 980932 922116 504785 13711 370156 7964 332695 611936 607946 36664 303453 375421 21590 330754 547549 440773 786096 605614 61516 653762 35251 677250 180410 163683 857395 74665 763483 785310 301918 966206 323897 325837 854007 332306 444022 962569 571066 443265 371799 319969 77448 671872 363202 796176 40254 7457 112863 42151 160082 515498 841251 848451 665519 581738 699047 803670 389313 177363 478404 466597 359094 797637 38060 427379 628359 955033 763454 393539 737669 871684 511654 839765 371437 281440 649138 680198 333559 893785 271538 128398 323690 156016 524131 732652 576429 440954 35969 579332 863277 691437 268165 172282 953749 691865 892051 369110 300217 899805 746381 881897 840922 59748 128505 235616 761650 927304 208065 632810 27436 176909 419319 273297 403908 315614 231587 629022 43490 450823 975339 698779 951791 607648 954778 47156 380793 489819 930893 699906 619061 157208 102431 808850 547234 939590 934344 679832 225518 703682 128843 434326 902007 499481 967626 987741 647341 242163 685827 274673 587105 213464 627014 871375 694507 46464 132463 274213 49513 818704 580940 4055 419576 737752 18846 169003 280543 603780 570618 958634 562631 206179 956669 324057 926708 737889 130173 363043 793043 267945 551500 485221 585510 880729 18821 734974 653427 625729 987379 99131 906550 169787 810436 974552 14100 778733 844126 30947 13777 39808 380998 452973 101758 15922 704061 917003 384341 217016 35457 866258 310103 521859 259624 677802 59572 507236 279042 378953 875338 462001 799897 142032 69122
340
416829 54117 973036 705594 710841 835619 720527 299149 891679 440169 877415 974560 530050 12782 920904 106841 656243 721366 183192 671698 275340 238933 735040 631579 964074 148921 767605 176411 605327 57155 828927 156345 87735 318147 592674 930566 906673 548647 169387 379016 466904 63557 46796 300604 504735 863132 292060 411950 167550 701917 577361 502979 646487 607642 184800 974418 78944 579512 368807 823906 31950 933282 463882 150370 987622 761132 578824 972665 215573 921928 633484 48919 198830 383723 345539 845172 715952 753985 522217 510458 55555 489645 720203 598838 440406 159764 683200 740211 908787 781067 880912 899508 29560 321212 335217 519585 351335 110768 510442 964108 805947 667248 434601 192452 160337 228922 778066 423784 159818 111129 797601 482696 470310 91720 491994 310568 85821 137861 735703 372904 198771 683080 230958 463242 398612 608678 519367 271188 345208 905379 723168 645823 884712 704788 954737 491146 380435 285665 99389 968406 68150 984019 828115 270436 695499 796029 582474 693237 740093 522736 254442 782435 43477 813630 463632 570680 651530 471025 529147 758610 307837 42600 998839 139104 660485 272196 197542 934413 912393 659936 335212 618103 899826 226366 345976 787100 649690 324232 989728 697505 878157 749422 312753 222430 119760 126270 61152 459901 403597 421227 717713 875132 906781 179875 323297 221567 237351 974794 82550 276080 365264 584328 380270 35937 608102 520403 128809 290032 895174 163400 756343 995095 98001 612315 71600 668201 587424 500848 412140 798449 348481 654507 315337 341814 28043 7139 110422 870920 268344 740535 149829 629129 936035 460603 378804 887703 509997 781844 189792 480444 327848 424024 886516 347983 48892 975580 840181 59884 605017 259350 227239 324960 792474 104625 856517 265000 227134 432308 748679 704850 605463 373298 886230 299680 156780 731043 752382 484329 345830 494418 45440 875999 805208 361881 266399 447589 499733 941007 577652 863842 35912 975203 753969 206628 684261 926449 916533 919864 831642 88627 927218 691453 272054 837211 986628 985715 801442 913592 421573 711537 44150 963907 550698 674442 440110 987554 548512 165722 783602 524278 305894 564158 830336 138150 568743 911426 402615 122967 713560 902843 626496 676406 266605 718413 670076 963710 22717 278276 320321 840933 950803 786918 345643 429532 567296 805608 894454 51523 221358 736890
280
234966 231377 80544 839970 239226 413750 1268 143633 838062 212333 768881 276995 212910 572543 149398 860566 219131 87781 114572 625510 468175 356270 59792 883705 352084 136345 728206 413107 112331 269286 165377 579895 701209 313287 960445 85165 886366 568596 598162 122600 321567 692664 914539 784406 876499 562247 529006 864622 713839 347831 415729 722485 131841 73563 622575 827734 974210 514069 629180 999780 257582 394950 5767 321751 268518 463148 58435 228402 224371 504199 291640 96138 35959 806506 358373 675 349149 313666 310838 874024 706750 852439 868164 725832 531868 400377 733422 329629 823312 827985 471630 300315 925139 133266 69487 70760 323386 941997 828622 33806 64397 23776 339173 117622 145548 104701 831866 407272 843068 756542 451056 771443 446303 686209 833051 967200 998594 869070 598306 306392 578680 530381 357575 48204 313963 465510 735699 826159 505353 85962 758630 128525 766363 32353 811772 43544 956080 276147 21324 35762 360009 174895 869096 77338 63924 782511 779330 888793 286663 730720 74912 848163 538193 749463 412079 442411 423497 117623 753279 297069 22056 40362 924674 209040 728226 406701 546900 389516 943938 151016 687985 198239 22133 490012 276390 994282 482696 433947 993417 467254 96854 366391 586732 284279 268335 146318 347508 116801 782255 792273 295890 145186 403490 707010 202915 526535 917582 201190 211246 761761 390801 850821 386923 642672 252145 238765 228968 964802 836006 885339 988439 571197 920856 209438 591739 185545 34547 763376 433469 132011 734167 993828 430740 228299 340058 934960 589918 693231 762057 417270 41963 886306 764378 853356 742654 740200 388669 173255 63565 249353 348735 111223 603728 445715 6833 291160 475492 732069 501389 366825 630545 476367 332666 732135 60632 487004 603539 228865 525205 453954 504966 215096 48518 374790 747267 229151 985457 144441 732124 124698 501895 557629 604310 776673 886555 218596 980431 328857 224136 652447
974
728334 401124 980474 89040 144117 861410 436894 146695 680694 901988 785805 896272 369498 994123 817276 545862 15598 881519 58413 345130 393398 456471 387663 546173 979626 769115 677717 694059 467744 489333 863956 328283 469600 480845 869450 455253 803269 728985 376517 944341 250697 104547 813189 494435 516431 512394 22202 733366 892758 54761 236701 964850 225445 492661 587940 465534 834983 799434 490300 698723 822928 820578 728833 472028 958068 273556 391905 622492 671519 543605 545574 143302 96122 975055 800384 823571 526923 19302 587551 295094 167219 493226 63628 229109 425324 8919 198212 244896 502430 177442 210296 111328 470814 590693 407946 678002 246964 859821 195072 272176 285300 778356 300935 679793 169993 613596 669607 407983 666840 904923 438374 50746 48769 706365 804107 907322 415300 986146 820880 490096 478939 393155 766575 600506 542883 672124 321058 233013 706472 456682 920368 360700 837021 908020 52370 152975 598354 604085 879542 961938 214959 557886 157377 816213 810504 627900 977709 970219 274472 410746 625153 561691 102055 283066 328403 274234 654050 890364 118858 298592 191943 147601 472031 209424 726284 658288 214190 61081 48148 481622 343511 772845 824575 418091 731195 744831 794050 608381 763323 956691 124629 754641 708315 499454 155075 909116 145131 165550 12993 120592 125435 458654 739581 164053 311049 403083 409480 611101 270001 205094 668244 807442 264828 133101 641717 263492 655988 212110 712556 843212 510009 403037 289016 296355 445976 878735 686496 977760 415364 373431 786273 814600 516980 976599 720245 409148 530941 794832 237153 454743 503380 159757 115416 59231 222557 793103 472117 88319 585605 928819 822882 331363 182997 772054 39731 217230 109800 227867 185984 300201 202898 277607 114121 773776 83486 611464 615849 657812 887755 15144 843904 859290 582106 334009 792209 172765 39207 56461 806541 416082 470074 656224 3862 190290 543481 249520 252716 944254 421843 720318 709267 67486 720443 775797 488470 421487 135029 926718 778365 531998 718830 628718 646457 646498 783673 618493 147797 693274 637259 315830 404007 370546 61785 578648 397636 996368 735148 267128 93910 542002 949389 734378 795574 892382 638048 985151 635011 682572 64954 880498 601711 594493 578427 603981 494564 596416 542952 103569 688137 363799 128747 199067 895755 314529 299832 28838 727154 575601 143456 431788 478970 840427 299053 567379 559283 816576 424466 620360 937429 291053 293040 13401 86337 670002 535756 414582 283193 689560 34513 289198 765589 607146 546923 741464 79244 498242 807066 889906 666647 275906 47728 372755 715387 18596 46219 991140 285590 652588 337941 349127 753149 275733 340070 935978 514192 574830 878249 601526 539769 183346 622759 611827 121798 58993 169204 343149 146758 772426 835009 227668 707746 361729 983216 358184 275404 118566 738377 496349 909746 59374 226583 401510 788571 23243 395381 372775 419846 730691 758248 955728 142596 40697 215117 197664 349548 843001 662545 707346 649804 904087 529058 495537 465880 874054 996194 142119 500108 38302 253231 397685 586129 370236 997958 175570 704473 685455 226282 927421 626958 260705 274874 244870 925212 387520 121282 815497 309702 757764 853928 593954 198627 996324 735598 112119 63972 97417 501903 970534 683084 180700 471385 288424 532493 552291 675401 921785 510207 530015 31350 572831 657730 414500 558310 65302 166606 967824 631471 614607 753877 455969 621253 561397 145481 32809 790655 915029 896554 427613 326874 486550 655155 927311 91106 826581 815115 534518 840830 730080 738893 460456 215904 712181 908518 925340 904698 264547 664423 822427 277023 848171 186146 34591 716757 317084 954336 560887 468558 556696 466913 506907 930478 247536 94694 786777 861563 993377 939860 812877 165548 309842 289781 38433 718055 121169 746277 134528 156508 442919 161110 420480 671078 817777 899400 38376 851694 357555 397446 879056 875809 546213 151699 973938 295429 686020 301112 302351 822867 611837 977610 580651 61245 635640 903649 126082 521573 949551 80595 235650 92582 558838 465165 228216 917373 790086 709035 584620 493581 276944 203234 924893 559769 695162 700722 536419 7953 777657 613990 418664 272800 2879 161490 797002 269715 337652 441694 271057 924108 939683 862207 980289 39631 431212 957648 326683 79264 925468 728448 346096 955065 989684 748909 289185 561616 293258 519920 872416 956283 311466 880892 47519 907552 484761 727020 25833 633523 959013 808181 818712 895755 823278 160241 73484 775452 700015 866029 335925 885618 822200 892864 379911 356517 964097 767728 596502 355922 134642 486177 760553 650237 612316 278890 501576 738397 557332 452911 874113 453649 397346 635684 158016 312542 951434 505813 617552 336988 767741 332690 938274 155473 103957 487624 527870 86036 118826 912036 646598 639762 276621 460066 527973 156520 126981 334274 872908 127305 562149 465833 87952 346792 409003 433447 151107 454535 655528 223105 286501 249197 195682 358960 638615 956675 971671 96440 662 623122 662046 524578 463630 296039 255156 890204 607395 837838 369678 646096 404464 658247 99840 944292 547721 551452 88440 611199 362097 74980 287535 865596 969670 750424 720401 153519 600592 221203 877191 927413 148976 835325 154911 706971 190932 878222 51586 864582 111812 431698 783553 812658 965747 706014 963123 364799 273921 9500 514679 750629 618515 969410 357341 991977 865847 821244 744421 964024 619163 99769 221971 287479 546946 465467 617436 797763 527992 391669 75010 859479 562388 159900 249346 427924 243599 327061 771475 574527 60892 529941 81833 536333 712953 765988 222370 160140 61334 761869 845105 240020 689889 940919 53953 272950 925294 781794 178341 220111 768463 776239 694626 432444 442285 281511 18919 914341 892458 148108 22181 497146 111904 825846 190300 269106 735386 344206 435282 789223 880553 273783 491215 971059 720831 887222 92138 502999 174930 832941 678172 202814 525990 750747 56714 320690 297320 402813 431228 719982 449358 269521 296105 165986 18987 262206 644195 933458 954686 312969 867953 20308 440315 709999 677475 370709 104888 246644 555462 35599 983341 305601 266636 326311 11105 11494 516675 311163 200642 450514 703803 30212 565708 778885 532624 38010 404490 145368 398025 750657 930933 411087 880827 525520 388429 556730 474149 548568 937681 325958 996266 19239 935564 11358 973782 290325 973761 16568 296514 18533 335849 309773 52354 488873 363575 533247 763584 495726 501010 100080 841713 40710 795539 859158 30587 827518 356682 385467 676614 154706 403779 782273 358006 183616 686729 490835 318973 502151 98556 419895 571020 48431 99230 207950 569015 510309 863713 529834 90277 787171 704023 319782 616065 519057 629491 705207 81 155622 622571 667401 191517 253260 17447 274437 641059 856743 966824 599744 132891 698917 416514
912
358649 247898 499841 588150 846718 799994 155643 637465 522107 565264 269460 658123 576475 736606 523231 654631 490697 958806 992578 472927 852422 163658 497531 568126 482042 88189 193203 703498 520625 799 49262 615520 104492 287731 946295 213775 439389 801650 48355 533440 899625 998746 24263 367853 328251 448043 754893 511511 366154 474148 838723 541578 24191 665207 606887 872760 213208 997760 781990 184666 514279 906530 546336 405425 106791 620241 668771 611292 97163 523394 517666 221832 150987 250209 205631 994561 255162 802500 198619 504540 353192 613645 537946 577623 183397 446038 759810 855179 516431 552598 450099 432860 376442 12825 774983 727558 460638 350591 54835 970488 719368 872132 981253 482637 880244 541108 745367 698947 810305 938261 67231 998097 2145 358911 910566 446711 733402 95094 283028 894922 640881 345975 517059 173385 11325 114583 485356 711913 549956 271755 863429 563882 267465 155985 87923 370444 420517 310311 937701 616455 698408 114851 785361 237139 143300 843889 802624 508009 499009 284731 166625 21134 701966 876548 70211 14887 264518 468417 659119 571056 138942 550857 581140 896174 642171 554041 917209 702153 868954 367235 586850 957291 487707 932888 463312 225767 599824 13001 952463 759091 807953 782615 567279 10365 242820 685291 690463 709812 58799 30115 208339 130453 72231 521162 710986 748444 855968 583683 969193 75612 472433 224040 475406 266363 175459 288502 244854 649468 825087 482139 444986 111943 271641 717359 713665 950164 20807 234635 706361 387074 694464 189074 466308 697975 252561 927327 342907 251464 613999 512635 773081 329501 729468 145533 544400 94758 443313 713924 447057 482753 533550 22556 176527 310979 30313 221402 603216 187507 507561 680307 469498 143431 807354 926921 154411 364890 336501 363421 179497 495513 228865 502219 639659 526070 243927 575391 563038 195288 351049 441313 17122 792574 952702 140187 366724 478527 577983 577910 207765 532872 510701 196844 85127 765005 660038 816913 946032 92953 694043 792708 925143 634809 742744 226383 713224 204043 812298 321827 747029 414441 995819 428249 193569 532597 966300 795181 575486 465605 818316 686090 94517 914905 739561 920904 141766 266725 541871 426845 618426 539654 756533 848464 528130 171131 697953 272702 297964 13874 236479 349919 221031 586212 473027 897134 361182 581129 722068 461396 512148 570055 367787 407508 123572 962427 248621 57822 953034 888398 61325 805694 318964 339035 412319 334882 615770 897869 797399 245484 577465 519244 43283 43631 529620 466947 361549 122852 42397 31927 366608 607080 519354 775253 676619 935933 788615 647192 35977 462474 263633 136226 211766 295554 697288 262382 237023 409193 360423 598276 870825 191745 545528 561511 592276 24811 375844 508119 481196 800046 801533 564836 460246 161567 114896 389827 525587 499763 958020 912890 322099 186727 20330 223346 198632 377217 998837 90849 737544 380238 754391 10565 209120 343648 84500 603600 491071 344459 678365 403427 544836 72980 55954 353183 588665 516935 517599 564830 64304 726937 749538 990333 736710 166781 429277 414671 434664 96737 714293 60497 150310 972868 824529 978096 629168 709157 754313 184650 155682 627927 58439 626277 477974 848273 271193 785618 911610 750171 544085 53182 937405 147325 241499 185946 582673 863864 313853 103274 963310 769740 677052 192041 308351 422019 280123 31647 213650 966513 35494 225803 114845 349985 975641 561626 561499 539557 351624 480347 860602 794484 132017 512007 569691 320398 151646 199625 73860 372669 56354 405063 232903 63114 579302 757184 364262 268840 48451 195636 802100 467115 187142 911164 158316 939707 461392 131347 502170 297287 769776 796312 177146 881214 969240 14988 185793 431484 726092 228139 45150 662431 634032 387429 320222 569931 566353 822845 167521 500422 227499 475149 550915 751106 612674 612913 912059 159397 837188 661048 765399 761129 872264 97515 117919 436655 533008 163968 985510 643874 199002 524041 19557 237939 692581 888096 416964 187087 998 73757 914109 519480 654357 724745 792975 280041 451231 36800 968749 161681 174364 241604 592843 398271 400220 694478 748686 423813 122746 991902 987077 801808 134148 328539 916884 529405 61625 903185 704143 879617 242913 322918 800948 103606 327030 264328 585799 967274 315514 261796 404308 297550 193086 370789 327230 366835 120646 992965 893869 448547 972510 909153 97120 987716 626024 621644 482573 659672 809822 113426 159008 768773 497329 805708 427659 307111 938021 179434 771106 982601 144938 30348 601980 806962 336903 447875 571340 553516 446323 862523 760269 760760 116153 64178 749661 233717 462569 650630 980466 736845 195777 789746 422702 70760 911533 399862 397978 196020 80348 242768 364818 269229 776379 435105 765111 772200 40071 96834 443911 358486 17257 765248 259918 89828 7061 22392 553338 949110 747681 986241 414147 264159 648666 576885 511754 193843 211583 764357 803814 655362 178038 691985 707207 163070 274976 571716 593784 93447 93720 976716 599893 889819 323567 301624 396524 556858 963851 647698 317643 640481 55836 611930 574554 163321 867403 73590 363540 699149 767178 87868 262825 949487 957292 417498 625335 240212 537664 951477 336992 297434 842384 602039 830886 956019 146216 730862 772303 227058 319149 649759 131252 865514 615264 238340 826106 978845 525005 216473 420609 317107 244382 673397 56145 890501 695810 51344 123620 478191 635541 405894 863080 868097 413808 267419 36491 328638 953276 509363 443407 508958 528237 36466 671788 729314 768453 586000 716722 805352 640347 570826 562529 289183 321777 702257 988765 567605 282261 971318 451622 384963 62663 780554 233681 639770 19110 197091 185922 315834 188402 118030 666370 71288 44934 279204 435726 712784 305837 335788 770533 301663 166704 818482 249628 914414 415184 272417 545966 75700 716483 755513 988631 642860 162432 458191 249551 120991 459821 907812 438698 778378 143253 58615 414889 995484 971963 480051 882940 485484 855735 165527 655357 26547 45277 611074 433504 275886 983048 526337 776240 22623 90013 430759 181351 726352 48986 259210 303179 12062 89919 148924 311174 968576 855449 780635 64300 481115 224219 47481 113396 500711 210827 808465 412199 427591 150628 617704 291667 33937 775891 346081 538250 422058 939890 595625 573490 232547 384548 747743 904831 883784 297730 87096 182333 657125 762762 39426
947
372145 157132 920879 633915 666525 594099 658615 774698 120367 551626 169391 736949 516748 499 132434 700130 783179 614146 939945 726968 822293 710514 506433 758121 427844 882243 627637 151876 840088 917444 452654 983784 876720 625814 43763 439374 225040 618122 465592 241181 692450 666510 617307 916656 928060 835420 665028 792133 173464 714329 7390 797345 276436 31645 56698 498890 982402 543083 921782 293162 583222 27987 491826 322892 198766 152160 998491 560885 96969 579445 477488 247641 260328 54005 336914 144923 797581 372000 634594 538935 383534 652251 802090 336740 662354 942210 613737 671753 430570 579254 311480 937347 511642 931185 102346 778769 768339 847345 778522 519834 158568 626370 596667 134476 586126 671431 129574 231396 701605 701458 366964 711524 586745 187236 41755 976286 19507 49470 864212 178913 258245 353794 691579 282760 569949 530566 522234 341945 334882 620369 654274 279204 261494 969409 642706 614900 785225 601494 411439 264254 826873 655601 219573 236104 639300 73328 754038 298175 635003 65310 683878 115382 233502 221857 870475 916138 158351 197037 441709 351647 294215 660020 975644 832101 859563 619602 118296 532141 608027 159175 916287 561592 234718 413905 68755 841058 989248 940194 573091 270697 594652 170242 981319 382513 478631 291268 413169 84098 88861 645901 321470 667672 870479 639506 482741 905613 413973 662334 513985 694861 357752 153973 474662 192132 166475 624741 187508 969826 42513 424130 289631 337589 758806 160003 718442 713044 711535 905242 32498 346775 849886 258153 504336 255482 85910 412388 880618 318396 508557 865525 222176 925741 547395 239912 256961 125236 378552 976980 380856 202660 866203 64294 545265 571060 401346 825527 172008 867028 726831 914855 104266 105109 872360 83481 241440 106658 375231 286548 825845 532148 669435 692332 5293 166846 228752 627852 295376 71706 867746 63396 276156 358087 353569 408415 119175 500573 904541 116040 709928 906846 455643 428783 492261 826814 463448 158449 64671 41315 225033 662725 792160 138326 999148 528260 453525 406661 475960 397005 263297 821683 237996 958991 235854 853490 262532 322949 772486 138379 582086 431323 728686 680615 981383 509012 221551 755686 560914 962095 536349 855852 973262 598532 428443 997095 60308 885326 315675 138477 542735 432500 141939 749483 971184 301405 337593 164053 344141 69503 564941 49778 229355 36690 888010 230363 890634 477293 585223 694485 132887 639285 984477 858049 171265 43938 462690 114402 176232 533487 189785 45973 882959 999177 665924 576772 21881 677836 885618 575589 415562 108035 562381 415634 692379 714901 449727 840400 815153 642897 610519 731422 354791 855665 108969 203440 13497 29676 843871 15380 94078 214609 525543 275379 790877 877772 14720 572419 578419 982146 679768 154888 88040 451857 289540 790768 120317 292703 16634 879755 857853 632090 594533 30384 545035 818731 632872 789494 898108 612837 142307 535102 293536 249387 984777 609381 872296 232856 369763 938901 593175 928084 170291 868892 614558 470583 228779 450405 925842 80422 899824 413477 42493 291556 343557 254638 492574 858614 899747 364030 283069 285858 822072 202778 202746 444334 319455 61112 271988 754931 768141 854823 758550 87997 426287 230559 680271 717835 967624 914340 55832 567312 417093 136224 256886 965207 832067 144083 461728 675635 982811 761436 125889 134280 488217 597734 15055 587006 588717 80952 887551 688264 697856 459352 920177 713498 62250 115813 550641 566953 593134 961779 811998 144352 357301 315810 462052 483745 832956 610229 822944 698104 933078 304512 205536 638959 927708 866767 413318 660928 891848 465811 895020 684249 427827 920982 319355 41642 105982 738620 44991 924135 101035 954562 709804 861455 623153 597536 970356 100569 28611 863586 779022 447826 506031 727063 427039 57336 268848 636274 625248 578305 841948 289217 624293 742080 352564 281991 147638 972669 542193 723233 180897 850007 919316 130232 389437 414084 442889 278569 690426 534491 294044 546074 560772 61733 364933 583594 673342 923641 16029 762169 488443 155903 356842 94820 969069 843019 614901 963114 375939 513263 91482 658245 650475 397315 116142 154754 344508 548161 579408 670232 310918 529285 210746 924990 66846 71803 208508 796221 635542 292250 223810 24913 847942 702559 401270 979384 666915 786223 258016 873149 648283 354810 12076 318839 932348 564075 182732 793919 279559 756426 824234 323634 193842 422752 190792 498764 712963 346109 969107 841977 955397 982467 873141 565892 546767 734029 261133 571155 710717 388670 250878 955007 850206 742647 873801 833125 290646 202559 960729 379773 723518 69195 232954 834590 669652 712007 835974 895103 166275 683017 775271 888851 477807 629148 374337 661607 51007 456634 28747 135938 200076 777458 209794 446941 689194 956735 11394 376503 987497 491251 363745 696827 867971 406470 547678 139286 433457 521409 317983 845055 44503 346092 238006 777020 149847 534918 345644 182697 790442 33177 509470 476394 387738 816788 779166 866323 793994 420916 727417 792509 81255 709746 828880 927355 192726 616286 495349 342497 534259 763134 707863 822136 444563 769332 719357 219205 52612 272984 931717 575217 891147 170510 320176 235731 731489 916087 694585 693163 268649 889210 70906 964101 26914 633739 598831 972621 338410 98 2073 917679 725815 275193 158143 866594 334946 907656 731452 624859 46773 799685 87542 309560 507551 860579 483315 911404 746616 977523 534829 152282 739029 741472 384914 104217 895576 23933 551889 355973 387590 969599 27141 422128 659095 904179 313621 888211 557388 294470 766448 881674 947057 414777 501278 132153 217566 343929 983778 447073 61084 43588 466723 626707 603857 590027 144746 310095 561244 650246 683090 91033 832390 594173 764637 327383 458837 920350 528768 254649 352010 559121 430439 639991 535676 531255 132828 472524 322330 846079 775749 264212 348712 331617 4295 258252 326118 549542 417634 886277 907400 337787 893916 152093 402034 744578 520678 584399 574053 187557 220519 162166 757492 838391 490267 92506 840850 489417 41080 112068 888211 390515 642760 172565 966269 917735 193170 742148 143551 86756 650375 635541 19122 612263 158665 164174 31324 471847 9444 404906 983232 207675 264503 630164 574420 896291 981539 290667 327308 276121 741251 118933 602160 549381 168383 658010 974608 91517 758168 884379 664596 765741 910415 635438 412647 339493 29405 497870 895106 644287 458033 26231 563954 622369 958855 894331 421625 509998 140392 129282 362202 877454 210843 695752 785458 990200 928595 790857 257740 23104 686475 340125 690521 334480 40509 433984 119772 505298 919974
975
888315 685461 893172 930853 553615 630619 442428 795646 365704 597186 968004 573920 834569 2553 770349 491635 323776 302766 26528 642938 280462 24709 122661 810984 756356 534314 263190 76493 925607 248126 160635 960662 139944 13837 803770 872115 93877 311138 355843 880437 28148 810583 608470 194462 838506 784451 60451 651857 990538 245287 792491 434524 977819 420790 301097 814192 848927 736029 329688 413379 754789 337339 168507 266610 271166 660559 732190 792011 747904 915722 114281 304230 727198 373925 132905 423195 132995 536523 942890 351833 132008 747897 793694 551863 749685 714788 797590 848924 23018 774893 695631 525138 869820 502400 21735 455601 830816 8281 654352 740418 755329 225026 892649 951484 935065 437239 938086 412559 736156 391466 763169 817988 885871 419340 475797 542522 699936 261454 969976 901797 782622 847345 638055 560538 695991 845081 567881 942138 848402 353464 228777 539248 261404 413289 482929 902600 704281 823471 100819 619385 195340 376204 519004 64312 736052 782537 813837 320255 452765 96341 432075 616122 350028 91015 798341 520024 328327 133510 640994 61043 840839 709674 74631 188254 498004 718560 487797 253939 816462 101206 6656 232719 191655 588098 512390 131424 239986 239941 193716 879469 922926 179633 149101 464729 293890 599641 765968 482018 831197 253690 8235 513517 712457 419343 353828 558922 395734 148507 357118 726190 158599 710105 264863 801995 90958 630306 677948 617204 410187 408385 15385 832706 155851 157069 981381 854173 143318 165906 844282 180974 163462 462336 94225 498275 660044 62805 698380 649125 543043 331309 392122 324475 780604 192594 989001 952391 538395 436019 804802 281088 929776 43338 623985 883106 999616 652353 864534 4953 859046 654610 837562 386847 29447 699158 102638 270342 660450 326285 971790 17082 809058 661860 101874 581453 756863 252532 220164 773517 655113 929276 787083 133181 165012 16005 527283 229321 407168 187150 847979 917313 478880 108092 450707 314728 786705 884000 477174 313815 571881 100891 197663 820976 112073 12150 673088 10301 17873 795906 226320 768448 373649 325133 591226 84903 317306 95462 3384 549534 939177 296807 264011 449231 938779 721649 153400 382807 734578 690168 17325 322845 517850 548271 914063 966313 347390 232785 105989 911268 433998 976352 980494 255558 31204 869738 469568 567930 236210 66434 430163 437946 833452 743965 395795 305558 272431 83216 644380 271321 277725 45880 174270 526408 133403 975185 842449 676979 850004 97706 124300 800139 752966 880711 51774 445241 759127 591698 906888 909943 230798 857960 504519 677396 778339 686152 332213 786489 565261 905844 416244 983797 269138 176023 354702 87881 860344 35504 696476 608195 759405 286091 773118 400892 941210 552204 330140 818885 609573 526846 718567 879494 98264 769293 317576 696139 678685 385247 501984 516164 811682 489260 809739 338936 254056 380458 5829 650324 877904 897614 285322 998238 44646 993849 608957 263877 144841 147556 396692 867306 323598 18963 454098 433899 244351 78483 603578 194692 435802 682025 955481 773974 624411 469174 764668 829383 550888 446783 47055 351424 11181 580547 737263 134912 143642 725462 52850 935742 109957 731138 429673 824151 999845 448436 164033 329562 721758 792883 797234 136000 876994 554094 275686 459464 232858 530455 677649 833790 935977 843721 739361 42346 483063 85913 423944 666311 961926 588471 10032 360596 469358 468292 390094 848963 11563 578067 546599 285615 222452 692020 302009 502428 628336 748539 528180 113526 675263 473327 619834 140154 946274 700506 14025 534805 655767 790817 944039 840308 297503 823922 535818 766896 747079 617431 345028 567458 682063 427499 768363 152866 37332 413100 163095 606563 944507 621069 957167 485391 137399 586034 730816 263907 161331 626424 508610 578538 163318 685655 25804 919284 828686 731607 106937 104441 679040 400971 259786 117527 823657 135124 266006 136248 886901 444045 884751 141850 699161 82080 168650 860865 778369 363387 409448 34088 492135 640791 436386 319793 788401 151041 441428 197236 96229 396775 535573 3746 612087 758364 362102 85730 802953 346012 10740 533295 633424 617289 427552 158459 920636 127088 963682 312235 404733 48082 580728 220451 518638 570628 824314 49581 110029 666144 256000 221888 292017 317379 432168 434955 475005 173410 271055 683034 880819 800122 106001 253348 285377 566599 803440 72342 133843 534687 15445 56466 266625 711020 878299 644116 349880 452214 913040 131478 711018 440694 883311 177805 99880 314214 89789 450038 392275 251971 506353 840854 457366 339055 259209 73230 191425 800533 880209 654704 486435 178968 836332 763445 476577 915193 121810 345485 39543 139756 579521 928851 78465 828508 683467 772899 710601 763728 834098 660135 854394 581927 994238 487631 676486 962145 585822 644271 708091 592014 903068 40514 525859 492594 290548 763879 278033 636201 597026 378781 352535 246625 582998 843581 217288 376743 8682 508619 103226 922530 763854 837330 187566 315648 434502 126297 933007 367384 302712 624920 659254 652097 753876 149749 175395 763295 934322 161761 427360 960838 384061 408070 477383 882811 381407 673904 355923 95367 648624 487445 405115 272746 500649 225062 604545 154671 651661 376914 721252 951076 837696 650417 298577 748969 741005 104097 721550 849918 117583 959658 69332 549621 630713 428720 120660 602936 576240 952722 651768 104620 368773 985018 861181 558075 132020 980738 195232 17073 180508 299578 35844 572602 525402 833147 965681 821522 573996 935982 362090 111136 801326 254687 759866 849309 641251 988843 240852 726505 602576 591919 786842 258105 790757 846032 561295 877944 602560 465142 705822 514872 872753 258853 504689 238624 928460 323765 501766 9550 410784 326083 743172 540884 660304 31257 145106 206085 108435 22764 986307 633021 376781 939931 954747 621508 37476 763628 127202 711102 960736 280767 441458 512288 300793 227386 496647 833366 852825 197191 759890 734007 777317 714488 844016 413926 317680 907720 674287 251118 276551 544405 971551 79706 538597 442480 60038 208750 777016 538433 111062 782957 122430 206161 102184 787290 874217 816611 358028 995215 87412 668443 80061 992362 496394 899408 422574 993829 889367 578137 999045 895588 733374 742948 368090 906045 177619 625047 80169 203957 618108 577343 495171 834994 678322 522897 563861 32093 409121 335030 836338 152951 472266 272038 225952 960626 646810 162801 879696 842983 38013 213072 984125 215499 461263 902014 172533 89759 401415 359228 293184 249468 487942 218018 777327 193979 254574 284626 983395 28004 656587 952232 754662 934904 163499 971409 555927 612559 543204 964796 651234 49969 873924 390494 421180 598668 171824 884780 831721 838330 757356 947007 689285 385149 975660 921729 626156 482237 853310 214586 236694 708167 863288 757459 115805 6141 607852
799
307295 648248 490285 319998 769283 768063 872348 144601 331442 816846 795700 699285 529031 178185 317197 83890 180016 708473 293479 847261 744377 700180 731268 53620 242277 946367 242529 802003 221487 414219 749589 536904 920258 274903 457082 771717 823359 345912 140588 726541 748447 27693 522890 36179 603879 216012 557680 327628 473368 835343 744799 37774 408132 575362 283436 583744 823681 611204 821731 478131 439723 155540 47315 292197 135344 731255 249724 178131 469957 602165 891069 316302 253617 476686 967789 33898 206930 142257 794641 341918 583348 509587 95285 848756 703380 137048 38481 402953 570709 996055 772368 826882 917427 912270 683717 905061 255957 961954 816222 800968 833362 303419 885703 11008 352886 720948 148654 204218 205793 461146 424980 492462 244359 651474 530998 739835 949789 809517 934294 74574 26323 153824 817944 31414 24449 962662 795489 29502 80926 410893 214361 983689 789634 981373 134915 361692 830280 977542 109497 933706 207699 323249 853662 758114 894296 385783 709618 403082 826983 985760 37117 180746 659294 111479 313916 721581 895014 661224 943534 333935 908786 684218 734725 636851 810832 71839 452630 483724 997778 105523 832154 985961 340315 928991 600137 644597 808658 643595 224690 184856 703060 824714 111578 210982 821128 673487 934709 424334 207171 996959 468471 46452 468250 214875 626822 938237 421476 142031 513618 235929 629427 118110 959985 547851 562311 453255 490724 614645 695753 51731 573036 601063 485739 775934 890042 670933 206205 332256 815878 692713 360007 884227 298636 633261 738951 493811 576415 396681 111857 708062 335594 184923 878568 964066 813168 267216 177858 405752 477944 670887 705248 787062 936777 664909 155337 170888 410708 124136 227161 668996 838446 385134 565076 503868 3543 678380 397490 406275 109335 342846 548283 953301 76074 101869 258686 443282 593728 199296 411506 962306 109884 917140 765996 860727 125063 267290 228447 908055 231480 269651 798145 304874 641008 168288 775265 854902 848932 469451 989866 676394 82324 433516 56226 600163 685959 405483 386011 165842 62146 704530 237702 717648 677092 724328 778481 358375 93926 221138 60166 383213 358480 620612 561968 123911 157782 412099 715094 135858 287967 29310 290848 628254 506593 104574 466300 973846 996454 613794 447090 899816 308116 800810 279696 179900 333289 58299 386288 581489 572402 904846 325408 393590 482818 127445 705881 454733 361476 571524 806640 282933 910271 481317 763510 733041 895390 596805 567833 733196 38416 243178 80085 853471 839790 754478 111825 324304 316885 948640 796857 724322 641613 934800 84923 392742 590558 903221 643239 138776 963064 146904 971241 529513 718696 913209 376491 815536 811026 388353 378531 450505 367463 455964 340367 308879 906597 896629 203658 39216 163607 436852 594901 796709 538903 632878 366841 583530 980946 1999 425423 65834 82954 504098 765087 433187 746485 589518 985767 757282 73856 522992 565092 706736 589988 886054 209119 868271 162770 970032 811112 253659 683945 714840 562504 757919 504718 852745 907584 497476 667415 57789 849341 125386 167548 325279 309824 296310 840054 231170 47600 653751 781395 281670 742318 799891 994050 921134 980063 321015 248633 877679 548848 927391 129939 985248 414761 357183 290448 540309 279198 948190 226335 447236 801601 38427 783248 981118 724749 442897 216604 974215 259791 118575 511434 833135 341919 882116 911012 373489 992543 394054 945978 448569 645185 88708 89474 707377 163989 886576 268888 989126 130490 935539 326721 624692 133366 300344 372321 721648 998512 697752 497231 628851 639571 846889 168476 428052 314680 499674 351930 903312 140883 737340 44022 279928 760025 265891 182949 491071 9639 645843 378147 298486 398000 489822 931476 837764 124387 73250 260291 956014 340453 844616 417887 641167 7910 113992 298304 296327 569529 557169 887650 598587 983348 127791 265722 812563 382996 386951 530561 580683 492106 338879 215318 432575 217028 873873 424382 941621 88493 265122 76255 731984 736930 339355 93295 2629 240884 845968 67805 30725 779860 816855 135330 577714 847183 127626 260746 24948 691427 58147 512651 552624 504829 69825 253127 568063 129725 66733 258610 578999 599739 913308 635928 210519 877210 660221 67752 450874 604724 374314 532761 539765 30436 883117 322427 809958 269718 147203 471664 144766 163045 568081 292917 821763 292848 889088 699887 170426 746368 312858 879446 664030 915791 105674 124958 418509 630419 593992 613382 101943 640549 532043 277615 511561 513053 644537 842623 228821 893201 221732 136965 57895 684015 358021 197519 400785 766366 517459 31654 293069 755989 683007 778364 294855 807070 144995 766172 856312 628943 755086 103456 911589 259519 917423 393502 136467 466407 834610 518520 774536 200100 289445 265291 713645 681127 777209 971171 542979 148173 636770 675066 417453 687979 277714 53425 194318 316141 323748 851851 467385 897746 235395 383095 945893 487640 842957 116041 86478 883042 943966 170543 219132 519645 23278 451080 516235 857220 734040 138078 680113 794661 506460 783462 425721 794732 754686 577966 759618 94922 686072 621248 129959 691889 512734 635687 256603 681615 531399 998367 778728 234835 118505 937759 646527 464981 452898 209092 607774 799736 785375 692952 543053 897811 75071 16544 373965 569561 559720 478231 814182 42013 858131 321385 660429 838905 323906 647446 539357 771084 912760 730144 793504 224260 245552 622557 596037 532484 861503 709940 865303 339038 909067 453234 453783 948766 565401 84284 437571 863781 17802 286480 429070 851920 155646 124586 246786 701446 565602 2975
