10
142
545955 657327 497720 614521 499812 961883 190448 136331 42809 521206 569862 171827 735339 47653 937853 203795 542860 178804 753084 472077 618417 929621 392191 707230 272405 716068 514725 974873 835212 886134 857530 405063 594830 883776 417233 856960 836375 426066 604208 317213 540327 724438 94633 590394 890673 217651 815264 456290 507180 271656 923434 822981 118787 219583 698637 323270 479074 134884 670965 424108 789978 176033 499095 233054 317666 417345 156544 671001 436092 922581 42846 883971 40219 325569 231649 981558 899621 336073 540248 640032 6457 891154 842898 553589 51552 888131 374544 389428 381493 279867 128799 123929 157992 728 980496 641494 997056 713225 180451 822064 462992 570934 268580 189387 810233 68294 530344 269477 251665 929171 917351 331093 397489 155715 625185 97175 243876 811632 85827 779392 67922 552617 57573 542226 646678 797295 413773 45819 76648 10137 166507 738974 659590 79448 984783 146479 45304 345071 519351 154790 996426 93560
62
495900 793198 705929 546865 465953 83193 580701 450636 186211 422105 374466 341982 767735 833158 394618 950632 705348 684135 714608 771043 121431 460917 979619 315348 267279 572990 383534 586992 678243 909628 323156 28458 110951 20917 44758 10040 245636 851076 567647 803024 750292 965785 354729 919496 198664 183403 323367 248122 395437 1780 168400 967208 110600 517353 910326 397537 238416 13692 119869 566075 467240 525923
356
600902 930594 443393 711799 571713 401472 304378 279620 654819 856297 954644 903686 802111 902910 981205 972739 274081 888402 650561 33890 676056 831330 59142 691447 618979 881461 765813 531836 188205 129667 764684 817832 624253 333531 4957 668708 302606 847783 456414 66250 806794 15361 455152 640780 443078 783484 755613 776100 323753 688124 512461 525868 994089 918792 438237 31232 615892 735485 507324 371675 77989 546102 920729 137742 198244 716986 364347 75249 515511 129744 977894 719785 180564 985904 828634 308886 14825 901778 987403 556130 937306 366155 966096 55209 196794 566570 492935 669103 354324 486702 591013 527922 670436 562354 831759 654325 224334 82152 717590 812970 277198 877716 770802 389126 226755 444795 779534 201676 533493 250520 176430 583402 177776 264608 529148 873864 548000 624239 6559 579517 805777 499212 556722 233164 424227 386076 963919 799146 180523 786162 640398 717431 314933 461771 825889 481089 181780 815364 696257 109136 727324 196487 994791 444495 814022 425915 252656 152167 421094 610773 265273 501518 242841 663278 522557 563150 627747 654273 764917 265015 916876 111504 556433 720288 170440 34149 44614 371749 164804 993104 545497 192666 948386 575562 85074 454982 3883 64538 741933 944791 412561 951973 564237 701174 776383 291611 562480 840099 791150 362660 904396 773795 406542 968330 624794 687283 91712 199830 368941 20179 934813 773741 408993 402185 746744 47008 729103 692093 17117 48218 515711 905611 986533 817063 692620 762044 322251 829808 723506 554102 291419 772787 956196 163835 621928 447906 716600 249756 165099 728123 736509 682550 233484 900499 563076 799597 982092 13792 63951 60588 68128 887879 644434 481200 912873 447188 337076 819361 895653 577156 928592 403626 529869 322978 786959 549823 688091 52877 421667 852323 358140 251431 248610 459062 198268 277721 441543 140975 991558 531364 357109 79435 166380 810728 102565 436638 497418 527318 115424 319393 279233 458745 720808 108967 732571 655452 272587 253258 810606 545927 603887 99658 169885 289280 446383 652396 547970 130470 589641 969338 457165 1960 109679 469292 908662 98151 227974 389552 480847 157712 885582 328558 449286 357199 596311 808351 783943 671024 29086 279599 998226 974548 101687 211780 315273 565740 422942 556203 709852 166644 937730 518498 459866 731653 87797 665606 900367 728483 944167 930341 16146 103198 937236 196528 381570 131880 162361 199002 772703 659364 793417 136755 930034 500918 394753 324430
83
821071 723952 992993 904743 523345 646816 902455 289340 382007 88613 386591 759044 447117 744870 489596 718118 176067 863019 957910 765065 8473 189707 236859 706489 97271 626260 256048 72554 584045 154409 272897 658193 163347 86741 576383 222159 972503 592315 867625 956175 419838 639274 305420 997870 187872 96940 989447 186349 924333 274958 34438 715560 786899 526151 882413 562482 487387 933486 809168 618048 462885 49853 938310 673426 921262 658406 134206 622880 426789 179791 281325 510621 294649 636348 757813 763427 112679 40672 119532 90609 547214 201333 47943
317
812904 118575 472684 385380 690140 11316 367743 643238 687894 763731 729374 505264 627421 657062 608923 587843 334861 815168 987672 658190 904585 478173 653920 691705 74433 368317 495940 660063 729280 591278 223069 135733 689863 901595 283509 512336 920188 398944 920668 814690 633261 345118 840313 965758 825943 779345 239650 91297 13015 518555 272605 608528 765202 456312 183685 467137 109013 674886 591310 216296 406188 402412 572952 731659 380040 831817 805464 959827 887650 470093 865662 855475 988786 968439 568746 403585 592801 126356 484612 448761 309321 590886 940683 590717 947623 390839 824459 733606 285064 704484 907478 787623 625309 792508 525413 532048 635389 369341 338315 69663 937772 177799 822569 97887 528045 34172 869614 791719 587197 58139 738816 324952 429451 475092 402785 896177 831530 150655 851265 861815 206076 380127 59826 936493 799292 30523 235327 395421 497242 451338 658295 905267 235577 685356 253965 620657 674203 771932 838712 555394 38421 72320 284034 760825 606841 742760 376618 827953 635879 672438 384277 999003 78165 543892 500080 333667 144642 761062 751582 573838 225898 465350 28569 912355 113484 747170 675245 619090 831920 236162 918323 750197 368281 747182 350055 895597 358803 661153 932899 164314 761086 142708 620811 176782 652747 267226 708195 183627 827766 906313 912479 982653 533458 722329 136565 321252 908638 424932 822265 526017 282161 219642 178275 134161 13581 427515 373109 546971 341402 963344 634147 600458 411787 333253 112504 771621 515107 602865 477401 795683 445410 29133 527302 341297 547903 613817 912440 47587 594268 509046 661672 311805 468692 23823 622894 183682 796972 867502 186219 958429 569474 885275 132010 475095 120843 264476 686836 128424 620752 452596 463163 487256 841619 847562 486102 205719 673775 228184 657325 789730 532635 242413 370812 988430 152269 425011 665314 543566 900663 131536 170792 645533 376719 628000 401630 657865 835206 89437 808050 25419 234467 420975 204904 190806 908865 843216 867780 929830 286029 856838 950661 50938 754470 521409 798992 106717 409907 870050 595532 867298 410178 851042 173778 369252 693873 447624 724315 881396 987404 435524 350638 261604 561347 269803 633459 127462 542772
63
471047 756503 819216 336178 691669 566010 212757 302873 844090 895789 81550 85495 356020 547302 162319 717564 370778 278663 71844 723165 947800 306702 121495 495418 203959 914513 554069 87985 35418 709100 811491 58411 254239 870086 666286 899533 217731 170087 391429 694902 218877 949591 437383 365432 872234 387465 56126 140438 130204 789340 593750 851649 28777 164406 298779 865635 995420 519811 17379 861575 806598 696056 620046
392
501063 616108 862066 572970 192670 384797 820198 86826 581976 888873 747532 118626 609160 400759 714901 783708 948494 874762 378649 965456 347296 760489 941149 874014 350132 596997 76071 65341 844698 14729 990388 352377 910600 571324 801526 232859 438663 695299 378868 969858 19799 247112 876196 302622 631406 578778 711501 996951 543709 243409 855579 93331 893565 178879 565381 93576 37305 862889 908185 380197 140740 840199 576329 653064 256515 893316 56838 298498 69049 217284 963547 929900 316047 362402 297855 950438 456426 513441 601244 721646 299871 93045 954565 263983 320826 699252 754500 706202 935333 152736 347148 114073 739561 815854 816419 492950 463581 407522 88358 865116 870949 547057 726553 876156 55736 986417 550415 5695 503357 665246 333291 179534 389504 841545 304594 82404 313233 795389 882244 874267 474914 286750 363353 204642 70065 473860 580236 587996 745029 66610 235430 713597 961232 418664 74275 170225 937577 96642 924537 264957 530873 602006 773573 884718 388111 747586 624858 752673 395972 243142 93218 995817 333221 932718 15225 526410 352768 573662 161822 208929 682975 344122 908566 725711 103156 968053 957559 452876 64019 331647 299009 591156 22338 733129 596294 343839 166739 229703 770601 50317 27777 948872 49076 953389 605322 890549 920488 65948 236653 494998 22085 355835 392905 586789 456497 423224 877684 873661 25258 2085 884484 986081 908996 833040 529690 730273 463228 532824 657824 625717 584863 872552 310773 940437 160422 663966 984200 834806 675090 471437 954344 122677 893139 375660 870465 218833 73623 140185 589791 400515 47963 48351 608375 908726 604630 835708 665866 774348 477294 120949 763098 342699 508131 247013 788271 334118 675219 675802 91388 537133 449878 895798 113056 462687 350616 55178 853863 873397 28525 433244 184119 462374 828767 975985 107405 93697 328573 618769 465208 101650 987789 955021 477323 556240 591972 814590 717107 905765 745430 188622 254362 567407 203323 729382 76680 819190 985437 621998 394659 430192 629843 843967 151269 118907 8475 892945 810328 703069 792903 237504 913523 960415 510988 863673 479644 905653 51493 278770 108495 174288 765609 85188 244599 903172 932479 147576 785997 479764 827322 267048 300769 777913 465766 266007 487189 146332 714348 498065 550394 612927 431494 426812 630446 156575 385681 712073 523255 521492 105470 49810 395470 512908 501178 958998 560030 754241 652371 106911 294407 106343 964936 884883 147466 645780 277955 844949 804324 992882 689429 920533 219847 373271 691903 166445 384381 682762 14606 777938 474096 820268 409684 995083 456449 405213 55268 173418 603212 475572 278392 413509 645007 775730 638 195743 29445 772354 647436 999553 755068 522795 908344 57477
345
352767 422902 880053 537096 290888 291909 455349 845082 464488 543701 928222 830035 723568 905437 821799 275306 122867 443700 976755 787234 169924 571487 204114 297340 235544 704329 176850 46104 702937 25685 620879 228082 354633 307592 667555 266401 161811 26599 811114 721127 467697 302543 533319 989547 680004 340499 753069 365663 660708 609076 234621 936338 192126 919378 914741 613998 347942 77355 297116 259172 713660 336446 314225 898653 23969 138686 24247 675733 197704 681094 320951 171345 615323 839748 325853 66556 67414 159153 377128 475850 574699 648359 567731 102285 391631 885852 378470 819152 88653 876769 979145 278215 184194 598296 349263 966023 253454 997380 714714 306757 879977 668781 809638 516801 897659 572192 899909 437282 403845 898979 245340 968379 350177 341293 295205 793191 993640 515742 253706 204493 318221 940992 560485 996908 747534 580931 645467 291072 859545 481486 390970 401245 108772 226534 640129 808884 244030 977249 729107 949732 570973 729303 587076 214519 29082 639786 502874 447417 583693 355952 897382 835633 893499 129000 809720 801496 770924 291784 457279 639202 714389 524003 793456 267398 319320 563361 748542 5076 916958 475749 885538 183422 906965 535320 282944 84549 53789 782034 934733 752711 470497 962780 743083 89545 894267 667567 644072 80786 121798 797930 662026 563158 264595 330119 318743 834922 970328 869292 600567 622442 198707 339327 325345 787327 13125 445087 143195 819416 527169 852515 834623 490379 534670 243787 67950 462530 611630 967836 991462 994715 305703 438582 198420 740327 584079 392569 911433 801021 956031 875245 332711 216197 108771 282900 270325 522269 382019 231384 647214 652680 589705 341432 838510 487564 452799 381523 860916 489625 648669 213627 834912 88238 859284 663817 92023 111440 550739 713624 662624 206087 488446 777109 620233 69667 149128 275438 768242 652340 680366 2884 508841 90090 513361 9341 17614 429841 109849 904961 103124 67878 779695 651846 664474 791099 978970 683822 459862 472758 291955 557100 49608 673537 21934 773258 27440 30927 222357 566336 821996 764232 110824 606841 413672 714447 985652 549029 951414 311393 74136 798590 891238 137248 836067 237729 254739 396117 702424 801969 676324 752154 231764 314716 667181 971313 772695 361971 774032 164136 898706 486557 324221 72673 406610 49789 130854 114733 457663 5217 497876 926072 922474 193179 930478 26534 420255
68
483704 949082 33469 360042 111330 513991 349181 10098 713234 321346 984039 281727 227350 373683 685928 572918 512869 548132 151591 681663 332837 426381 65968 800784 455726 190625 903430 892595 834874 793542 498645 168706 698286 729801 427123 345956 104944 206842 818984 377188 863412 420535 858316 91514 327896 516390 108114 654577 833807 685240 99655 49604 913129 636690 928925 555395 345801 232413 948125 195119 215055 32236 246525 179133 590855 684188 351463 382721
78
887582 156613 136292 319158 628183 931022 405133 14217 137596 856627 771760 452150 281502 765387 803122 925116 371121 979073 45509 222255 595891 986204 785438 455228 398226 308514 593811 687106 58013 311763 444471 923132 171086 82333 958598 757056 190411 901137 726728 296254 600118 908103 832829 533605 905727 304095 378711 591697 917400 44667 243665 201078 568082 243172 470574 954027 237164 702111 832116 642998 248594 539860 658270 708602 295693 554390 772334 190877 124739 65477 813965 150294 669289 241462 97911 576275 708829 76585
