500
591768 362721
423553 578064
238284 112110
631354 535810
47250 238485
628571 368059
601130 244639
516174 399130
45160 946931
76193 619833
538882 107317
622131 859993
26590 707703
436939 251005
818079 595588
503821 686572
200402 468771
158132 882133
277533 411824
789841 911770
764041 911162
507477 700351
196110 9703
824756 848018
548645 427052
605019 499205
542497 407063
246402 426169
848489 800145
84617 952597
455514 553253
804494 696204
332858 760088
186959 432849
63285 62754
902255 928711
92137 981307
359053 364653
199827 612476
257977 369951
717888 190042
307329 219586
91850 815872
943183 646597
378081 945845
365721 565158
364624 168299
867166 495499
136592 489617
109292 410779
827806 163494
269321 500822
739599 595324
384854 15537
89373 449112
622456 576567
775453 48976
999324 558041
141858 494293
33718 385911
317916 294983
983064 715260
545831 50207
621378 510412
792777 848717
839549 651377
832941 632565
263778 960286
460463 768313
714704 670493
790409 985961
402107 230214
708696 594627
407527 634459
329196 659821
350339 778077
174542 20710
314330 235812
563787 524628
304053 169343
736993 238237
812819 526679
3683 741277
324384 437991
495640 623127
433891 77905
837315 987710
725385 27281
444353 611812
982548 288711
951622 892972
63335 417424
387110 657697
710689 458462
644791 126074
316181 642664
595656 574189
202629 833557
754466 198137
844263 968700
919691 484751
583488 122911
603818 251888
376221 926352
134759 781514
783465 973750
867717 929150
305792 367435
378826 742883
748268 268906
264169 126272
681885 256326
571128 311435
570006 162807
106939 528029
85312 48962
760156 945441
570612 324544
932330 521266
294308 903341
429436 481649
839049 462472
653928 193900
278821 474601
741581 351496
868708 708939
935334 964700
32806 333998
397742 813077
519432 708843
57703 743105
22479 726076
524963 249624
292920 436186
939410 888127
789511 926407
234499 386363
928315 378055
465188 790847
163655 440176
927429 282000
741648 721117
762433 659642
691346 862124
878973 853033
341662 474615
43504 301964
824030 768093
487703 637932
152493 604204
976191 256117
835178 20966
511593 297866
818645 74175
771586 571753
698698 738713
912433 514173
927186 705222
948940 183521
531287 385614
284311 88890
830573 221508
377357 622901
738690 238727
946384 644045
682416 164968
106432 383389
826878 248586
938707 676886
580346 349765
860237 792356
414281 753395
847163 396773
513827 497183
802495 570685
476999 257592
18218 747955
275861 48198
718701 741307
199998 486254
918257 525887
292307 1638
75035 428365
609176 925739
16425 892223
472364 445657
279344 659648
609311 805911
590693 292223
164342 322185
533754 815151
522709 41386
321048 209415
810691 470417
559462 304113
430579 80266
783768 450630
289320 291677
896185 788022
496604 227172
308692 303930
935158 594463
672461 353190
136831 97642
761551 607216
65365 317922
751656 654785
443620 483882
137091 738648
411419 275197
65796 145864
116045 52911
616702 148673
552921 449831
648120 408994
649734 240228
392929 304383
440864 828121
955928 446727
471082 388865
316827 81714
166875 561171
168933 323236
451434 486095
570112 467502
222201 115704
503610 43340
964113 317910
649474 651426
211444 454359
932849 859022
544017 429500
455501 259348
42169 380095
597110 181181
809177 487917
685868 392999
705560 70191
635914 694208
208835 643543
424184 377103
874729 920953
274153 807783
130498 451865
921126 9948
959193 141869
36368 220710
326932 125400
577131 782647
210665 578059
88189 232123
544729 155683
12389 968637
707423 456158
96996 342055
137318 257178
122370 592086
941637 471342
750634 660315
725920 965878
726039 73221
362240 113789
383697 278269
819429 691056
284278 740643
613145 201520
249187 456820
721490 192078
685762 990466
522098 549884
327090 14565
241295 180478
624452 264764
603226 456189
320428 157716
122856 544055
20296 502633
333688 251446
723613 894015
830816 351598
702448 110689
381282 396633
898466 20864
298196 934975
987753 881356
623820 627233
421354 567635
815622 191358
310950 272208
306806 890639
615939 90389
235720 259578
464436 499995
995398 119989
382973 786984
68932 67516
345003 779042
23586 540788
728659 415171
234490 38156
1065 535633
766378 573799
181158 685879
870170 64359
629964 595031
724705 187478
405267 632091
755435 351214
745180 85436
598086 681469
98619 697881
291374 65241
112714 808050
294914 751401
968344 168142
564597 216670
202244 591203
375163 420609
464871 633674
98571 318906
752614 55615
914972 455426
414283 831762
190641 566628
191904 986211
612207 61536
17727 225776
285720 619621
408095 769774
659882 856396
201937 303233
335894 543270
266855 731744
288447 485484
226114 600535
486761 532839
611456 317461
38030 220516
145130 23212
388525 213883
640632 550832
434370 462252
393178 49306
281158 661368
764056 665121
154996 282204
53834 262061
171349 104351
485626 29633
334945 169932
595294 824278
311804 195906
554497 559932
404866 870989
505455 508009
83857 336273
730511 113209
542263 247578
937882 673782
658807 773072
489379 131862
193387 929063
413237 406421
286339 688514
850322 815173
782946 907824
384297 269421
115242 23078
549962 181583
389312 798430
955709 121414
104276 758187
564677 618505
588987 168849
545598 473238
60280 245548
158813 719827
978742 504952
376360 351596
277034 796989
450617 10155
818009 355309
568291 664584
693099 161580
413321 863761
827326 469198
816907 68040
622255 743176
601118 416244
235059 121727
602101 855449
574949 107926
20010 403955
578826 974886
743657 742471
602355 758177
365564 571785
475809 333755
352130 843107
687553 507402
346324 894224
216854 235027
443264 427702
192394 897743
494532 496658
362823 759114
152178 628325
829762 654259
426276 740403
57175 760251
668731 181501
567599 730341
466460 715178
432578 450968
502003 635285
879707 324296
167347 418207
134524 587495
187523 230924
516299 31865
48013 719056
885323 390462
196215 963095
920818 810146
294456 244388
817087 990263
331755 805553
959291 163450
782566 906734
745827 175267
432431 917235
981190 781165
859294 236600
872509 578029
29275 946969
858052 484038
941480 231535
649547 116620
142979 757299
984405 392124
696872 707927
299621 49218
841248 305670
5000 686420
143495 619316
948505 82356
473277 199432
448248 612676
887465 686686
148374 134358
760370 763477
919383 878438
792322 359572
961918 377389
587271 69733
313361 27814
555877 881446
127461 110397
299353 850243
773555 106123
171293 813397
430913 933125
888744 9643
438507 557830
135062 276577
816093 222971
219801 244404
565006 100696
812268 962876
314512 984803
973439 179298
698087 80688
209286 570970
405281 962733
715152 177095
906588 902698
768851 520265
961541 499643
7739 614559
988974 728101
645212 354485
373540 650675
916210 789904
19042 701716
783898 515169
766536 865251
565410 867265
645605 736813
820327 153156
638865 22847
535928 404306
300872 361247
578004 62341
846908 811207
563482 297720
472590 719334
599508 138905
259342 753956
996884 79907
447496 744222
