100
265163 655314
706963 91548
665289 253892
783448 108385
169460 791842
443550 956408
37016 410950
417366 125069
495879 901179
357739 326747
527278 267921
774327 351312
580786 928411
996770 667923
312748 454576
218346 444490
667855 293230
158950 34993
271887 630966
77443 983159
625994 321252
664588 184033
970656 663086
112840 274330
104103 113530
496774 996331
107111 867900
626992 958198
72254 831896
720595 688456
883174 995896
51739 480172
225501 35884
348194 669906
426592 252461
948110 960258
314505 225482
434467 148366
538596 947941
93487 879341
25280 910908
82162 472110
876850 857551
121812 457428
523372 759766
227984 870626
686392 697370
793866 995266
708930 879070
435628 777768
889672 874750
563160 573259
497227 753005
36869 263869
403873 573655
729480 355369
276961 764386
57822 402752
603927 286302
283616 773396
167617 193155
201463 635914
321271 699478
502133 850063
602220 579518
421821 576235
657600 540240
963802 916981
689044 959320
724849 341573
652405 577776
925849 950335
413965 704539
402 138168
966983 279811
93504 515363
21618 701351
712602 23178
61268 972283
137736 557208
457629 246018
855163 168854
732177 175832
282504 865368
721392 272670
640571 575700
472316 386633
282321 937801
203585 662823
949068 181928
139999 302335
908347 219336
737578 87748
405746 228272
87291 295684
40555 78744
910039 887585
957838 431696
108527 913637
839594 745467
