50
904149 723535
600046 105427
392836 882143
856951 504210
102137 856141
449660 685316
808756 868581
710356 894985
51185 870389
385623 349163
542563 95421
594888 778401
906673 838675
595854 639455
567776 181869
137849 730244
248012 48967
700801 801035
808625 496768
707362 993892
53632 704565
382037 984656
495962 582206
465824 942285
729942 282904
994219 659416
949430 996422
250971 697865
42741 593903
810768 108850
969172 943014
229932 2031
933001 723444
460557 523393
785839 968082
995871 456040
223457 38533
853618 969395
643702 16842
352557 192127
151521 315570
234409 861760
726174 540972
545629 387369
612329 705801
864089 955938
211517 167361
295986 361736
929797 286110
852212 445914
