10
82
164800 588468 100648 572458 205708 811747 568160 55854 393215 453215 217197 798426 755028 139005 449688 324939 558156 305363 531172 860165 705328 554023 466213 174518 251570 779449 333049 393316 861946 63606 976907 670502 778915 651927 874389 688738 688394 39999 292941 220213 473996 484956 198818 625293 875500 235880 144195 165784 689420 754277 680451 165348 91281 17153 791032 186160 781798 690864 777659 963199 318480 408603 629255 283238 245039 832228 557728 148204 171621 525725 891708 26698 394924 592259 809501 32159 575616 97796 278142 622870 688278 97903
105
292403 175280 972377 550633 336 697491 373473 900528 902260 133474 164331 121336 291204 149360 450458 333468 949396 758645 788451 467660 45885 50812 850128 357351 465565 780674 320168 683721 637449 556380 813590 452831 560143 322123 605093 603993 124332 773848 300198 544959 297758 190611 735494 768008 439855 990598 444540 905480 289963 931586 552413 59105 58489 968343 491931 458214 900365 597801 492348 355164 290382 73988 593101 477940 280100 628182 68773 686081 658675 738245 575920 59094 928954 706287 596176 671064 707715 903878 45908 554431 561981 617633 113435 292411 828650 619609 861824 987463 223608 139514 610832 656186 874880 921533 919609 974624 189159 351247 122413 65905 754796 586005 139239 290210 493123
464
898643 480067 94389 65632 41924 375366 477409 237304 663429 787069 579695 515352 973142 539314 88260 140597 94781 314147 376375 610171 781855 606535 704054 408489 37129 601340 751523 707228 960614 508927 893564 468614 280710 323116 210799 259123 913572 873314 130815 128139 440240 803038 290231 345348 582764 445936 737721 966913 767193 976529 970378 745174 61759 764566 215357 581047 531099 810076 183779 873117 242519 48224 607092 207590 329978 283273 131376 591445 554780 853996 978975 863269 422139 950972 743465 188827 871716 297428 898557 369739 895123 365109 267142 944004 848937 534004 151171 554804 232943 799948 479583 832196 614019 249146 146439 346006 901822 141105 285276 245392 393019 727736 345160 536603 161597 486311 832377 762856 704813 461974 719612 429802 282968 254897 871179 702608 995985 753722 197651 329564 363339 754882 34502 422485 777607 24514 881071 452948 759112 148941 730961 447783 694670 220652 703064 524061 157673 996953 850583 332955 704627 365703 687464 53420 284315 253422 211911 8627 748403 248522 466239 626267 550216 28048 715468 226695 838859 296308 473962 277522 215547 574932 891771 712909 198797 963695 649445 124923 542824 791354 553609 895747 154385 161882 234655 874999 584369 365380 93366 220531 600454 542117 620020 980470 711099 921954 387300 688358 672553 992144 733889 597592 604840 390805 904100 35778 677356 97622 290789 450250 969766 489646 237881 604864 149854 914904 998230 88989 810646 398452 713658 48028 101255 43887 997836 992368 278240 993465 124264 864475 866588 621980 485888 253996 193105 400025 240085 102 294682 270320 259527 364881 393311 984775 528686 570290 349424 128246 436258 173036 100951 499086 880581 324384 337894 336154 77693 651799 394567 657817 948893 568748 769467 278118 973672 714501 570977 156620 17434 173524 114770 250373 566440 568749 367710 132427 325610 717851 495524 483809 741280 173256 295068 177207 121451 884361 917059 911842 681810 443341 527809 101948 780417 166607 516777 940987 221991 479270 688215 340708 128375 849489 982485 186450 734783 853518 296788 26635 701172 171318 637273 108421 943726 689327 490349 983031 866833 288678 657851 84474 354396 908850 333064 147148 924092 827376 589564 169822 712383 409874 24232 127361 926230 341088 740475 696767 409281 550793 705208 407899 533320 652522 714862 474497 842238 842193 432810 746605 433030 176171 256527 644435 220581 453744 56026 846282 126019 597778 506360 56649 752894 762512 733467 838100 383643 187985 320857 22436 607401 500547 839275 61297 31338 889970 627231 171611 133239 801807 734195 690326 471387 84562 428043 59532 787237 181075 354899 874388 593587 188888 343221 746984 945302 490485 518741 983669 958098 407589 460724 651068 94850 310236 636591 662531 293145 290930 150291 60286 133727 298815 716112 381685 365810 529311 484864 39867 231417 603599 209042 152226 903546 801844 218506 563801 760417 136439 159625 353627 262650 863121 644375 986396 805950 843888 770914 921755 694911 964399 678497 430511 39494 706537 238070 205599 493014 837175 71313 15037 196448 589830 548243 871800 596902 354693 870559 446480 574592 617836 911124 658840 356144 576191 604756 527085 429830 553560 491334 832542 569968 697391 572847 154792 61983 19393
325
985298 100726 854597 302905 495871 965681 178966 378090 714663 874137 586867 116088 481793 119985 466892 393060 739508 985718 801087 517902 783115 14368 211827 49383 540015 734663 347569 66233 965798 358999 613477 542330 533316 538581 54418 917671 593264 695418 306825 86594 70344 159398 884422 349774 83743 666843 397674 130291 327283 224087 159363 60509 902373 157170 558671 944694 760030 649696 257923 325132 136727 678084 208950 775106 548610 332343 431221 887714 449025 291814 26813 430174 12167 411403 768572 70644 989129 84229 514437 912437 676100 747806 469216 28127 114793 172874 947052 769175 969109 67127 57473 936229 354614 306721 390128 95069 647791 488845 304435 592811 141740 539370 830772 318758 131691 240536 26013 831635 84058 310269 406028 284536 315441 774858 397177 631274 553647 987672 908050 875186 351288 884296 668881 162759 62205 352931 846790 246867 324807 475680 111659 577532 598727 52623 702201 1445 776889 52170 81920 772543 265884 848094 805570 571675 958836 615787 793266 844458 805217 825413 61769 181930 961590 471539 453064 617899 387981 287514 213693 782173 479892 204552 656362 414367 106640 485060 433672 596538 453267 925204 674896 292512 22841 111481 321322 270720 401319 311215 565480 119938 937095 979961 268219 873443 927368 887330 410553 626533 823118 288950 136275 174393 159167 85672 250556 653987 393167 942726 616062 620378 990289 429023 463286 618194 171653 341907 847840 474662 58070 549587 179534 365475 148819 423796 266724 228507 651344 12416 569466 750018 30749 536418 274317 900525 931736 999764 118056 420766 535323 312871 799449 57164 383324 128398 113382 665630 2442 41178 958515 516670 888940 164620 774015 711111 411777 157417 743956 383584 564542 9522 812667 606507 643174 960366 683168 714437 260653 268444 20517 855237 128631 324905 127125 211826 795539 729113 243870 342538 132339 954803 303460 904933 820621 604172 410994 788196 321354 31405 570287 515481 650087 140256 354150 742228 13363 48537 986009 535119 608723 453369 21688 829234 712577 587278 898348 514468 426509 491020 946567 466087 901088 587755 486797 427125 409158 445435 739186 302770 443186 45951 280681 125094 241966 532289 601171 745336 368844 369648 949873 183838 973417 298959 997921 192865 54449
227
635491 997077 238804 205409 289335 43793 180374 169096 703871 218873 276325 473934 986709 748144 471293 875015 368370 189015 472371 816228 53171 353446 918772 479745 352424 123893 51264 744995 674429 843615 392543 204175 596972 820534 868931 237659 399901 148315 62380 210920 810037 328354 552418 274223 969768 572503 840078 195667 148562 381929 821404 698870 81317 248675 841979 422273 952529 466518 93585 598228 694580 263110 137170 693269 475586 632853 374241 443755 99420 538036 833894 159410 640766 132636 933986 940115 756073 125271 455774 82496 965623 64007 937547 31125 141592 167133 12044 525162 148021 188785 848490 156626 203945 188988 851166 563107 557772 842260 557745 18645 352632 669715 62256 586231 321872 440477 32328 959878 330437 316986 353124 965491 168850 410123 534272 292425 909651 968189 139637 762814 953348 764788 202153 277146 824653 227117 92710 307916 854759 663222 691715 645709 645474 168359 196487 644925 192783 229509 256936 837989 611622 183333 559890 968738 260394 486846 635732 306204 299199 449192 986905 349177 180258 204669 68200 314058 254113 874357 682773 467809 695055 57072 674190 477391 966262 859279 303890 83381 743072 787595 656893 636543 14765 727714 58123 863953 266744 907022 672924 350968 362155 329183 896087 111792 75061 917796 254356 952715 748374 374349 800886 87492 167121 563742 653437 74932 731279 278647 973334 247133 630061 708753 574418 397822 737249 729220 753241 610878 421426 372964 615816 440422 49415 516668 239898 541102 648117 736079 548149 197573 671131 981846 654837 482447 657525 178090 204274
375
988685 857997 158801 678456 907752 798339 84756 528682 886678 30742 547661 654130 362794 570679 597742 262095 555750 806109 502178 526949 913069 68133 315689 337830 580671 162706 972065 623205 481907 169327 218017 422465 132858 435926 772599 502642 177845 869162 282427 886422 450716 871538 581508 627885 157760 156455 587650 138537 792959 92689 416760 297558 176558 665904 639131 58178 610769 448431 883403 241477 382182 853046 716828 913610 224899 371457 712452 574697 277191 106702 938229 177018 437624 789307 371478 724091 766298 928889 478462 916167 201803 908972 464845 936390 343943 488784 855338 913568 953289 31865 346605 575899 212222 183260 695190 53648 283694 185877 265468 758514 467099 627080 297648 988084 593639 615846 823615 652350 954152 683043 726937 425790 914292 424733 434657 386561 300445 278533 673277 341171 921169 818960 662342 680416 205367 471330 453842 887534 284248 776375 165081 437920 76910 185091 283597 629630 104005 124111 272076 814109 233166 225891 547490 604904 268486 292106 630238 222329 155993 209440 458875 537958 327123 472743 229112 542192 325373 440500 126058 40076 118497 313868 802516 360234 154936 262583 438369 756828 249319 568836 805413 633738 180624 257988 128329 104447 454808 734238 168397 854896 68349 54071 983007 57839 812457 397229 494058 822818 242543 58510 982499 322298 13236 367298 188812 19901 166154 479136 979361 568026 922580 186046 287836 732767 159347 533636 81655 425342 132890 656266 729682 669281 788130 998853 985105 806503 343966 244272 278939 498046 974737 224302 333778 420090 403797 796941 114614 569241 588203 379530 489286 732715 397144 790395 154072 628287 905604 844701 500027 670847 730468 164012 821543 34511 834764 320183 615604 897666 463873 955196 195054 69737 363759 81917 257612 804221 131649 792603 318730 494905 428792 686179 103026 767172 323906 39618 326728 292914 701881 236589 620279 604256 557040 760431 68468 902912 336858 434874 418548 423611 186021 687508 102516 424062 356905 450350 691408 625327 72605 819139 8675 263289 286118 859513 342984 35593 201562 520462 512464 77860 173662 725704 338835 702621 137120 518194 804128 89411 272034 358489 559232 347148 800254 177707 346769 694935 84856 427754 847393 365638 532800 274463 893750 557700 166069 272135 966412 456181 888791 776883 945424 579700 888051 79250 492118 414448 301526 800595 573388 940591 821966 142458 735571 423349 524678 799867 372422 25189 680006 710881 713218 30516 550074 248790 214116 684572 617989 984091 65783 733016 725076 310808 925042 760250 132201 753347 366994 317332 230513 946486 783640 237228 802394 348351 229444
263
15740 545710 895677 675540 543492 577445 114580 218005 885205 786739 483069 673817 885263 779553 967823 375208 840165 779169 576134 151229 336646 776130 291841 645123 369054 478600 664199 307314 407575 852793 990329 619343 27205 560144 600059 466907 131709 524709 332619 288842 207167 236337 532260 8778 667033 48047 387250 840184 516737 66470 642042 815562 611798 373628 127436 256531 117008 188397 953766 116839 729881 168936 922706 624982 614103 276008 127357 186711 638594 782904 200827 231184 959 514498 162744 112239 100001 352497 528972 931736 583601 577130 690297 383555 199767 278559 870467 852385 495230 168065 56999 238683 524456 651048 29987 875627 469284 149335 823497 969824 121481 299955 308290 260991 50212 916703 354640 272664 854710 574351 819143 669630 415303 471930 20008 398860 368706 634853 66664 521550 15686 600421 664565 829216 178140 635593 10439 855618 321796 198020 675108 961543 416594 624595 259456 332648 699269 614825 996208 317471 546722 471716 299755 82571 835219 831165 711687 406436 437966 566746 552313 894405 776604 870331 209772 669834 920363 199315 809169 978283 2598 497595 720725 659796 830276 968611 77228 433349 844460 864708 431757 292602 507292 411729 313786 173133 526041 954078 755358 983243 600106 35741 744730 567909 316929 736563 235334 986120 14784 156463 346550 458066 233332 517438 599725 32528 6703 20210 790605 860351 183946 305148 532247 922844 439070 587255 883570 274736 407871 814566 810551 446389 619680 784382 113270 750837 98285 759985 482256 644376 653573 638748 606474 684111 63282 121904 784377 758148 766635 391652 688409 611899 14689 4141 87708 726429 479296 686780 24372 915702 335439 358529 68301 778943 887974 562635 735216 489823 549232 530294 820539 181489 410487 778808 838886 888508 180342 756690 453799 586651 708711 842234 890795
306
374008 358790 828880 56121 107056 30178 621962 257156 925806 914668 509443 103080 119546 701533 989319 195475 500476 768510 505499 482680 821586 847312 227216 702874 534521 657536 722283 419588 380037 393326 232934 469944 699812 534526 281242 879480 882990 816355 393982 704866 945183 206926 301175 66101 657030 823046 91023 768588 206552 135983 465722 526127 312690 637528 411224 623683 769608 971503 438069 293160 702568 578635 766908 72802 293852 648680 902955 52317 881814 763223 537953 254634 503638 809785 71842 425183 406212 687934 774468 704720 939189 257473 367511 777536 877219 549664 298437 295586 155405 47697 717238 19074 780120 344415 165792 792582 835533 753226 855745 80333 352800 600423 798613 699450 791910 291415 558535 935810 638661 62508 207843 309210 429355 4360 115065 213801 840721 909667 7344 398139 229905 815273 182420 933715 537342 82866 109556 748744 950637 845286 706632 331407 85495 900789 842097 158226 317495 207711 56818 202399 928354 749233 293818 883573 316436 77889 3891 693886 405443 35800 609302 823932 429012 546412 295610 682388 226300 212751 962692 63896 716734 495376 966014 411978 893139 141063 616559 571410 497198 188172 42883 428930 354803 787731 541844 204195 355900 342257 116007 74588 524118 868034 399642 943507 691155 256621 808264 596545 535114 8 852154 502065 405343 238641 444416 924946 879901 493633 308912 470044 312586 299495 19324 171093 32717 484202 142961 760915 726179 171620 624872 951731 930944 627509 285361 382582 386541 525694 668798 833486 972498 333201 762529 954094 939395 754956 963631 158585 713027 340224 332950 917251 493459 673742 575889 180621 937992 840919 562811 838859 787409 398252 844368 849637 328843 923832 969820 277101 43841 274433 352298 605141 554673 46842 128391 705126 461105 329116 86907 120191 181872 490726 603025 628492 40236 542085 236430 963434 350335 431556 968652 26982 295013 817964 340164 279502 371950 839351 919941 47339 648370 831455 377989 704708 172505 439092 715514 569653 72195 911609 24109 722237 229391 99353 243727 452989 84596 87513 705009 159046 35212 276796 132470 946477 232387 574063
444
692429 805894 759662 430558 788162 940993 578516 817519 940832 395588 161998 747956 177827 608376 506987 562709 127988 925709 780014 873452 736235 464251 966685 741583 210301 399202 200777 431243 203112 691807 140808 40491 365346 249888 324965 292450 611132 610377 893960 813353 172029 88596 405851 537464 957079 680943 38252 210302 551507 928642 533420 666344 398815 414773 845890 422169 465624 350345 343780 906879 746901 504165 123817 491297 394782 87197 724953 987976 619263 493118 94641 769436 741081 481291 730419 688436 260882 761070 831096 328087 837996 185136 792026 892204 28665 66635 532116 66445 367964 424105 884961 752300 618823 914068 27711 228223 788322 430818 333468 799452 573934 372286 482037 583759 931912 383658 992636 332217 437014 860018 266314 594244 602387 357686 132218 222190 975577 769607 881261 143635 19798 25194 35680 971490 370742 719606 393922 601583 58479 734339 770099 696354 244397 232471 895157 471273 11659 323375 332292 667234 953133 398717 547561 92465 359243 442225 874465 322999 689640 662136 238377 712189 702629 278834 45659 118210 403472 78613 91373 851047 203083 518196 15254 603752 107667 747336 500434 769830 761384 831492 58125 661391 365680 920513 193851 137635 88795 753197 114078 195786 609559 760693 277946 177974 70735 750943 815834 254224 727006 294404 710601 925972 974303 672022 892859 739583 49914 107019 792099 800621 824188 794439 450775 714325 593555 144063 838216 633951 543218 457458 506853 229274 38043 470710 181610 575146 547865 682039 145094 355896 605575 37882 62955 838193 576231 777101 475130 263333 889838 552078 260163 353749 41621 742074 413154 690046 39580 584843 869992 534605 712576 877114 79288 184567 417087 121673 858575 72766 39682 592913 752633 37816 193769 288828 509656 995137 846269 990580 238418 219956 959120 735425 298620 173931 294802 572780 514848 575302 291924 915077 91204 490127 716212 617837 351622 36534 313695 104518 711330 449371 519078 159063 712778 827733 836706 521794 91277 718304 270693 847931 722755 766858 624097 227440 515405 511032 467188 830819 132488 187968 23497 342414 657686 72756 813493 168726 733170 800352 141795 401869 887638 951001 207147 153762 113762 381003 262193 327058 738819 845997 791523 656996 609749 403717 550750 250744 649926 667802 123993 624186 671552 391399 848187 586478 120700 234847 544858 748881 171366 137122 593416 281715 852265 863737 337796 703870 960799 18471 292928 84185 119525 324230 96895 478329 578429 361101 447064 774267 281407 760976 521201 914038 198260 476983 672696 277945 993618 942100 369634 803267 729740 803462 330285 138280 850208 393839 896364 182622 185110 248511 397607 655913 922887 232549 150154 34545 762343 460169 777741 814700 751205 475228 33004 152646 75098 594026 564308 576364 715846 580823 350538 185700 382278 748787 497030 468240 913732 565700 923958 313636 236778 914669 188978 323569 971846 146662 418861 803817 542264 56360 563497 3563 754022 200865 568117 525733 282098 987008 172546 206524 526544 166943 949726 469271 892813 527836 198309 991802 312347 282063 209885 841512 205065 69862
219
504601 776997 467609 450116 42386 475422 319711 869217 608967 504841 317562 870737 148740 31197 104367 273956 470038 725430 336578 139498 312758 931997 379848 250370 22693 572351 740529 634871 126084 782856 513672 540156 306239 451672 562369 484183 329375 168922 115873 236012 115601 519052 992001 195922 482992 504296 475987 150650 445207 815317 117833 263169 852590 740658 939517 691026 582698 463122 470705 664251 482242 32969 142635 14433 213868 861020 554458 157975 400164 169778 165967 585418 475439 346352 425209 720031 341527 713358 902035 996143 390845 801935 957331 358716 830412 279444 219996 109560 620517 663666 590680 255268 222214 310614 950866 306981 608192 313975 86863 837397 54735 269763 148861 115567 561052 562372 285321 20103 467043 820326 495317 622268 785332 304619 461986 516387 306905 946923 913775 993497 63084 974735 671570 35509 236859 597898 749147 356102 898490 926094 893622 251452 347271 624023 254274 245051 587291 118851 6578 518141 44058 873370 551722 728873 786672 733930 171951 936013 737472 356945 101675 650105 365379 278219 325120 244913 749309 2496 975563 541784 980626 909792 105573 475415 11195 881734 820097 562379 339290 901545 756439 244222 18370 936913 937225 749909 161250 846802 683274 573190 685025 937963 716633 996788 781106 680385 718492 141586 77952 115590 113817 82819 68232 912784 387975 385476 520548 108562 984006 358289 755301 734009 730207 205196 483160 60131 581196 635860 761705 789993 661767 181464 974058 254374 437150 213684 619629 318124 448509
