10
955
441802 342719 233069 137362 449930 482428 189764 402218 781617 915036 606704 533446 368264 476113 33361 16964 624998 531113 322146 389085 459946 952143 824828 180648 679137 708058 559319 703946 686380 563542 385028 912675 939656 362469 996777 541047 765032 164382 587006 163960 584094 651934 955603 209323 857022 660864 766067 127182 799256 172944 472913 14551 177396 122695 459098 563499 825601 58998 95372 159944 195538 122993 765528 835509 920466 401851 436007 36974 122093 469323 596163 611140 661123 488117 47069 595964 141684 158890 629547 636584 189628 245808 913788 685619 279783 252615 469916 748291 747291 431752 890217 180199 193680 530580 108943 329958 623983 341603 546003 221690 862228 820970 298749 560726 375592 289432 281381 161928 253247 693964 963985 834880 520330 936224 756673 45500 644895 200919 419778 511319 843321 504804 483952 4320 923187 311499 295794 817705 79620 781863 119723 60893 176212 395288 48939 354903 545057 745240 563225 315213 572304 614530 959519 327053 879221 777843 60046 26370 513186 489638 160368 71274 167830 313452 325152 542209 942466 427612 314716 599144 948652 279922 632592 263884 812951 168465 192458 391710 593962 162701 125723 463706 629022 249992 675282 757372 124379 919194 150385 964836 514104 160640 23183 457661 754124 64972 476702 666107 316317 724774 644678 983459 277551 890508 137683 873486 243495 141614 880647 800097 163094 877862 887699 356078 318184 403225 432533 549049 233280 295993 268012 994457 850004 484216 895221 529102 531578 952536 340573 945968 606386 268976 880021 386116 280959 791474 589067 236845 744408 511001 971866 406499 471196 489255 613282 796528 966273 952938 94866 681578 670241 466601 241372 724335 481357 560071 101649 358904 62252 959226 593980 569420 848130 620898 964789 876469 117449 779606 202257 314945 972825 687533 264370 808079 230542 148986 162061 922228 845878 144115 274680 747321 808595 460356 329673 284547 521863 940495 863182 979249 556828 335383 984613 785967 343906 654754 275647 230974 626687 302239 33851 79521 603019 697021 979090 870058 710445 828812 797974 172876 977042 352659 617819 392143 243690 541733 428167 386693 147984 337663 527608 847314 487361 445612 995583 137374 908082 959307 131316 845764 653791 482347 842236 70823 834875 113942 617194 763350 344646 470665 691530 950693 321801 615388 782240 104817 378903 402253 88504 894573 41637 649896 974924 482319 163736 504214 810819 647751 18601 133225 511829 148827 465120 331891 679967 239096 864502 880897 884621 610805 698276 749567 377479 330676 875652 890837 829643 13004 467916 87279 709252 159699 474657 444556 504107 34498 185322 194632 503159 239073 690510 295115 781324 902302 434116 661675 34546 684084 65123 276626 752244 520307 321042 528016 199477 245220 867346 573794 319546 308283 700047 448690 372314 101353 408565 311106 108221 457813 141023 627839 885272 785397 565434 417040 449407 945679 654532 987223 552560 239918 548476 604221 146343 848717 23916 786287 998368 40826 802921 742761 132210 703832 560348 549342 24006 582764 612729 468526 967582 202920 211392 775940 273758 747805 431101 39035 65688 643849 66798 157030 910564 122426 418326 485532 926960 279262 240317 820932 246031 999908 759683 74275 126516 71917 481400 244006 567673 931162 619453 619759 19584 446201 616370 381311 981083 704524 466696 28041 124030 312782 861804 560906 483050 521471 134621 306036 856286 752477 497072 358968 642518 311873 461825 498292 626193 515181 350747 933221 879011 679619 550331 474008 433268 362230 864506 830490 431169 860975 425335 277002 174262 794793 958174 36296 502393 438185 802403 366970 164851 759269 98539 6184 115881 97180 620456 333902 564771 640149 215016 292567 677655 122037 386454 42362 259845 203668 577153 809537 536742 121538 950115 498155 515208 216644 612289 349121 749968 31127 654415 823682 567362 1589 980539 505382 112330 187441 730300 643143 115795 449553 549803 218839 26354 503258 749238 22674 143554 784428 219422 663350 376834 514299 945684 684 478405 145220 145728 570788 240044 807575 601936 723486 964145 157537 505025 456892 536712 443331 735814 155213 862624 495456 357684 71087 864229 568873 689570 257500 87861 501599 403372 417446 809457 915899 768234 976539 348218 418758 794894 728542 291718 224010 781176 425587 378634 142184 557819 32551 156456 261740 205776 748487 204876 7833 451441 979312 202071 864243 221106 143017 812419 883169 254387 485515 552796 884203 696614 183064 704466 355118 590279 340766 795246 898382 665904 538882 539738 88964 776041 612923 514512 217583 890681 387265 456757 874642 670274 44690 47240 701467 590930 839711 664311 828513 994519 842099 881966 83906 883467 206540 599757 381494 898370 481475 646361 389325 282238 110753 723074 409622 228510 534433 566605 762211 586122 343995 906492 560029 505464 539424 419913 43912 630290 701841 133959 266032 747741 857797 353381 788210 202445 453593 323777 90987 706128 322973 559684 219761 554261 576404 881983 476133 859932 946681 362851 849292 967456 232678 808437 982441 939462 206177 944802 198505 616993 458755 72216 197643 91359 418899 193267 930617 362412 444603 108169 350601 311357 598983 426604 641641 281964 671333 222475 941411 780207 79918 395566 880449 666141 843902 362292 62721 115257 218715 844780 499240 343012 559715 524806 324495 693045 797863 294348 912453 569247 5070 725265 813597 483738 125496 816069 227307 769962 965216 675954 637868 813205 682764 977441 420942 835755 724275 46648 130035 10461 838296 718199 857108 253454 659221 653401 805349 913236 336028 6199 63569 301385 354496 94152 846654 748221 144310 789616 388592 445971 400320 330952 765339 374123 159330 600757 41279 407915 331338 842479 815704 209406 290 684685 917067 522299 159573 726482 651287 695369 708200 419181 581106 66899 367340 103608 330467 531645 37541 525881 512244 617524 874807 680553 168463 915579 67601 836487 22494 582047 105856 788166 633544 417691 498449 528425 817190 661521 245268 202265 155813 729956 69349 775438 911359 235613 914590 769078 592604 653669 599470 653379 445388 186678 821983 408652 912388 792590 356583 482238 219544 504998 219539 733312 551118 341400 875831 419864 616054 805943 603228 932036 781382 376978 873383 937321 790112 193251 440510 820244 714501 823560 804146 847810 522187 914709 536096 790683 490298 925126 182959 889130 669790 754851 757744 170405 807456 901220 634219 971453 265199 458737 320146 94914 289255 594901 687863 391250 11908 926847 788837 221550 936174 582394 249309 339923 790131 725267 381849 999979 486323 670768 392953 604780 584681 185603 336013 806188 371884 761518 51573 905253 232487 728893 352340 693209 108610 224486 885759 727963
246
422089 960023 495094 662198 498686 692478 445267 589846 768957 746241 262895 67003 456054 161812 468881 317828 588425 87872 409371 455310 871222 812135 342053 933573 834744 315291 538852 66955 786865 274725 467272 881068 888581 789164 563618 224446 911216 312640 139135 443009 378012 122961 343414 229956 603819 609355 572703 563078 661356 685238 112365 439583 449295 68501 300810 762948 545788 240691 155439 24088 752781 538517 911844 170211 647077 74261 131588 949413 488996 207276 950425 331551 780700 600151 627579 695021 298278 727891 849804 127197 969390 361233 882647 926511 797496 257491 515558 312703 647701 245970 231790 107103 981841 575506 841833 584936 994851 594974 852257 669225 784038 701057 323483 972342 434864 59374 951787 532579 188804 414487 928766 82921 553705 743732 199324 187074 286794 391816 694367 357941 296703 419919 313809 783000 696788 804408 675674 749865 54204 823977 408006 123473 709014 416717 855024 908872 955763 221102 695875 158369 387343 571946 201352 547521 643946 881171 294167 691718 213508 232572 344379 837622 475866 813311 878257 149463 787483 287962 629166 986942 140361 491586 751295 311659 980115 486011 704992 861834 837389 733735 855487 335773 90338 143360 699502 444022 45932 555031 721811 161993 749790 193110 598238 360463 132193 562289 744893 871487 231522 703733 542693 902811 474230 794181 575253 575212 642600 824188 721013 444505 34699 228067 808366 40832 941678 770823 609766 78655 573312 690349 986343 888586 374207 439720 610976 296091 622508 215920 826589 381274 302473 326295 491554 342039 605222 665151 501286 638024 720734 467975 580540 778790 454410 462459 493904 618855 871833 660335 517372 769866 82181 685138 600008 288580 173584 270305
478
838158 881052 715053 5047 652820 420240 458961 65761 298975 805656 858818 892751 580486 472601 715484 428270 567295 532029 796985 391511 575464 160331 253111 790743 701137 873247 560255 215297 810799 782986 603045 112398 561292 529942 290103 441452 149070 297109 138871 302475 791718 755904 548222 481298 922100 37926 719810 563258 364412 933866 430986 688628 98589 600336 83320 838623 900647 708706 605610 211707 506392 512426 968849 133467 424010 948309 570111 627244 291037 965753 693908 18978 439290 998161 30143 665000 528588 291190 893572 478170 877686 483898 376185 381750 921125 423733 436050 979146 59771 394800 563298 933285 685870 287946 188736 872013 817162 707324 747827 714418 744712 167927 515652 255047 350463 635879 25164 782082 337804 212707 21825 836595 945192 581497 237826 727523 47808 39766 370632 58655 906401 886823 244018 916012 812130 904440 440202 665129 198645 364841 309062 93686 67356 978477 866205 978337 952778 221161 127948 452639 817283 976177 799889 340978 752973 45739 445454 454099 324141 534926 93504 880008 364071 643771 606943 176097 262903 974710 296227 366735 538685 199545 520549 507640 914876 90937 56063 28722 869508 10391 396964 592138 960430 578907 91418 880913 207161 554722 726027 375226 332870 70033 726792 990774 811687 412934 611514 689208 603096 857673 624976 268402 393215 307661 113643 152148 469027 938490 381659 356468 197731 115220 429355 176883 271733 111401 267035 126622 629495 395460 512561 219641 489450 405376 759397 731010 803008 924455 467854 577707 485018 254824 205208 567973 848600 509007 352106 492851 544696 580223 626433 590929 255211 666989 788810 399984 971462 74331 250123 49541 599269 985784 481553 74504 69977 938161 216070 364846 453330 883056 251218 96435 881347 529332 865348 54574 553211 12302 196439 832143 945165 249467 165063 486922 152932 134733 986382 145279 397416 257080 510999 77624 697368 853576 992560 306227 24027 68980 992202 902255 215006 625039 824407 267503 312185 248958 101856 845593 270268 914178 803938 525289 666306 437130 228253 595510 249153 359743 503718 378879 326097 26118 486839 184090 578230 774790 65720 696037 791908 899385 657223 106713 67236 112404 34592 890354 232762 178406 840838 933947 558442 72896 299989 266473 951975 889309 486763 635069 532269 167269 154673 367225 916179 519284 973541 926286 889074 185668 172138 661851 93001 577632 556106 78072 352425 689032 606736 180299 81972 423058 373217 49270 622099 828771 100094 745039 552945 21437 2932 602627 785749 433586 732289 563729 951117 75673 486512 789226 20938 156788 297128 823477 36434 962060 933793 132151 291089 129846 455521 553943 966250 112916 6895 85374 72252 257028 617412 396613 928161 792443 123597 321731 915555 848612 193459 479536 136781 357652 816079 720962 199367 392622 510000 988740 794546 853560 427069 154442 958788 963317 742904 445060 649058 620509 63951 58285 320113 781613 923218 579849 795150 38729 301344 551416 629817 121592 361530 49820 65428 616842 74736 954597 842004 135251 936883 45256 594356 612866 157421 638358 710055 617143 649883 180618 636853 813714 393574 380965 683155 59816 245914 283016 740389 162017 546041 699376 814873 488355 603512 305282 196031 984218 622736 448341 808278 223476 973170 735744 306167 483806 570853 419830 499766 527958 33026 934045 102184 417372
383
452321 71572 203445 264519 906702 560369 581005 959891 649635 895286 636177 795661 704817 606246 98505 93113 707346 216972 569178 433674 119760 324016 864151 785781 751139 769221 875434 512014 15978 684402 64402 143585 683861 42653 397813 953486 21896 845697 379122 411900 359967 505221 774650 307640 802866 29706 680998 918053 354321 881393 950397 238255 279480 524860 296926 742958 258417 967683 244102 116608 824559 55522 303995 914251 353346 912517 887229 648663 483767 505527 172437 274272 659474 821382 883472 653462 733114 261259 477179 837698 246285 328226 472388 282474 825895 884490 524924 564890 418425 239365 798641 750515 902244 261719 230314 499808 740766 136855 188616 117588 328366 624029 611617 320908 798529 592896 881689 504725 344067 378462 957856 498600 621220 295307 656632 245934 836531 557550 363602 385726 996057 31920 438991 974231 172286 814880 435663 588031 201810 343467 830563 569143 811595 701773 745022 217257 564644 270153 776405 274320 448079 952431 437654 522745 802408 326606 615652 973411 277777 221732 33494 787291 610347 852782 153694 529085 776291 601768 23874 428932 606446 688522 884972 371345 601609 931721 19948 399102 151458 490516 35663 829202 468750 802860 310944 69408 571959 186564 365196 643118 810563 294496 133823 582038 476270 834913 859514 84580 411881 300418 754989 447074 530333 197370 856411 924257 278005 83274 492847 943108 411186 118083 291808 946253 81633 611941 272724 533053 867834 621367 15779 163975 778838 950650 102268 549065 557319 356252 589612 848268 112971 774705 989198 352581 703832 157903 7318 532438 502735 660320 455435 403003 425209 581262 656153 174800 976881 499409 537151 784040 324505 789060 838632 618106 542827 678806 21979 290963 277487 90854 837766 470745 979435 525557 922018 123915 235365 330826 357348 142156 673187 38734 301133 610597 475866 799044 893925 818924 817579 629761 91249 6274 517528 773281 507118 468275 595312 280851 116648 825603 250687 330294 618698 165517 635915 429675 921026 29444 165656 175265 939455 224844 63842 182330 188930 884577 801247 806517 340189 620181 379194 334445 387824 1212 428812 919076 163800 946431 320364 743961 65383 48158 565530 690487 96995 676055 536275 467950 907897 294526 849835 870678 486401 387816 899941 515571 756253 610475 441015 221581 81227 770102 866326 788409 376798 24659 984579 806865 111448 112169 267807 135277 743797 354057 551237 607195 638105 429294 912465 334996 434138 364885 974969 179876 750872 956731 451065 271223 868781 838447 597692 351876 19569 907030 56117 569862 35234 515614 78210 367377 252672 253497 581751 322433 702538 895482 931087 813877 117304 111113 312906 794406 22067
291
723288 731666 2135 444032 406857 946322 196941 100115 958191 634291 853089 775584 479686 559222 612564 811707 569372 781493 567698 33614 442012 396924 792000 668160 768713 159417 810810 552397 918282 759749 372455 686948 795325 805714 14232 727177 582819 315702 106536 662338 512852 307338 626275 110407 183099 187945 612266 550016 475739 849497 258518 439457 795159 908135 701437 481234 600256 843230 684779 910309 129387 264371 906678 204087 335354 600952 502103 696270 204838 52572 579179 81583 753069 26845 243859 920882 839647 651526 348442 822393 150195 557550 128388 689429 626124 793655 404798 420077 565513 786747 188795 400989 73355 623630 796861 769438 810568 423457 266864 476715 376546 885962 118132 89798 904292 902495 100815 333805 972906 278463 806458 611763 371842 541808 656044 398476 108976 652535 841782 746692 484572 133946 16557 152214 289045 229672 693708 680383 639260 836788 116444 713306 292562 163833 309237 351926 807014 103049 885860 249125 604734 222108 832315 854080 465358 457214 528117 135785 730185 929771 133027 592913 414286 795940 378094 305286 409503 850030 408670 798494 253576 902944 982068 265374 276948 669800 851114 136543 2841 978543 17248 199916 269320 357098 493832 228249 733141 995749 181451 636685 232193 83427 544798 58329 632922 215868 628971 720390 600521 239481 980205 232099 815749 278774 742744 818124 651027 873954 828090 949121 596325 529389 752500 490594 753258 133123 858617 723896 453190 731708 69598 66028 358189 949968 239303 267142 837734 418980 446667 294447 865327 390334 354954 64476 358107 86283 572087 863021 819988 156478 613136 293833 817061 665007 814562 239125 450939 748298 992323 337292 312047 415904 640428 911767 112705 607473 914164 743645 324482 457200 31818 415930 470405 419222 449878 547238 849782 413937 761813 231816 340502 604466 907693 709933 520912 244558 821386 634713 614959 736535 577538 989759 307654 86072 15685 908438 916687 567986 974677 447529 676844 22750 542985 257038 871932 573463 885532 575210 877377 597654 271543
196
35163 596178 610272 910761 233190 612366 357510 564925 855980 194580 551003 951310 969409 645746 986732 689732 40360 37316 762284 183556 213949 209770 865863 559282 611497 979757 843463 556632 602111 126385 607991 836076 909367 580445 441991 713467 643085 815291 543779 520830 542814 10737 830009 741330 349321 434794 601349 213500 312782 144026 549155 466587 976964 336867 151639 807167 737623 429140 10055 482326 534583 514965 752546 589493 594423 879718 690286 795129 594506 360251 787184 108137 468737 850668 394976 115195 818281 611563 308300 54580 556592 455465 563429 448312 891129 511246 617760 19685 580725 26158 392758 13242 465192 741381 647588 763033 21956 691186 616899 412230 372734 406401 955731 508110 775149 628056 853905 416228 896979 249348 985620 298419 270035 377420 602874 478205 600611 704637 580293 565800 906409 623629 108608 571069 104824 425550 221734 334317 356036 719973 818552 712833 467244 500126 892459 336316 36364 479489 571969 542392 543471 977720 252686 870356 117538 190898 491954 711355 642563 302830 661640 651719 123235 562623 761546 834059 516809 572766 245293 9111 285761 899957 214767 765440 185182 654659 420105 92087 541763 6020 973738 812102 316392 8921 663194 62445 328983 870169 302488 772902 32036 918537 836438 447886 47070 562795 597097 485382 450127 86151 71464 271675 362257 809546 470638 51388
937
63356 44221 104807 592186 235261 647642 461208 609887 498047 302753 929395 650763 892518 911266 544514 407961 188875 174680 51229 871076 746563 995189 590476 258930 522172 508710 503631 748221 53148 163006 642158 546222 196204 984630 931208 44396 919259 244756 246119 639923 837557 590494 384049 606934 680172 337571 626892 201616 26167 936756 890601 927892 919799 545415 947595 338679 897678 59285 87167 470010 322131 541873 464784 886053 621533 281016 352921 731031 893930 244635 782950 649212 901121 784713 126447 371062 367113 822017 572917 739867 696833 40965 480013 389478 218745 240355 675772 50293 341856 371030 627547 127070 356064 742443 701436 984875 721072 883946 833915 903894 1939 344117 818305 964985 303062 669697 614303 973749 483632 920431 422681 787338 83899 729137 992233 502165 305392 960322 370350 105240 52510 685323 419052 290049 355189 216926 472196 873995 69018 462312 930746 762800 11147 881756 127134 722554 428364 163256 361596 4376 222680 933867 488613 414405 691697 190168 6025 699362 369557 521548 834989 625069 241158 480827 69493 817005 81502 402563 630117 830200 607085 449042 195924 494221 615533 105501 916593 687942 478088 201567 795878 395747 161736 840936 642830 37980 862504 693727 184126 704373 304360 847795 822140 785714 299422 396686 718637 582205 801044 337200 392547 655 589739 60361 881326 295962 197014 45036 388948 738648 506169 187359 396488 717840 985832 314304 128528 692260 821581 835840 620430 951609 576328 881551 454373 68224 366508 347833 553395 639788 870196 4585 518992 499829 247611 448558 411662 855753 686562 311988 685218 974318 120866 519838 50593 280835 427404 218060 633557 408704 670646 463535 871295 701479 173507 744341 875893 601248 301377 258104 847310 537584 98879 488847 428369 442280 970154 472561 422093 292476 238886 777478 207061 110272 741582 977395 235900 129210 318786 470602 419745 289956 331121 759186 21591 305090 370040 151484 626358 332043 654087 926475 657350 724255 226505 388285 823904 374957 17416 465775 533674 162591 969404 759969 798730 74946 829092 323733 289025 760710 368497 594454 832419 304219 45283 398721 655673 782929 75220 359351 38743 962529 47708 545839 572969 648524 339876 688377 969704 711159 509226 24785 368607 142117 812733 447215 571098 771082 570922 406626 921566 136280 552047 436534 811505 140434 602890 553100 258112 99213 971681 93707 488712 501986 309805 352572 949753 29892 900611 620895 346262 629486 364308 488066 941896 998867 199980 596284 191802 201377 322639 96477 892185 697531 217202 735988 829004 825163 85733 790926 547269 471030 315004 17910 202937 942955 729939 249729 151566 88935 450277 168729 232144 585131 658609 11871 357211 399694 119166 794300 57632 707261 607291 367563 410473 190573 131509 285925 866749 866012 904979 759158 402543 455932 57274 770926 118575 265743 760834 756283 204538 237343 450920 675977 729642 188547 395781 158548 896715 148844 21403 478129 825060 161167 678237 596480 727962 957596 560091 898482 320657 719313 987183 916293 459621 912451 196745 360967 498947 777134 270290 900504 144305 712263 686143 333985 848345 168366 526492 853731 350165 227717 705253 26297 933063 605457 762990 532862 443808 188118 57736 56562 768399 451209 36191 649980 529751 703226 404478 20329 86384 267130 715718 397412 352252 146631 812953 80132 559231 129251 196048 90886 783287 30060 697732 918933 961663 296431 913631 477889 140987 301746 400076 969413 802532 855102 925542 322685 43849 449486 712366 764267 200156 710395 949278 900978 676524 660344 639578 979409 868534 489711 235194 485288 90647 142220 213409 807998 717441 877576 12704 9250 9032 729432 300974 801172 951125 697586 296802 75981 402574 197052 143083 514116 465690 725025 874051 92219 84823 71774 884473 310334 566198 211138 146176 627539 674402 936465 632824 494140 534223 671893 358416 742319 943859 425688 663513 568362 313745 293762 327724 471493 957757 38597 100303 622042 539732 208659 150685 883951 225551 515294 664038 680927 633789 718214 898001 378534 258985 971754 117344 980292 219373 816933 664750 278941 695084 57532 873114 151392 865905 527056 817056 49152 559589 657509 902430 202871 582575 47444 89873 163319 431514 283752 853402 321144 78807 190183 338935 165306 786433 731959 43826 708858 501906 177144 610783 74557 583184 957996 399082 411774 941934 583290 487574 336383 482471 713383 659763 680263 843831 284786 489659 161367 403786 552615 996567 984844 587636 814150 452542 166826 623976 472250 561471 82359 47720 254376 893454 856340 74243 813852 279374 362102 923477 453161 653100 351497 462588 253863 123166 294790 989328 7563 831881 395914 179653 123768 33889 735671 980191 9088 87512 768111 578354 288017 773315 396212 568982 221962 346931 990667 531039 899872 644275 924232 503016 3771 204491 16322 587525 348610 295668 771306 423154 795857 663468 618311 778036 718348 327239 280808 693180 16605 393806 658705 156363 635932 533722 926790 964844 233432 756095 452768 343472 675928 593223 84481 775042 131185 540171 657606 228671 726332 387660 991796 386340 144338 954217 559612 958757 275281 60534 64025 902250 26739 914701 699071 752862 455423 555085 686232 286198 940374 252519 171978 781258 462960 740837 707771 910089 451808 271855 370924 771289 50941 627614 895867 529096 389892 96866 829201 488099 750949 548988 168260 187292 626009 805359 138214 361857 590466 918200 216153 438505 601240 903909 271312 66613 328833 609710 562207 166513 982035 481543 768795 980095 809439 866957 539173 755874 696187 780831 347921 804574 781426 256242 472874 965109 459884 118124 195383 727013 570678 899760 279377 909237 27854 641608 998300 886305 344796 811159 286400 436235 139033 562495 786811 414303 831734 46473 331321 167604 135539 423623 422996 112557 997892 714046 177036 509067 638939 354559 340332 16078 541170 580241 876844 335802 431192 704404 967022 74856 905712 250676 671441 651066 939992 688991 646962 578066 589232 121934 697346 751241 765300 7072 650096 280205 592626 361664 169623 962180 751648 471414 166796 438218 109906 998889 818649 711203 672084 638195 972829 712830 781285 257162 397939 232159 624899 301091 663251 608772 931091 404254 427989 921419 549038 651682 148832 119261 126616 518200 348440 342879 22955 354371 265766 460296 342514 975547 203988 940493 542305 898913 39597 658878 494696 874891 898875 521495 994188 417921 285408 90800 629847 504641 523303 109473 15311 62196 695325 197057 299008 488616 798161 898559 502073 413040 685797 260872 385125 54350 60268 207659 163151 121120
148
744350 251598 592994 879929 14591 186714 302311 782059 895704 371949 671527 643685 496533 569398 938943 816635 687222 29840 599104 77032 380131 218005 126776 102500 955626 703684 218092 302714 662813 327424 378182 58833 105219 297017 503460 939172 678957 68341 640569 464982 881195 436127 233455 934764 692611 928923 223620 567724 73762 67075 519876 644796 997929 48557 640832 843440 972068 704884 222003 233697 220988 989986 845938 548492 684293 130818 893520 597053 57838 397472 7231 104983 596221 73217 125965 438210 955851 854314 878012 450539 879912 350155 520032 893337 378643 739429 72356 837394 772069 108012 659651 366823 402983 591789 953256 309172 945183 979360 930704 673279 821671 659403 175276 298874 584851 544919 551764 292227 201375 510054 609281 938545 314508 517679 696630 438432 978830 978742 432914 487264 291405 34758 236710 747601 622846 983443 727488 434909 52750 409249 945170 22335 770305 166360 159859 113460 620463 900041 124809 443576 79696 921180 633514 855391 252278 657780 257026 3881
704
957300 998207 187343 404444 350881 766628 271833 669814 74820 601119 129734 112440 436939 413925 377638 666256 231230 176918 370490 738092 170172 276086 327434 77114 619076 38555 656530 221941 211715 638572 401913 335077 753889 156357 691632 566461 994586 706534 657200 387558 295476 571686 254453 212953 621600 981785 99233 738084 564239 142599 290421 856277 850365 733441 92746 367966 375788 948717 594327 831613 818778 290636 949828 864826 953478 265411 248496 340899 504541 251166 105356 77816 801821 554924 535800 951706 545950 332778 420210 174179 92161 369512 446313 838861 954420 218939 575633 821897 926965 682525 863584 854667 994013 46657 278323 918165 559158 323576 911358 913585 641946 30834 124739 937386 176373 837301 853051 140938 786253 765920 26727 434791 548367 640788 88204 162470 790217 671729 382561 955719 624924 557628 928516 489769 32949 881092 747567 469967 75821 732013 981849 821802 984757 402596 143969 281200 837951 202649 319636 90351 732227 474274 70486 336227 766865 772095 375679 511466 408020 258438 231586 754925 68368 486136 32235 526074 555487 964562 681047 932095 231329 925942 672204 772380 30286 422864 47933 931966 894693 823072 610861 782928 44227 213367 416438 630720 365507 983827 681526 78778 894496 509284 6457 600704 486006 466218 79567 946014 153661 769993 977385 434575 539024 581135 134455 498128 388609 40693 790216 129328 886587 399284 444959 745835 994119 857595 92577 970311 199237 160481 636885 617597 775833 687866 813259 213062 21547 616879 76950 381813 725697 738896 960823 981379 926202 981769 405018 98943 966837 325702 313546 545234 889727 970532 29873 557885 911102 974095 691964 612259 634435 461498 184862 176785 422602 697536 585083 191725 474168 361079 294723 751627 723907 435108 53434 64171 329886 582254 746367 489362 566165 941921 406111 714166 219047 156574 938715 350098 680192 775839 586199 603639 208495 780464 942261 930027 602717 619796 975475 143888 84413 428412 692246 507493 110366 832977 996072 482799 74350 419636 292719 354243 172064 480976 553311 948697 944780 628543 6176 625315 620999 500685 293629 496325 3083 349453 979049 620238 82771 4054 287666 723785 617527 310625 670888 65686 353468 373650 852214 987921 240543 186198 632130 824551 688346 97339 784425 391255 865172 429578 388966 147220 212698 913476 793195 397141 757342 826750 538152 677408 421189 926739 989546 713518 914430 195400 797212 343917 950652 549959 773903 694678 847351 477462 589622 481656 261887 933099 370823 83527 813965 342439 922647 763082 977411 240909 405137 164577 868222 604306 741574 666557 693120 299031 216111 272093 782771 206450 445870 753146 251218 146656 447640 828954 995231 300396 740276 931830 616346 390465 144141 132222 975680 968090 277380 109052 528522 31483 754153 857271 834803 330781 56486 740941 283579 193652 663872 913760 853373 294511 935452 628661 417073 534366 631925 674009 497987 619224 282893 586913 890539 572261 504581 336142 685954 223237 752276 877740 165759 401802 54817 461596 820268 639418 259011 700057 879514 858659 775928 552099 620243 116861 331612 977687 679439 437215 112089 923834 421662 145451 112580 184752 7818 732189 185641 386919 875852 480923 549047 197558 901196 973221 828680 748388 655037 53268 890581 651032 288458 11033 368250 226410 276928 673942 562415 312208 355968 221645 116286 955871 593104 491837 641833 213583 824075 254576 602563 463733 995352 358319 874470 971886 458862 545672 453176 979271 722693 863526 77458 27273 100017 657677 865970 993773 393645 34239 465064 614434 578134 992179 723855 941161 895127 4665 350146 974438 909693 534598 554316 285125 986221 953899 348267 757345 956996 791317 273731 272069 789432 645869 471805 790219 978232 831871 659217 213449 916037 600101 489360 855147 138909 866086 186503 58255 482619 804455 406617 699153 784476 44126 430904 16892 976178 114442 910268 24336 946994 275486 847812 648339 606457 343343 420628 241721 174908 381592 432575 191080 106848 859623 734494 888342 285222 932475 958599 130474 719706 428507 236006 202928 629688 769435 308841 683458 229079 595017 152983 429718 331289 40806 657095 543394 222459 610480 650261 359305 151909 98809 157968 469902 727499 973179 922813 572401 110222 974154 526439 387704 126097 608389 120384 341287 319609 30945 306935 993473 670494 498889 685224 331530 423847 4908 514149 511707 270729 65396 276137 113303 291667 339706 418197 915645 813021 283587 920369 181825 621151 220583 3309 635629 443539 156480 492762 362604 143333 406639 83881 746729 777134 603567 969366 954783 83578 879272 756634 680538 986515 233457 802651 612675 360566 244169 704951 347724 363592 587462 569026 632660 647454 239085 750543 466197 219443 854738 54527 177742 56087 251681 652584 705171 113725 975848 613621 390735 835095 399294 16273 398984 79273 211321 37202 890019 492254 372332 366397 268957 276272 884424 812367 704764 113714 755569 495774 575336
661
621194 875645 330268 931712 512789 934675 601308 714616 855248 604307 179955 320005 279601 238412 310070 263138 521930 611088 275075 263363 119228 1492 523539 706745 290447 725877 464658 34987 739350 741876 724085 277323 280318 790606 414350 874392 600414 298168 960501 744214 132029 692910 621578 660170 951768 319545 717483 862937 509821 548946 29907 652550 267746 407142 952823 202268 974403 298181 521317 894856 954249 735032 111572 586619 412485 149187 626401 33562 551202 324236 945039 171285 291232 490862 888970 462799 301925 341102 529142 211698 57272 138551 495620 108362 286217 700341 664864 148723 945252 299801 162054 607490 859673 213247 737325 266424 897995 50126 289719 510018 705020 382791 104731 351239 939172 911999 616844 185620 322843 21387 713235 628239 473619 322615 87295 452553 486385 119882 36573 830328 281743 187407 262561 960693 386430 677708 813480 390282 315648 244292 885286 997516 535730 313855 665330 121743 156676 94484 541746 570968 854545 574357 557283 959570 156430 473793 236829 499653 578681 819788 56733 557272 215320 684596 641737 202408 315298 725695 529510 443852 381530 594082 987623 698787 239894 803931 920975 76789 712241 999214 105387 603471 127754 988229 490264 422520 20745 863167 301118 916133 103209 488444 107348 862947 925322 520323 559764 493410 623600 76790 312043 473312 614882 492252 474996 721059 345483 629531 729013 872821 400696 133626 140878 680245 110690 120289 246489 999375 52591 852600 392594 517568 235718 323004 510823 401354 140556 499775 66350 550925 433023 667274 404584 312336 517490 44352 467217 550994 45964 481141 711509 318180 683281 526873 76980 532167 945794 515182 633844 653987 581908 347613 605050 233380 316515 165777 904447 879715 191189 227339 144831 727285 572432 390784 705637 412221 278856 525041 234223 923441 548502 114071 476850 380242 377207 59026 826778 285285 660793 164086 212533 980472 587278 681452 919500 518808 979857 345813 754454 413484 941000 599071 342999 182699 871591 769676 280953 672993 229271 483959 236187 559493 208041 609886 223127 27156 172324 711724 405290 739982 434265 547958 464799 78854 551625 67183 300561 39327 898683 68328 264166 906679 879724 873076 723878 875964 867584 938957 739241 468342 229900 301661 784843 264810 899373 603041 38974 142112 542000 672749 651293 533261 754373 578040 942417 150586 837077 303280 9641 569145 582025 226982 581461 927916 694951 287122 585793 362193 122891 545777 496815 816322 54216 183633 24933 733004 803592 746469 401761 889555 473712 435935 476183 789068 827809 189883 214426 493112 362031 760525 87440 316641 486503 935394 843469 86485 533546 368006 806848 692486 452673 442335 303708 154093 927807 800136 975219 72310 546619 723007 860100 495827 310517 501764 39107 298310 199038 731064 789486 731349 79365 751138 265922 479865 192597 928611 608609 811508 726176 91326 578193 998945 707377 451445 113348 369638 366740 474689 315634 240423 601916 163950 411591 343969 160192 93902 824332 407333 851850 309627 493342 495377 582249 668903 53699 920222 294800 895672 39978 664597 450928 911879 116218 966540 718247 303216 363880 477657 274733 772483 266002 987382 8707 18034 389279 868676 827376 693332 27304 998333 817032 548185 495472 337233 866265 738412 911248 231423 820988 746398 272909 799601 576240 657249 601713 297151 242117 404613 79445 182815 499617 643995 8596 804663 101514 966725 80829 872843 564510 648636 995740 390557 761104 598375 474915 71861 153855 507867 591113 235841 120316 867288 693074 315272 929303 386943 874434 816941 751153 556266 796845 370808 6155 46392 446674 438223 673204 74250 675193 463441 831249 653894 364044 40955 68804 792307 355973 865360 440265 311101 192541 247043 2832 156900 663952 308399 856988 56183 688154 456461 26749 163524 497424 7629 898923 914727 936211 694711 439403 532746 537948 7745 324872 31528 699791 805614 159083 702215 36326 13586 314970 329410 242952 507556 196418 267405 446035 302708 213106 298791 756390 426538 172963 468498 939322 554064 694271 268419 536748 94717 12066 883530 463898 418366 265258 868041 265043 430287 393021 394541 468077 536855 942589 41894 948121 260188 824440 4324 185314 1013 254335 154549 550813 417071 667688 50311 162957 759817 460876 820858 143951 568444 644477 726109 149950 441480 718751 219265 717480 812306 180611 116823 162907 466791 732843 872430 767447 100624 28732 185535 396817 220728 799221 867715 378333 648542 2578 324317 780688 673594 745109 537558 455872 448608 763973 758414 676056 663327 581644 378004 365370 644279 466112 819187 82068 177978 189266 991932 413901 175272 120782
