6
47
665033 933823 256198 264582 67738 325589 944921 675700 269435 16715 962211 660481 563743 568860 783885 217619 821998 184047 273164 252159 776441 342700 589822 407525 43322 871053 90012 655014 561899 381251 60236 68054 365929 869023 90410 355775 606210 882743 424885 247694 775023 650949 923172 970848 904817 721446 294564
5
775730 374823 696772 787830 207486
22
247878 214991 993403 377428 663393 451756 412003 84313 909571 221545 326968 409561 652197 260087 381665 363596 367558 968192 639561 235833 758674 178584
20
690565 304761 717314 460079 967561 485707 719192 879449 560036 958220 115033 302960 78710 463769 799378 776047 195511 291832 261049 61139
38
853334 718879 352899 361528 647718 441354 150361 251907 452658 820018 352044 301401 905556 599459 389655 207735 138076 895113 292061 891320 256476 798648 391144 249066 487076 831728 675533 848287 269038 804912 663809 909224 61492 254571 985719 333474 398600 670924
26
722536 421090 210331 981087 907212 410437 697577 59656 277210 648075 531051 485414 62857 795191 668104 166164 413527 919014 447960 572302 77143 758903 508835 565494 683197 868133
