10
100 188614
470722 54069 213336 890882 827161 955642 184181 292583 562587 94950 298851 284269 480014 783072 830741 987491 729489 158041 43314 430455 440887 128729 507025 630084 341778 861711 107352 585707 289724 977014 171255 40597 984284 976987 266032 939962 548091 694411 865998 733188 67047 618620 911648 665910 611909 952993 248524 138580 414698 864500 615331 273320 206636 180971 89713 879947 258776 983842 353945 958061 319604 596392 669326 370601 638344 913389 493975 497799 815860 397495 657070 113763 181268 152380 238146 314848 103410 308465 935748 239748 466324 390542 469227 361889 315675 661842 777175 756282 340083 221539 97025 700523 536659 137954 756489 721825 995954 748638 375776 305129
83 7269
692729 232232 836819 144762 201043 664974 694587 609428 184419 255399 461013 113730 523870 486090 551645 349682 618517 519526 694450 690688 839383 850965 590522 833863 900229 373956 362959 992327 710606 488370 42683 720346 107502 483845 303198 665625 717306 673119 923260 821781 704721 619938 203104 197060 710138 192827 40352 827114 990403 316360 578593 969962 219279 780336 490089 415921 743939 81144 955120 130843 246191 668560 385466 463199 702452 671454 780282 919080 262954 869205 643756 135202 381132 735043 278674 100608 933621 270195 312432 589504 732923 296148 58815
132 215385
80615 322105 157477 625930 930039 308732 53191 311893 978515 6229 31175 206982 139622 37737 221443 640568 324088 754787 67414 954306 206380 393107 390386 200451 107639 175585 139186 337447 424505 844536 414872 46143 44999 698139 871201 761373 405434 37366 653731 667742 509142 212380 570741 909561 516638 963802 16977 375634 780979 913865 90411 149254 414758 185035 721372 24034 735782 440471 711222 481504 544896 211028 684348 547636 703555 824101 444856 34329 921039 622112 171113 633577 370477 549416 391970 546772 895068 687860 827583 993554 241946 305716 730003 753130 412877 221900 795769 528874 98863 24218 842802 155143 954717 255621 717637 734531 538506 740970 772525 371985 618817 74129 976816 370228 10530 706191 566903 543236 634383 258070 654743 724082 102230 49590 364533 817466 336603 13355 697917 343752 899946 403626 375519 437045 945848 727090 175833 719474 612538 434954 130612 332400
207 681632
700823 88345 691230 936423 83494 916536 306142 165256 135623 432236 117731 963676 479423 911764 920820 515715 801175 952060 549465 892393 576812 486968 613260 613039 946779 530285 101042 593558 208953 682563 6848 243904 92652 675969 751320 222728 915502 222896 199105 367589 155839 641098 153987 86516 682997 760777 426401 658430 423487 250075 529824 20812 731824 640702 640672 999858 531198 788227 105957 561005 782891 570128 612470 39160 125975 111993 155888 421526 599706 844041 98040 798380 981106 473202 520653 905059 340724 45990 292388 865192 104296 380502 102014 263454 539119 88498 115908 167015 846210 589361 239016 437564 588808 419244 845099 142790 627539 971253 305454 880565 905804 678635 717360 815795 330732 617997 304914 390963 932987 8187 134511 79514 670715 762170 418686 163160 373024 468805 827095 19714 727076 194179 486150 584670 504992 988766 428242 223021 329191 665666 170943 949111 625534 787315 858358 571771 593765 887133 367101 38661 341193 474195 291393 397177 279649 249003 168711 862651 688574 735125 10174 213420 932625 168060 107102 63732 243697 783163 273276 332349 40175 910045 188729 925252 85246 823321 493653 952653 916001 399483 570771 59659 98585 106885 808392 875602 114744 455143 255470 665940 586890 750853 557953 772967 658106 34946 258587 488751 746373 591579 496396 688050 872789 53609 288864 513121 747762 162060 152145 843729 823601 386534 943122 835411 526074 875309 371812
447 272008
850570 856490 815240 580815 665484 621849 834201 977749 101625 968808 65683 815487 467807 501027 880280 960689 289502 275750 606331 834956 500196 101262 325023 530599 885590 113781 915137 93037 634434 830965 469292 701470 105492 257008 722142 885629 568881 660946 828834 493163 517245 972259 808103 593320 125957 581264 603061 313613 398123 339042 37414 548717 483988 240010 613982 221188 615 401361 87188 296528 958246 455834 819980 993772 605410 855111 543305 384287 342087 541318 91425 18868 659024 610731 331917 707426 62656 490146 444060 569055 740130 797568 487371 97446 5117 40302 682725 508333 142455 646497 104888 397139 931340 258277 518221 317366 883745 600095 466593 226212 185814 191023 908575 719686 597476 363644 254006 341855 571769 524653 158940 497543 812029 18582 813917 880431 2571 494242 420912 942446 997125 590501 384953 725755 131925 966774 384422 873467 497072 469420 217459 425473 561892 474798 631895 322836 394087 655466 128830 699763 295870 141432 36333 498789 728623 279784 20095 311283 210297 953637 443103 636033 279809 892884 918051 140967 464068 880710 292154 691666 820425 655813 536191 126599 905036 474547 511466 834311 596631 300212 713345 41995 362007 729840 378677 440665 905613 170237 817746 422738 493129 33077 12634 670676 952600 86817 106564 792552 891032 919889 704400 857368 765481 302393 163722 499049 817482 866419 70356 59744 881939 357566 185429 49835 831185 883866 893965 977906 561607 477555 585802 314450 632343 667592 843293 915797 209025 345944 193545 823907 202684 152433 931120 638028 501591 211989 511113 352540 351783 246025 180890 306768 253322 637153 799662 183439 242783 71943 758628 971801 282755 153139 851211 316239 453211 74926 416850 831416 427481 382629 795448 104145 48640 725946 668031 134356 924017 589828 623836 173506 699682 791232 453479 491673 869685 845968 984995 879537 808217 878676 260851 582517 368564 795980 312847 897841 505517 122223 634011 860279 554073 408230 162767 990839 697347 507052 691477 833423 14242 537891 814424 198173 897746 839202 130350 684305 554999 852175 605105 479451 307824 167739 219783 453747 15534 479895 916536 868165 67334 909883 945726 320969 405696 22319 556457 700811 179896 618032 65683 357510 432064 90029 969615 135343 684757 77467 882582 699065 480755 443437 51551 108657 997669 329357 432587 363392 747435 260508 293320 379940 973545 149394 259123 8860 833704 620110 457957 236186 458711 323519 428687 136030 646207 122225 165565 127866 179497 609934 827656 279019 911002 179316 636125 421486 384051 753955 607312 479174 421677 966921 332661 923716 630018 776767 993460 641638 801708 592412 889749 159465 728171 525617 63427 233736 102303 437733 409718 983133 982211 234972 271691 302707 113943 985812 164618 983720 448546 89785 781700 146396 319892 170534 716891 403399 432938 821143 472879 125864 126099 344887 697082 721278 119099 173145 214997 342642 513698 996853 852953 149413 747378 608196 53513 737127 177331 67659 74805 871306 282233 345391 906331 325119 312132 766954 171884 301154 405019 715370 232022 41441 322304 403606 951035 783789 971156 583556 933746
108 193748
956773 246823 78393 390700 230427 921996 359498 369195 496476 986832 729600 296045 391264 215386 448044 653350 83251 934877 552432 212327 50268 755626 527215 328150 127802 229929 422895 357279 49522 204349 254729 224979 528711 200237 624637 12639 737718 104786 947906 617844 831325 610538 124157 36756 365777 148863 970351 915202 425072 382862 154532 187703 326400 637596 401693 996918 432004 68979 722784 941098 879858 171213 166545 328235 678008 103425 541622 347096 522094 152609 535745 226686 407926 622517 593856 281052 537198 164450 294200 34608 678421 927716 804460 752321 744564 624591 417526 970292 683144 90705 32469 57259 333576 549907 763677 597071 500220 511072 646006 908446 424216 372812 413755 794175 288628 677159 19353 767454
55 34184
785763 367900 334874 724552 887229 108674 971987 248426 323369 505029 839710 911594 203746 64876 129058 297326 209179 183973 689162 965164 539332 363636 280560 323273 914642 803337 447999 764080 536705 36604 789164 72191 535935 612493 183286 632705 19879 424152 583874 180492 737748 440690 633406 44914 578686 486864 791556 414317 474743 739945 29919 237169 543677 299502 35344
264 349523
451982 611267 625666 442184 426991 429793 827466 922202 123022 38589 956978 500732 427123 869635 512515 510755 749958 670392 540699 515442 437370 139362 999018 804527 157207 167213 978211 275438 966105 138525 395193 579672 606021 226278 49254 371816 508879 214342 998377 445628 343918 721396 973790 290623 590394 306602 812213 788293 938247 52451 487767 670813 614464 266169 719221 805301 430017 351462 823864 679400 723224 140556 672331 769735 726722 643615 670672 779043 622491 113853 201882 585507 341429 450187 555663 419874 935063 13599 303572 404365 538269 184094 88518 840011 967754 77957 7314 428224 968149 979201 805688 996551 604667 331195 324812 761177 61362 996481 314270 495307 355910 469406 767306 761994 561139 323262 362975 893970 42277 355492 922322 214673 184760 713871 942598 61361 232707 276292 585787 104623 166302 786966 199919 460227 33874 508858 36817 786373 141856 496743 130160 862055 936149 476088 195572 209803 760273 559139 745806 436371 73945 746199 227211 701593 827712 47078 914693 110544 850802 852474 930567 274063 838866 539159 363751 847712 717604 670952 78739 134409 547333 773834 777198 235880 280397 85431 69724 751482 229232 136813 220940 989192 80392 835966 33916 939773 458974 494454 902579 625028 319918 938037 856723 264984 866876 414764 133925 983469 893289 236763 906796 360750 479258 640978 613362 926023 606547 103537 391788 532148 793495 628270 208087 420278 627036 859087 789062 685772 816385 456854 210506 59169 528144 346808 135714 73934 642485 512972 332555 402903 777107 362349 450500 579179 862709 25966 120068 872884 30844 785179 47138 161541 572531 781332 6516 142238 702450 236764 175406 468545 673456 323361 821481 564406 690827 364861 272563 847481 644056 14725 465615 101004 178735 302155 550741 645176 180897 286179 288946 133739 955121 915082 836623 71122
496 61925
25964 910781 108982 860895 165779 530787 946013 52201 202124 955011 546608 58622 734808 497301 596098 502262 376013 475824 79087 564173 643938 698371 650161 470993 942007 802536 876163 893288 174594 162937 437011 155499 134755 899951 863548 91465 826819 382963 95189 872779 68917 186393 460230 261597 531956 468112 825347 189131 462909 530675 532092 393263 633004 336616 657948 119077 98625 30554 919627 249406 625054 596431 826626 213626 82113 983457 573535 890907 888191 467452 538556 365230 998153 324856 824503 966143 486572 39135 977811 64253 482764 226153 526720 667997 973766 405655 318488 862950 211032 310440 758785 142274 797073 799146 313814 451896 744324 259080 261390 991722 488765 360459 296624 392166 637831 159487 898500 781433 155193 861878 947161 706382 939742 889964 253661 69081 165509 160379 398217 47268 239550 633028 474761 622629 673856 204915 222738 75510 526197 72259 596658 590350 590210 457501 62729 541970 211314 896477 179726 339382 157875 54121 703542 748776 99558 446707 660275 990973 188523 187961 155039 632755 577450 844969 1706 109240 920408 789405 539124 14554 716155 515531 994082 818265 719388 941182 236627 198229 561665 80993 762900 621173 879199 259703 935580 552587 545619 497758 729749 969570 835133 968552 96318 839130 835912 233788 240773 415277 640278 791189 110093 381608 326085 410258 541510 259094 721708 870492 538589 18035 410462 656870 901340 383784 329784 666051 110070 392434 48209 337779 26506 524638 592925 889844 33171 91957 968004 49553 133134 559768 627192 750644 577265 64545 847966 10229 701392 443907 979117 326266 535205 266814 419883 885624 63487 944017 691563 25441 571443 258596 875459 283879 469649 619324 462912 697650 844920 689800 994253 944670 750037 545879 823043 219689 459735 919912 50610 881625 35814 621101 578321 991352 208668 430542 440689 295970 17512 781253 766919 572210 796686 800561 257553 970772 128914 294430 198500 3976 593182 32591 372978 225277 406443 517814 156191 769203 260021 660781 428352 173273 21453 913507 194372 662905 112090 369226 491480 689460 492754 850937 308237 916611 327863 144422 45391 129653 296972 455644 446103 746181 809823 861842 941879 661900 332484 718111 247396 479162 977406 937662 577842 866028 336547 14609 370249 861263 654790 238377 775291 60944 423908 700626 771509 674907 144128 725535 738409 431643 289598 823071 372424 1660 806889 125931 900276 158624 78635 450397 196921 814212 123801 761702 510463 797085 362351 419711 995204 9071 963633 281033 661614 842540 441334 858769 836013 498114 121173 538886 658954 415133 595213 862201 884653 622154 368219 53245 531316 21304 154081 339147 390706 679267 62160 711211 45788 303978 772743 292926 188066 762644 708663 499739 891867 592004 991406 225889 205106 402401 454321 126367 700611 690831 788803 293368 927538 159137 690047 182323 244222 814476 285944 670835 178090 865912 88885 604119 409399 268160 592061 353555 867310 47456 731199 876836 907066 346640 48233 895105 900402 490945 618181 630818 754638 732489 194038 940525 28002 370299 1826 577124 14454 747893 622854 890575 500878 25351 700628 177401 365383 248965 772960 292677 473026 735868 647169 252029 657543 69335 5874 980428 210303 86041 219944 100126 86199 222085 786472 450624 67518 483342 726935 730929 616385 827432 42142 128471 798070 870996 396955 131502 638455 284151 439610 905127 599175 764119 276422 432431 863478 414566 122290 132695 352745 318739 840967 89511
156 795639
184120 967009 348488 238281 341870 662792 408150 572887 870365 602391 697324 544643 970146 549790 500378 712150 644133 470087 359431 642792 108992 612310 467909 11245 146543 234369 93698 114238 314630 257221 786557 391940 844740 563909 130792 325296 607883 62234 540832 230999 740617 813438 617974 140114 538300 815523 985420 37314 619060 773247 958750 738208 915290 461597 927044 522248 456079 6066 381364 902031 805899 605100 529335 818076 22935 117321 773901 557072 653527 278245 405341 35873 747889 692479 92641 153749 238192 682520 57620 171062 740270 904653 330237 932564 47389 992147 822454 635351 512149 598735 894077 877506 16702 944823 737725 589157 883066 13600 186495 585978 498792 448827 51427 872429 129946 8540 790815 950907 780011 881284 52233 732712 549787 509965 81367 528058 171354 415540 431799 890425 5881 472186 514584 320770 20668 312885 993717 453548 966741 258500 106438 339427 857555 297971 551028 253525 969710 431649 276493 73456 194064 627903 242829 766782 247228 189787 969170 705875 590408 358938 668907 841020 882538 788751 802197 954566
