10
27 689150
653832 813058 367857 436375 110264 487769 293756 675060 723777 281587 770951 735823 277140 84803 650796 581072 219956 292197 172627 413283 345874 477365 724553 735326 294752 348989 927359
97 23836
611928 772836 274262 661965 600474 952474 881940 81106 221508 951888 339376 300496 946275 97279 529451 553964 409116 410045 535614 949471 167007 580226 932680 936464 766054 195782 811576 154589 658374 705659 95288 470266 380050 20024 872999 962331 147564 884906 90391 303782 137365 150633 317248 576775 864355 96092 841352 810157 385539 110713 424145 489587 171402 734962 905605 184851 809394 146790 8724 68183 415006 841084 744055 295273 756725 580916 159556 54706 75863 978106 677021 953407 685897 645675 440609 596165 394364 615431 940832 95717 293431 971351 91675 315074 986860 263473 826142 702901 245053 935266 837593 5169 472565 987809 697480 78257 58802
89 295332
271002 811295 799684 401462 81914 817948 746575 61507 151581 64796 474499 269427 564298 326635 635898 140290 898572 205590 834604 385646 490916 801765 264553 703592 618714 565255 780798 353225 493566 236568 637466 393334 419860 599239 703458 578976 456625 499112 711684 743019 243728 398540 646504 925347 269019 564386 668038 458079 164703 423606 986642 766624 532103 388823 12968 956832 160924 275870 479900 209501 48516 456672 201875 448471 292275 908109 621015 667002 542806 940790 430797 908730 297104 504304 384689 17006 334457 100855 530604 570829 423822 196000 76170 820537 480075 694134 70327 7086 92170
45 555391
939743 2636 200000 610102 592184 931135 441504 220159 852620 374194 637730 336201 43079 493131 494547 87402 444009 856028 295630 796284 547643 193327 948682 198999 744492 783167 454632 130409 412421 5547 87514 573103 245026 767815 368578 216506 583402 220917 144250 422032 537953 42832 799719 599813 623128
55 320603
903557 24257 941996 938132 937495 84038 862529 917065 120273 917629 362811 565598 49680 937566 548501 645089 557360 308712 34287 51132 687602 139417 462524 257828 726468 441625 263792 990497 816408 454240 1805 203361 196770 384080 734115 191539 241461 672614 431989 437690 117169 506490 148253 840284 978677 258171 664977 52488 476989 208193 120430 205019 114119 268527 556737
61 483897
622481 329838 614365 7421 791832 946057 790950 969271 311438 751258 163959 36649 646318 912144 175730 111926 322552 937822 320979 280353 696001 480788 702341 246977 705268 883214 151294 261826 104566 683822 493698 427183 335178 281309 887662 863273 876802 46083 766981 178995 211088 729887 639572 793914 77105 102309 830846 757130 314627 646521 196133 202397 261750 645155 530684 822705 203794 477213 916538 406570 237480
69 311216
825097 586977 674866 15615 749609 415417 310427 1842 450191 642958 62798 378919 809256 703230 330690 587916 280537 289804 166076 728545 817621 792288 76072 738123 413926 305920 736415 185783 876836 411551 586123 778103 926083 143113 43378 809526 435655 932608 25556 777110 212668 294197 940341 193118 686263 293124 270854 232857 896643 272530 205946 480378 771077 179489 790207 227853 468429 233994 193438 659018 269178 429820 41474 173948 446798 703182 976146 331071 539211
100 622629
585294 393966 528647 291702 665062 438449 944374 760553 491884 497607 921973 617161 363630 50866 308616 976076 684404 250036 796966 931207 114150 780260 887341 711385 550279 856216 837450 435323 805994 360084 148303 596353 326891 398846 419535 850531 32173 328304 151540 148994 370831 789997 688212 789068 613859 329069 803570 855227 797681 698047 502495 500390 890865 290402 146630 448422 533788 355062 808596 907914 988617 349494 183471 520520 176847 624001 760451 700294 324676 881194 564220 951696 739218 831738 881267 898932 959747 659962 387632 996803 148700 414486 357065 504324 421382 198056 797609 437182 571231 99729 364134 707209 766496 159871 555530 894198 89330 294126 199331 417859
23 466487
164227 195977 3052 893212 479697 557659 668271 627938 250962 824860 866960 1897 484021 793544 326178 662009 447051 834592 688871 366051 916905 661117 815818
94 311042
741493 288629 970153 101290 946830 540020 579102 189734 253971 251937 278556 175447 61210 709887 704352 81013 947436 864830 843104 165241 553108 584688 966933 510928 256448 680204 460262 83476 709629 499844 123649 633121 795608 661619 288962 371852 412093 211297 378216 228722 127296 73105 509770 587568 321197 956520 424323 778386 86813 780364 803279 593636 403405 36332 840313 959381 280866 105142 319652 384754 612336 961654 288773 469410 259061 958092 464286 708859 796389 90881 994838 676145 987935 806618 4166 318463 751149 133679 779073 480111 153500 124062 224577 158964 62785 833587 115152 768357 909299 794966 563712 576240 811870 122852
