10
160 789661
43829 307093 604546 879238 667857 251228 908818 549256 159071 652378 145940 844539 822764 784994 484306 879649 568148 692332 688946 693795 728452 850083 55962 27658 339062 698436 887677 719315 569322 865097 543213 8424 403449 893463 440585 148490 504032 791456 377810 620157 446564 862027 101349 267024 362117 765231 725239 582745 971277 140459 76047 357942 105974 108665 288255 252163 648488 918227 353860 636534 548420 326110 176380 948749 510303 745940 872286 824800 368260 468167 70711 907001 868695 975417 752875 741274 227593 43424 715216 804283 121635 565766 368486 607071 871031 387621 801601 582489 727578 619763 449107 642381 168177 543086 646938 8562 356176 44221 37182 422380 631176 954257 769340 159615 360584 429337 661271 681984 216124 123193 411296 969861 970573 75915 299282 674586 30295 273236 294763 902480 320410 932068 107378 420163 186991 475186 826640 192588 715463 537765 814710 957199 557364 51680 652138 38907 202636 88751 262172 508638 167028 118798 133072 690304 973996 115792 821147 996232 581103 327250 94549 209846 421014 670842 237896 903601 5407 286477 202957 656582
605 756048
784079 832 377885 139430 716012 636956 35411 736784 777088 135999 275769 591566 4601 991934 348812 495610 839083 205254 415211 487578 476452 176485 323007 185675 85040 521382 882824 756947 788516 430329 752129 549669 868781 743379 828933 913854 330629 802791 655755 323784 941482 622266 527994 754427 967107 993183 167900 747656 989514 312335 813508 638988 2440 915031 913336 414003 813201 850954 451183 579267 758940 289391 859597 443699 3135 393815 990802 692734 656327 166712 991649 950673 90329 912281 840687 151258 887566 365892 206262 265872 254828 223485 120791 279801 764376 614543 714171 923541 633200 222102 324799 798846 76812 463453 34373 959687 530769 150290 396766 691662 454331 364435 478362 867163 956524 309060 115937 896151 979844 107616 55349 35763 871815 629161 3799 245848 715650 945829 359049 48538 318210 939125 950939 881839 797787 399868 744758 991094 546915 452406 694036 688467 722780 61526 968196 642006 716762 537943 807776 349616 850526 139094 709942 209183 721154 295964 938376 359524 300109 439922 656250 463566 21837 907652 118039 97406 912536 857512 406774 213391 810779 252713 519477 19735 827149 284021 845200 765851 923096 296610 602647 964392 934605 819774 300281 343297 101128 692908 961316 525217 249044 445102 514208 4995 871426 421316 938534 762502 272351 297526 520780 791942 295893 63547 224199 212320 943350 26340 570265 738737 147362 516812 285152 171251 669304 530645 659718 146779 39742 60997 669174 227751 167135 614078 117327 274520 346305 876574 736983 946610 292683 87816 447271 851467 519261 937753 617737 978958 277759 270742 488848 542624 196322 878792 136362 353077 641846 441544 470069 590827 993562 88629 722404 86338 480509 595488 581357 309399 471971 271882 749102 285798 816459 240655 878381 184736 89910 363934 758333 452335 532928 327584 31284 630280 65698 617284 254196 464309 701953 143357 812699 245529 707412 802953 184784 461215 114639 17756 959743 585802 819948 720597 473397 291293 973605 490090 381212 380087 818494 787122 377149 968527 971720 820494 912880 774055 66590 993077 650005 270453 16286 389428 636535 155445 330240 195952 684094 518543 91669 791304 100478 123941 928414 520788 390963 975615 770115 460098 25034 740165 80900 701652 945750 941235 56094 435772 913843 439728 661194 60071 971440 727209 640892 148510 842458 800043 814628 177969 364430 52645 558116 404382 70115 828683 585080 348447 928357 342456 375343 307279 520747 266824 559621 396458 216412 125689 962471 115813 193817 47221 868202 257061 874787 305522 972547 565859 356331 293378 835894 913793 3234 949480 772989 467448 605757 135105 363375 437365 522937 522127 309603 23241 895763 885164 480412 952556 157639 20480 54931 447006 960642 850221 100151 759874 482453 614090 115691 494661 48072 923234 386679 807460 550418 212030 35699 711621 472468 894858 896535 260886 314075 557092 806449 853658 105031 278346 916994 96336 605326 355409 201774 648553 166127 892714 982632 34210 877089 288654 198515 69795 61528 494851 903610 258602 949865 979125 400680 386670 700951 797722 949864 174087 691646 640089 421538 333264 656625 535386 30801 274197 865278 87147 109455 633608 233917 459550 565787 292299 136727 800381 207479 312597 690984 276414 792633 585029 986958 875936 865266 965906 181402 640037 833865 748158 37924 577427 860276 567377 529442 484810 778584 319059 791224 230380 122802 932789 411799 61558 253630 758261 282940 424491 477820 212084 564553 41800 510838 168112 776001 254653 310529 700062 755528 218391 90302 930032 397652 78483 246374 51376 143688 313040 531345 659934 471863 49412 74524 130801 29168 661457 161382 240385 409508 99160 831992 375553 407552 627352 527387 463696 820283 272873 541037 462032 976108 491340 748532 105825 897721 406107 531509 910022 517746 689698 671900 140968 178061 515591 725474 97880 12134 227066 636923 975498 863084 174890 685615 904801 648356 542928 916234 335101 160782 953563 890777 592 763599 149342 214756 692774 989592 292217 646387 291811 158477 526097 26072 403198 509928 3838 739400 848072 786816 742048 860303 866120 167833 720359 145765 168312 863640 713317 145259 447538 976242 402316 399952 22933 540315 554661 400407 814112 267000 957649 479506
271 590612
900180 196511 35007 493358 288377 320462 41342 118868 854036 430461 533586 698342 96976 713659 187659 120933 873880 639942 28305 838235 727161 887029 949357 83453 640647 569932 906881 933053 762038 32381 728776 111834 715057 549705 322165 701875 887602 425339 196431 160321 86311 914329 926923 456629 399262 864206 190631 116645 567673 282839 224363 337645 876937 550449 141146 268220 418142 81410 741727 623349 538052 294262 861373 36478 756064 368540 641913 743517 475036 645568 331366 571978 534779 167435 401584 156431 785753 240465 308228 752056 173388 966207 439915 717425 164540 26104 92391 710916 919001 564296 992071 81270 994816 793415 195469 71538 139469 178911 22818 839212 736627 868833 397103 261544 918013 129414 391641 848747 825798 292495 518673 277975 13549 345764 829997 749055 36405 456319 73210 914949 201176 79156 416729 393520 159851 716689 34059 13638 368763 399248 703229 922449 118593 660756 839519 434714 631939 814784 957122 112263 951885 12103 358781 439092 696102 47012 803866 24917 20364 446361 514708 911565 433814 190847 161446 188977 241372 620258 107550 425544 819083 646069 275206 67604 491642 550518 204289 405969 363699 107912 918252 895381 733962 791660 926965 309392 604377 394621 281731 62995 636395 765072 744455 229447 342713 572951 125332 341097 389908 747339 706801 817572 922091 669457 907035 682492 195439 496333 904656 535407 45788 493210 762266 548833 966648 108692 410124 816613 492972 990811 450550 316051 982430 985502 916062 299749 488458 136773 343600 695171 180381 566993 901326 773241 103512 67915 748786 447119 640411 297079 578291 468250 675716 257244 417857 918554 317743 395125 787532 590216 964222 154051 23422 500858 603126 833662 414625 542885 280624 977726 128319 575051 257750 11170 342132 565580 501822 863812 581996 259341 9340 426344 199263 241146 324724 756809 204066 290793 550366 620183 458599
993 406647
50236 872096 629903 282034 169224 305263 682099 559972 527075 975092 116132 234390 636067 128203 115796 228592 789290 89595 717510 707944 32251 388631 857228 253007 311542 31872 685957 913452 594185 598989 12089 759708 891237 905396 851553 526520 93453 908749 795160 801321 635215 424142 51875 164518 917036 15334 546403 257878 543285 946061 997725 15463 525973 807059 529536 802687 815459 365387 579603 973766 27887 850470 975275 786084 398098 244722 183696 122224 201098 400002 289287 717899 490176 887650 787650 907625 862139 858332 858548 842107 861525 369773 62352 155424 288523 317678 79458 675993 892139 642469 855457 463876 948536 332190 53707 715499 345601 142508 715342 969408 144188 513704 285120 102722 915282 209928 459493 484141 463896 407198 249313 138670 224456 414060 8855 962895 268433 94365 506329 291610 597642 107327 304635 77545 748743 529926 746393 752694 792448 495607 330959 269583 367113 386681 377672 531320 974316 419349 45734 480055 286181 558188 96672 919291 692265 618801 156518 628067 166229 2019 964837 385816 386747 663821 618673 135909 735346 630378 596354 140956 615118 953384 346033 911718 390532 389087 269615 761413 635695 927019 444657 269535 96987 520744 961523 202957 429839 20945 90513 46491 633343 110864 197779 554265 179395 481348 765660 320888 780740 199969 419245 472816 618446 602001 408305 615286 73501 604857 370577 507352 673630 229623 90686 396507 27121 755676 127357 333612 164497 981127 423641 635638 877 471156 50877 409360 456448 788219 41725 47328 694761 648095 868078 124939 840036 242666 433884 584026 490223 236907 926824 452037 139404 654051 979448 441603 466887 472174 204024 802448 841569 345167 222729 110609 106132 283121 538191 272663 660334 217539 566195 644240 567988 253159 11403 783134 829416 452840 231697 861865 627065 401363 706253 729660 206424 175013 158378 217743 721140 237904 70346 888151 119585 94519 14365 94263 548411 30506 1326 554359 673450 842017 332712 925756 858175 21519 196903 504062 792745 621294 681941 79448 952207 358385 704865 771340 187737 789800 671742 273171 115254 949859 815109 770440 170961 275571 216921 56598 838551 99343 445170 809046 85010 977737 794560 974846 86907 131206 59334 270176 458428 507015 428774 930758 27221 418492 918076 664406 594439 789192 279207 430538 536315 153444 949297 394376 730333 817788 955837 658250 398104 936162 326837 441988 610047 373897 94864 406647 586329 333096 528716 761940 81923 265225 200175 477513 940832 371387 998158 473897 810667 480382 920208 484504 996653 815662 414884 308386 217878 628398 374902 372965 971928 286115 418549 269259 89907 718254 589228 562224 489943 192878 495528 905122 783848 990607 329232 935111 375446 762516 315655 928902 701993 301289 17656 18508 976753 989070 846437 457354 372095 11379 800144 768206 801740 637893 327874 667333 919434 745675 435275 370907 870597 333141 223428 59183 347339 83412 809373 857961 206052 513062 868366 107976 754054 498769 977869 275590 232033 666459 895328 380654 134299 729644 96506 130186 349879 591969 904716 765212 861169 669117 580301 430428 641243 851667 811969 936067 554321 352640 377124 403432 184861 950150 883249 94862 804494 14593 463794 867771 378285 881236 794740 399919 985312 454941 575966 434280 90700 730268 581364 212730 170138 859574 666139 832680 765083 553107 664839 938395 523471 626696 763518 496777 314743 324589 420979 956368 797185 894570 337750 598231 157032 932598 692957 740669 949859 660956 913826 466891 39904 149208 438184 414445 117412 662363 784683 620275 427709 874751 829982 584872 44526 648012 895534 927224 585325 299810 978576 91242 767837 213957 13506 775472 224828 33920 851874 688946 586125 690186 598841 767430 573113 67012 797882 844995 616124 463162 657111 956719 588971 732601 133693 745473 984248 857347 293399 577068 779050 893673 113074 627897 473478 768702 60159 187870 729667 725171 17181 637489 33254 619290 317616 469301 496882 256427 258344 524492 745855 108101 137815 18350 954709 136842 174253 748894 214605 586932 93448 227771 838033 84738 795142 473023 170779 149604 786335 790235 645027 214070 822361 603604 483073 329000 821934 249411 576142 714564 932681 981193 888284 695942 2861 43625 12131 307702 698651 895561 731905 281318 521988 468955 319694 984323 190835 912516 121316 29804 516870 223342 296308 138119 409422 956188 723202 379918 809457 869991 972476 511918 979624 467386 408519 854595 731664 489737 813738 25699 910175 196039 88246 130715 116504 392250 496075 265511 248384 637494 92666 884720 880127 531881 783133 103727 9187 72831 610108 551221 956904 458195 908612 509140 731106 898532 950088 257986 518097 958498 8074 394927 759637 117487 341601 109362 237648 834202 18097 613792 650334 908761 406055 785076 736272 609983 259789 390652 533662 994934 502608 975247 146980 179895 72891 344592 780206 815066 545934 695527 996529 306287 942715 118909 792677 900055 876141 670469 907861 350817 761645 728416 939592 945727 679103 188008 265230 895744 607808 882354 829027 998963 389900 617123 961054 937522 564707 348494 386605 271699 923323 914483 3254 768612 417240 165486 390171 182588 798339 180724 542532 194579 236576 650964 345794 26857 115647 560772 45960 755689 244178 71961 485013 709608 681647 839685 270017 109848 236658 312497 370896 900054 290360 130199 771944 437172 619702 420375 449737 439731 856432 773585 612256 607262 43549 423546 763864 416219 424055 814764 560025 274819 472614 226821 739128 923150 252188 606074 245702 525556 65130 592393 893957 299248 908239 550999 715938 871600 594111 129311 737130 29540 257771 628823 742822 563886 285616 811018 744627 304602 280663 387868 794228 637224 522417 656830 170228 133396 744066 209973 240133 542466 130684 177319 845005 375890 209014 183083 635725 207610 691909 842476 138486 632451 289491 881648 177903 454400 821867 291926 269425 296083 665360 422001 752733 937811 172775 310837 545172 423519 766314 83452 599770 829857 348156 893469 966944 994206 706879 466011 896453 84889 183998 277022 180234 954551 33591 929285 683017 485280 857970 60246 191979 369107 52695 775666 324207 966848 683469 958543 205493 967786 550337 978387 429876 787273 666906 885575 830833 779315 801890 362980 108120 609960 17617 966469 133340 44791 300165 218977 700461 254302 358014 502461 898667 577029 38925 702497 257047 999837 356584 644863 198211 152353 185436 497502 625964 107352 639186 796951 415039 316918 536021 405118 528850 612764 713906 552574 539811 961771 724575 61183 504506 39700 790429 227143 627990 6523 803882 325590 495791 734467 594776 386917 430524 810193 505015 926789 659765 206756 66153 978401 327599 516252 725903 876773 631865 979875 1147 480889 666669 727330 448744 247342 790245 103123 23304 663692 887179 40467 979914 746436 52408 289573 276970 734938 761814 224268 268964 739411 455776 181806 494744 926243 495950 607801 349256 523714 559121 322365 278120 634921 823603 805609 864131
321 614846
908541 919981 933391 106920 209006 64287 673904 633170 681006 971998 298170 182582 367142 316189 615175 138686 685977 945332 482455 145344 147420 981835 872172 182612 380024 641661 557046 84801 777745 463848 321841 917346 43575 834178 177037 635058 136081 225152 478053 188504 328175 152730 713532 319242 802030 13657 531613 143365 473961 598448 584225 189851 69534 442634 825131 324698 986848 983211 30867 302376 164825 21782 844075 491457 555830 117859 389218 161295 215341 235261 568871 111641 625145 415888 155389 151759 597653 991563 413216 875925 235535 247476 397915 439743 825321 965380 577055 116883 258644 793513 438654 274209 519585 300869 10144 960941 171194 859461 60529 372760 10260 73424 505657 851041 751533 188571 890770 971032 605276 278457 584892 663487 989088 271988 178006 346884 108203 44594 438706 202411 890169 959928 864540 790024 789382 606350 314403 464110 858340 874129 128547 448319 910753 762378 230641 350240 427012 725114 285590 301317 1134 377438 80574 555971 613050 394913 991167 736704 879873 592172 977426 583041 727030 913136 566382 713181 727038 576503 164635 270306 9693 156213 241726 110150 425512 241020 264361 901400 376236 897512 859092 949657 78270 673575 132063 879169 655812 857991 910067 638878 645323 313864 975837 726342 338785 667373 85320 754506 417095 287625 418409 388750 988902 582710 56214 596821 863298 320479 875087 5433 190766 182307 523492 370681 238661 161020 471136 749358 543479 909228 331519 794951 947086 970967 391299 145710 600118 209283 794106 290069 85708 63778 104339 111100 136166 729171 994795 575717 595186 812811 52916 243562 468249 415102 437411 905671 901206 61853 718304 312234 892946 54393 885223 977052 39208 741540 254855 766112 927293 227584 478231 737228 786978 437745 781901 947521 379344 813238 316504 44687 806780 530850 101787 305387 699332 191603 795035 527577 628694 583637 110608 827746 730337 823196 486687 199165 934617 67247 445061 114798 323347 700681 968805 758372 200791 468348 652715 838429 840571 404102 970689 617350 953750 955473 381804 889487 102076 722880 236503 229756 899310 940640 407871 104927 605885 114344 208904 954851 106669 755247 395203 827400 889910 495454 932264 722075 938271 474695 484925 971787 543985
583 128464
293444 124427 819979 416708 551051 443422 903434 13352 611121 172983 582541 442793 288740 604555 977875 440855 140715 953636 131647 702105 662094 550293 322184 724388 880394 582204 407725 729249 2908 746239 114359 762870 185928 225278 113422 233383 536170 548940 554917 37409 576748 685599 612336 418576 369268 923879 515874 579448 345477 542917 700026 485581 18848 397231 302167 63150 59010 895017 394852 804129 823611 911677 556002 494061 718065 524751 514260 308734 562526 609296 509035 837355 849725 22771 846683 950049 618501 970166 876845 858600 729852 868431 996685 815095 188842 215557 606249 969066 837299 206272 911386 856211 923528 989544 403692 616719 619036 140150 260720 791548 360882 923199 119196 665006 716150 612142 31289 416982 911922 207859 462361 10063 602021 510460 146615 976080 968370 13239 359207 777710 701309 898539 667852 197510 718740 416050 221260 968092 414557 281505 791888 345859 980523 229246 307225 815357 172273 950110 146032 993997 86436 884680 905118 523426 948181 209032 960788 671754 111404 395017 53445 9624 565429 448419 508814 35132 573852 472060 382024 384994 191989 932292 217590 76986 261953 332555 37412 307791 862946 138086 4632 317497 526895 148185 760970 187732 529821 768935 744200 368912 74489 854832 175066 697296 338335 911805 797462 867505 965045 643310 88431 939866 700010 456057 71694 617847 22645 379957 629303 776556 897018 123094 667288 750374 1206 550334 450097 348992 909008 635227 701367 909033 966356 103368 661696 403354 738748 860550 378022 191461 432665 338586 699398 427914 211076 409775 730939 251561 261777 997347 955329 731360 834760 37895 418496 903621 125969 548226 595741 171640 201881 803847 883376 852825 928749 810664 891851 467680 677589 362093 157061 353846 946291 630900 488866 77336 651277 942788 148641 348173 903133 128182 179419 664724 500514 907227 119075 211986 173819 719724 934239 133144 824329 677433 859252 888910 782851 602636 975358 31653 493714 689762 881676 654152 313013 825931 606751 877036 45453 149649 398221 314954 247853 123176 493027 566748 862468 21890 922730 731506 321704 281336 676497 189971 733470 232067 200974 230142 726200 697055 31404 748613 96309 849940 803355 972731 276677 914257 149335 501752 28462 526906 914931 899745 983370 414890 649689 808562 49053 857251 658255 484741 221554 361894 76609 542226 558994 367227 623796 757797 855318 290310 694938 102247 484710 861570 708519 169763 925376 894782 239206 303066 469445 415002 275305 996873 296883 329539 724074 316155 903643 453323 761807 659266 522327 369207 315031 966053 105231 197426 336019 37294 510778 569515 921337 277358 214882 894984 795930 988615 33258 699368 333392 487552 641116 696385 915513 591538 718211 743748 901790 233712 497718 828367 442950 672461 955534 315427 783573 974924 229006 778715 455862 210992 416801 313632 374041 513743 490950 118682 793948 901573 625439 123657 435424 986613 796974 38836 433473 891355 573242 47530 547751 698122 267332 637191 349774 325643 907485 683316 7411 53987 962929 649378 761902 648788 333317 991054 160763 425380 487105 928206 694387 108594 463522 649621 744837 628775 753192 866165 208846 514175 562097 715644 249022 685437 267803 338835 256211 305078 438671 902321 232579 816599 70573 133489 459304 233062 28962 218233 87087 495143 392544 352010 227347 641325 173348 654155 857951 880408 699908 298146 40072 86736 242685 652405 993316 509885 342343 512564 692568 8817 789654 32123 528234 267301 340205 127798 214282 149170 357344 406695 333067 541593 734262 803050 283054 999205 950663 238944 953709 473505 224391 869599 175437 935743 125986 536279 288019 183559 494595 640726 63802 452996 152724 992188 257130 181404 824823 248493 366839 562826 72155 971101 256913 195180 541386 527974 240801 188272 43773 600897 398307 400195 506548 304982 703491 35173 184181 805569 36939 671309 281145 167643 407848 167559 607209 526513 18638 444491 592028 994046 626932 358425 108412 393130 555199 869980 627310 11866 706526 250 624779 109074 612954 332631 902563 495034 475558 788826 114006 541180 481050
591 37400
788661 219518 973094 580417 696956 772780 411597 734254 95563 974101 726026 145747 590883 796997 86763 77028 346829 998019 709073 996729 389066 215055 358480 245667 158653 55461 356702 465843 99056 183127 305202 514933 581982 501916 428350 884302 31698 196954 845476 867889 283754 439970 886348 645464 173505 474705 843167 277590 33596 962092 459144 611928 140461 138886 203511 557644 317021 796118 589247 419687 765856 312280 129516 246304 844706 204033 653875 384339 294217 395050 980484 450792 220870 335757 519267 801484 618139 72019 819748 188251 772813 682541 294215 689153 747640 73152 77446 432549 306318 886634 906323 130757 309290 439075 275479 873020 686488 621899 309486 147400 795488 440851 974815 985180 187543 462244 741930 490257 908670 654174 218757 80017 438032 4539 858068 139885 52790 95310 984788 40973 879462 324238 192934 665684 53729 542665 514074 628601 885391 480518 208406 693068 2863 493446 375467 424460 633878 75487 977976 716653 14016 222454 951250 154195 465166 535844 689512 416708 330859 260578 184201 524075 347324 644862 22533 437626 428164 461596 885721 657904 51138 432426 906736 76117 840497 432356 953135 940731 122949 202500 917059 221478 937875 643374 824519 212137 943801 221874 179099 245115 356583 527896 56269 763613 138750 29969 573739 614214 705022 699040 608523 725800 144658 135723 123041 865976 956662 695169 828040 234609 753662 864408 268025 559939 870203 457801 78341 209750 518211 812230 562123 490568 30061 878407 469789 705907 79413 411116 799129 588679 553222 364570 502245 432924 60249 433080 308260 149547 35353 220469 685096 811903 980555 445542 414691 190043 20231 575902 442573 840844 891945 121445 811436 911221 748965 574109 464948 181763 374552 980816 735078 307405 721515 334247 644270 797841 342364 904329 668755 224368 674309 792714 641613 456061 708938 70381 570639 538066 174690 3650 51577 350823 658303 526462 361142 27007 79800 750673 983260 142549 811332 30946 327627 570360 372522 640868 185121 526313 616004 55827 361097 122318 446654 655982 130376 371522 281140 598491 934780 15038 741946 150536 404390 376656 406861 752963 811210 474915 657597 553835 974798 213613 234071 654463 477690 56112 678990 624235 893930 398990 82798 666340 38202 235250 9124 345710 58666 707468 195658 762792 610374 287176 179878 195854 986319 445059 463274 807082 820846 853075 277967 314174 569538 785265 15298 763157 383837 987371 167794 424663 23508 535022 402795 948287 554254 618144 613935 820209 767442 941518 92492 505048 200684 247493 147032 158906 300213 945301 438966 329778 190880 752687 658161 858809 342907 916374 432762 950176 441366 447026 282491 996068 905265 732203 530361 279553 746448 330797 462435 989844 522578 509032 917923 607337 11138 132732 747921 301085 926686 308988 982007 307732 915378 859920 307164 213593 304558 940974 19246 283443 36318 284831 587719 438282 113438 856980 658173 851504 896807 896531 263572 642832 569041 595621 461514 157576 477029 120205 181108 19366 126286 748341 366075 724996 738467 455188 27615 995404 721288 734704 889496 752870 993229 42797 155756 683537 457504 954619 521489 763065 543982 974542 294140 89058 139459 845363 187462 328534 670862 694209 112913 238616 673640 386915 411796 905256 998383 621842 469903 267134 99544 804867 391549 569000 448697 246071 621358 701153 335452 273295 740188 523745 302971 316453 56441 851397 795839 912741 580061 370608 635670 666255 748522 908497 465267 659888 971144 548946 347605 29387 300206 232821 189941 186310 648171 766946 656810 575927 201712 604950 669161 782557 323474 472798 128816 279819 738452 702967 297693 841266 210927 969478 392041 235987 998925 437133 405190 431080 372314 638479 207157 157751 974084 621891 904685 88111 657077 751259 52967 156457 78950 648716 392694 672968 900736 986424 630489 600571 843397 624404 643168 390619 412582 271242 681037 431164 526173 810765 181935 585160 786299 690895 184823 542579 923543 932590 962262 562423 872187 528656 819885 244735 320136 418218 659532 719147 693805 323987 462732 169428 556904 101196 388811 974071 820568 614872 68278 103673 815269 729487 887143
240 707912
317651 947776 332113 85737 293098 198567 111189 246723 504118 960392 540409 857776 284946 146659 280289 16318 366394 286702 141413 626155 723072 194416 580463 665526 604009 663402 268382 272325 483466 747217 846160 391611 409933 513823 488473 843106 122675 557520 332068 494943 957857 723105 697937 66589 215798 318834 445663 498860 412288 729665 121124 939476 570489 240567 220883 600982 833682 813267 316589 65951 999432 433811 126423 530830 257893 936250 86024 481102 845977 147469 920171 549170 521770 221850 494883 679823 128223 152092 889857 439405 456780 446940 471797 590239 717562 657052 975685 715649 794072 750387 360534 417735 984448 90794 414443 100249 571850 18963 728500 446078 736672 342733 373472 856138 121017 683372 636725 473664 816169 628182 231973 901916 972805 468083 208233 770315 167206 244667 154646 843473 841665 643320 95832 31269 133132 467342 867295 836620 923235 984450 490729 232368 2237 850288 481029 518046 859444 512214 919541 3868 196906 14284 526448 890088 898752 391299 218693 552737 72240 718649 78746 461639 459843 368693 113677 161415 543368 298325 278895 121589 576550 873927 750155 28661 771059 314546 98784 971780 22631 429558 296521 779323 229475 37792 268171 656211 674418 356876 599996 466565 571401 745847 183244 383082 127427 910974 576865 158170 497834 481817 718376 395662 282861 13179 377381 446827 186762 201573 187067 124881 934168 356037 657032 85605 185451 268019 506446 983074 88313 528290 956791 208306 511124 590070 413740 128611 362465 404315 361503 434853 811951 924040 190000 433356 810533 761345 505683 237942 261338 589199 777805 94600 965918 967405 633224 922841 423589 706386 278013 799241
618 295621
229756 618441 994459 96307 426351 713180 5185 677867 547562 959795 819850 825696 274846 579135 190411 859661 178447 315303 171495 615625 751511 817237 54429 880226 153456 982414 441598 558831 988720 166193 688733 665749 773434 138904 232646 256445 442255 832216 818376 577682 777850 593923 278426 968428 159431 786576 913566 958600 259673 600987 187076 541779 867810 807366 141193 75921 22134 515344 402730 701303 611760 609448 612067 945083 826151 439494 876801 37513 28713 779899 576480 381649 518509 68427 231252 203896 679323 151153 160265 988153 823112 104433 437125 717126 242117 176503 732024 568218 474946 856975 873404 200595 330141 317516 21934 725668 950711 731975 479239 259649 956416 158692 264567 768885 206954 964793 294907 168571 451277 397009 510982 788137 195087 225227 267938 286954 519720 908626 270212 7640 334954 489256 653258 218078 901764 206667 596561 78378 185731 556578 498098 483890 239801 939960 256106 427483 796195 874023 609143 186558 709016 289270 159823 557216 559177 113176 410583 645804 585230 125968 41609 570629 468909 439222 973841 173629 772393 979044 815442 975239 824574 281426 552502 443639 139105 826122 549559 541013 844127 965994 202151 45510 930617 190733 511440 287544 41010 563898 139938 792017 827770 397000 970882 236579 247489 50374 655454 524945 59489 642488 679146 756668 661872 261599 939304 46239 750005 221801 644944 645698 118214 561998 749258 70746 313851 415220 686809 339326 721380 825435 823367 565379 677350 924322 504560 464342 542715 284958 78772 309673 866743 70707 337955 941925 417264 360662 892081 305286 788037 165911 789598 905192 774447 774251 716144 22790 343708 410508 302178 527646 224871 79475 955532 427036 549408 559308 22155 677429 383270 777609 924001 110663 229460 871111 53473 373297 690712 205728 860224 398342 122070 602361 29655 130778 171424 662768 225637 972968 954822 717068 242661 975765 408309 983480 665206 91478 253895 816917 460293 434932 663200 158722 925894 867986 497830 382238 717467 833850 181254 186974 894400 594129 66925 40571 760406 916574 333245 72610 770041 500585 684088 380923 850958 242612 135115 262948 196172 813431 836494 768951 690815 160304 939321 806808 544851 193401 567036 295194 789114 668688 871337 778723 311731 416831 513480 871514 596055 321352 641211 808740 910908 683945 715230 739674 400993 872560 986615 918727 899011 138551 163105 736975 482718 45416 982157 934980 79989 439116 288160 411775 830097 442635 654432 46636 134822 531897 241893 990973 404175 948709 450739 206930 862167 354322 71534 638429 784184 253448 65284 720560 532270 924975 914623 440776 915198 564253 300966 202449 858869 451227 755212 967662 548791 52676 27295 241699 985288 576936 365781 567937 101319 604290 909704 425975 374351 937641 216067 291562 514825 947367 215583 436438 843375 377516 923517 464878 396967 379238 380233 651685 195989 965737 561333 982216 118929 473223 916215 17816 926295 718545 359934 409357 52875 927014 997539 293405 191029 459200 125654 365922 403025 400418 710866 666048 505815 646959 542682 725820 606397 196487 439445 954242 426581 172283 902090 760935 782616 31134 243444 900894 705816 5040 858879 248282 222758 793695 797313 995789 305056 629168 34216 871391 538905 369317 87086 968677 831942 717304 85002 826723 150208 695366 624367 108189 379786 226601 213657 978618 315988 534727 60238 154662 542917 752186 726811 502220 600309 140779 960886 666138 463494 105474 72001 130964 434482 977692 444779 335320 941895 222411 927026 409048 827821 301171 698816 539562 16289 203223 529157 562688 846736 959794 320397 779083 774318 962157 725254 365368 183279 207675 714941 285793 86017 111351 58235 823739 232192 848113 129753 496923 272696 648410 314270 154895 696632 340541 484010 706358 348834 100036 826407 236345 335829 259195 720613 249528 304738 478423 96463 251240 19541 975240 26026 800446 856026 724190 978662 412455 11142 342536 85224 70980 21696 939132 353995 101670 486681 707163 905940 407517 411003 994679 937480 714721 812739 401085 828553 319461 110770 318965 30848 358729 7771 659314 318217 116304 291615 9192 290593 86352 591272 933088 367713 285665 903246 373777 670443 795989 598683 309800 14444 317279 145181 176292 220120 20494 90548 317657 184454 38331 144409 41133 990265 24664 45169 227141 762024 253578
561 871143
233640 505236 738981 358059 567385 212320 600878 231974 387709 720525 157549 628281 292003 130978 432468 888252 388002 817973 559118 88552 486785 893524 894074 834662 796787 850091 889910 806755 573143 517319 647135 890357 21535 216440 523459 870100 789923 796389 892293 967289 406007 862747 881752 31595 735351 244120 580901 483854 475685 3999 173601 361193 489473 316325 908531 869760 252354 214529 673161 605922 645362 849958 726505 486999 780886 758245 497518 120288 861504 495432 465566 838394 197266 184923 783131 396443 705027 154056 602130 517651 846279 94378 246960 662233 987832 765666 604380 271564 546976 444836 338304 762673 60672 936399 525442 32295 985733 220318 975120 115771 804852 408799 822922 908878 862191 713749 329684 628012 659532 478382 680591 162209 4749 174185 463822 273580 840672 996611 631574 283302 923053 87901 815280 558971 165108 959917 691288 865394 697102 787166 404792 547535 288696 915322 266310 733499 935096 914503 906125 828174 190483 889461 255173 661063 699759 374995 884711 980733 2039 825787 321486 427020 849525 10298 680392 951184 602511 750464 862887 637718 507668 165773 804580 481473 68518 790804 287295 567556 877679 407910 279564 523201 475386 217785 909421 932205 599470 977425 359171 11481 556938 251356 448630 746710 564781 305512 977270 742016 415795 789355 238745 627597 991555 237679 898535 669733 572041 627076 920009 874478 264861 286859 440962 183687 699297 389388 521436 471265 722777 1505 384320 296053 863453 768443 484092 664784 762011 463267 4648 944436 476007 660197 523669 740067 30291 392823 548524 382276 585431 552333 810750 326434 77168 392423 698057 467056 837942 903256 820050 881291 218158 693464 774297 68810 318176 711983 427710 759931 495887 795092 514196 33258 238170 597395 873160 401221 571057 742510 696037 115634 851229 481217 975683 228302 266268 196322 943196 830914 5699 172239 777794 18366 151334 910658 185567 660929 306800 284248 635570 393452 307572 975221 144988 900835 16054 19985 812710 183819 324051 549006 990607 540446 194557 241754 471190 396265 233010 787942 544608 631212 425556 417341 497537 41725 786957 38408 716038 49595 197378 39004 148923 980126 190468 368605 417536 385332 489804 427279 495288 254427 260593 775755 441608 111820 961467 95497 810719 393562 491295 565657 19083 241007 731056 976537 711209 711163 122299 292254 743431 378122 54774 646 798765 782710 553137 795066 877737 190356 286511 639422 203611 99615 468199 796767 377241 433388 714871 246745 611550 925639 88014 339277 676520 362967 785854 907648 212613 636595 592286 170099 867085 636725 693254 494734 791379 326841 746776 210829 393078 64044 157819 784817 823522 848514 104342 302486 541550 171579 234503 976035 390254 863715 797187 789497 630112 314373 862089 835514 343439 45324 254669 817278 773181 473200 394033 329496 625169 135887 5669 814660 775356 222140 833789 714864 947516 51621 13641 878489 508559 388982 817231 734069 354484 953031 638766 749474 307601 73316 985672 633506 300132 968604 138408 876167 571311 402689 354747 475546 74563 398967 959181 202819 503748 33426 800887 131303 812735 972254 858558 55349 698797 189600 508481 789602 512961 500832 344158 385954 615606 537576 859977 31038 865247 974152 718071 997308 991418 194813 1284 877314 751600 453337 377659 938606 763389 44025 329091 393665 706933 844635 294229 935196 436859 315666 820176 919536 191768 15518 620091 33271 86282 136921 203888 832045 891790 676480 135198 487626 227804 237222 520770 264335 455899 163288 343990 652144 437168 684499 324639 415141 470170 400981 42829 555781 266132 294335 983154 301855 393408 361831 821867 154414 130335 180269 738649 112829 484149 830980 553220 822185 706309 271477 41632 940711 70261 48589 735538 333952 103066 654026 858939 988204 214703 709863 623480 653788 204640 312910 17228 340235 564196 40222 891079 398726 400674 61992 957666 695343 270511 903394 279756
