6
38 206929
103571 393861 481042 699381 548906 624695 202265 564444 126095 886600 35340 890222 479716 822900 303453 675205 205121 925445 329068 176267 9583 936085 167598 804916 699604 398342 140026 708072 418190 337491 340833 597328 66898 907460 233971 547150 463054 850896
36 674049
962203 754526 973488 255196 326737 610779 48100 62109 425870 20887 706724 776398 322912 708618 893475 845134 233032 587472 105747 467335 353648 677617 942896 904399 267046 428351 513690 861041 156694 189945 30024 369155 112539 994184 206041 739503
9 510324
236640 991555 570297 998502 913122 279614 774639 527683 847924
16 963370
388274 169807 160615 679015 599518 92953 787691 380981 995030 546146 939568 643913 188377 462705 622874 258427
11 614680
226805 529762 651674 347342 745642 449224 190232 974211 115669 507005 874456
41 904145
938742 901161 954142 131083 913717 877924 176682 634084 483106 648972 342112 580471 626294 910830 20654 169198 930952 879159 258845 153357 165446 478399 604280 521285 567734 133269 114628 662234 483550 510094 997347 511541 636853 435929 821578 436134 138857 245539 331425 671065 791962
