10
76
559632 573768 692169 100650 626889 925893 566507 945830 414595 771916 222945 354183 445772 549001 587690 940765 482081 772062 672074 455910 326279 38998 201875 550745 20335 955147 680748 643557 470090 398973 421527 950375 404272 178387 237912 443491 803898 203185 424515 176731 916027 23472 69268 794111 736876 290487 948475 216497 276949 820272 374589 347422 425167 166319 952167 416297 592111 34159 284705 827407 740587 64127 415302 354285 188055 979734 49396 693524 512253 307021 436867 115623 736323 935183 494581 552674
422
438897 749311 919354 289396 182104 142964 841581 375116 965087 629935 541745 688163 497402 115189 551671 553193 408886 663511 767261 989622 510299 843296 112928 704084 824906 760922 423246 172474 273186 16256 506320 51651 400549 447785 204326 622108 685085 565824 53195 47642 726736 333032 870541 850655 25368 773180 609518 79834 977007 484709 969396 173893 533355 698597 97579 393429 523682 682038 56333 743094 195477 850975 998622 244776 379525 781114 318307 474297 347470 972600 73912 616951 619976 132874 109925 540790 840356 592228 298529 79332 812259 496927 585903 142859 275879 744157 440026 457191 319581 51851 191134 517174 141358 364046 700590 671595 564667 94607 669759 718419 235965 501732 216126 82725 287937 578815 883582 171667 848008 235698 362563 667711 94809 180806 342867 816934 562252 903515 904137 25858 693539 785322 549613 898553 626727 603519 144487 713643 245732 291918 591638 648583 182550 117807 638910 789466 330858 562927 282215 698015 363274 895664 729533 955547 456997 730710 998431 58110 729482 280090 71588 403033 14126 800364 617358 470526 303911 794105 351978 252276 339849 565012 133676 373878 746620 972229 726902 495121 327495 800117 505629 785045 407475 41484 766762 431538 301925 143530 408248 532702 686943 645438 914010 938181 410346 101643 184243 440861 345215 783514 815142 389786 485100 390583 18590 79331 651648 409343 371732 720277 680876 797535 790226 771390 391947 598708 809156 241498 970558 372848 539861 131114 684288 711927 279364 247366 181974 675380 752227 426793 83277 982787 412234 705094 111074 796485 815747 791585 574753 651163 762985 553146 384875 542125 917490 173441 725971 614728 373061 978966 688330 260676 296608 944603 883350 247350 122215 944661 411212 772324 632641 931427 142239 725287 221092 111130 940548 126441 801755 943116 446950 760180 757185 360392 676034 195052 354621 850830 644057 948910 558536 492429 336958 695605 76620 273996 676815 415816 83776 790141 526649 709338 828560 536875 492276 20133 552276 732222 223550 997483 604984 676728 778273 407621 713378 370708 477817 678693 256217 506127 444244 755227 312964 906585 856388 298903 610336 867396 531402 575273 241478 778598 456591 305335 762640 421786 172914 166999 977137 478115 721862 727408 761828 167818 586501 98131 325070 874100 450820 158181 185156 284804 265170 898094 83669 15435 346370 904593 705625 541325 766208 536344 82439 495164 612905 496431 600552 230618 260964 897332 411092 462963 669404 219076 891990 575828 30998 797758 217587 930862 601368 597572 360641 216091 291990 642811 443873 452028 10147 348394 774921 430836 728867 660387 856139 956011 444716 256514 155511 854246 815750 87626 610372 161847 586136 241001 447452 616561 678281 81181 531211 70691 879660 446573 65862 981765 123323 807490 335349 245110 492121 625689 758691 758263 129310 151899 555 936313 409697 465250 773422 851330 45997 534080 437941 219688 611122 987112 908529 501642 974426 503199
144
605178 424754 661745 300085 464445 625584 262690 558927 525071 365703 163178 501063 693630 743259 609903 849200 478868 874896 397864 335145 606317 624531 596242 106575 786921 436784 624926 743432 884735 415289 379722 578842 607009 927713 768082 654286 820754 398769 771363 865493 430779 950961 643464 799910 7380 353689 254065 86627 888523 448500 824376 382724 888238 699499 781975 351500 389199 231613 868294 502646 831087 148793 717424 642388 811172 344386 477791 300141 156817 725068 158507 535396 386412 885198 168926 126512 741038 373515 888487 841414 767198 335961 297616 149393 10112 469608 301940 537326 424107 247793 733886 215986 655472 63753 180640 179922 227079 503302 860868 269752 56236 249867 946925 361336 215489 858853 888351 854014 340630 355877 648327 73686 57366 803986 754361 407668 644700 872720 25814 80547 91833 299958 860251 423799 403906 455210 494603 783297 356537 453023 472133 141509 751101 772438 950648 598786 4749 514064 536266 130988 525791 299527 578915 679884
291
729062 683676 197944 757049 578702 962881 827905 487708 569994 798972 198285 6663 462525 234953 121642 240165 663461 704697 156332 792805 854238 186886 202634 616045 491428 15161 774128 309310 523580 172317 520175 465701 523733 775804 285259 394716 857054 381622 609078 275539 242116 418965 314617 680479 119465 423119 656212 469650 752540 189702 557436 170969 770675 312196 781136 198635 495512 89739 606916 594394 827425 929051 514285 70014 898464 140201 803231 912072 496900 641208 418840 718630 520744 852302 409951 822484 707485 358049 962096 61705 844455 411177 237392 406876 794346 217129 58335 452961 346542 573742 245796 462415 2037 432555 509552 784016 108786 147502 578901 88981 619177 369227 561220 295193 678290 846126 740142 738427 581880 854101 889625 32249 721736 184891 50593 404768 354518 582596 343912 295843 572111 72893 139351 613589 540124 96835 317236 851584 544018 962213 497442 355596 8436 784172 2546 347708 628580 950599 995477 730400 196208 652009 377989 187742 678784 624079 367372 331381 200556 76863 109921 703788 401405 724354 665734 998631 993471 827089 484288 358729 273315 837834 284088 743201 947611 264526 508103 656037 432870 850698 77169 660699 677170 778583 441292 173379 117907 126265 777689 793894 694992 954750 2311 90141 97192 31204 869542 772137 815502 542921 660405 979148 190364 722590 762350 47649 943204 620563 997151 623379 483883 463104 534232 75925 824835 871889 216411 676459 304583 388856 231494 634287 950241 186852 653196 828154 17809 470839 735566 907590 862977 898689 38852 499887 406577 958358 367098 272590 586137 148980 534295 927956 235435 441329 92247 895225 294665 25511 509204 165426 803186 176316 613158 318169 57288 477413 93448 354661 688901 782807 470310 613016 824940 663998 714131 701067 159863 269978 473827 383693 485438 41926 599301 419071 5326 776095 910974 107287 965722 410036 20529 8504 729839 22481 21003 32626 230503 650672 496201 318536 476564 923481 220856 110009 137451 288687 97666 783882 984523 948984 91149
488
480585 643430 392057 86489 791452 867203 923851 777066 101303 508093 722128 787501 196562 904050 280485 904479 650283 113556 973655 880630 152237 144667 566927 541928 26091 218716 218711 323609 646605 836784 889103 590733 898362 337317 456207 9254 413195 67380 734888 465470 676349 937490 391546 599271 690401 155804 166229 761631 407905 844065 883221 241903 915355 413520 509366 264968 39194 725583 933503 481154 674116 458400 229491 601241 414603 670583 597517 500918 565750 817553 706619 436740 288401 634384 448028 304344 34545 58672 684408 752132 637696 683222 309018 846930 351609 724997 708350 58007 37977 917084 143776 806512 26996 129350 790497 111370 688908 926538 565345 390807 264344 310810 96111 441153 266153 682406 874760 249799 565182 961396 524401 167737 899150 628119 781515 194248 876002 363029 535021 787222 420620 565885 751479 664974 754780 952252 900228 355059 45646 559922 485243 906799 825374 506222 911008 499854 406216 548016 731504 183196 222677 549669 1916 638719 840614 283854 516674 200222 670597 6192 942257 697688 411241 729955 22712 124721 705752 965316 720955 395055 214972 29704 371043 786941 368049 916258 287713 984903 386597 528539 329243 667591 646407 33976 884559 510674 681283 766248 634142 604941 874792 60805 652369 426499 33633 717431 186103 553597 645227 12385 983382 49150 941651 40606 790362 600948 110993 282648 637517 542255 738865 717268 508100 73581 668873 647772 18751 273052 798797 967799 634543 574736 185011 212589 810684 2060 465280 73019 379901 33983 34957 106399 760899 155438 567833 5137 979715 473010 392425 552563 571615 919783 967722 796313 861597 205952 987605 877561 841811 236857 418997 630544 766798 958563 710078 55715 964658 816105 282619 567653 599544 368716 473960 462202 218954 286437 267534 472177 977689 479103 749008 739862 655601 211248 943728 887724 548467 488598 145672 671244 204529 795357 633851 786368 119581 279283 853649 197999 173616 783945 181319 81775 318008 364118 45151 930366 377101 54886 645137 120731 264471 311995 994888 206879 307554 672236 244210 986907 370206 807732 860056 986639 142259 509805 830760 249382 507210 493191 289685 527410 879482 474364 711738 890767 520619 376386 396973 307584 852274 115295 764321 880711 988361 899843 378193 645049 940998 793074 994543 282234 960770 982736 250599 46411 273695 381929 564708 515262 436105 120189 903385 933033 718996 705346 661511 176578 877229 626216 568660 443022 448857 266171 650410 358698 577718 659102 565451 353558 128346 968273 168031 246221 265265 689983 530345 109104 190530 110413 721128 609113 474368 569723 27500 379799 591215 751401 409027 600095 563187 251333 469699 266383 196745 888192 345590 651435 387350 863545 216549 171036 867696 603179 949671 178083 213377 299245 330670 63406 980100 494180 699407 683119 275755 439159 639034 119073 993938 96376 787358 566509 841634 597778 341174 928414 166681 443887 567925 881392 215824 827691 73082 427769 875259 942361 153053 868112 2897 682723 934620 147047 828218 610413 204300 174937 114877 396718 93424 514225 133660 6382 459533 394966 285409 38951 477326 93062 82340 106134 728713 777780 105910 458099 704647 370954 607290 535070 177294 378370 932407 457716 350707 139591 737349 988635 856500 43819 69021 941797 458816 962560 145450 155208 376191 364114 35787 59008 533161 593716 295034 459037 824473 251161 771602 83245 675283 68892 644499 52054
432
94352 883434 526850 6448 704616 814697 514849 158188 761197 350248 242204 287167 202408 780051 815094 213061 30960 865298 725154 697002 476970 528408 609339 525409 571473 849773 830963 685530 546947 744502 999914 513622 192289 104796 337813 743358 971785 458988 633811 279602 515055 894689 911903 345174 258855 320314 38 361069 449087 375824 625585 361414 800274 279157 671688 764586 89594 645619 214647 175881 786334 648879 746567 444219 255856 387390 564790 533114 393140 497741 586727 303121 899481 291093 548803 847166 294901 242664 503396 691128 371992 19866 894855 733348 124881 70149 85807 957875 715696 87733 548961 912943 270603 333894 764612 757562 238756 945432 588970 172842 785361 803444 581723 475570 444468 463496 432203 452747 187697 271266 154217 548777 315944 830562 653522 772021 576066 738344 535133 194478 659164 850211 520696 906907 448750 94196 322756 69557 882046 169061 966023 982867 229908 941530 121473 292376 118265 582219 977934 98095 838778 696482 817609 891740 714520 743199 319682 310850 92699 607306 366595 99472 42092 879749 13004 321262 742783 502913 287004 37745 734125 428498 353240 740035 350314 557528 641236 404863 681823 792568 974773 505582 209354 638381 371891 289692 42868 781415 674561 414603 105289 544776 243843 217606 20543 257327 929865 533542 404917 599708 268125 939997 726999 516555 119147 418945 137901 742879 378245 361240 956609 198245 623886 277567 721118 368852 202897 980273 599332 808148 8874 393795 525247 731516 450593 729432 581480 436786 486073 379896 187763 164015 540596 960587 237811 688627 430815 838491 406373 559500 797785 641491 54420 226257 37759 375573 13159 724102 837884 16318 181790 851422 439512 762151 391545 385431 907728 594657 956601 822712 259578 977998 874608 762043 535167 503397 913465 812621 772468 754936 371628 329891 200294 10649 991055 920774 183904 515909 550367 505615 693508 568112 405402 189960 40611 323222 877896 930550 539584 817391 404619 15048 856536 25671 598150 70280 289817 360016 229753 55215 742933 81588 413062 591681 330506 93695 759389 451778 761996 145798 143379 721746 484783 725391 110205 160491 295340 24206 557770 323131 868297 299653 687749 543104 93556 476186 201629 464831 920233 459524 656007 370996 547493 933066 457165 645611 622429 441193 584706 943894 637443 801599 51795 428776 826821 834584 932960 334131 358471 574397 960685 190647 777673 688593 531998 673027 614383 936032 471702 372154 229186 702748 377863 765554 290166 663341 822785 211577 854479 843948 573015 840113 499197 248546 376940 904738 240577 56398 351321 870199 228371 499052 433067 836390 249120 375599 116117 383593 688541 427072 403223 682769 615466 717184 458018 759742 335519 507442 670229 650167 21738 706976 808097 71517 517223 867925 14181 652930 324595 850638 944129 255387 42966 970795 868298 973610 706882 869008 941367 824764 51726 730946 961789 422652 174747 115592 147035 100686 849448 601479 975924 909681 891857 565844 299609 695146 184620 57608 636541 976389 9785 104595
404
272826 553412 178434 121655 292297 751416 129364 30977 495882 732939 202157 588833 224000 457202 265972 915160 871619 905411 205033 867951 772411 782411 112779 660790 153410 94177 658823 651394 224568 298101 278658 881676 985337 839649 169615 980062 736476 549347 681022 284395 853772 265653 500273 807763 172527 200148 408441 384397 114447 529208 714883 453898 982759 846840 420939 734684 789816 256159 463137 476467 919260 468168 673332 516670 214470 927964 492455 945877 304373 132740 318752 264696 399419 65643 139959 299372 505369 922879 307751 183051 148102 284707 836161 736514 727309 643684 620179 861192 893749 256430 724486 749145 981896 418292 533600 48415 211858 557201 314248 298651 894066 526713 789902 663325 914404 390070 704300 677380 526399 881508 108987 880132 151011 70220 479129 799544 212619 151677 146232 627883 224692 739747 545884 291900 297305 967971 974374 110079 474828 1139 971213 829888 544375 357789 533393 586452 898184 585373 310508 748109 362582 781746 407897 194003 93347 7779 569364 419933 637808 625976 275503 356827 25859 849630 485677 263866 759246 810432 699798 797559 69087 657181 312246 589378 789451 957398 140794 132947 884962 854741 718304 768803 112500 175254 433179 108972 202509 549190 503153 104140 177053 541971 710115 151348 186572 342626 323295 467033 655890 190859 703154 970320 475927 864330 367016 568974 388805 758539 899945 112069 184494 616232 824185 482143 406526 356364 851578 190220 400457 689937 448773 161025 166932 219970 308488 606143 350007 892316 261497 429398 176048 587954 616049 600787 208746 282614 386735 686211 664371 161535 734124 737987 409226 509772 694231 858496 740378 829178 572504 836735 472455 75545 442723 709689 403911 561914 336117 469349 575919 523205 185415 116765 494682 610135 868842 750871 590604 354367 974625 139862 459024 581309 94316 575019 747282 290739 195816 487829 623797 331959 105103 759779 270386 421883 697637 945037 19502 265227 520928 518285 908079 243037 643669 763229 42563 673334 615829 649220 57275 339175 155802 97737 587752 400821 522812 862148 678703 268752 716802 515322 507577 118000 455126 518333 948108 763456 94989 569548 995735 604346 212533 620032 72205 935786 274089 232820 750992 22473 265387 40773 57925 249974 445056 530593 970441 717339 109044 554744 630947 857301 320109 357649 829752 995410 64762 647431 167219 76404 166822 81130 319762 758125 163774 871453 194598 421868 715496 621651 790233 765976 287742 159226 638698 920948 190868 340917 522193 606965 357770 241433 730079 494160 538920 306053 205904 475666 311272 329616 790691 892473 16103 937872 90823 238286 465861 329371 206740 642569 88274 511502 839177 494775 669843 794394 171912 704552 371395 69332 24476 396651 512602 489284 399354 377521 532304 197608 751181 897913 972695 498921 970857 601155 424251 817738
492
507961 970541 994076 262051 237462 771762 197421 30860 235993 148350 945774 234583 573311 316251 788903 458438 189372 40152 396662 232159 109862 36152 702887 255583 294525 353728 169001 993732 765740 725156 231114 138825 851122 75733 519560 412250 407684 944227 702240 74886 293357 903477 305512 990995 912342 70597 897968 75123 951421 4468 800634 357342 511439 78891 206812 161076 555622 440406 884098 78300 161853 963975 4572 894423 306160 521808 667835 599245 274516 740946 418306 500576 20408 198688 800061 111023 197269 123154 493935 973500 659740 144031 683348 844556 365942 398292 196426 409004 128390 719720 934066 749438 580379 881470 667411 718394 316386 261286 118749 165979 256555 2003 667127 368397 884607 306592 860978 343865 769079 414038 970410 539241 432521 639663 611997 900141 549307 23187 746610 862525 580552 83689 973956 37976 845214 368257 221551 395745 167171 45488 450902 956191 929597 249434 348192 285243 550194 596328 303122 128814 654384 227286 813675 646229 703287 956259 886099 227138 460824 727735 191551 20358 785269 746298 690786 77462 608803 224612 814900 894169 739535 387751 802982 109371 412329 272306 218497 190560 124038 351770 790803 450163 467940 17517 332520 393294 408052 103200 625253 916811 357805 514006 504626 224040 836592 398370 829518 435428 985893 290057 760129 9545 780085 451213 90562 810346 976370 132306 926233 112564 810181 393091 745319 486290 260002 330836 241278 83576 635721 889006 255690 918905 978824 472421 755582 566299 672356 400166 701836 799694 448232 378264 932144 211453 739838 888757 201857 531908 482203 393414 188697 713180 666565 597208 667470 653676 436384 961185 674033 233154 120695 301418 110811 388835 811016 406236 653596 186263 76292 558175 563245 445540 918421 855042 175201 217137 730352 727029 115976 924048 139207 943425 264832 424186 172431 417207 823888 850921 54345 927975 558311 71785 87900 37641 742340 105055 216467 555587 732160 580741 806950 275949 168455 438263 960412 319725 322603 724372 938394 963165 971234 831465 385377 520838 266793 139507 667935 784952 703048 734524 266635 934479 97961 382965 368174 71395 593424 756739 69649 49662 598211 37212 161836 590853 412119 639127 436979 657024 911080 172513 458753 291222 691304 997606 809091 256967 254611 834704 725849 128305 437638 896185 458956 297609 220539 894120 697005 16236 981510 361355 748121 366216 272224 74832 57659 691913 901297 343592 474816 386957 394141 283640 611794 28941 32222 407519 421580 111934 517401 821780 208189 582429 88136 388359 439456 616811 859524 398692 868781 820345 263802 13216 965355 245467 396398 978318 796773 818168 392634 801239 912816 839748 359722 61022 705988 643056 133067 738281 28174 835724 649643 921592 99562 431484 960523 554150 320051 504292 322015 284348 967010 25552 292045 535306 779378 899537 567164 400854 614459 347094 687760 680275 523368 781655 268010 544456 447752 563446 332981 477662 231189 670180 23058 468530 262551 419470 791547 318049 778943 856319 788584 748239 221003 742492 85023 353279 277335 777055 981997 216257 28928 749772 558187 724919 569254 929441 236557 205629 781437 878898 142561 983990 603600 581649 340460 36457 912494 480028 314132 197834 18451 684187 439341 480956 908925 450737 99746 589559 43969 189530 10565 490858 390525 312197 752646 865984 123899 222368 480567 318813 609491 862676 930495 155112 724492 774306 34335 506016 358679 572963 494749 154203
159
468454 309693 939144 67113 890687 196579 181826 260573 354045 512146 282774 428326 303369 681371 782368 409725 237292 15773 50513 251051 397014 113381 582075 503481 669155 586247 85176 851268 370406 127837 992734 184453 577476 616098 180147 543474 594776 782231 44640 79255 755436 868923 788178 442830 452042 141735 94401 79588 36149 225841 698852 747948 284176 461739 193296 506517 106179 237622 196072 489624 141897 517426 574839 430978 117947 64957 294530 564734 200952 810251 945608 416309 821671 909916 917876 535628 857758 540785 984117 484139 306134 858915 82072 166113 472713 550405 505208 248187 85012 884789 29181 664789 300109 854011 176859 919027 419680 778983 469929 13823 117216 164679 568092 790476 306837 456619 313894 609928 999977 271035 77677 621217 705014 166873 729523 272314 515789 828494 831762 7428 678329 838096 664577 258343 872799 475079 521991 50491 195231 150615 526819 500690 745019 550613 682460 932481 725179 877541 174146 326205 256398 310596 929954 677234 536545 256015 333321 933031 989217 687882 887537 878337 615862 604295 460546 398449 623683 555127 695950
83
512534 881975 204740 26054 513774 171389 600694 758412 199187 245680 542736 563766 783872 64687 733100 363511 882462 280248 955250 790661 801723 507274 608903 50772 824215 487017 799465 572434 626370 526535 760353 595546 914057 409884 448674 727800 671146 859093 21123 274697 952876 451266 337934 119087 326525 845519 520257 432229 738677 245435 287007 107175 518483 124905 88147 87642 179371 85140 204859 63960 799760 334973 982920 303836 701506 801865 114413 735648 149673 317727 501587 193416 339383 702753 707446 524915 622193 62944 672625 886487 56265 443573 526271
