6
42
209869 635569 525847 130665 589429 175284 341828 667229 642475 964205 284559 791494 499235 791233 855009 301250 585610 121348 262221 842435 504870 626072 582207 500880 942830 331274 234657 923947 261860 714894 137323 897232 898982 27979 911886 137871 787653 169720 98483 748475 917455 204378
26
90075 711398 322851 240710 519376 32091 402374 324661 99069 762137 227045 806558 934534 496489 808166 617918 924464 92765 533091 845458 963995 732095 517699 584542 23562 176442
10
786740 912985 870958 595292 427749 347533 433549 203728 911883 68774
35
157269 415601 573367 897774 994588 490899 997264 114964 777181 933417 812561 107331 562371 109999 775220 729046 604326 877825 949076 513601 316860 609299 865151 129042 377866 331920 532815 82063 793828 84208 247678 470166 467507 482743 100843
31
51381 114696 764578 13633 896486 907157 163081 307339 932790 924822 495601 714819 863719 28406 923201 33911 509405 496327 828593 113686 806706 757725 733928 659668 449338 182137 878416 807291 556684 820685 517034
41
922609 729172 911287 984693 227759 107002 975681 119388 653652 470359 722022 816589 117994 362105 458631 351581 417420 936120 487445 770461 88286 947279 507917 192660 641617 639847 852358 631868 319761 438560 704096 830845 257692 984878 464972 886696 220650 184129 593822 997250 268067
