1000
44
97
43
49
59
99
79
59
59
59
78
86
81
83
70
99
91
55
79
57
76
71
100
61
41
70
60
60
36
100
66
83
36
43
43
36
68
59
56
32
41
34
100
99
34
59
63
45
84
85
41
63
62
92
85
32
98
62
52
44
67
61
94
53
32
66
77
49
100
34
58
88
35
45
79
83
33
64
76
70
98
81
87
56
56
66
95
52
85
70
78
90
47
33
49
31
84
49
74
87
63
89
67
99
70
86
67
76
65
60
73
66
50
42
78
63
44
39
89
37
70
79
89
30
64
61
54
41
99
34
68
90
92
37
40
36
90
32
37
40
70
64
59
92
96
47
85
62
40
79
83
37
98
62
37
52
72
87
41
73
60
58
85
79
31
90
40
70
98
55
38
46
70
47
73
48
93
33
75
77
40
61
32
86
93
52
64
63
58
49
55
33
100
88
33
90
55
38
93
35
38
96
78
65
78
66
100
85
89
68
36
85
33
67
98
59
66
89
48
97
70
62
62
99
47
65
98
62
55
63
48
98
38
87
37
92
80
32
76
87
87
59
84
83
59
45
92
30
79
58
84
65
71
42
81
51
100
77
67
85
89
63
72
39
68
75
40
90
59
77
49
58
49
61
81
84
45
71
60
31
89
86
51
49
40
71
89
55
74
34
52
44
74
55
68
37
78
34
52
34
70
76
70
34
70
97
99
45
73
100
89
33
71
31
78
86
92
47
33
96
65
73
99
53
44
43
67
62
93
48
96
44
39
38
44
79
41
45
62
31
40
71
63
47
60
66
78
96
77
99
79
36
61
80
77
73
52
42
73
51
76
50
78
35
75
50
95
53
68
90
76
98
80
82
65
93
55
69
42
44
55
47
81
37
87
63
57
94
39
69
96
96
35
93
42
95
31
93
58
47
71
83
53
67
48
69
66
43
39
60
53
66
82
39
70
100
97
60
57
82
52
80
65
63
51
31
39
96
50
99
95
47
75
33
77
85
36
33
75
60
48
96
65
35
96
74
36
50
43
86
68
87
97
78
71
96
53
99
48
70
72
95
85
85
95
79
63
48
95
38
58
81
61
35
36
68
80
34
37
47
70
51
69
79
95
66
71
52
49
36
92
34
36
85
84
41
85
50
94
52
52
76
58
93
54
57
37
90
83
78
52
47
89
79
62
31
67
30
82
59
86
90
57
59
39
43
80
69
38
81
33
76
99
94
81
57
66
62
40
67
66
40
99
32
90
56
44
70
31
52
43
99
76
50
56
66
35
57
79
92
87
69
80
40
30
35
39
55
61
95
42
59
32
38
96
43
72
63
87
88
42
74
33
78
62
36
46
69
83
74
97
38
56
75
51
89
51
77
97
70
84
42
43
44
94
32
39
35
61
50
56
95
93
81
33
69
73
48
72
34
65
69
47
37
70
63
91
85
34
70
88
99
42
82
88
32
98
88
35
51
60
39
30
69
31
60
98
40
55
53
100
77
50
63
94
100
98
35
69
30
66
99
47
42
88
65
98
84
98
100
55
58
86
88
97
83
57
76
52
37
86
37
55
43
32
71
61
30
82
64
39
77
39
58
78
83
45
65
39
100
89
94
80
45
48
71
35
42
71
84
95
65
46
31
67
57
46
82
56
81
40
92
77
59
90
48
76
43
96
48
82
39
97
38
91
81
69
49
94
72
76
84
51
32
33
74
34
74
37
43
91
92
46
89
50
68
90
52
60
94
34
61
85
38
66
63
67
96
44
69
66
59
99
44
97
90
91
81
47
66
55
54
85
35
71
36
48
87
73
86
49
30
63
54
58
31
37
50
55
78
61
57
86
36
39
75
77
60
35
50
63
99
59
80
92
100
99
31
51
73
59
47
44
96
76
56
66
52
92
43
89
52
72
79
69
96
96
36
82
58
98
75
73
89
31
66
100
36
49
90
99
33
49
65
69
50
92
38
38
68
92
96
52
78
46
39
36
81
68
85
33
96
62
62
53
77
47
32
46
91
71
68
73
51
81
96
77
52
76
100
81
88
91
48
73
95
94
78
45
68
62
49
61
85
70
81
34
59
81
60
62
80
49
46
52
71
78
36
44
58
67
56
96
65
65
96
44
48
40
42
80
73
64
91
85
94
95
73
88
51
63
99
58
67
84
94
60
83
95
67
64
82
69
92
43
97
81
98
39
66
61
38
97
78
54
100
43
73
52
56
42
32
51
56
58
65
40
48
82
72
32
59
47
91
37
35
52
70
91
40
79
65
43
32
43
41
86
95
93
56
