200
44
32
30
89
42
80
31
100
32
36
30
55
32
30
48
99
43
47
91
61
32
89
61
33
57
53
43
38
36
49
100
31
99
99
43
31
31
30
99
32
55
99
68
100
91
35
100
31
49
57
31
84
62
100
89
55
99
31
31
67
60
79
76
74
30
100
33
99
32
100
42
31
83
32
93
64
31
99
32
65
91
41
80
75
31
30
99
32
32
95
30
39
94
31
88
54
94
99
32
32
99
44
69
39
31
89
72
36
38
99
31
32
99
94
97
31
76
30
80
89
96
73
50
73
86
94
99
30
31
70
100
98
32
85
64
85
56
76
67
99
72
60
92
58
96
30
81
30
95
49
63
99
98
99
99
67
97
32
99
31
100
87
73
93
36
73
31
88
32
100
99
30
41
31
84
32
99
36
76
89
56
30
65
100
42
32
38
61
31
30
31
32
87
52
43
54
99
37
40
84
