10000
1
14
27
40
53
66
79
92
105
118
131
144
157
170
183
196
209
222
235
248
261
274
287
300
313
326
339
352
365
378
391
404
417
430
443
456
469
482
495
508
521
534
547
560
573
586
599
612
625
638
651
664
677
690
703
716
729
742
755
768
781
794
807
820
833
846
859
872
885
898
911
924
937
950
963
976
989
1002
1015
1028
1041
1054
1067
1080
1093
1106
1119
1132
1145
1158
1171
1184
1197
1210
1223
1236
1249
1262
1275
1288
1301
1314
1327
1340
1353
1366
1379
1392
1405
1418
1431
1444
1457
1470
1483
1496
1509
1522
1535
1548
1561
1574
1587
1600
1613
1626
1639
1652
1665
1678
1691
1704
1717
1730
1743
1756
1769
1782
1795
1808
1821
1834
1847
1860
1873
1886
1899
1912
1925
1938
1951
1964
1977
1990
2003
2016
2029
2042
2055
2068
2081
2094
2107
2120
2133
2146
2159
2172
2185
2198
2211
2224
2237
2250
2263
2276
2289
2302
2315
2328
2341
2354
2367
2380
2393
2406
2419
2432
2445
2458
2471
2484
2497
2510
2523
2536
2549
2562
2575
2588
2601
2614
2627
2640
2653
2666
2679
2692
2705
2718
2731
2744
2757
2770
2783
2796
2809
2822
2835
2848
2861
2874
2887
2900
2913
2926
2939
2952
2965
2978
2991
3004
3017
3030
3043
3056
3069
3082
3095
3108
3121
3134
3147
3160
3173
3186
3199
3212
3225
3238
3251
3264
3277
3290
3303
3316
3329
3342
3355
3368
3381
3394
3407
3420
3433
3446
3459
3472
3485
3498
3511
3524
3537
3550
3563
3576
3589
3602
3615
3628
3641
3654
3667
3680
3693
3706
3719
3732
3745
3758
3771
3784
3797
3810
3823
3836
3849
3862
3875
3888
3901
3914
3927
3940
3953
3966
3979
3992
4005
4018
4031
4044
4057
4070
4083
4096
4109
4122
4135
4148
4161
4174
4187
4200
4213
4226
4239
4252
4265
4278
4291
4304
4317
4330
4343
4356
4369
4382
4395
4408
4421
4434
4447
4460
4473
4486
4499
4512
4525
4538
4551
4564
4577
4590
4603
4616
4629
4642
4655
4668
4681
4694
4707
4720
4733
4746
4759
4772
4785
4798
4811
4824
4837
4850
4863
4876
4889
4902
4915
4928
4941
4954
4967
4980
4993
5006
5019
5032
5045
5058
5071
5084
5097
5110
5123
5136
5149
5162
5175
5188
5201
5214
5227
5240
5253
5266
5279
5292
5305
5318
5331
5344
5357
5370
5383
5396
5409
5422
5435
5448
5461
5474
5487
5500
5513
5526
5539
5552
5565
5578
5591
5604
5617
5630
5643
5656
5669
5682
5695
5708
5721
5734
5747
5760
5773
5786
5799
5812
5825
5838
5851
5864
5877
5890
5903
5916
5929
5942
5955
5968
5981
5994
6007
6020
6033
6046
6059
6072
6085
6098
6111
6124
6137
6150
6163
6176
6189
6202
6215
6228
6241
6254
6267
6280
6293
6306
6319
6332
6345
6358
6371
6384
6397
6410
6423
6436
6449
6462
6475
6488
6501
6514
6527
6540
6553
6566
6579
6592
6605
6618
6631
6644
6657
6670
6683
6696
6709
6722
6735
6748
6761
6774
6787
6800
6813
6826
6839
6852
6865
6878
6891
6904
6917
6930
6943
6956
6969
6982
6995
7008
7021
7034
7047
7060
7073
7086
7099
7112
7125
7138
7151
7164
7177
7190
7203
7216
7229
7242
7255
7268
7281
7294
7307
7320
7333
7346
7359
7372
7385
7398
7411
7424
7437
7450
7463
7476
7489
7502
7515
7528
7541
7554
7567
7580
7593
7606
7619
7632
7645
7658
7671
7684
7697
7710
7723
7736
7749
7762
7775
7788
7801
7814
7827
7840
7853
7866
7879
7892
7905
7918
7931
7944
7957
7970
7983
7996
8009
8022
8035
8048
8061
8074
8087
8100
8113
8126
8139
8152
8165
8178
8191
8204
8217
8230
8243
8256
8269
8282
8295
8308
8321
8334
8347
8360
8373
8386
8399
8412
8425
8438
8451
8464
8477
8490
8503
8516
8529
8542
8555
8568
8581
8594
8607
8620
8633
8646
8659
8672
8685
8698
8711
8724
8737
8750
8763
8776
8789
8802
8815
8828
8841
8854
8867
8880
8893
8906
8919
8932
8945
8958
8971
8984
8997
9010
9023
9036
9049
9062
9075
9088
9101
9114
9127
9140
9153
9166
9179
9192
9205
9218
9231
9244
9257
9270
9283
9296
9309
9322
9335
9348
9361
9374
9387
9400
9413
9426
9439
9452
9465
9478
9491
9504
9517
9530
9543
9556
9569
9582
9595
9608
9621
9634
9647
9660
9673
9686
9699
9712
9725
9738
9751
9764
9777
9790
9803
9816
9829
9842
9855
9868
9881
9894
9907
9920
9933
9946
9959
9972
9985
9998
11
24
37
50
63
76
89
102
115
128
141
154
167
180
193
206
219
232
245
258
271
284
297
310
323
336
349
362
375
388
401
414
427
440
453
466
479
492
505
518
531
544
557
570
583
596
609
622
635
648
661
674
687
700
713
726
739
752
765
778
791
804
817
830
843
856
869
882
895
908
921
934
947
960
973
986
999
1012
1025
1038
1051
1064
1077
1090
1103
1116
1129
1142
1155
1168
1181
1194
1207
1220
1233
1246
1259
1272
1285
1298
1311
1324
1337
1350
1363
1376
1389
1402
1415
1428
1441
1454
1467
1480
1493
1506
1519
1532
1545
1558
1571
1584
1597
1610
1623
1636
1649
1662
1675
1688
1701
1714
1727
1740
1753
1766
1779
1792
1805
1818
1831
1844
1857
1870
1883
1896
1909
1922
1935
1948
1961
1974
1987
2000
2013
2026
2039
2052
2065
2078
2091
2104
2117
2130
2143
2156
2169
2182
2195
2208
2221
2234
2247
2260
2273
2286
2299
2312
2325
2338
2351
2364
2377
2390
2403
2416
2429
2442
2455
2468
2481
2494
2507
2520
2533
2546
2559
2572
2585
2598
2611
2624
2637
2650
2663
2676
2689
2702
2715
2728
2741
2754
2767
2780
2793
2806
2819
2832
2845
2858
2871
2884
2897
2910
2923
2936
2949
2962
2975
2988
3001
3014
3027
3040
3053
3066
3079
3092
3105
3118
3131
3144
3157
3170
3183
3196
3209
3222
3235
3248
3261
3274
3287
3300
3313
3326
3339
3352
3365
3378
3391
3404
3417
3430
3443
3456
3469
3482
3495
3508
3521
3534
3547
3560
3573
3586
3599
3612
3625
3638
3651
3664
3677
3690
3703
3716
3729
3742
3755
3768
3781
3794
3807
3820
3833
3846
3859
3872
3885
3898
3911
3924
3937
3950
3963
3976
3989
4002
4015
4028
4041
4054
4067
4080
4093
4106
4119
4132
4145
4158
4171
4184
4197
4210
4223
4236
4249
4262
4275
4288
4301
4314
4327
4340
4353
4366
4379
4392
4405
4418
4431
4444
4457
4470
4483
4496
4509
4522
4535
4548
4561
4574
4587
4600
4613
4626
4639
4652
4665
4678
4691
4704
4717
4730
4743
4756
4769
4782
4795
4808
4821
4834
4847
4860
4873
4886
4899
4912
4925
4938
4951
4964
4977
4990
5003
5016
5029
5042
5055
5068
5081
5094
5107
5120
5133
5146
5159
5172
5185
5198
5211
5224
5237
5250
5263
5276
5289
5302
5315
5328
5341
5354
5367
5380
5393
5406
5419
5432
5445
5458
5471
5484
5497
5510
5523
5536
5549
5562
5575
5588
5601
5614
5627
5640
5653
5666
5679
5692
5705
5718
5731
5744
5757
5770
5783
5796
5809
5822
5835
5848
5861
5874
5887
5900
5913
5926
5939
5952
5965
5978
5991
6004
6017
6030
6043
6056
6069
6082
6095
6108
6121
6134
6147
6160
6173
6186
6199
6212
6225
6238
6251
6264
6277
6290
6303
6316
6329
6342
6355
6368
6381
6394
6407
6420
6433
6446
6459
6472
6485
6498
6511
6524
6537
6550
6563
6576
6589
6602
6615
6628
6641
6654
6667
6680
6693
6706
6719
6732
6745
6758
6771
6784
6797
6810
6823
6836
6849
6862
6875
6888
6901
6914
6927
6940
6953
6966
6979
6992
7005
7018
7031
7044
7057
7070
7083
7096
7109
7122
7135
7148
7161
7174
7187
7200
7213
7226
7239
7252
7265
7278
7291
7304
7317
7330
7343
7356
7369
7382
7395
7408
7421
7434
7447
7460
7473
7486
7499
7512
7525
7538
7551
7564
7577
7590
7603
7616
7629
7642
7655
7668
7681
7694
7707
7720
7733
7746
7759
7772
7785
7798
7811
7824
7837
7850
7863
7876
7889
7902
7915
7928
7941
7954
7967
7980
7993
8006
8019
8032
8045
8058
8071
8084
8097
8110
8123
8136
8149
8162
8175
8188
8201
8214
8227
8240
8253
8266
8279
8292
8305
8318
8331
8344
8357
8370
8383
8396
8409
8422
8435
8448
8461
8474
8487
8500
8513
8526
8539
8552
8565
8578
8591
8604
8617
8630
8643
8656
8669
8682
8695
8708
8721
8734
8747
8760
8773
8786
8799
8812
8825
8838
8851
8864
8877
8890
8903
8916
8929
8942
8955
8968
8981
8994
9007
9020
9033
9046
9059
9072
9085
9098
9111
9124
9137
9150
9163
9176
9189
9202
9215
9228
9241
9254
9267
9280
9293
9306
9319
9332
9345
9358
9371
9384
9397
9410
9423
9436
9449
9462
9475
9488
9501
9514
9527
9540
9553
9566
9579
9592
9605
9618
9631
9644
9657
9670
9683
9696
9709
9722
9735
9748
9761
9774
9787
9800
9813
9826
9839
9852
9865
9878
9891
9904
9917
9930
9943
9956
9969
9982
9995
8
21
34
47
60
73
86
99
112
125
138
151
164
177
190
203
216
229
242
255
268
281
294
307
320
333
346
359
372
385
398
411
424
437
450
463
476
489
502
515
528
541
554
567
580
593
606
619
632
645
658
671
684
697
710
723
736
749
762
775
788
801
814
827
840
853
866
879
892
905
918
931
944
957
970
983
996
1009
1022
1035
1048
1061
1074
1087
1100
1113
1126
1139
1152
1165
1178
1191
1204
1217
1230
1243
1256
1269
1282
1295
1308
1321
1334
1347
1360
1373
1386
1399
1412
1425
1438
1451
1464
1477
1490
1503
1516
1529
1542
1555
1568
1581
1594
1607
1620
1633
1646
1659
1672
1685
1698
1711
1724
1737
1750
1763
1776
1789
1802
1815
1828
1841
1854
1867
1880
1893
1906
1919
1932
1945
1958
1971
1984
1997
2010
2023
2036
2049
2062
2075
2088
2101
2114
2127
2140
2153
2166
2179
2192
2205
2218
2231
2244
2257
2270
2283
2296
2309
2322
2335
2348
2361
2374
2387
2400
2413
2426
2439
2452
2465
2478
2491
2504
2517
2530
2543
2556
2569
2582
2595
2608
2621
2634
2647
2660
2673
2686
2699
2712
2725
2738
2751
2764
2777
2790
2803
2816
2829
2842
2855
2868
2881
2894
2907
2920
2933
2946
2959
2972
2985
2998
3011
3024
3037
3050
3063
3076
3089
3102
3115
3128
3141
3154
3167
3180
3193
3206
3219
3232
3245
3258
3271
3284
3297
3310
3323
3336
3349
3362
3375
3388
3401
3414
3427
3440
3453
3466
3479
3492
3505
3518
3531
3544
3557
3570
3583
3596
3609
3622
3635
3648
3661
3674
3687
3700
3713
3726
3739
3752
3765
3778
3791
3804
3817
3830
3843
3856
3869
3882
3895
3908
3921
3934
3947
3960
3973
3986
3999
4012
4025
4038
4051
4064
4077
4090
4103
4116
4129
4142
4155
4168
4181
4194
4207
4220
4233
4246
4259
4272
4285
4298
4311
4324
4337
4350
4363
4376
4389
4402
4415
4428
4441
4454
4467
4480
4493
4506
4519
4532
4545
4558
4571
4584
4597
4610
4623
4636
4649
4662
4675
4688
4701
4714
4727
4740
4753
4766
4779
4792
4805
4818
4831
4844
4857
4870
4883
4896
4909
4922
4935
4948
4961
4974
4987
5000
5013
5026
5039
5052
5065
5078
5091
5104
5117
5130
5143
5156
5169
5182
5195
5208
5221
5234
5247
5260
5273
5286
5299
5312
5325
5338
5351
5364
5377
5390
5403
5416
5429
5442
5455
5468
5481
5494
5507
5520
5533
5546
5559
5572
5585
5598
5611
5624
5637
5650
5663
5676
5689
5702
5715
5728
5741
5754
5767
5780
5793
5806
5819
5832
5845
5858
5871
5884
5897
5910
5923
5936
5949
5962
5975
5988
6001
6014
6027
6040
6053
6066
6079
6092
6105
6118
6131
6144
6157
6170
6183
6196
6209
6222
6235
6248
6261
6274
6287
6300
6313
6326
6339
6352
6365
6378
6391
6404
6417
6430
6443
6456
6469
6482
6495
6508
6521
6534
6547
6560
6573
6586
6599
6612
6625
6638
6651
6664
6677
6690
6703
6716
6729
6742
6755
6768
6781
6794
6807
6820
6833
6846
6859
6872
6885
6898
6911
6924
6937
6950
6963
6976
6989
7002
7015
7028
7041
7054
7067
7080
7093
7106
7119
7132
7145
7158
7171
7184
7197
7210
7223
7236
7249
7262
7275
7288
7301
7314
7327
7340
7353
7366
7379
7392
7405
7418
7431
7444
7457
7470
7483
7496
7509
7522
7535
7548
7561
7574
7587
7600
7613
7626
7639
7652
7665
7678
7691
7704
7717
7730
7743
7756
7769
7782
7795
7808
7821
7834
7847
7860
7873
7886
7899
7912
7925
7938
7951
7964
7977
7990
8003
8016
8029
8042
8055
8068
8081
8094
8107
8120
8133
8146
8159
8172
8185
8198
8211
8224
8237
8250
8263
8276
8289
8302
8315
8328
8341
8354
8367
8380
8393
8406
8419
8432
8445
8458
8471
8484
8497
8510
8523
8536
8549
8562
8575
8588
8601
8614
8627
8640
8653
8666
8679
8692
8705
8718
8731
8744
8757
8770
8783
8796
8809
8822
8835
8848
8861
8874
8887
8900
8913
8926
8939
8952
8965
8978
8991
9004
9017
9030
9043
9056
9069
9082
9095
9108
9121
9134
9147
9160
9173
9186
9199
9212
9225
9238
9251
9264
9277
9290
9303
9316
9329
9342
9355
9368
9381
9394
9407
9420
9433
9446
9459
9472
9485
9498
9511
9524
9537
9550
9563
9576
9589
9602
9615
9628
9641
9654
9667
9680
9693
9706
9719
9732
9745
9758
9771
9784
9797
9810
9823
9836
9849
9862
9875
9888
9901
9914
9927
9940
9953
9966
9979
9992
5
18
31
44
57
70
83
96
109
122
135
148
161
174
187
200
213
226
239
252
265
278
291
304
317
330
343
356
369
382
395
408
421
434
447
460
473
486
499
512
525
538
551
564
577
590
603
616
629
642
655
668
681
694
707
720
733
746
759
772
785
798
811
824
837
850
863
876
889
902
915
928
941
954
967
980
993
1006
1019
1032
1045
1058
1071
1084
1097
1110
1123
1136
1149
1162
1175
1188
1201
1214
1227
1240
1253
1266
1279
1292
1305
1318
1331
1344
1357
1370
1383
1396
1409
1422
1435
1448
1461
1474
1487
1500
1513
1526
1539
1552
1565
1578
1591
1604
1617
1630
1643
1656
1669
1682
1695
1708
1721
1734
1747
1760
1773
1786
1799
1812
1825
1838
1851
1864
1877
1890
1903
1916
1929
1942
1955
1968
1981
1994
2007
2020
2033
2046
2059
2072
2085
2098
2111
2124
2137
2150
2163
2176
2189
2202
2215
2228
2241
2254
2267
2280
2293
2306
2319
2332
2345
2358
2371
2384
2397
2410
2423
2436
2449
2462
2475
2488
2501
2514
2527
2540
2553
2566
2579
2592
2605
2618
2631
2644
2657
2670
2683
2696
2709
2722
2735
2748
2761
2774
2787
2800
2813
2826
2839
2852
2865
2878
2891
2904
2917
2930
2943
2956
2969
2982
2995
3008
3021
3034
3047
3060
3073
3086
3099
3112
3125
3138
3151
3164
3177
3190
3203
3216
3229
3242
3255
3268
3281
3294
3307
3320
3333
3346
3359
3372
3385
3398
3411
3424
3437
3450
3463
3476
3489
3502
3515
3528
3541
3554
3567
3580
3593
3606
3619
3632
3645
3658
3671
3684
3697
3710
3723
3736
3749
3762
3775
3788
3801
3814
3827
3840
3853
3866
3879
3892
3905
3918
3931
3944
3957
3970
3983
3996
4009
4022
4035
4048
4061
4074
4087
4100
4113
4126
4139
4152
4165
4178
4191
4204
4217
4230
4243
4256
4269
4282
4295
4308
4321
4334
4347
4360
4373
4386
4399
4412
4425
4438
4451
4464
4477
4490
4503
4516
4529
4542
4555
4568
4581
4594
4607
4620
4633
4646
4659
4672
4685
4698
4711
4724
4737
4750
4763
4776
4789
4802
4815
4828
4841
4854
4867
4880
4893
4906
4919
4932
4945
4958
4971
4984
4997
5010
5023
5036
5049
5062
5075
5088
5101
5114
5127
5140
5153
5166
5179
5192
5205
5218
5231
5244
5257
5270
5283
5296
5309
5322
5335
5348
5361
5374
5387
5400
5413
5426
5439
5452
5465
5478
5491
5504
5517
5530
5543
5556
5569
5582
5595
5608
5621
5634
5647
5660
5673
5686
5699
5712
5725
5738
5751
5764
5777
5790
5803
5816
5829
5842
5855
5868
5881
5894
5907
5920
5933
5946
5959
5972
5985
5998
6011
6024
6037
6050
6063
6076
6089
6102
6115
6128
6141
6154
6167
6180
6193
6206
6219
6232
6245
6258
6271
6284
6297
6310
6323
6336
6349
6362
6375
6388
6401
6414
6427
6440
6453
6466
6479
6492
6505
6518
6531
6544
6557
6570
6583
6596
6609
6622
6635
6648
6661
6674
6687
6700
6713
6726
6739
6752
6765
6778
6791
6804
6817
6830
6843
6856
6869
6882
6895
6908
6921
6934
6947
6960
6973
6986
6999
7012
7025
7038
7051
7064
7077
7090
7103
7116
7129
7142
7155
7168
7181
7194
7207
7220
7233
7246
7259
7272
7285
7298
7311
7324
7337
7350
7363
7376
7389
7402
7415
7428
7441
7454
7467
7480
7493
7506
7519
7532
7545
7558
7571
7584
7597
7610
7623
7636
7649
7662
7675
7688
7701
7714
7727
7740
7753
7766
7779
7792
7805
7818
7831
7844
7857
7870
7883
7896
7909
7922
7935
7948
7961
7974
7987
8000
8013
8026
8039
8052
8065
8078
8091
8104
8117
8130
8143
8156
8169
8182
8195
8208
8221
8234
8247
8260
8273
8286
8299
8312
8325
8338
8351
8364
8377
8390
8403
8416
8429
8442
8455
8468
8481
8494
8507
8520
8533
8546
8559
8572
8585
8598
8611
8624
8637
8650
8663
8676
8689
8702
8715
8728
8741
8754
8767
8780
8793
8806
8819
8832
8845
8858
8871
8884
8897
8910
8923
8936
8949
8962
8975
8988
9001
9014
9027
9040
9053
9066
9079
9092
9105
9118
9131
9144
9157
9170
9183
9196
9209
9222
9235
9248
9261
9274
9287
9300
9313
9326
9339
9352
9365
9378
9391
9404
9417
9430
9443
9456
9469
9482
9495
9508
9521
9534
9547
9560
9573
9586
9599
9612
9625
9638
9651
9664
9677
9690
9703
9716
9729
9742
9755
9768
9781
9794
9807
9820
9833
9846
9859
9872
9885
9898
9911
9924
9937
9950
9963
9976
9989
2
15
28
41
54
67
80
93
106
119
132
145
158
171
184
197
210
223
236
249
262
275
288
301
314
327
340
353
366
379
392
405
418
431
444
457
470
483
496
509
522
535
548
561
574
587
600
613
626
639
652
665
678
691
704
717
730
743
756
769
782
795
808
821
834
847
860
873
886
899
912
925
938
951
964
977
990
1003
1016
1029
1042
1055
1068
1081
1094
1107
1120
1133
1146
1159
1172
1185
1198
1211
1224
1237
1250
1263
1276
1289
1302
1315
1328
1341
1354
1367
1380
1393
1406
1419
1432
1445
1458
1471
1484
1497
1510
1523
1536
1549
1562
1575
1588
1601
1614
1627
1640
1653
1666
1679
1692
1705
1718
1731
1744
1757
1770
1783
1796
1809
1822
1835
1848
1861
1874
1887
1900
1913
1926
1939
1952
1965
1978
1991
2004
2017
2030
2043
2056
2069
2082
2095
2108
2121
2134
2147
2160
2173
2186
2199
2212
2225
2238
2251
2264
2277
2290
2303
2316
2329
2342
2355
2368
2381
2394
2407
2420
2433
2446
2459
2472
2485
2498
2511
2524
2537
2550
2563
2576
2589
2602
2615
2628
2641
2654
2667
2680
2693
2706
2719
2732
2745
2758
2771
2784
2797
2810
2823
2836
2849
2862
2875
2888
2901
2914
2927
2940
2953
2966
2979
2992
3005
3018
3031
3044
3057
3070
3083
3096
3109
3122
3135
3148
3161
3174
3187
3200
3213
3226
3239
3252
3265
3278
3291
3304
3317
3330
3343
3356
3369
3382
3395
3408
3421
3434
3447
3460
3473
3486
3499
3512
3525
3538
3551
3564
3577
3590
3603
3616
3629
3642
3655
3668
3681
3694
3707
3720
3733
3746
3759
3772
3785
3798
3811
3824
3837
3850
3863
3876
3889
3902
3915
3928
3941
3954
3967
3980
3993
4006
4019
4032
4045
4058
4071
4084
4097
4110
4123
4136
4149
4162
4175
4188
4201
4214
4227
4240
4253
4266
4279
4292
4305
4318
4331
4344
4357
4370
4383
4396
4409
4422
4435
4448
4461
4474
4487
4500
4513
4526
4539
4552
4565
4578
4591
4604
4617
4630
4643
4656
4669
4682
4695
4708
4721
4734
4747
4760
4773
4786
4799
4812
4825
4838
4851
4864
4877
4890
4903
4916
4929
4942
4955
4968
4981
4994
5007
5020
5033
5046
5059
5072
5085
5098
5111
5124
5137
5150
5163
5176
5189
5202
5215
5228
5241
5254
5267
5280
5293
5306
5319
5332
5345
5358
5371
5384
5397
5410
5423
5436
5449
5462
5475
5488
5501
5514
5527
5540
5553
5566
5579
5592
5605
5618
5631
5644
5657
5670
5683
5696
5709
5722
5735
5748
5761
5774
5787
5800
5813
5826
5839
5852
5865
5878
5891
5904
5917
5930
5943
5956
5969
5982
5995
6008
6021
6034
6047
6060
6073
6086
6099
6112
6125
6138
6151
6164
6177
6190
6203
6216
6229
6242
6255
6268
6281
6294
6307
6320
6333
6346
6359
6372
6385
6398
6411
6424
6437
6450
6463
6476
6489
6502
6515
6528
6541
6554
6567
6580
6593
6606
6619
6632
6645
6658
6671
6684
6697
6710
6723
6736
6749
6762
6775
6788
6801
6814
6827
6840
6853
6866
6879
6892
6905
6918
6931
6944
6957
6970
6983
6996
7009
7022
7035
7048
7061
7074
7087
7100
7113
7126
7139
7152
7165
7178
7191
7204
7217
7230
7243
7256
7269
7282
7295
7308
7321
7334
7347
7360
7373
7386
7399
7412
7425
7438
7451
7464
7477
7490
7503
7516
7529
7542
7555
7568
7581
7594
7607
7620
7633
7646
7659
7672
7685
7698
7711
7724
7737
7750
7763
7776
7789
7802
7815
7828
7841
7854
7867
7880
7893
7906
7919
7932
7945
7958
7971
7984
7997
8010
8023
8036
8049
8062
8075
8088
8101
8114
8127
8140
8153
8166
8179
8192
8205
8218
8231
8244
8257
8270
8283
8296
8309
8322
8335
8348
8361
8374
8387
8400
8413
8426
8439
8452
8465
8478
8491
8504
8517
8530
8543
8556
8569
8582
8595
8608
8621
8634
8647
8660
8673
8686
8699
8712
8725
8738
8751
8764
8777
8790
8803
8816
8829
8842
8855
8868
8881
8894
8907
8920
8933
8946
8959
8972
8985
8998
9011
9024
9037
9050
9063
9076
9089
9102
9115
9128
9141
9154
9167
9180
9193
9206
9219
9232
9245
9258
9271
9284
9297
9310
9323
9336
9349
9362
9375
9388
9401
9414
9427
9440
9453
9466
9479
9492
9505
9518
9531
9544
9557
9570
9583
9596
9609
9622
9635
9648
9661
9674
9687
9700
9713
9726
9739
9752
9765
9778
9791
9804
9817
9830
9843
9856
9869
9882
9895
9908
9921
9934
9947
9960
9973
9986
9999
12
25
38
51
64
77
90
103
116
129
142
155
168
181
194
207
220
233
246
259
272
285
298
311
324
337
350
363
376
389
402
415
428
441
454
467
480
493
506
519
532
545
558
571
584
597
610
623
636
649
662
675
688
701
714
727
740
753
766
779
792
805
818
831
844
857
870
883
896
909
922
935
948
961
974
987
1000
1013
1026
1039
1052
1065
1078
1091
1104
1117
1130
1143
1156
1169
1182
1195
1208
1221
1234
1247
1260
1273
1286
1299
1312
1325
1338
1351
1364
1377
1390
1403
1416
1429
1442
1455
1468
1481
1494
1507
1520
1533
1546
1559
1572
1585
1598
1611
1624
1637
1650
1663
1676
1689
1702
1715
1728
1741
1754
1767
1780
1793
1806
1819
1832
1845
1858
1871
1884
1897
1910
1923
1936
1949
1962
1975
1988
2001
2014
2027
2040
2053
2066
2079
2092
2105
2118
2131
2144
2157
2170
2183
2196
2209
2222
2235
2248
2261
2274
2287
2300
2313
2326
2339
2352
2365
2378
2391
2404
2417
2430
2443
2456
2469
2482
2495
2508
2521
2534
2547
2560
2573
2586
2599
2612
2625
2638
2651
2664
2677
2690
2703
2716
2729
2742
2755
2768
2781
2794
2807
2820
2833
2846
2859
2872
2885
2898
2911
2924
2937
2950
2963
2976
2989
3002
3015
3028
3041
3054
3067
3080
3093
3106
3119
3132
3145
3158
3171
3184
3197
3210
3223
3236
3249
3262
3275
3288
3301
3314
3327
3340
3353
3366
3379
3392
3405
3418
3431
3444
3457
3470
3483
3496
3509
3522
3535
3548
3561
3574
3587
3600
3613
3626
3639
3652
3665
3678
3691
3704
3717
3730
3743
3756
3769
3782
3795
3808
3821
3834
3847
3860
3873
3886
3899
3912
3925
3938
3951
3964
3977
3990
4003
4016
4029
4042
4055
4068
4081
4094
4107
4120
4133
4146
4159
4172
4185
4198
4211
4224
4237
4250
4263
4276
4289
4302
4315
4328
4341
4354
4367
4380
4393
4406
4419
4432
4445
4458
4471
4484
4497
4510
4523
4536
4549
4562
4575
4588
4601
4614
4627
4640
4653
4666
4679
4692
4705
4718
4731
4744
4757
4770
4783
4796
4809
4822
4835
4848
4861
4874
4887
4900
4913
4926
4939
4952
4965
4978
4991
5004
5017
5030
5043
5056
5069
5082
5095
5108
5121
5134
5147
5160
5173
5186
5199
5212
5225
5238
5251
5264
5277
5290
5303
5316
5329
5342
5355
5368
5381
5394
5407
5420
5433
5446
5459
5472
5485
5498
5511
5524
5537
5550
5563
5576
5589
5602
5615
5628
5641
5654
5667
5680
5693
5706
5719
5732
5745
5758
5771
5784
5797
5810
5823
5836
5849
5862
5875
5888
5901
5914
5927
5940
5953
5966
5979
5992
6005
6018
6031
6044
6057
6070
6083
6096
6109
6122
6135
6148
6161
6174
6187
6200
6213
6226
6239
6252
6265
6278
6291
6304
6317
6330
6343
6356
6369
6382
6395
6408
6421
6434
6447
6460
6473
6486
6499
6512
6525
6538
6551
6564
6577
6590
6603
6616
6629
6642
6655
6668
6681
6694
6707
6720
6733
6746
6759
6772
6785
6798
6811
6824
6837
6850
6863
6876
6889
6902
6915
6928
6941
6954
6967
6980
6993
7006
7019
7032
7045
7058
7071
7084
7097
7110
7123
7136
7149
7162
7175
7188
7201
7214
7227
7240
7253
7266
7279
7292
7305
7318
7331
7344
7357
7370
7383
7396
7409
7422
7435
7448
7461
7474
7487
7500
7513
7526
7539
7552
7565
7578
7591
7604
7617
7630
7643
7656
7669
7682
7695
7708
7721
7734
7747
7760
7773
7786
7799
7812
7825
7838
7851
7864
7877
7890
7903
7916
7929
7942
7955
7968
7981
7994
8007
8020
8033
8046
8059
8072
8085
8098
8111
8124
8137
8150
8163
8176
8189
8202
8215
8228
8241
8254
8267
8280
8293
8306
8319
8332
8345
8358
8371
8384
8397
8410
8423
8436
8449
8462
8475
8488
8501
8514
8527
8540
8553
8566
8579
8592
8605
8618
8631
8644
8657
8670
8683
8696
8709
8722
8735
8748
8761
8774
8787
8800
8813
8826
8839
8852
8865
8878
8891
8904
8917
8930
8943
8956
8969
8982
8995
9008
9021
9034
9047
9060
9073
9086
9099
9112
9125
9138
9151
9164
9177
9190
9203
9216
9229
9242
9255
9268
9281
9294
9307
9320
9333
9346
9359
9372
9385
9398
9411
9424
9437
9450
9463
9476
9489
9502
9515
9528
9541
9554
9567
9580
9593
9606
9619
9632
9645
9658
9671
9684
9697
9710
9723
9736
9749
9762
9775
9788
9801
9814
9827
9840
9853
9866
9879
9892
9905
9918
9931
9944
9957
9970
9983
9996
9
22
35
48
61
74
87
100
113
126
139
152
165
178
191
204
217
230
243
256
269
282
295
308
321
334
347
360
373
386
399
412
425
438
451
464
477
490
503
516
529
542
555
568
581
594
607
620
633
646
659
672
685
698
711
724
737
750
763
776
789
802
815
828
841
854
867
880
893
906
919
932
945
958
971
984
997
1010
1023
1036
1049
1062
1075
1088
1101
1114
1127
1140
1153
1166
1179
1192
1205
1218
1231
1244
1257
1270
1283
1296
1309
1322
1335
1348
1361
1374
1387
1400
1413
1426
1439
1452
1465
1478
1491
1504
1517
1530
1543
1556
1569
1582
1595
1608
1621
1634
1647
1660
1673
1686
1699
1712
1725
1738
1751
1764
1777
1790
1803
1816
1829
1842
1855
1868
1881
1894
1907
1920
1933
1946
1959
1972
1985
1998
2011
2024
2037
2050
2063
2076
2089
2102
2115
2128
2141
2154
2167
2180
2193
2206
2219
2232
2245
2258
2271
2284
2297
2310
2323
2336
2349
2362
2375
2388
2401
2414
2427
2440
2453
2466
2479
2492
2505
2518
2531
2544
2557
2570
2583
2596
2609
2622
2635
2648
2661
2674
2687
2700
2713
2726
2739
2752
2765
2778
2791
2804
2817
2830
2843
2856
2869
2882
2895
2908
2921
2934
2947
2960
2973
2986
2999
3012
3025
3038
3051
3064
3077
3090
3103
3116
3129
3142
3155
3168
3181
3194
3207
3220
3233
3246
3259
3272
3285
3298
3311
3324
3337
3350
3363
3376
3389
3402
3415
3428
3441
3454
3467
3480
3493
3506
3519
3532
3545
3558
3571
3584
3597
3610
3623
3636
3649
3662
3675
3688
3701
3714
3727
3740
3753
3766
3779
3792
3805
3818
3831
3844
3857
3870
3883
3896
3909
3922
3935
3948
3961
3974
3987
4000
4013
4026
4039
4052
4065
4078
4091
4104
4117
4130
4143
4156
4169
4182
4195
4208
4221
4234
4247
4260
4273
4286
4299
4312
4325
4338
4351
4364
4377
4390
4403
4416
4429
4442
4455
4468
4481
4494
4507
4520
4533
4546
4559
4572
4585
4598
4611
4624
4637
4650
4663
4676
4689
4702
4715
4728
4741
4754
4767
4780
4793
4806
4819
4832
4845
4858
4871
4884
4897
4910
4923
4936
4949
4962
4975
4988
5001
5014
5027
5040
5053
5066
5079
5092
5105
5118
5131
5144
5157
5170
5183
5196
5209
5222
5235
5248
5261
5274
5287
5300
5313
5326
5339
5352
5365
5378
5391
5404
5417
5430
5443
5456
5469
5482
5495
5508
5521
5534
5547
5560
5573
5586
5599
5612
5625
5638
5651
5664
5677
5690
5703
5716
5729
5742
5755
5768
5781
5794
5807
5820
5833
5846
5859
5872
5885
5898
5911
5924
5937
5950
5963
5976
5989
6002
6015
6028
6041
6054
6067
6080
6093
6106
6119
6132
6145
6158
6171
6184
6197
6210
6223
6236
6249
6262
6275
6288
6301
6314
6327
6340
6353
6366
6379
6392
6405
6418
6431
6444
6457
6470
6483
6496
6509
6522
6535
6548
6561
6574
6587
6600
6613
6626
6639
6652
6665
6678
6691
6704
6717
6730
6743
6756
6769
6782
6795
6808
6821
6834
6847
6860
6873
6886
6899
6912
6925
6938
6951
6964
6977
6990
7003
7016
7029
7042
7055
7068
7081
7094
7107
7120
7133
7146
7159
7172
7185
7198
7211
7224
7237
7250
7263
7276
7289
7302
7315
7328
7341
7354
7367
7380
7393
7406
7419
7432
7445
7458
7471
7484
7497
7510
7523
7536
7549
7562
7575
7588
7601
7614
7627
7640
7653
7666
7679
7692
7705
7718
7731
7744
7757
7770
7783
7796
7809
7822
7835
7848
7861
7874
7887
7900
7913
7926
7939
7952
7965
7978
7991
8004
8017
8030
8043
8056
8069
8082
8095
8108
8121
8134
8147
8160
8173
8186
8199
8212
8225
8238
8251
8264
8277
8290
8303
8316
8329
8342
8355
8368
8381
8394
8407
8420
8433
8446
8459
8472
8485
8498
8511
8524
8537
8550
8563
8576
8589
8602
8615
8628
8641
8654
8667
8680
8693
8706
8719
8732
8745
8758
8771
8784
8797
8810
8823
8836
8849
8862
8875
8888
8901
8914
8927
8940
8953
8966
8979
8992
9005
9018
9031
9044
9057
9070
9083
9096
9109
9122
9135
9148
9161
9174
9187
9200
9213
9226
9239
9252
9265
9278
9291
9304
9317
9330
9343
9356
9369
9382
9395
9408
9421
9434
9447
9460
9473
9486
9499
9512
9525
9538
9551
9564
9577
9590
9603
9616
9629
9642
9655
9668
9681
9694
9707
9720
9733
9746
9759
9772
9785
9798
9811
9824
9837
9850
9863
9876
9889
9902
9915
9928
9941
9954
9967
9980
9993
6
19
32
45
58
71
84
97
110
123
136
149
162
175
188
201
214
227
240
253
266
279
292
305
318
331
344
357
370
383
396
409
422
435
448
461
474
487
500
513
526
539
552
565
578
591
604
617
630
643
656
669
682
695
708
721
734
747
760
773
786
799
812
825
838
851
864
877
890
903
916
929
942
955
968
981
994
1007
1020
1033
1046
1059
1072
1085
1098
1111
1124
1137
1150
1163
1176
1189
1202
1215
1228
1241
1254
1267
1280
1293
1306
1319
1332
1345
1358
1371
1384
1397
1410
1423
1436
1449
1462
1475
1488
1501
1514
1527
1540
1553
1566
1579
1592
1605
1618
1631
1644
1657
1670
1683
1696
1709
1722
1735
1748
1761
1774
1787
1800
1813
1826
1839
1852
1865
1878
1891
1904
1917
1930
1943
1956
1969
1982
1995
2008
2021
2034
2047
2060
2073
2086
2099
2112
2125
2138
2151
2164
2177
2190
2203
2216
2229
2242
2255
2268
2281
2294
2307
2320
2333
2346
2359
2372
2385
2398
2411
2424
2437
2450
2463
2476
2489
2502
2515
2528
2541
2554
2567
2580
2593
2606
2619
2632
2645
2658
2671
2684
2697
2710
2723
2736
2749
2762
2775
2788
2801
2814
2827
2840
2853
2866
2879
2892
2905
2918
2931
2944
2957
2970
2983
2996
3009
3022
3035
3048
3061
3074
3087
3100
3113
3126
3139
3152
3165
3178
3191
3204
3217
3230
3243
3256
3269
3282
3295
3308
3321
3334
3347
3360
3373
3386
3399
3412
3425
3438
3451
3464
3477
3490
3503
3516
3529
3542
3555
3568
3581
3594
3607
3620
3633
3646
3659
3672
3685
3698
3711
3724
3737
3750
3763
3776
3789
3802
3815
3828
3841
3854
3867
3880
3893
3906
3919
3932
3945
3958
3971
3984
3997
4010
4023
4036
4049
4062
4075
4088
4101
4114
4127
4140
4153
4166
4179
4192
4205
4218
4231
4244
4257
4270
4283
4296
4309
4322
4335
4348
4361
4374
4387
4400
4413
4426
4439
4452
4465
4478
4491
4504
4517
4530
4543
4556
4569
4582
4595
4608
4621
4634
4647
4660
4673
4686
4699
4712
4725
4738
4751
4764
4777
4790
4803
4816
4829
4842
4855
4868
4881
4894
4907
4920
4933
4946
4959
4972
4985
4998
5011
5024
5037
5050
5063
5076
5089
5102
5115
5128
5141
5154
5167
5180
5193
5206
5219
5232
5245
5258
5271
5284
5297
5310
5323
5336
5349
5362
5375
5388
5401
5414
5427
5440
5453
5466
5479
5492
5505
5518
5531
5544
5557
5570
5583
5596
5609
5622
5635
5648
5661
5674
5687
5700
5713
5726
5739
5752
5765
5778
5791
5804
5817
5830
5843
5856
5869
5882
5895
5908
5921
5934
5947
5960
5973
5986
5999
6012
6025
6038
6051
6064
6077
6090
6103
6116
6129
6142
6155
6168
6181
6194
6207
6220
6233
6246
6259
6272
6285
6298
6311
6324
6337
6350
6363
6376
6389
6402
6415
6428
6441
6454
6467
6480
6493
6506
6519
6532
6545
6558
6571
6584
6597
6610
6623
6636
6649
6662
6675
6688
6701
6714
6727
6740
6753
6766
6779
6792
6805
6818
6831
6844
6857
6870
6883
6896
6909
6922
6935
6948
6961
6974
6987
7000
7013
7026
7039
7052
7065
7078
7091
7104
7117
7130
7143
7156
7169
7182
7195
7208
7221
7234
7247
7260
7273
7286
7299
7312
7325
7338
7351
7364
7377
7390
7403
7416
7429
7442
7455
7468
7481
7494
7507
7520
7533
7546
7559
7572
7585
7598
7611
7624
7637
7650
7663
7676
7689
7702
7715
7728
7741
7754
7767
7780
7793
7806
7819
7832
7845
7858
7871
7884
7897
7910
7923
7936
7949
7962
7975
7988
8001
8014
8027
8040
8053
8066
8079
8092
8105
8118
8131
8144
8157
8170
8183
8196
8209
8222
8235
8248
8261
8274
8287
8300
8313
8326
8339
8352
8365
8378
8391
8404
8417
8430
8443
8456
8469
8482
8495
8508
8521
8534
8547
8560
8573
8586
8599
8612
8625
8638
8651
8664
8677
8690
8703
8716
8729
8742
8755
8768
8781
8794
8807
8820
8833
8846
8859
8872
8885
8898
8911
8924
8937
8950
8963
8976
8989
9002
9015
9028
9041
9054
9067
9080
9093
9106
9119
9132
9145
9158
9171
9184
9197
9210
9223
9236
9249
9262
9275
9288
9301
9314
9327
9340
9353
9366
9379
9392
9405
9418
9431
9444
9457
9470
9483
9496
9509
9522
9535
9548
9561
9574
9587
9600
9613
9626
9639
9652
9665
9678
9691
9704
9717
9730
9743
9756
9769
9782
9795
9808
9821
9834
9847
9860
9873
9886
9899
9912
9925
9938
9951
9964
9977
9990
3
16
29
42
55
68
81
94
107
120
133
146
159
172
185
198
211
224
237
250
263
276
289
302
315
328
341
354
367
380
393
406
419
432
445
458
471
484
497
510
523
536
549
562
575
588
601
614
627
640
653
666
679
692
705
718
731
744
757
770
783
796
809
822
835
848
861
874
887
900
913
926
939
952
965
978
991
1004
1017
1030
1043
1056
1069
1082
1095
1108
1121
1134
1147
1160
1173
1186
1199
1212
1225
1238
1251
1264
1277
1290
1303
1316
1329
1342
1355
1368
1381
1394
1407
1420
1433
1446
1459
1472
1485
1498
1511
1524
1537
1550
1563
1576
1589
1602
1615
1628
1641
1654
1667
1680
1693
1706
1719
1732
1745
1758
1771
1784
1797
1810
1823
1836
1849
1862
1875
1888
1901
1914
1927
1940
1953
1966
1979
1992
2005
2018
2031
2044
2057
2070
2083
2096
2109
2122
2135
2148
2161
2174
2187
2200
2213
2226
2239
2252
2265
2278
2291
2304
2317
2330
2343
2356
2369
2382
2395
2408
2421
2434
2447
2460
2473
2486
2499
2512
2525
2538
2551
2564
2577
2590
2603
2616
2629
2642
2655
2668
2681
2694
2707
2720
2733
2746
2759
2772
2785
2798
2811
2824
2837
2850
2863
2876
2889
2902
2915
2928
2941
2954
2967
2980
2993
3006
3019
3032
3045
3058
3071
3084
3097
3110
3123
3136
3149
3162
3175
3188
3201
3214
3227
3240
3253
3266
3279
3292
3305
3318
3331
3344
3357
3370
3383
3396
3409
3422
3435
3448
3461
3474
3487
3500
3513
3526
3539
3552
3565
3578
3591
3604
3617
3630
3643
3656
3669
3682
3695
3708
3721
3734
3747
3760
3773
3786
3799
3812
3825
3838
3851
3864
3877
3890
3903
3916
3929
3942
3955
3968
3981
3994
4007
4020
4033
4046
4059
4072
4085
4098
4111
4124
4137
4150
4163
4176
4189
4202
4215
4228
4241
4254
4267
4280
4293
4306
4319
4332
4345
4358
4371
4384
4397
4410
4423
4436
4449
4462
4475
4488
4501
4514
4527
4540
4553
4566
4579
4592
4605
4618
4631
4644
4657
4670
4683
4696
4709
4722
4735
4748
4761
4774
4787
4800
4813
4826
4839
4852
4865
4878
4891
4904
4917
4930
4943
4956
4969
4982
4995
5008
5021
5034
5047
5060
5073
5086
5099
5112
5125
5138
5151
5164
5177
5190
5203
5216
5229
5242
5255
5268
5281
5294
5307
5320
5333
5346
5359
5372
5385
5398
5411
5424
5437
5450
5463
5476
5489
5502
5515
5528
5541
5554
5567
5580
5593
5606
5619
5632
5645
5658
5671
5684
5697
5710
5723
5736
5749
5762
5775
5788
5801
5814
5827
5840
5853
5866
5879
5892
5905
5918
5931
5944
5957
5970
5983
5996
6009
6022
6035
6048
6061
6074
6087
6100
6113
6126
6139
6152
6165
6178
6191
6204
6217
6230
6243
6256
6269
6282
6295
6308
6321
6334
6347
6360
6373
6386
6399
6412
6425
6438
6451
6464
6477
6490
6503
6516
6529
6542
6555
6568
6581
6594
6607
6620
6633
6646
6659
6672
6685
6698
6711
6724
6737
6750
6763
6776
6789
6802
6815
6828
6841
6854
6867
6880
6893
6906
6919
6932
6945
6958
6971
6984
6997
7010
7023
7036
7049
7062
7075
7088
7101
7114
7127
7140
7153
7166
7179
7192
7205
7218
7231
7244
7257
7270
7283
7296
7309
7322
7335
7348
7361
7374
7387
7400
7413
7426
7439
7452
7465
7478
7491
7504
7517
7530
7543
7556
7569
7582
7595
7608
7621
7634
7647
7660
7673
7686
7699
7712
7725
7738
7751
7764
7777
7790
7803
7816
7829
7842
7855
7868
7881
7894
7907
7920
7933
7946
7959
7972
7985
7998
8011
8024
8037
8050
8063
8076
8089
8102
8115
8128
8141
8154
8167
8180
8193
8206
8219
8232
8245
8258
8271
8284
8297
8310
8323
8336
8349
8362
8375
8388
8401
8414
8427
8440
8453
8466
8479
8492
8505
8518
8531
8544
8557
8570
8583
8596
8609
8622
8635
8648
8661
8674
8687
8700
8713
8726
8739
8752
8765
8778
8791
8804
8817
8830
8843
8856
8869
8882
8895
8908
8921
8934
8947
8960
8973
8986
8999
9012
9025
9038
9051
9064
9077
9090
9103
9116
9129
9142
9155
9168
9181
9194
9207
9220
9233
9246
9259
9272
9285
9298
9311
9324
9337
9350
9363
9376
9389
9402
9415
9428
9441
9454
9467
9480
9493
9506
9519
9532
9545
9558
9571
9584
9597
9610
9623
9636
9649
9662
9675
9688
9701
9714
9727
9740
9753
9766
9779
9792
9805
9818
9831
9844
9857
9870
9883
9896
9909
9922
9935
9948
9961
9974
9987
10000
13
26
39
52
65
78
91
104
117
130
143
156
169
182
195
208
221
234
247
260
273
286
299
312
325
338
351
364
377
390
403
416
429
442
455
468
481
494
507
520
533
546
559
572
585
598
611
624
637
650
663
676
689
702
715
728
741
754
767
780
793
806
819
832
845
858
871
884
897
910
923
936
949
962
975
988
1001
1014
1027
1040
1053
1066
1079
1092
1105
1118
1131
1144
1157
1170
1183
1196
1209
1222
1235
1248
1261
1274
1287
1300
1313
1326
1339
1352
1365
1378
1391
1404
1417
1430
1443
1456
1469
1482
1495
1508
1521
1534
1547
1560
1573
1586
1599
1612
1625
1638
1651
1664
1677
1690
1703
1716
1729
1742
1755
1768
1781
1794
1807
1820
1833
1846
1859
1872
1885
1898
1911
1924
1937
1950
1963
1976
1989
2002
2015
2028
2041
2054
2067
2080
2093
2106
2119
2132
2145
2158
2171
2184
2197
2210
2223
2236
2249
2262
2275
2288
2301
2314
2327
2340
2353
2366
2379
2392
2405
2418
2431
2444
2457
2470
2483
2496
2509
2522
2535
2548
2561
2574
2587
2600
2613
2626
2639
2652
2665
2678
2691
2704
2717
2730
2743
2756
2769
2782
2795
2808
2821
2834
2847
2860
2873
2886
2899
2912
2925
2938
2951
2964
2977
2990
3003
3016
3029
3042
3055
3068
3081
3094
3107
3120
3133
3146
3159
3172
3185
3198
3211
3224
3237
3250
3263
3276
3289
3302
3315
3328
3341
3354
3367
3380
3393
3406
3419
3432
3445
3458
3471
3484
3497
3510
3523
3536
3549
3562
3575
3588
3601
3614
3627
3640
3653
3666
3679
3692
3705
3718
3731
3744
3757
3770
3783
3796
3809
3822
3835
3848
3861
3874
3887
3900
3913
3926
3939
3952
3965
3978
3991
4004
4017
4030
4043
4056
4069
4082
4095
4108
4121
4134
4147
4160
4173
4186
4199
4212
4225
4238
4251
4264
4277
4290
4303
4316
4329
4342
4355
4368
4381
4394
4407
4420
4433
4446
4459
4472
4485
4498
4511
4524
4537
4550
4563
4576
4589
4602
4615
4628
4641
4654
4667
4680
4693
4706
4719
4732
4745
4758
4771
4784
4797
4810
4823
4836
4849
4862
4875
4888
4901
4914
4927
4940
4953
4966
4979
4992
5005
5018
5031
5044
5057
5070
5083
5096
5109
5122
5135
5148
5161
5174
5187
5200
5213
5226
5239
5252
5265
5278
5291
5304
5317
5330
5343
5356
5369
5382
5395
5408
5421
5434
5447
5460
5473
5486
5499
5512
5525
5538
5551
5564
5577
5590
5603
5616
5629
5642
5655
5668
5681
5694
5707
5720
5733
5746
5759
5772
5785
5798
5811
5824
5837
5850
5863
5876
5889
5902
5915
5928
5941
5954
5967
5980
5993
6006
6019
6032
6045
6058
6071
6084
6097
6110
6123
6136
6149
6162
6175
6188
6201
6214
6227
6240
6253
6266
6279
6292
6305
6318
6331
6344
6357
6370
6383
6396
6409
6422
6435
6448
6461
6474
6487
6500
6513
6526
6539
6552
6565
6578
6591
6604
6617
6630
6643
6656
6669
6682
6695
6708
6721
6734
6747
6760
6773
6786
6799
6812
6825
6838
6851
6864
6877
6890
6903
6916
6929
6942
6955
6968
6981
6994
7007
7020
7033
7046
7059
7072
7085
7098
7111
7124
7137
7150
7163
7176
7189
7202
7215
7228
7241
7254
7267
7280
7293
7306
7319
7332
7345
7358
7371
7384
7397
7410
7423
7436
7449
7462
7475
7488
7501
7514
7527
7540
7553
7566
7579
7592
7605
7618
7631
7644
7657
7670
7683
7696
7709
7722
7735
7748
7761
7774
7787
7800
7813
7826
7839
7852
7865
7878
7891
7904
7917
7930
7943
7956
7969
7982
7995
8008
8021
8034
8047
8060
8073
8086
8099
8112
8125
8138
8151
8164
8177
8190
8203
8216
8229
8242
8255
8268
8281
8294
8307
8320
8333
8346
8359
8372
8385
8398
8411
8424
8437
8450
8463
8476
8489
8502
8515
8528
8541
8554
8567
8580
8593
8606
8619
8632
8645
8658
8671
8684
8697
8710
8723
8736
8749
8762
8775
8788
8801
8814
8827
8840
8853
8866
8879
8892
8905
8918
8931
8944
8957
8970
8983
8996
9009
9022
9035
9048
9061
9074
9087
9100
9113
9126
9139
9152
9165
9178
9191
9204
9217
9230
9243
9256
9269
9282
9295
9308
9321
9334
9347
9360
9373
9386
9399
9412
9425
9438
9451
9464
9477
9490
9503
9516
9529
9542
9555
9568
9581
9594
9607
9620
9633
9646
9659
9672
9685
9698
9711
9724
9737
9750
9763
9776
9789
9802
9815
9828
9841
9854
9867
9880
9893
9906
9919
9932
9945
9958
9971
9984
9997
10
23
36
49
62
75
88
101
114
127
140
153
166
179
192
205
218
231
244
257
270
283
296
309
322
335
348
361
374
387
400
413
426
439
452
465
478
491
504
517
530
543
556
569
582
595
608
621
634
647
660
673
686
699
712
725
738
751
764
777
790
803
816
829
842
855
868
881
894
907
920
933
946
959
972
985
998
1011
1024
1037
1050
1063
1076
1089
1102
1115
1128
1141
1154
1167
1180
1193
1206
1219
1232
1245
1258
1271
1284
1297
1310
1323
1336
1349
1362
1375
1388
1401
1414
1427
1440
1453
1466
1479
1492
1505
1518
1531
1544
1557
1570
1583
1596
1609
1622
1635
1648
1661
1674
1687
1700
1713
1726
1739
1752
1765
1778
1791
1804
1817
1830
1843
1856
1869
1882
1895
1908
1921
1934
1947
1960
1973
1986
1999
2012
2025
2038
2051
2064
2077
2090
2103
2116
2129
2142
2155
2168
2181
2194
2207
2220
2233
2246
2259
2272
2285
2298
2311
2324
2337
2350
2363
2376
2389
2402
2415
2428
2441
2454
2467
2480
2493
2506
2519
2532
2545
2558
2571
2584
2597
2610
2623
2636
2649
2662
2675
2688
2701
2714
2727
2740
2753
2766
2779
2792
2805
2818
2831
2844
2857
2870
2883
2896
2909
2922
2935
2948
2961
2974
2987
3000
3013
3026
3039
3052
3065
3078
3091
3104
3117
3130
3143
3156
3169
3182
3195
3208
3221
3234
3247
3260
3273
3286
3299
3312
3325
3338
3351
3364
3377
3390
3403
3416
3429
3442
3455
3468
3481
3494
3507
3520
3533
3546
3559
3572
3585
3598
3611
3624
3637
3650
3663
3676
3689
3702
3715
3728
3741
3754
3767
3780
3793
3806
3819
3832
3845
3858
3871
3884
3897
3910
3923
3936
3949
3962
3975
3988
4001
4014
4027
4040
4053
4066
4079
4092
4105
4118
4131
4144
4157
4170
4183
4196
4209
4222
4235
4248
4261
4274
4287
4300
4313
4326
4339
4352
4365
4378
4391
4404
4417
4430
4443
4456
4469
4482
4495
4508
4521
4534
4547
4560
4573
4586
4599
4612
4625
4638
4651
4664
4677
4690
4703
4716
4729
4742
4755
4768
4781
4794
4807
4820
4833
4846
4859
4872
4885
4898
4911
4924
4937
4950
4963
4976
4989
5002
5015
5028
5041
5054
5067
5080
5093
5106
5119
5132
5145
5158
5171
5184
5197
5210
5223
5236
5249
5262
5275
5288
5301
5314
5327
5340
5353
5366
5379
5392
5405
5418
5431
5444
5457
5470
5483
5496
5509
5522
5535
5548
5561
5574
5587
5600
5613
5626
5639
5652
5665
5678
5691
5704
5717
5730
5743
5756
5769
5782
5795
5808
5821
5834
5847
5860
5873
5886
5899
5912
5925
5938
5951
5964
5977
5990
6003
6016
6029
6042
6055
6068
6081
6094
6107
6120
6133
6146
6159
6172
6185
6198
6211
6224
6237
6250
6263
6276
6289
6302
6315
6328
6341
6354
6367
6380
6393
6406
6419
6432
6445
6458
6471
6484
6497
6510
6523
6536
6549
6562
6575
6588
6601
6614
6627
6640
6653
6666
6679
6692
6705
6718
6731
6744
6757
6770
6783
6796
6809
6822
6835
6848
6861
6874
6887
6900
6913
6926
6939
6952
6965
6978
6991
7004
7017
7030
7043
7056
7069
7082
7095
7108
7121
7134
7147
7160
7173
7186
7199
7212
7225
7238
7251
7264
7277
7290
7303
7316
7329
7342
7355
7368
7381
7394
7407
7420
7433
7446
7459
7472
7485
7498
7511
7524
7537
7550
7563
7576
7589
7602
7615
7628
7641
7654
7667
7680
7693
7706
7719
7732
7745
7758
7771
7784
7797
7810
7823
7836
7849
7862
7875
7888
7901
7914
7927
7940
7953
7966
7979
7992
8005
8018
8031
8044
8057
8070
8083
8096
8109
8122
8135
8148
8161
8174
8187
8200
8213
8226
8239
8252
8265
8278
8291
8304
8317
8330
8343
8356
8369
8382
8395
8408
8421
8434
8447
8460
8473
8486
8499
8512
8525
8538
8551
8564
8577
8590
8603
8616
8629
8642
8655
8668
8681
8694
8707
8720
8733
8746
8759
8772
8785
8798
8811
8824
8837
8850
8863
8876
8889
8902
8915
8928
8941
8954
8967
8980
8993
9006
9019
9032
9045
9058
9071
9084
9097
9110
9123
9136
9149
9162
9175
9188
9201
9214
9227
9240
9253
9266
9279
9292
9305
9318
9331
9344
9357
9370
9383
9396
9409
9422
9435
9448
9461
9474
9487
9500
9513
9526
9539
9552
9565
9578
9591
9604
9617
9630
9643
9656
9669
9682
9695
9708
9721
9734
9747
9760
9773
9786
9799
9812
9825
9838
9851
9864
9877
9890
9903
9916
9929
9942
9955
9968
9981
9994
7
20
33
46
59
72
85
98
111
124
137
150
163
176
189
202
215
228
241
254
267
280
293
306
319
332
345
358
371
384
397
410
423
436
449
462
475
488
501
514
527
540
553
566
579
592
605
618
631
644
657
670
683
696
709
722
735
748
761
774
787
800
813
826
839
852
865
878
891
904
917
930
943
956
969
982
995
1008
1021
1034
1047
1060
1073
1086
1099
1112
1125
1138
1151
1164
1177
1190
1203
1216
1229
1242
1255
1268
1281
1294
1307
1320
1333
1346
1359
1372
1385
1398
1411
1424
1437
1450
1463
1476
1489
1502
1515
1528
1541
1554
1567
1580
1593
1606
1619
1632
1645
1658
1671
1684
1697
1710
1723
1736
1749
1762
1775
1788
1801
1814
1827
1840
1853
1866
1879
1892
1905
1918
1931
1944
1957
1970
1983
1996
2009
2022
2035
2048
2061
2074
2087
2100
2113
2126
2139
2152
2165
2178
2191
2204
2217
2230
2243
2256
2269
2282
2295
2308
2321
2334
2347
2360
2373
2386
2399
2412
2425
2438
2451
2464
2477
2490
2503
2516
2529
2542
2555
2568
2581
2594
2607
2620
2633
2646
2659
2672
2685
2698
2711
2724
2737
2750
2763
2776
2789
2802
2815
2828
2841
2854
2867
2880
2893
2906
2919
2932
2945
2958
2971
2984
2997
3010
3023
3036
3049
3062
3075
3088
3101
3114
3127
3140
3153
3166
3179
3192
3205
3218
3231
3244
3257
3270
3283
3296
3309
3322
3335
3348
3361
3374
3387
3400
3413
3426
3439
3452
3465
3478
3491
3504
3517
3530
3543
3556
3569
3582
3595
3608
3621
3634
3647
3660
3673
3686
3699
3712
3725
3738
3751
3764
3777
3790
3803
3816
3829
3842
3855
3868
3881
3894
3907
3920
3933
3946
3959
3972
3985
3998
4011
4024
4037
4050
4063
4076
4089
4102
4115
4128
4141
4154
4167
4180
4193
4206
4219
4232
4245
4258
4271
4284
4297
4310
4323
4336
4349
4362
4375
4388
4401
4414
4427
4440
4453
4466
4479
4492
4505
4518
4531
4544
4557
4570
4583
4596
4609
4622
4635
4648
4661
4674
4687
4700
4713
4726
4739
4752
4765
4778
4791
4804
4817
4830
4843
4856
4869
4882
4895
4908
4921
4934
4947
4960
4973
4986
4999
5012
5025
5038
5051
5064
5077
5090
5103
5116
5129
5142
5155
5168
5181
5194
5207
5220
5233
5246
5259
5272
5285
5298
5311
5324
5337
5350
5363
5376
5389
5402
5415
5428
5441
5454
5467
5480
5493
5506
5519
5532
5545
5558
5571
5584
5597
5610
5623
5636
5649
5662
5675
5688
5701
5714
5727
5740
5753
5766
5779
5792
5805
5818
5831
5844
5857
5870
5883
5896
5909
5922
5935
5948
5961
5974
5987
6000
6013
6026
6039
6052
6065
6078
6091
6104
6117
6130
6143
6156
6169
6182
6195
6208
6221
6234
6247
6260
6273
6286
6299
6312
6325
6338
6351
6364
6377
6390
6403
6416
6429
6442
6455
6468
6481
6494
6507
6520
6533
6546
6559
6572
6585
6598
6611
6624
6637
6650
6663
6676
6689
6702
6715
6728
6741
6754
6767
6780
6793
6806
6819
6832
6845
6858
6871
6884
6897
6910
6923
6936
6949
6962
6975
6988
7001
7014
7027
7040
7053
7066
7079
7092
7105
7118
7131
7144
7157
7170
7183
7196
7209
7222
7235
7248
7261
7274
7287
7300
7313
7326
7339
7352
7365
7378
7391
7404
7417
7430
7443
7456
7469
7482
7495
7508
7521
7534
7547
7560
7573
7586
7599
7612
7625
7638
7651
7664
7677
7690
7703
7716
7729
7742
7755
7768
7781
7794
7807
7820
7833
7846
7859
7872
7885
7898
7911
7924
7937
7950
7963
7976
7989
8002
8015
8028
8041
8054
8067
8080
8093
8106
8119
8132
8145
8158
8171
8184
8197
8210
8223
8236
8249
8262
8275
8288
8301
8314
8327
8340
8353
8366
8379
8392
8405
8418
8431
8444
8457
8470
8483
8496
8509
8522
8535
8548
8561
8574
8587
8600
8613
8626
8639
8652
8665
8678
8691
8704
8717
8730
8743
8756
8769
8782
8795
8808
8821
8834
8847
8860
8873
8886
8899
8912
8925
8938
8951
8964
8977
8990
9003
9016
9029
9042
9055
9068
9081
9094
9107
9120
9133
9146
9159
9172
9185
9198
9211
9224
9237
9250
9263
9276
9289
9302
9315
9328
9341
9354
9367
9380
9393
9406
9419
9432
9445
9458
9471
9484
9497
9510
9523
9536
9549
9562
9575
9588
9601
9614
9627
9640
9653
9666
9679
9692
9705
9718
9731
9744
9757
9770
9783
9796
9809
9822
9835
9848
9861
9874
9887
9900
9913
9926
9939
9952
9965
9978
9991
4
17
30
43
56
69
82
95
108
121
134
147
160
173
186
199
212
225
238
251
264
277
290
303
316
329
342
355
368
381
394
407
420
433
446
459
472
485
498
511
524
537
550
563
576
589
602
615
628
641
654
667
680
693
706
719
732
745
758
771
784
797
810
823
836
849
862
875
888
901
914
927
940
953
966
979
992
1005
1018
1031
1044
1057
1070
1083
1096
1109
1122
1135
1148
1161
1174
1187
1200
1213
1226
1239
1252
1265
1278
1291
1304
1317
1330
1343
1356
1369
1382
1395
1408
1421
1434
1447
1460
1473
1486
1499
1512
1525
1538
1551
1564
1577
1590
1603
1616
1629
1642
1655
1668
1681
1694
1707
1720
1733
1746
1759
1772
1785
1798
1811
1824
1837
1850
1863
1876
1889
1902
1915
1928
1941
1954
1967
1980
1993
2006
2019
2032
2045
2058
2071
2084
2097
2110
2123
2136
2149
2162
2175
2188
2201
2214
2227
2240
2253
2266
2279
2292
2305
2318
2331
2344
2357
2370
2383
2396
2409
2422
2435
2448
2461
2474
2487
2500
2513
2526
2539
2552
2565
2578
2591
2604
2617
2630
2643
2656
2669
2682
2695
2708
2721
2734
2747
2760
2773
2786
2799
2812
2825
2838
2851
2864
2877
2890
2903
2916
2929
2942
2955
2968
2981
2994
3007
3020
3033
3046
3059
3072
3085
3098
3111
3124
3137
3150
3163
3176
3189
3202
3215
3228
3241
3254
3267
3280
3293
3306
3319
3332
3345
3358
3371
3384
3397
3410
3423
3436
3449
3462
3475
3488
3501
3514
3527
3540
3553
3566
3579
3592
3605
3618
3631
3644
3657
3670
3683
3696
3709
3722
3735
3748
3761
3774
3787
3800
3813
3826
3839
3852
3865
3878
3891
3904
3917
3930
3943
3956
3969
3982
3995
4008
4021
4034
4047
4060
4073
4086
4099
4112
4125
4138
4151
4164
4177
4190
4203
4216
4229
4242
4255
4268
4281
4294
4307
4320
4333
4346
4359
4372
4385
4398
4411
4424
4437
4450
4463
4476
4489
4502
4515
4528
4541
4554
4567
4580
4593
4606
4619
4632
4645
4658
4671
4684
4697
4710
4723
4736
4749
4762
4775
4788
4801
4814
4827
4840
4853
4866
4879
4892
4905
4918
4931
4944
4957
4970
4983
4996
5009
5022
5035
5048
5061
5074
5087
5100
5113
5126
5139
5152
5165
5178
5191
5204
5217
5230
5243
5256
5269
5282
5295
5308
5321
5334
5347
5360
5373
5386
5399
5412
5425
5438
5451
5464
5477
5490
5503
5516
5529
5542
5555
5568
5581
5594
5607
5620
5633
5646
5659
5672
5685
5698
5711
5724
5737
5750
5763
5776
5789
5802
5815
5828
5841
5854
5867
5880
5893
5906
5919
5932
5945
5958
5971
5984
5997
6010
6023
6036
6049
6062
6075
6088
6101
6114
6127
6140
6153
6166
6179
6192
6205
6218
6231
6244
6257
6270
6283
6296
6309
6322
6335
6348
6361
6374
6387
6400
6413
6426
6439
6452
6465
6478
6491
6504
6517
6530
6543
6556
6569
6582
6595
6608
6621
6634
6647
6660
6673
6686
6699
6712
6725
6738
6751
6764
6777
6790
6803
6816
6829
6842
6855
6868
6881
6894
6907
6920
6933
6946
6959
6972
6985
6998
7011
7024
7037
7050
7063
7076
7089
7102
7115
7128
7141
7154
7167
7180
7193
7206
7219
7232
7245
7258
7271
7284
7297
7310
7323
7336
7349
7362
7375
7388
7401
7414
7427
7440
7453
7466
7479
7492
7505
7518
7531
7544
7557
7570
7583
7596
7609
7622
7635
7648
7661
7674
7687
7700
7713
7726
7739
7752
7765
7778
7791
7804
7817
7830
7843
7856
7869
7882
7895
7908
7921
7934
7947
7960
7973
7986
7999
8012
8025
8038
8051
8064
8077
8090
8103
8116
8129
8142
8155
8168
8181
8194
8207
8220
8233
8246
8259
8272
8285
8298
8311
8324
8337
8350
8363
8376
8389
8402
8415
8428
8441
8454
8467
8480
8493
8506
8519
8532
8545
8558
8571
8584
8597
8610
8623
8636
8649
8662
8675
8688
8701
8714
8727
8740
8753
8766
8779
8792
8805
8818
8831
8844
8857
8870
8883
8896
8909
8922
8935
8948
8961
8974
8987
9000
9013
9026
9039
9052
9065
9078
9091
9104
9117
9130
9143
9156
9169
9182
9195
9208
9221
9234
9247
9260
9273
9286
9299
9312
9325
9338
9351
9364
9377
9390
9403
9416
9429
9442
9455
9468
9481
9494
9507
9520
9533
9546
9559
9572
9585
9598
9611
9624
9637
9650
9663
9676
9689
9702
9715
9728
9741
9754
9767
9780
9793
9806
9819
9832
9845
9858
9871
9884
9897
9910
9923
9936
9949
9962
9975
9988
