1000
1
18
35
52
69
86
103
120
137
154
171
188
205
222
239
256
273
290
307
324
341
358
375
392
409
426
443
460
477
494
511
528
545
562
579
596
613
630
647
664
681
698
715
732
749
766
783
800
817
834
851
868
885
902
919
936
953
970
987
1004
1021
1038
1055
1072
1089
1106
1123
1140
1157
1174
1191
1208
1225
1242
1259
1276
1293
1310
1327
1344
1361
1378
1395
1412
1429
1446
1463
1480
1497
1514
1531
1548
1565
1582
1599
1616
1633
1650
1667
1684
1701
1718
1735
1752
1769
1786
1803
1820
1837
1854
1871
1888
1905
1922
1939
1956
1973
1990
2007
2024
2041
2058
2075
2092
2109
2126
2143
2160
2177
2194
2211
2228
2245
2262
2279
2296
2313
2330
2347
2364
2381
2398
2415
2432
2449
2466
2483
2500
2517
2534
2551
2568
2585
2602
2619
2636
2653
2670
2687
2704
2721
2738
2755
2772
2789
2806
2823
2840
2857
2874
2891
2908
2925
2942
2959
2976
2993
3010
3027
3044
3061
3078
3095
3112
3129
3146
3163
3180
3197
3214
3231
3248
3265
3282
3299
3316
3333
3350
3367
3384
3401
3418
3435
3452
3469
3486
3503
3520
3537
3554
3571
3588
3605
3622
3639
3656
3673
3690
3707
3724
3741
3758
3775
3792
3809
3826
3843
3860
3877
3894
3911
3928
3945
3962
3979
3996
4013
4030
4047
4064
4081
4098
4115
4132
4149
4166
4183
4200
4217
4234
4251
4268
4285
4302
4319
4336
4353
4370
4387
4404
4421
4438
4455
4472
4489
4506
4523
4540
4557
4574
4591
4608
4625
4642
4659
4676
4693
4710
4727
4744
4761
4778
4795
4812
4829
4846
4863
4880
4897
4914
4931
4948
4965
4982
4999
5016
5033
5050
5067
5084
5101
5118
5135
5152
5169
5186
5203
5220
5237
5254
5271
5288
5305
5322
5339
5356
5373
5390
5407
5424
5441
5458
5475
5492
5509
5526
5543
5560
5577
5594
5611
5628
5645
5662
5679
5696
5713
5730
5747
5764
5781
5798
5815
5832
5849
5866
5883
5900
5917
5934
5951
5968
5985
6002
6019
6036
6053
6070
6087
6104
6121
6138
6155
6172
6189
6206
6223
6240
6257
6274
6291
6308
6325
6342
6359
6376
6393
6410
6427
6444
6461
6478
6495
6512
6529
6546
6563
6580
6597
6614
6631
6648
6665
6682
6699
6716
6733
6750
6767
6784
6801
6818
6835
6852
6869
6886
6903
6920
6937
6954
6971
6988
7005
7022
7039
7056
7073
7090
7107
7124
7141
7158
7175
7192
7209
7226
7243
7260
7277
7294
7311
7328
7345
7362
7379
7396
7413
7430
7447
7464
7481
7498
7515
7532
7549
7566
7583
7600
7617
7634
7651
7668
7685
7702
7719
7736
7753
7770
7787
7804
7821
7838
7855
7872
7889
7906
7923
7940
7957
7974
7991
8008
8025
8042
8059
8076
8093
8110
8127
8144
8161
8178
8195
8212
8229
8246
8263
8280
8297
8314
8331
8348
8365
8382
8399
8416
8433
8450
8467
8484
8501
8518
8535
8552
8569
8586
8603
8620
8637
8654
8671
8688
8705
8722
8739
8756
8773
8790
8807
8824
8841
8858
8875
8892
8909
8926
8943
8960
8977
8994
9011
9028
9045
9062
9079
9096
9113
9130
9147
9164
9181
9198
9215
9232
9249
9266
9283
9300
9317
9334
9351
9368
9385
9402
9419
9436
9453
9470
9487
9504
9521
9538
9555
9572
9589
9606
9623
9640
9657
9674
9691
9708
9725
9742
9759
9776
9793
9810
9827
9844
9861
9878
9895
9912
9929
9946
9963
9980
9997
14
31
48
65
82
99
116
133
150
167
184
201
218
235
252
269
286
303
320
337
354
371
388
405
422
439
456
473
490
507
524
541
558
575
592
609
626
643
660
677
694
711
728
745
762
779
796
813
830
847
864
881
898
915
932
949
966
983
1000
1017
1034
1051
1068
1085
1102
1119
1136
1153
1170
1187
1204
1221
1238
1255
1272
1289
1306
1323
1340
1357
1374
1391
1408
1425
1442
1459
1476
1493
1510
1527
1544
1561
1578
1595
1612
1629
1646
1663
1680
1697
1714
1731
1748
1765
1782
1799
1816
1833
1850
1867
1884
1901
1918
1935
1952
1969
1986
2003
2020
2037
2054
2071
2088
2105
2122
2139
2156
2173
2190
2207
2224
2241
2258
2275
2292
2309
2326
2343
2360
2377
2394
2411
2428
2445
2462
2479
2496
2513
2530
2547
2564
2581
2598
2615
2632
2649
2666
2683
2700
2717
2734
2751
2768
2785
2802
2819
2836
2853
2870
2887
2904
2921
2938
2955
2972
2989
3006
3023
3040
3057
3074
3091
3108
3125
3142
3159
3176
3193
3210
3227
3244
3261
3278
3295
3312
3329
3346
3363
3380
3397
3414
3431
3448
3465
3482
3499
3516
3533
3550
3567
3584
3601
3618
3635
3652
3669
3686
3703
3720
3737
3754
3771
3788
3805
3822
3839
3856
3873
3890
3907
3924
3941
3958
3975
3992
4009
4026
4043
4060
4077
4094
4111
4128
4145
4162
4179
4196
4213
4230
4247
4264
4281
4298
4315
4332
4349
4366
4383
4400
4417
4434
4451
4468
4485
4502
4519
4536
4553
4570
4587
4604
4621
4638
4655
4672
4689
4706
4723
4740
4757
4774
4791
4808
4825
4842
4859
4876
4893
4910
4927
4944
4961
4978
4995
5012
5029
5046
5063
5080
5097
5114
5131
5148
5165
5182
5199
5216
5233
5250
5267
5284
5301
5318
5335
5352
5369
5386
5403
5420
5437
5454
5471
5488
5505
5522
5539
5556
5573
5590
5607
5624
5641
5658
5675
5692
5709
5726
5743
5760
5777
5794
5811
5828
5845
5862
5879
5896
5913
5930
5947
5964
5981
5998
6015
6032
6049
6066
6083
6100
6117
6134
6151
6168
6185
6202
6219
6236
6253
6270
6287
6304
6321
6338
6355
6372
6389
6406
6423
6440
6457
6474
6491
6508
6525
6542
6559
6576
6593
6610
6627
6644
6661
6678
6695
6712
6729
6746
6763
6780
6797
6814
6831
6848
6865
6882
6899
6916
6933
6950
6967
6984
