150
79501 933057
727426 953742
738076 300958
853397 300489
835932 626558
766284 519540
981468 42317
135553 212645
567078 69441
490347 47957
44673 827964
157436 204381
695934 849885
703080 13132
684592 708665
627106 920177
849733 395798
406089 848540
314623 466885
597984 360976
710752 296339
590908 679527
89747 553990
506680 15156
961917 805836
715795 874916
351333 333595
954776 249817
13537 130953
237219 629666
377296 112925
871714 230773
615133 755243
333920 614211
297705 573995
134059 604991
386174 488914
368427 649995
341983 176356
491517 672604
156057 440424
506651 509123
641419 290118
230815 867319
516924 123320
925847 760667
963065 522115
926920 8600
855157 395007
309292 852158
632192 319661
103990 394229
262335 182973
278618 200393
120414 242436
946729 732289
770867 699305
542565 337197
848112 628834
91940 357074
732572 380086
623389 606454
7509 893471
145609 516630
936443 65215
850263 452857
563315 697062
437810 114868
758360 780876
613078 521161
23492 11395
304156 612196
816192 291451
842041 681701
697591 875993
825334 399695
765455 795933
90929 365714
35479 877967
969198 601478
248108 161570
147180 162735
885059 228688
486285 724114
30835 962028
517467 250307
427419 432977
919708 674149
458928 212055
973201 393840
556368 876055
509886 708969
282340 3581
921010 611809
141775 989848
501478 840545
712163 405116
974916 628905
298022 632331
34182 579985
74391 53823
658829 715596
312484 791951
448365 258956
306897 672428
507789 497777
651175 623169
701785 457374
450609 594476
379995 763613
917691 570866
831260 492078
961255 521972
500644 485251
334953 424803
249117 198397
110842 132270
63483 738543
860075 354616
921111 659591
978281 62981
759636 649023
345914 144907
953271 853262
877413 155863
774500 382874
901605 949856
777262 246865
460570 891648
567426 341724
396565 118838
407553 306878
899406 858483
678283 918175
843444 117759
47950 282357
214566 669205
901646 836169
490008 956496
423584 935164
225419 838791
531417 120132
870228 180480
193355 709823
945918 728829
915517 743222
908270 232981
533065 498622
232806 656528
220607 884684
