100
34539 92997
93374 58465
94563 22222
77326 52778
63022 21047
29421 58159
36028 3798
94252 4649
76889 99462
61745 81560
17175 95952
88228 16895
20632 30950
76056 37068
80809 31578
84044 70550
41085 97661
12443 5475
45696 38870
96219 75698
72060 68812
83488 40741
74888 82085
66820 8589
49843 97352
42809 27676
23972 43848
97113 54269
97221 73522
33473 59132
37859 98006
61095 93170
40137 41625
36141 44497
15878 48346
21856 9524
50125 53112
27957 10536
3262 56006
6451 32452
72691 83168
45331 31651
82573 14723
42805 70585
83538 94268
92975 7150
28817 72446
26722 41439
21873 50044
75868 72519
16768 31176
4688 13126
39809 44016
28430 36560
82235 32958
70120 11284
1929 12363
86623 32037
7863 15812
39231 45555
51015 51097
83857 51464
71325 2639
1756 71707
61606 12005
73029 99605
6098 12789
44244 72000
57687 87672
40890 97272
32637 13385
8760 30588
33064 20735
27127 89682
36102 76588
73379 15546
79490 99052
86160 10828
84185 22856
53472 51318
33235 22964
92237 9256
76338 49724
27429 22209
79094 56464
82332 87171
10892 22823
56198 19771
13156 93024
62325 64102
1657 42786
62896 27778
12535 3708
88092 26431
17625 8137
15111 34979
97195 15281
63641 25242
38141 35089
27478 9068
