200
381273739 102235820
98454848 280044053
782887280 301225699
725040207 368133582
813238256 887196269
648646290 734833515
635639370 37655495
744218622 693674360
808434565 645472916
438761003 410338727
743031528 405270138
737645260 387026001
542877221 951634754
433119112 620659220
844949963 972338593
162139741 672417295
108109946 308281773
149145975 328831178
816586770 820240678
587144120 731722729
772467865 612795085
322101049 386088189
414538150 837067421
804824296 108209175
998168803 365574027
430916718 297196543
618747168 347809936
734194072 899604282
79703049 63422768
14840132 854941319
478620348 513428727
192356956 473883497
812887564 977250972
550339584 379366386
949024730 850010746
31329916 536719349
95201908 48287857
778265498 616311590
795322485 543622425
139049834 30437226
724886671 758599729
577292198 8912267
884835677 166672770
808281297 271928751
263784320 544762334
958179849 191392525
981787318 926181405
334649590 656133585
487050919 524329719
145318444 987200911
574063525 941368741
83864264 149768982
140239196 895600502
425396029 322257050
592299936 358441170
221080057 119244192
522435111 16520002
105689392 950365347
312492060 513891949
266559106 686089662
289734229 650536222
197316494 796919326
815987690 85762679
90473666 256193655
129106063 676591958
11623409 512031136
705115168 576573574
683313919 727613522
26059115 459052481
672935040 815867424
765741373 338024453
291837441 611076557
787463716 773451313
431551736 811572155
9008512 469998864
751241873 824263272
103378133 602567991
875457635 612591619
969796287 864156654
836447471 699397422
786240544 876119657
226499453 467010545
378169502 963420195
360521390 193827991
461757399 376445552
414957471 796250722
902236684 607784770
50251837 366095712
986162860 785908692
426003229 718707214
219028049 513250351
810771126 275278110
115248159 454748443
245667174 472439771
721586746 97557127
923958966 363890666
408864124 531017620
305289407 183039842
45712679 519238388
5282795 408384633
613933603 413115933
611025320 479624887
851006259 885088327
822933297 281351618
324936816 349471397
416648065 956991136
151428452 974593155
709764250 132106719
233021368 626738598
666558959 268702398
178882793 359145121
961748493 158083534
411444452 592933679
554220627 266378494
541346490 495702326
298883895 960043050
128317997 257857172
112476221 406240419
679685013 732056622
591849314 783049298
997777240 994757119
485516715 186984480
26326091 901394666
356730529 152109621
971702670 24240918
24649967 421635333
424825122 470112440
142980609 217100853
341190303 348469527
855618994 976503195
312629540 616712140
966054017 65906283
713492999 155441800
222955994 652049458
849820534 182715798
139582020 968485484
97773618 734925553
338761541 882840717
883222978 816289141
442982091 193915355
828912992 660741583
148491501 876989205
847495579 905075639
999167957 614869530
923789759 509408700
744875566 205874602
608261614 670109419
630071793 920162348
407107130 299977286
514698224 453894560
188658150 730852239
687916677 415040678
282959736 776027124
692926581 384428451
698173889 563694079
720054869 148195427
490504451 575215052
111240768 846635400
867478440 837169698
293401379 497541863
687839702 896580292
47298393 391030157
82122692 467260893
739164092 516431657
298079135 680305843
15258103 378491827
400244810 266146676
825961097 251571579
791415810 249545907
172735720 814145414
638020267 821156695
378812202 657749698
541232492 127460389
785347564 410868988
418054995 245210570
433934597 7679630
156693695 277647548
164294204 36954435
232675845 850924155
294045460 782049445
942811382 831288842
782565069 22543522
439013788 359466935
320369342 698662171
517272894 384438610
285804622 972701327
277193737 850545399
77436070 772596674
702324003 319584869
331922664 674829903
239346277 713072201
114939459 590606473
231079942 20990124
645049100 573792702
737282105 324552564
855473256 443369337
352858177 503120556
592552856 521792526
330407959 413610543
835944777 20651261
