146
83924 79055
70126 49191
66901 30158
82553 18715
84078 18756
39101 43484
59066 48312
44606 9561
82056 59805
40502 37973
65949 42938
96878 17718
34216 40375
94790 63718
90440 76431
53758 79763
96139 60946
52019 28740
62668 83393
88448 60799
71534 19837
87212 71463
31367 89493
88694 28429
73720 98439
28230 17467
69352 96507
21584 94907
16348 4219
31077 61983
98473 60783
96524 71427
708 99675
12807 17311
12889 74415
77442 26278
55707 26151
22444 36490
98423 47282
40020 47474
97800 99862
48659 19537
64591 93873
38544 82960
1965 83202
77366 14736
96767 31613
34362 57618
52500 24750
68624 74222
84261 21945
83270 13219
82977 4521
23030 84615
33641 76272
2395 32673
71362 80240
81877 43546
49340 83875
90156 12500
91446 72563
91613 50543
27560 4915
19349 48468
59770 25911
79814 17997
79522 98486
89664 21955
47049 92238
55839 89416
85174 72822
55984 12920
4938 26159
14345 54083
46009 22941
58265 284
69434 5578
65272 14515
21678 10937
32802 20968
17731 28675
51213 8187
22011 49116
72683 41668
24920 17221
94051 92861
84850 62000
8044 23702
69383 16906
89591 6945
23163 89044
32453 75954
32066 38727
13412 35123
72490 11792
19989 53048
33438 70777
98486 17486
31160 6393
98558 36417
42185 30348
95218 53154
80610 66959
47411 97827
311 59323
38469 66054
45902 82308
13014 77862
9988 56377
24882 70016
79584 96855
78885 3374
82736 36180
72147 74388
43137 29972
29483 82837
56243 16634
69989 78343
23615 62109
92029 38524
21109 40675
66719 36591
68384 98808
14055 95090
77675 94352
89468 32480
35468 81901
26762 36198
67224 29704
31195 97346
17387 17701
27084 44457
32289 19362
31324 51536
31478 15750
74520 76712
79471 37806
12236 69250
13792 74780
14252 75162
74518 3768
15903 8800
29601 93905
48649 72079
92747 57033
36279 49352
