50
185 449 523 284
149 650 919 72
190 776 780 30
68 233 465 207
253 593 594 110
435 905 912 337
105 862 871 225
267 469 551 106
157 843 946 262
157 703 878 90
113 526 775 412
126 283 791 414
308 513 841 360
505 654 759 457
766 798 850 400
191 535 961 497
126 300 313 164
177 255 503 118
197 265 509 255
113 642 683 169
145 444 806 2
223 397 918 317
119 209 537 329
211 660 731 73
554 630 654 198
522 582 773 149
3 324 495 183
213 378 766 404
339 493 500 36
394 506 789 301
28 405 699 28
292 555 919 18
387 853 905 222
494 584 871 109
190 318 748 411
232 483 861 232
447 601 852 332
525 538 581 278
62 417 802 195
33 817 830 284
284 682 978 317
303 522 537 72
186 482 875 441
297 812 996 62
112 732 861 45
5 45 419 266
99 464 806 344
224 514 940 418
433 494 583 209
44 192 403 304
