1000
48561 64906 65528 37750
13805 16823 71102 96609
27548 54513 95541 79921
9493 39218 99502 79935
12641 75497 90255 85999
3310 38247 98636 73401
39407 57488 72413 32183
31781 62938 85669 89217
44674 62881 99445 94505
2474 41219 44916 66471
5919 24485 83274 42945
6185 15715 49318 63514
51183 78668 81361 32384
13456 44372 46094 54313
29123 48981 90592 44301
23436 24743 35457 77518
9828 36372 81734 21232
6902 33391 89984 81610
42156 93438 94771 88186
70821 85680 92595 85189
37272 76037 80595 71204
24852 61034 62622 46995
56107 79840 92122 53171
53031 72662 98000 56013
33142 48208 74522 77030
11115 22596 59440 3536
19970 42126 78597 47975
49503 55433 81326 83275
36004 77804 80188 55950
72273 93494 98500 39103
42158 88658 90628 76329
25243 29833 87171 20892
18837 26225 72791 85374
40532 42550 69792 46834
11776 49657 50215 17762
52844 86631 92904 16917
33844 35208 44000 11428
20124 72317 83230 21811
29522 63566 80294 41236
6726 24755 77548 54133
17313 20513 76634 10175
5494 43050 48551 62514
12959 58308 81421 18299
63580 83859 86685 58516
58849 82794 97300 58832
1388 3808 77075 27125
43531 48404 91506 46160
48668 59789 79429 41880
4908 29009 44377 28527
26988 52398 97294 73626
9426 21592 55837 76138
58704 76499 76597 13175
19528 80747 99996 39277
22015 25042 95205 21745
29360 54742 82618 59709
8464 51261 99336 86668
32908 43899 77757 27637
15986 40448 49756 87306
14268 36654 87650 45090
8919 68843 94732 6446
12217 36354 98176 11555
21130 21663 91658 1719
38254 70848 72223 75014
11380 38384 40210 26019
4738 33839 64142 15979
24232 31140 48330 12208
33204 37945 40146 1901
27430 69436 98962 53240
23928 26027 67458 58450
45447 61436 62295 60792
57664 63872 99984 37081
6388 26827 93612 54380
1750 6029 98589 51364
32683 58068 63379 3580
13747 19039 50186 21674
44395 54796 89222 89956
3657 44240 76628 44849
54637 59158 65627 11957
2951 21356 42635 96314
17679 56193 58653 56052
2118 5845 46885 40607
48094 70328 97367 79418
23857 89472 90879 67876
20754 32858 43406 10549
10113 23620 51357 19493
44827 57186 99755 33319
22409 42423 52790 7747
18877 45967 82328 80272
38054 65469 76558 43289
25628 56039 86521 37742
25709 62602 98863 75581
8016 52264 77463 36198
28050 55009 95864 2101
3936 33081 88729 29364
29323 34254 90047 87570
48378 79720 86428 95560
8208 19678 95230 89460
18464 32001 74534 90345
28341 40556 55197 45240
217 11052 53437 78055
57885 65756 85860 13125
31805 36208 49312 52381
38035 51055 93246 89624
60 36542 72596 2538
4496 74142 98528 83320
39344 72590 93438 33319
19015 26150 64526 90954
14184 88432 97529 75538
16357 66203 67420 97855
7916 12376 30254 78658
9581 39539 96001 27449
17617 58134 78460 73622
6208 12197 81158 21506
1060 31616 72057 55054
45783 56882 57112 74742
29054 69242 99284 67822
70499 73343 92388 83032
7676 35929 79086 14507
44605 63512 86404 11285
43943 74639 79998 11000
58937 66771 78451 34580
31009 35070 95755 46645
21727 59947 68711 20669
4471 29361 72648 59135
34666 44170 69952 10780
18841 28036 36452 92353
161 54250 90535 26952
8743 49669 81945 20507
1184 2423 11204 62442
4114 27668 62498 74681
8327 41943 77251 17222
35036 45348 46464 64226
18420 22288 48753 42012
22025 36327 66955 64148
42385 55977 83054 65749
20582 39029 90361 11963
12615 35276 92621 29615
24863 39657 97565 93135
32082 86656 95364 99508
38382 86638 95356 89579
13100 14202 56275 37654
6939 38361 55480 56514
17237 57955 91899 6207
41626 50249 85521 33544
49809 85377 96949 25483
5833 11123 16116 97283
6818 50758 58163 35994
25943 26320 78685 27103
51438 78130 79266 17032
8396 56932 86213 16929
49326 50251 87962 25728
19411 44982 64551 55239
44113 87798 94033 38868
612 2007 82821 50921
44235 80358 85866 94590
30519 63924 82828 57975
4613 42101 48376 79953
20867 42764 45316 13472
793 33251 99775 1596
56149 81701 95876 89571
25611 26812 54475 46462
6005 31267 98560 42789
47190 93219 98386 11552
22253 90143 91582 61344
10712 61406 62465 14209
14877 50736 82522 20564
32313 41775 89765 39543
64630 71474 80846 59361
36879 42044 68870 81843
43302 57312 57653 83328
85250 88894 89907 13404
43519 51784 78667 1555
2659 29292 61828 86665
18149 21224 41642 98181
5562 72705 82677 86411
11333 15416 89788 46434
19182 46863 65510 35632
40122 77652 90404 10654
2320 36154 51048 48172
6058 8859 80469 53762
25796 26916 89068 76979
7696 12805 40093 13030
20267 50201 68790 89053
19910 30607 46479 28478
63997 64742 74541 50944
37936 58413 64909 48956
8899 85010 90414 53368
5967 8992 45031 91132
29235 35703 53293 86574
22450 79656 87605 94410
40982 55280 69996 35342
39333 73109 94768 31352
9472 36579 48304 35634
33537 54834 73088 65359
6954 60715 89598 7690
5434 18326 98300 23187
28339 57905 73700 91998
3536 7139 7845 31433
39799 56864 70858 24500
12828 52024 69366 26871
45532 56560 87696 75019
20826 67400 77021 50824
79942 82332 91402 55909
14957 28431 52855 70676
68913 97745 98311 77575
36904 64097 94287 49920
4241 22336 27049 75271
37239 49896 86435 23701
26091 70334 80680 80584
59150 97218 97994 787
32674 41061 68380 18360
13531 84757 86452 64612
70885 79538 89606 87911
10161 38351 54647 42725
8295 75501 85332 43974
53931 61114 65949 20613
43050 50011 71915 23373
9043 66621 69716 23919
42776 66149 98182 13631
27353 38774 68146 44511
1658 22039 89223 23480
29892 45426 76823 21988
24584 46664 72025 45086
26117 70466 96060 14833
324 1146 69027 93035
60748 67973 70876 58886
39764 54088 73965 86641
941 26327 88283 31133
62582 75525 81098 28744
9382 76406 95076 26801
21427 81102 92263 9862
47088 54078 55999 47937
7702 15891 55464 92461
497 74012 87661 67999
13357 21493 91607 27324
11085 49049 69431 71055
44899 50506 57308 96686
52944 82585 83427 8889
31447 79216 93017 14048
7897 17658 96826 57455
9276 26385 39158 30624
21591 46243 71279 76289
46638 52714 89979 64422
46311 85923 92550 1790
23592 81893 95496 1735
37260 50566 66672 91377
1595 75163 95172 41842
23808 71289 83197 97447
1877 24961 37565 61363
23160 64526 90759 9604
25151 73054 85186 2426
4698 67766 79449 59170
11137 57347 79742 6551
22798 70929 82230 65406
49366 81724 97325 85225
55645 64328 67853 45536
26733 81346 99763 11190
17799 55259 94726 81111
14641 26062 85761 79654
25454 81841 86409 42243
1872 13552 57530 80241
43119 54797 84516 75092
15776 72447 74068 22236
36748 61638 74162 54532
12514 46126 59763 43223
21015 44753 83712 22450
25562 32157 66484 13361
49361 70910 88491 18625
26841 52650 78756 86472
8643 55226 86058 50815
77530 87390 95299 5362
14554 49790 81666 69665
34641 87443 88127 95965
8496 15321 51308 51022
50284 77415 79563 80394
5102 32015 92098 82573
35360 55119 55983 86325
24796 37082 48700 982
3166 28015 60959 12199
30931 46477 49687 91007
310 9823 45902 87749
1577 36616 59592 44466
36406 76733 85560 1710
11402 16212 64375 69903
29235 75593 85801 4774
29178 55085 80106 50304
33091 46089 96043 92837
81751 86912 90349 46164
10898 34705 81681 30724
54086 85132 88106 99847
27682 70543 91993 78073
15641 16973 88550 82180
16660 70422 95469 1104
80116 85276 97181 98164
10129 18232 98526 30816
25820 78392 93869 42758
17274 25832 75362 24204
17498 23742 43370 6197
69122 78214 88579 94621
17341 26970 40829 7556
57707 95221 99618 21186
22330 30621 31011 22016
15810 75910 87367 52085
4902 5454 48270 97013
12273 32536 69702 49803
37703 45270 99708 32331
12086 47337 64978 77159
28408 43012 70033 61913
721 59895 98736 19490
7972 58345 64643 73143
17706 50861 74525 74782
85 52355 75963 14134
9696 28614 88189 77054
2976 20094 66214 99574
24916 60250 92257 73522
19688 22200 72107 4298
49528 80350 84266 66208
8224 24608 33322 29204
22330 40801 79455 35418
14544 23125 23682 55711
34729 41131 83274 37106
24876 49918 75177 61465
70481 71953 92056 96789
33406 66102 96658 40511
12802 27201 84231 10807
36338 63247 99506 53838
2085 4763 24635 69390
17637 60527 79126 39684
11070 47223 84885 66474
40338 96615 98042 36720
20132 46448 85713 13205
59569 76267 92776 90585
94606 97720 98540 87791
11027 42675 89780 67196
82049 82502 97959 86147
21300 71326 93865 4671
17763 19419 23361 2585
9012 70597 94144 24947
3960 91469 97322 86260
29903 96810 98022 28789
23580 28204 53169 62800
23699 48140 79462 13185
21393 37877 46159 5958
68111 74014 80345 28992
23895 73631 86601 36296
11648 25673 29939 63869
5336 12507 67238 54463
14674 33506 82279 30739
34891 59819 88767 21346
11415 78170 97658 56685
9169 9263 77448 47394
7175 35779 87501 4693
11163 49349 62875 77794
20439 67758 92742 47982
6389 8160 30226 1397
5455 32639 48306 97010
40406 63470 75461 6919
510 9335 76780 91045
24275 49018 94035 70193
35386 60027 73748 12183
21100 24515 41444 41692
31196 58707 72757 67307
33938 41325 49269 66158
22738 54446 76872 44263
6464 8776 41172 81767
17125 19622 55473 407
32685 47290 81055 33145
61166 82277 89305 63234
36582 84544 89716 12849
12260 31213 44175 33698
25575 69778 95750 96885
1352 30857 50742 34336
2806 3171 99667 72813
15297 56226 81097 50698
1495 72866 80458 1219
64277 85469 94870 86971
49276 51828 85025 71450
33350 61525 76164 36245
28768 51871 76358 95067
55877 84934 96147 15447
34944 55540 89514 81799
23467 24612 36841 32565
25511 69221 91387 75299
32443 65610 89158 84675
37256 73445 87838 16446
37498 49114 63213 24181
15290 26065 75290 73318
2285 66426 70632 29902
8478 79354 94282 20978
14153 25080 67541 18019
715 58114 83699 31166
4228 25569 44367 73594
22487 51205 88973 99265
54874 59129 59216 10414
5121 45616 94886 66789
1448 19356 73783 39937
1105 11989 44751 77701
2118 77313 98861 50158
808 37643 48398 30400
18117 79250 95638 99194
19091 58496 83116 3169
7365 8924 23160 59301
7965 10242 28792 14115
37079 73876 76904 77102
23423 61636 66136 62627
4708 14059 30346 82839
29063 30949 76763 46878
45020 73273 89992 82925
10859 20535 50070 37425
61242 77479 92977 20099
20882 76240 89243 99241
41271 42468 79658 16405
44814 45282 51660 10599
58182 88598 97875 83546
3746 64948 73576 27946
12698 43246 61496 89551
32255 91635 94546 22187
21928 88676 90542 92200
16145 44085 50597 43931
35326 68111 79366 5082
30539 60007 62505 6625
19506 40105 73299 26058
1704 26958 47933 61926
10687 32771 36688 59317
6868 75424 85843 4287
44379 66427 68502 99081
21255 58607 90695 76360
46834 71290 74500 7849
7831 54591 89259 99698
61689 85049 97544 83580
37174 78338 87794 76363
5577 7735 61104 12580
16002 29408 78119 57834
4696 60356 77244 87206
972 49535 53338 9321
37899 63594 95196 21322
1801 50114 77411 38061
18167 35110 47635 75048
28690 68495 80469 52409
22888 64234 89139 92628
76993 98022 99221 87008
21471 30352 86360 12783
37132 61442 92634 73436
17011 17303 18899 51161
18855 28504 61697 44743
5713 6485 90846 82090
1232 1549 90377 39998
48275 61916 93305 54275
34894 45954 75626 89917
28377 31652 49700 89633
49508 74193 81715 23780
6324 46064 59259 95287
17506 57922 97638 31080
44087 45576 49751 70926
32123 65215 82034 43920
2588 11826 58141 39451
10784 75044 84472 68883
66681 71173 75931 80479
17394 83160 86833 30895
12074 82486 84235 13415
3340 28537 38729 92479
25675 79735 98195 30853
68518 79313 91476 35780
16114 16690 27727 16202
1126 5474 72742 163
34700 62003 65836 40538
4265 16245 52572 95995
3051 40000 97835 98210
15475 32755 80833 63309
44459 51803 88205 94262
79715 88699 91938 63854
34455 41138 64535 24766
19321 32455 82936 34956
1432 11018 96672 13431
949 43192 86491 95637
5065 31893 41118 26998
32185 39069 43729 58228
3727 50981 55849 51700
67946 68036 79823 11294
23893 53925 71994 85040
13980 22763 69578 90825
91 19793 26369 48323
27403 37802 51092 63129
32199 91089 93992 28880
33879 56972 78305 68432
1120 40322 70020 95451
12135 17096 18434 28401
45423 54396 72348 54436
805 33832 51657 50488
36819 61493 67741 46093
9389 27557 86709 48881
21840 60758 72568 38813
13841 37207 73377 3429
4322 27283 92629 42673
43138 65196 82287 87166
48722 53301 98987 21990
52527 52534 87616 69383
55767 63917 85568 66315
2480 22653 26400 79832
3351 83570 85902 69567
35916 40804 95410 80801
7220 67147 72283 60506
29520 78880 94370 49495
6848 28816 92229 45716
44231 61883 91739 87033
35828 67369 95694 63801
6448 37540 47963 60831
7234 57884 95204 18667
17015 33158 49447 56515
5658 31063 73342 65554
6214 72295 83385 94146
44584 46346 62361 73789
3907 14993 73054 39951
44907 59156 73304 2152
10288 34281 49375 44529
45622 75155 93494 287
20996 55762 98729 43697
20995 38018 40443 8088
61385 79872 89757 74380
27479 28429 33439 49707
52535 64187 77651 65884
53689 58549 65730 29860
2404 15277 68922 88271
3558 34519 96270 51223
3535 57493 71980 70679
3718 43003 93336 74066
1943 30127 84512 229
20641 59860 64560 56635
9128 10068 33992 14059
36307 40814 91364 39303
77368 85471 95169 14029
18400 24380 33417 8418
59220 59944 73823 26905
46899 73588 83182 66041
24483 66795 89337 91991
15950 31340 53833 93496
35476 50711 66963 72206
47079 56070 83532 26130
2299 35198 74349 91079
26472 34492 38797 70261
2428 34078 36945 57214
4166 81780 90064 33009
49716 63597 89849 43345
19133 52878 80516 25321
56410 74497 82710 45242
15514 34313 52012 96990
15318 45191 66143 4145
21339 68672 95870 8320
5411 38520 53755 16047
46925 68857 73267 35413
17470 20346 98347 1766
32030 34531 62524 67783
11712 35426 98047 58714
26364 58151 61923 28663
4304 24933 55964 71074
16795 86946 87817 78194
20667 30561 51969 58887
9195 32242 33054 61946
49896 73204 86094 75197
23094 52829 92583 58476
35412 63082 91884 5187
43415 82924 94570 94500
33515 36007 37501 89109
40325 66024 71451 88796
3588 37272 83782 63937
63039 85893 90544 96611
57605 68924 70118 37279
13377 21690 60922 58268
33535 56991 96451 41480
18292 57139 88360 71592
23330 42147 72119 58631
31245 36729 42449 91928
9392 53005 69886 7924
16787 73204 87826 3303
54857 61438 81492 85360
15975 21802 82798 58401
50089 54559 69954 45257
1709 30814 91863 39471
5336 67222 96522 24170
19158 29811 72439 78233
8693 28037 69690 95401
6792 35745 77465 51776
8001 85183 85767 44268
14605 15665 72028 33207
18672 26402 70280 57039
38271 52717 81003 779
23785 48901 55277 80965
15492 37368 49386 16833
25327 35625 88812 30843
64569 64918 76390 9237
66748 72601 74969 85240
41821 43732 93212 39098
13551 48055 66204 32615
3497 18586 34471 36607
4541 21906 53580 75666
44572 45051 66452 36122
49267 65576 89795 75559
41552 75149 88101 75408
344 14050 56170 44234
32921 57644 88148 83537
3874 9622 39528 13819
31226 44002 97791 13004
22268 61926 90214 91227
23425 57760 99821 86404
24191 27809 70328 97950
46157 72577 88514 81309
53107 68254 70617 20289
5488 8457 15787 92930
25484 88845 93264 99283
5616 35325 46144 34708
5040 13002 37585 66102
6923 11195 70293 55368
16833 60245 89719 84920
6867 41026 55829 46465
42775 68554 80567 44001
8758 11760 49636 59329
4050 10942 64434 39769
82266 92934 98257 44626
13740 17058 33613 89099
18356 67214 89939 35448
13392 47704 62839 36255
31639 47835 62892 77234
9295 55950 62786 89740
32530 45217 86200 76781
37585 37600 69911 14897
42924 81962 82070 59386
4761 44372 78987 5172
13675 59587 76720 62418
18228 55895 90582 64329
36262 39047 48681 15382
1063 14364 62632 32491
27057 64472 74719 25313
43985 49861 55531 63928
4295 46175 78871 78823
55844 71552 76157 31255
14069 35134 56948 24446
13373 46451 82034 12471
17461 18351 23659 93588
11396 29042 98119 65313
51207 81459 98147 16776
2346 6014 65236 29477
24237 38814 65957 16687
6777 10632 58917 95048
15049 32853 35191 38050
13948 31270 54078 56938
43154 46046 78183 26867
566 32444 56926 19560
38923 76291 80106 68662
31402 34046 90459 36806
6635 49884 63073 78203
3273 11175 70054 38874
17033 62744 80190 77422
63188 69838 87655 47194
18031 70144 90827 35800
47449 68312 93030 53228
45472 45834 53015 46521
18318 20916 76857 4787
38953 49783 95124 43689
47135 52582 68435 60711
46603 67099 88052 50926
27 32165 96036 76664
15647 58353 74417 19714
9708 67329 72409 91666
50671 50818 67947 36655
19203 50623 70510 96096
5114 63296 73886 5395
8464 15752 45914 30878
39388 50676 75007 97058
373 57518 88642 35502
16918 21040 22258 95039
50821 52463 81381 94985
8822 11857 20164 8870
12851 37226 53544 73669
748 38427 69438 12142
15879 20049 31737 65667
9607 37054 38595 27921
586 12745 77346 58188
7851 37231 48665 41146
9176 46637 95372 91117
28651 36806 75132 19063
76215 86103 87591 92808
51789 95958 99322 16681
15907 70316 98462 63371
15551 18690 95825 33244
29685 58225 64393 24076
42130 46901 82423 14153
43422 62186 92470 60343
9708 26409 45602 88162
10879 13427 28280 22548
27982 83869 98589 55138
40205 63633 72700 12481
30048 55693 98882 46621
38488 75995 96610 23706
3003 61771 63605 51561
15701 40059 50530 31093
24188 31981 82831 84558
13240 66649 93296 50916
59564 79336 97468 45208
23727 26243 55921 75474
67223 89781 93511 16315
2353 26079 94072 13899
1728 7859 95539 87890
2983 32174 54139 21305
49081 70866 90659 93144
16423 57024 74878 91771
11201 16767 68833 54196
49823 58517 85822 98683
27664 49009 65543 27209
34860 42117 54641 81822
20221 47802 72469 27410
21666 60468 83119 64592
33333 34589 40164 80385
44017 53557 73909 69953
1884 96193 97297 4807
54064 68162 82361 9982
7456 7953 9000 13370
20948 37791 57959 26101
11715 13108 36079 40658
44340 51607 95547 83647
9218 36519 49545 61446
39307 84045 87206 97501
19603 20966 25524 32330
10926 44311 47575 26734
6494 28300 33292 81279
30118 30522 49923 22802
6567 25007 37070 57881
15400 27290 59123 95981
18431 27772 86493 58770
26905 43859 56931 67142
17213 32059 77098 58743
6402 34088 92495 66503
1552 1960 94907 41448
36941 40182 64231 36008
11580 27024 46122 36604
6746 79109 83240 18840
47992 61044 86854 59235
16065 78686 93039 37540
110 63344 80441 48777
22980 23732 27168 91879
36332 66301 72981 76600
23151 49507 59983 74955
8478 18550 48826 52667
21851 48978 87174 93222
4571 59947 99243 47243
16240 22457 84145 36854
69410 70726 82905 15703
36928 68136 99114 5189
29085 39488 42785 2978
52892 82024 95748 89891
69626 96037 97816 14953
18031 31521 53719 73695
721 52975 69293 41916
26892 80229 81508 36991
31130 44630 73787 56288
80 19997 87825 48536
33448 63780 66347 99127
57971 63600 76812 58401
3740 29359 55993 12971
39068 56738 70017 19635
31753 36836 47630 1189
61925 71055 71590 81550
9245 38190 59532 36637
40512 74629 89114 57269
24596 62465 84920 13729
25528 37554 73184 83775
9528 65342 87655 61183
3454 30433 69065 63174
31053 46510 81675 53034
11370 23285 91150 57974
10378 78872 79278 87046
3076 32382 63699 93686
693 10395 23616 77616
36545 63755 96212 2132
49105 78958 83288 94360
11437 34854 70211 42610
46496 82129 83096 28787
40858 84353 92856 63465
52246 81925 92189 62321
376 17871 94833 15748
77247 82438 86638 13855
12826 58226 58838 46225
28932 45405 59194 88292
4097 77075 87717 35304
88861 89572 98516 1639
26407 35136 64937 22665
6315 26201 28684 43446
37508 75364 85160 55973
45487 53386 60735 98815
31629 57475 57629 61269
33193 38307 47391 93586
47049 51253 69545 83933
59327 75496 98144 59584
7545 42471 91158 26585
8358 61436 97313 87319
10585 72657 75460 31744
8084 9671 55182 90778
4074 68319 98927 16064
41608 43219 68545 4698
5184 48763 63791 20155
8744 22053 73949 78841
4499 80346 83918 71615
14680 16322 73592 73505
87959 88854 96266 74383
61451 66736 91794 35766
13141 51068 72734 76647
7588 40473 80298 10545
15710 48182 74628 74320
17696 82302 91797 92282
40293 58239 72335 77083
23118 46365 60864 82149
32693 39317 83582 76104
38510 40497 94723 57775
7459 83765 88364 53084
15613 29455 74936 82916
29532 42622 46369 78293
85011 89151 99135 28338
63096 71563 95473 27316
26196 26549 75347 54371
31323 33252 71407 12205
26541 49674 71452 84006
685 39436 64099 92701
25835 37541 48696 7153
7141 40981 65822 42023
29812 60031 72579 55297
59559 60161 66914 37342
7106 74865 95640 54440
2019 19466 51204 75996
4537 69564 76330 76828
21050 32515 80029 88024
37298 78491 94016 38898
20741 39763 82682 91016
21358 48372 49913 11295
3478 78518 90948 52391
41633 52794 77519 73955
3793 34158 57589 64456
27058 44954 99291 44280
6243 67587 97290 48504
18587 68033 92582 18208
49568 82837 97135 11741
20854 23504 69999 94450
25821 34531 93550 76107
26730 44596 75423 13951
28297 69269 76364 32193
27390 58158 73521 97401
57634 71294 90509 30879
934 22320 73596 56708
29036 39490 70487 80843
1964 19099 72496 95389
3012 49127 99410 68257
5349 36603 82933 70249
45790 47141 63945 52529
10305 37812 84800 82413
5254 25220 92398 70210
16018 24438 92992 95604
26492 39005 45509 92912
28256 32698 61662 115
9728 20130 71654 94451
15039 42447 58584 88550
48448 75664 94711 58592
45360 57658 65850 2538
21968 81349 96172 87047
1710 41456 89015 14938
5988 51977 73675 90736
36915 37587 94625 62001
26844 95804 99062 67116
5479 13311 30055 93733
20296 39678 63791 4962
17089 26855 51382 26772
17105 25324 93260 30653
25752 61687 72624 39095
1553 71843 80038 81404
16259 43907 83591 7444
33610 56955 69697 36547
21759 40579 54312 48940
15054 57817 67043 17744
67841 87137 94262 45679
23318 41713 58012 45273
3569 28614 41358 47227
30903 68836 99891 17882
24493 32118 72823 67856
895 17214 53229 20164
21308 63204 82906 3948
30311 46254 77854 56782
68111 68817 84465 46454
37592 56722 92633 30034
618 91381 94877 18809
28405 43982 91437 76178
19788 43639 59451 20597
12017 27315 68259 12200
2621 25896 82637 77094
3215 40186 98777 72170
39773 93935 99135 63346
41542 52566 75481 21075
38580 41104 75645 79701
30738 58382 84598 89358
5122 8758 85161 54285
13422 69569 73479 33269
36201 70146 95102 32501
44441 53100 64323 70195
484 45820 99551 27245
31147 46142 79231 83405
9412 30006 66080 3419
1880 30675 40610 80702
4051 21904 42593 28411
31510 49438 99711 60981
25726 31215 55762 57308
28528 44779 68076 53777
7397 7544 90692 79907
4815 8531 60867 84405
7732 8759 84864 13745
57288 61482 62515 46499
35307 36140 44160 69189
42466 75275 93831 99490
7734 41625 88685 91902
46666 72069 74776 59458
29110 67322 72608 23789
1684 68385 83771 315
32407 36168 63148 9637
24278 27473 92261 16217
12261 30835 93397 82182
25255 84481 94694 93781
11105 33896 99746 83172
47972 66089 72763 29542
34108 75622 77278 48088
15809 20904 76202 70181
31064 52735 72028 95719
30981 54233 77374 7208
10307 87691 93305 7431
39256 69691 80343 96299
30761 60247 88058 70392
21238 37214 86700 19339
12628 25194 44596 49750
37231 39684 51624 77357
52853 91789 93845 20029
22507 41333 90518 79238
15564 42428 72489 49926
57992 66679 77177 83179
26149 61468 97979 37623
2536 78040 88775 30112
74413 93440 94825 12256
6577 14717 46549 30759
10333 19911 71420 64612
6179 51696 95753 69299
17650 25730 79421 4560
19655 21772 59356 59675
54270 82559 88888 86368
10522 20549 40672 77594
15892 29031 45539 75790
9625 49852 63072 47858
428 57080 61489 22220
14588 68569 79752 71441
63431 68334 71069 34135
53293 60640 97566 6202
8859 17600 79166 91415
4919 43123 92993 36929
48426 60017 68570 13991
45650 53907 59783 59491
19684 70347 86093 30049
31577 45031 73386 7647
16655 51634 98535 66364
38282 53588 75989 58156
31592 51864 78470 69405
22358 41119 59944 56953
320 38704 77062 77177
2994 11629 66090 10356
19381 21259 27229 62481
62804 86379 96761 7007
36320 40113 63616 44103
11689 15473 71188 38515
74182 80289 83806 90973
3528 44451 79375 72734
46273 82983 86808 68846
23842 25738 29993 48737
58716 68318 93468 17459
26814 36284 46643 75116
17605 23162 34793 41420
11773 17537 38765 46748
34286 42781 58756 45211
4829 93292 94776 17684
42634 85388 90373 57369
8291 16478 22104 75926
24486 58489 93753 10846
32176 57348 75375 29815
52589 78917 81401 2409
60505 77318 99936 88445
3005 46621 89888 15625
9674 54270 85794 15066
19294 45282 79700 66910
8353 16805 63344 89201
38588 48236 65822 19233
30383 60343 94657 54779
20534 54355 83095 28466
3168 47488 91093 42784
66194 69946 96613 66023
30805 86044 90349 87492
23306 67559 99223 62102
20793 70264 97562 2844
34264 46182 49225 46218
42848 78003 81400 49589
22294 23003 73196 46860
