50
39339 188746 776019 489942
175874 798409 812487 426851
79957 123793 849261 145510
211477 648262 817323 981435
469983 792485 948192 121746
243012 328529 914017 218258
553790 788250 810704 498417
100186 236741 940180 133240
179971 505576 534804 583678
154452 253797 515620 344982
5338 38655 797048 879443
299927 681704 992169 790820
344443 844073 936138 998755
617064 632448 959422 96692
167522 814698 975523 201272
539243 638564 979302 510402
56373 94994 327831 262439
576784 698288 699828 619645
345818 564285 910638 664575
266738 307080 522988 360988
249305 694603 820839 845369
326061 679424 838247 380463
107220 566983 754338 438990
312925 782303 860118 93574
283336 305771 789593 520102
301554 890308 953811 369481
318788 585866 830615 559944
38023 781374 859823 31289
445277 586705 632650 792409
147965 312330 631740 425045
429565 627188 672996 444044
318183 876891 883095 660425
557816 740441 883139 302135
431727 599367 826055 594530
57665 371160 658254 747663
383802 514994 522455 633138
330281 385091 564782 436605
242062 255733 268592 128251
690155 692494 788582 991563
42339 424434 848921 674260
152785 805237 923604 376430
520659 883239 949648 342361
21856 134329 586468 193253
499597 724786 849375 528127
447205 812715 948453 913349
200153 236859 701017 794705
209772 242064 388568 214468
157516 893948 977986 769516
18469 226108 956640 316750
48741 258891 269570 342684
