90
100
35 40 34 27 92 15 77 25 67 82 80 21 84 90 60 96 81 72 18 22 31 39 42 26 38 33 30 10 51 59 63 58 14 4 47 87 36 74 5 11 17 54 23 7 98 79 28 46 64 19 85 68 78 75 16 83 95 91 29 61 45 65 76 56 86 41 44 57 69 89 20 71 70 2 43 99 9 13 12 6 88 66 50 94 8 73 32 49 93 48 52 100 97 1 62 3 53 24 55 37
105
29 30 31 32 33 34 35 36 37 38 39 40 41 42 43 44 45 46 47 48 49 50 51 52 53 54 55 56 57 58 59 60 61 62 63 64 65 66 67 68 69 70 71 72 73 74 75 76 77 78 79 80 81 82 83 84 85 86 87 88 89 90 91 92 93 94 95 96 97 98 99 100 101 102 103 104 105 1 2 3 4 5 6 7 8 9 10 11 12 13 14 15 16 17 18 19 20 21 22 23 24 25 26 27 28
74
56 55 54 53 52 51 50 49 48 47 46 45 44 43 42 41 40 39 38 37 36 35 34 33 32 31 30 29 28 27 26 25 24 23 22 21 20 19 18 17 16 15 14 13 12 11 10 9 8 7 6 5 4 3 2 1 74 73 72 71 70 69 68 67 66 65 64 63 62 61 60 59 58 57
18
18 7 6 4 8 12 1 11 9 10 17 2 3 14 13 5 16 15
44
38 26 3 34 32 36 37 29 22 13 1 10 18 2 14 40 6 16 35 17 5 9 8 42 11 12 31 20 15 21 30 19 4 43 24 41 23 39 33 44 27 7 28 25
16
9 10 11 12 13 14 15 16 1 2 3 4 5 6 7 8
64
8 7 6 5 4 3 2 1 64 63 62 61 60 59 58 57 56 55 54 53 52 51 50 49 48 47 46 45 44 43 42 41 40 39 38 37 36 35 34 33 32 31 30 29 28 27 26 25 24 23 22 21 20 19 18 17 16 15 14 13 12 11 10 9
173
82 83 84 85 86 87 88 89 90 91 92 93 94 95 96 97 98 99 100 101 102 103 104 105 106 107 108 109 110 111 112 113 114 115 116 117 118 119 120 121 122 123 124 125 126 127 128 129 130 131 132 133 134 135 136 137 138 139 140 141 142 143 144 145 146 147 148 149 150 151 152 153 154 155 156 157 158 159 160 161 162 163 164 165 166 167 168 169 170 171 172 173 1 2 3 4 5 6 7 8 9 10 11 12 13 14 15 16 17 18 19 20 21 22 23 24 25 26 27 28 29 30 31 32 33 34 35 36 37 38 39 40 41 42 43 44 45 46 47 48 49 50 51 52 53 54 55 56 57 58 59 60 61 62 63 64 65 66 67 68 69 70 71 72 73 74 75 76 77 78 79 80 81
110
53 54 55 56 57 58 59 60 61 62 63 64 65 66 67 68 69 70 71 72 73 74 75 76 77 78 79 80 81 82 83 84 85 86 87 88 89 90 91 92 93 94 95 96 97 98 99 100 101 102 103 104 105 106 107 108 109 110 1 2 3 4 5 6 7 8 9 10 11 12 13 14 15 16 17 18 19 20 21 22 23 24 25 26 27 28 29 30 31 32 33 34 35 36 37 38 39 40 41 42 43 44 45 46 47 48 49 50 51 52
184
150 151 152 153 154 155 156 157 158 159 160 161 162 163 164 165 166 167 168 169 170 171 172 173 174 175 176 177 178 179 180 181 182 183 184 1 2 3 4 5 6 7 8 9 10 11 12 13 14 15 16 17 18 19 20 21 22 23 24 25 26 27 28 29 30 31 32 33 34 35 36 37 38 39 40 41 42 43 44 45 46 47 48 49 50 51 52 53 54 55 56 57 58 59 60 61 62 63 64 65 66 67 68 69 70 71 72 73 74 75 76 77 78 79 80 81 82 83 84 85 86 87 88 89 90 91 92 93 94 95 96 97 98 99 100 101 102 103 104 105 106 107 108 109 110 111 112 113 114 115 116 117 118 119 120 121 122 123 124 125 126 127 128 129 130 131 132 133 134 135 136 137 138 139 140 141 142 143 144 145 146 147 148 149
15
10 11 12 13 14 15 1 2 3 4 5 6 7 8 9
91
42 23 45 62 36 26 12 32 81 19 77 72 70 65 61 78 46 52 53 37 27 24 89 49 14 30 17 64 44 58 35 20 18 90 10 33 56 6 9 7 43 4 60 68 39 48 38 79 84 8 76 67 82 13 3 41 86 11 40 47 57 16 85 87 22 59 21 88 5 51 54 71 50 74 69 1 55 75 2 25 29 15 83 80 91 34 73 31 28 63 66
34
1 25 24 33 10 19 20 8 29 12 4 18 34 2 23 17 28 13 21 27 9 16 7 26 3 15 22 14 6 31 30 11 5 32
180
33 87 86 79 149 5 65 163 61 153 110 98 85 114 99 83 104 19 13 54 7 51 3 144 8 72 148 165 152 84 78 64 112 101 41 143 89 60 115 35 81 123 57 109 14 118 40 117 27 177 159 24 147 137 136 88 116 73 169 179 10 28 63 9 37 69 97 157 166 167 160 146 43 176 145 164 162 20 50 135 95 173 178 6 91 111 34 105 139 47 42 74 156 16 175 36 90 68 108 100 67 96 170 52 161 155 12 4 132 158 22 180 58 59 134 80 44 125 168 138 39 129 1 130 154 17 11 141 21 26 103 119 62 131 107 93 29 174 53 92 45 126 38 150 56 77 25 48 49 122 172 30 120 142 124 171 23 70 106 133 128 66 75 140 55 82 15 121 2 18 31 94 127 46 76 32 151 102 113 71
55
25 24 23 22 21 20 19 18 17 16 15 14 13 12 11 10 9 8 7 6 5 4 3 2 1 55 54 53 52 51 50 49 48 47 46 45 44 43 42 41 40 39 38 37 36 35 34 33 32 31 30 29 28 27 26
18
17 16 15 14 13 12 11 10 9 8 7 6 5 4 3 2 1 18
99
67 24 57 86 89 59 81 12 8 30 65 47 15 51 50 63 77 10 11 97 34 26 46 98 7 62 21 1 85 64 58 93 56 38 4 36 95 88 27 31 2 35 83 60 14 68 69 75 96 48 44 80 87 29 74 52 3 79 16 94 22 70 33 92 66 71 37 61 42 32 78 39 5 76 40 53 49 73 18 17 19 82 23 25 28 9 54 55 20 84 43 72 45 13 90 91 6 41 99
157
74 41 147 141 9 35 88 137 84 101 24 134 111 150 126 68 92 105 153 22 146 131 130 28 42 109 20 10 5 15 47 144 154 120 87 142 82 55 103 110 39 71 11 52 155 113 135 67 72 86 119 60 44 98 78 117 125 95 145 7 31 115 122 127 69 94 46 132 123 65 96 90 104 114 100 51 50 108 4 83 118 156 17 59 149 12 66 70 75 29 21 2 64 38 36 49 99 138 3 43 124 45 112 81 25 97 54 143 14 93 58 73 30 133 107 16 116 129 32 76 136 53 85 61 23 77 152 18 121 34 148 13 19 62 6 106 37 63 1 91 128 140 79 80 56 40 89 157 57 27 8 48 26 102 139 33 151
54
24 25 26 27 28 29 30 31 32 33 34 35 36 37 38 39 40 41 42 43 44 45 46 47 48 49 50 51 52 53 54 1 2 3 4 5 6 7 8 9 10 11 12 13 14 15 16 17 18 19 20 21 22 23
69
25 63 50 10 30 39 64 58 37 40 51 62 35 8 23 15 41 5 29 46 65 26 16 32 48 20 27 59 31 66 52 13 68 11 54 9 45 6 1 17 33 22 7 47 3 38 42 69 36 53 43 19 21 61 24 4 34 60 18 12 14 49 56 57 28 44 2 67 55
63
28 61 62 60 54 5 3 31 2 39 21 49 42 51 12 44 11 63 17 35 23 47 7 55 27 56 1 38 6 26 59 32 37 30 40 8 50 43 33 46 16 15 9 20 53 48 29 22 13 18 25 34 52 14 10 58 4 36 45 41 57 24 19
179
67 163 83 36 120 84 72 59 124 154 74 100 62 135 60 27 89 134 73 46 49 97 121 166 160 10 93 169 63 141 108 107 86 23 150 18 145 82 53 101 157 66 39 9 40 34 90 112 85 122 175 127 153 28 54 81 144 116 47 138 80 88 51 167 29 130 3 14 33 110 78 172 17 70 16 159 22 176 125 94 1 109 118 69 105 179 117 171 24 119 168 173 139 103 50 91 126 152 170 161 55 41 177 56 79 123 113 76 146 164 38 25 162 13 92 64 151 65 15 136 5 30 11 77 133 128 102 42 158 104 143 142 155 21 75 156 95 20 19 174 147 87 131 148 115 165 43 132 52 137 71 57 178 149 2 114 12 99 7 37 68 129 44 96 26 111 48 61 8 106 98 58 140 35 31 45 32 6 4
46
1 46 45 44 43 42 41 40 39 38 37 36 35 34 33 32 31 30 29 28 27 26 25 24 23 22 21 20 19 18 17 16 15 14 13 12 11 10 9 8 7 6 5 4 3 2
4
1 2 4 3
97
12 13 14 15 16 17 18 19 20 21 22 23 24 25 26 27 28 29 30 31 32 33 34 35 36 37 38 39 40 41 42 43 44 45 46 47 48 49 50 51 52 53 54 55 56 57 58 59 60 61 62 63 64 65 66 67 68 69 70 71 72 73 74 75 76 77 78 79 80 81 82 83 84 85 86 87 88 89 90 91 92 93 94 95 96 97 1 2 3 4 5 6 7 8 9 10 11
164
42 70 144 129 95 5 80 140 12 52 29 98 150 106 4 44 69 112 151 139 141 72 83 111 38 15 124 60 107 61 135 133 91 18 41 75 79 26 102 21 154 100 54 1 105 123 92 78 46 24 62 17 36 64 50 136 25 33 32 51 109 125 159 155 86 43 13 161 101 130 146 34 93 47 2 39 89 128 118 113 20 57 63 108 103 45 121 14 162 6 77 66 68 40 27 137 157 31 110 164 138 148 131 115 37 23 116 16 142 48 82 153 19 28 163 149 85 84 35 11 67 49 117 87 143 126 145 3 9 127 74 158 120 114 65 104 97 76 30 90 59 152 88 94 119 96 8 134 122 56 73 10 22 156 7 81 99 55 132 160 53 58 71 147
33
25 10 6 22 21 28 18 23 24 12 16 15 7 2 27 5 20 1 11 9 4 26 33 13 19 14 8 30 3 32 31 17 29
66
34 20 6 56 52 21 65 14 7 42 51 39 23 29 45 40 61 1 58 35 38 19 10 32 3 64 60 24 17 46 13 55 12 28 22 48 9 31 50 41 18 44 30 5 33 59 25 63 49 62 54 15 27 47 36 8 57 4 66 11 16 43 26 37 2 53
62
51 50 49 48 47 46 45 44 43 42 41 40 39 38 37 36 35 34 33 32 31 30 29 28 27 26 25 24 23 22 21 20 19 18 17 16 15 14 13 12 11 10 9 8 7 6 5 4 3 2 1 62 61 60 59 58 57 56 55 54 53 52
183
25 48 143 1 43 127 10 58 14 121 20 28 175 6 144 136 179 98 153 63 53 64 152 84 37 132 50 139 94 5 55 107 137 3 71 124 51 81 32 165 69 106 131 74 44 172 41 99 108 177 92 16 68 83 96 30 42 128 7 171 183 130 126 149 15 88 113 38 31 56 89 154 18 62 11 101 9 93 33 34 159 115 100 80 114 105 86 22 57 116 133 169 148 75 26 77 142 52 155 170 109 181 72 65 134 174 85 27 24 123 21 146 104 157 36 166 164 76 176 39 91 141 40 112 150 2 66 12 54 4 145 120 35 82 103 67 110 160 95 102 49 161 178 79 117 163 70 8 151 129 162 158 125 180 135 60 46 173 118 87 47 168 138 140 167 17 90 45 122 111 19 61 156 78 73 182 29 59 147 13 23 119 97
187
103 102 101 100 99 98 97 96 95 94 93 92 91 90 89 88 87 86 85 84 83 82 81 80 79 78 77 76 75 74 73 72 71 70 69 68 67 66 65 64 63 62 61 60 59 58 57 56 55 54 53 52 51 50 49 48 47 46 45 44 43 42 41 40 39 38 37 36 35 34 33 32 31 30 29 28 27 26 25 24 23 22 21 20 19 18 17 16 15 14 13 12 11 10 9 8 7 6 5 4 3 2 1 187 186 185 184 183 182 181 180 179 178 177 176 175 174 173 172 171 170 169 168 167 166 165 164 163 162 161 160 159 158 157 156 155 154 153 152 151 150 149 148 147 146 145 144 143 142 141 140 139 138 137 136 135 134 133 132 131 130 129 128 127 126 125 124 123 122 121 120 119 118 117 116 115 114 113 112 111 110 109 108 107 106 105 104
60
39 40 33 14 7 17 29 52 22 43 54 24 21 5 31 49 20 11 53 4 27 26 37 18 19 47 32 3 13 60 45 1 48 35 50 46 9 23 10 42 38 6 34 36 57 28 15 44 8 51 16 12 56 55 30 2 41 59 25 58
196
23 22 21 20 19 18 17 16 15 14 13 12 11 10 9 8 7 6 5 4 3 2 1 196 195 194 193 192 191 190 189 188 187 186 185 184 183 182 181 180 179 178 177 176 175 174 173 172 171 170 169 168 167 166 165 164 163 162 161 160 159 158 157 156 155 154 153 152 151 150 149 148 147 146 145 144 143 142 141 140 139 138 137 136 135 134 133 132 131 130 129 128 127 126 125 124 123 122 121 120 119 118 117 116 115 114 113 112 111 110 109 108 107 106 105 104 103 102 101 100 99 98 97 96 95 94 93 92 91 90 89 88 87 86 85 84 83 82 81 80 79 78 77 76 75 74 73 72 71 70 69 68 67 66 65 64 63 62 61 60 59 58 57 56 55 54 53 52 51 50 49 48 47 46 45 44 43 42 41 40 39 38 37 36 35 34 33 32 31 30 29 28 27 26 25 24
187
94 95 96 97 98 99 100 101 102 103 104 105 106 107 108 109 110 111 112 113 114 115 116 117 118 119 120 121 122 123 124 125 126 127 128 129 130 131 132 133 134 135 136 137 138 139 140 141 142 143 144 145 146 147 148 149 150 151 152 153 154 155 156 157 158 159 160 161 162 163 164 165 166 167 168 169 170 171 172 173 174 175 176 177 178 179 180 181 182 183 184 185 186 187 1 2 3 4 5 6 7 8 9 10 11 12 13 14 15 16 17 18 19 20 21 22 23 24 25 26 27 28 29 30 31 32 33 34 35 36 37 38 39 40 41 42 43 44 45 46 47 48 49 50 51 52 53 54 55 56 57 58 59 60 61 62 63 64 65 66 67 68 69 70 71 72 73 74 75 76 77 78 79 80 81 82 83 84 85 86 87 88 89 90 91 92 93
41
19 31 1 16 26 21 9 7 17 34 32 4 14 22 41 25 36 15 2 3 20 18 30 23 27 28 24 33 11 29 40 13 37 12 10 38 8 35 5 39 6
181
70 71 72 73 74 75 76 77 78 79 80 81 82 83 84 85 86 87 88 89 90 91 92 93 94 95 96 97 98 99 100 101 102 103 104 105 106 107 108 109 110 111 112 113 114 115 116 117 118 119 120 121 122 123 124 125 126 127 128 129 130 131 132 133 134 135 136 137 138 139 140 141 142 143 144 145 146 147 148 149 150 151 152 153 154 155 156 157 158 159 160 161 162 163 164 165 166 167 168 169 170 171 172 173 174 175 176 177 178 179 180 181 1 2 3 4 5 6 7 8 9 10 11 12 13 14 15 16 17 18 19 20 21 22 23 24 25 26 27 28 29 30 31 32 33 34 35 36 37 38 39 40 41 42 43 44 45 46 47 48 49 50 51 52 53 54 55 56 57 58 59 60 61 62 63 64 65 66 67 68 69
180
84 174 48 27 25 98 3 46 178 165 139 39 143 85 69 177 117 17 32 102 147 51 82 169 18 128 86 96 2 153 99 12 150 24 76 115 123 110 88 50 94 26 148 42 112 68 93 135 155 173 67 151 10 78 149 107 29 133 28 125 132 121 47 38 15 113 33 104 129 35 162 81 163 61 41 180 119 43 8 5 156 175 77 140 40 16 160 73 172 126 75 57 71 131 158 31 83 154 142 53 74 176 179 103 120 14 138 90 66 59 159 21 37 62 58 100 111 36 124 152 157 144 64 95 70 97 13 22 1 127 23 167 45 108 101 145 80 65 130 4 105 171 91 92 168 137 170 52 141 136 11 72 87 116 122 134 49 19 44 56 89 6 60 63 164 106 55 7 109 161 166 30 54 114 79 34 118 20 9 146
186
159 144 125 7 86 82 6 34 151 97 147 133 112 50 154 87 134 13 148 115 169 40 166 95 38 94 79 129 162 163 49 42 111 66 127 139 17 59 158 109 130 71 55 100 64 114 138 128 60 93 117 135 21 5 18 178 116 73 22 85 183 65 185 81 75 164 72 184 41 35 77 14 80 54 98 136 155 131 149 12 105 45 175 37 121 186 179 76 104 177 39 157 1 91 119 180 132 170 171 143 8 92 161 4 137 165 83 44 108 9 96 118 103 168 113 32 102 142 173 57 120 43 167 124 26 99 27 56 107 61 146 29 46 153 62 20 88 160 181 48 101 152 31 122 67 10 51 172 3 74 15 24 16 68 84 23 53 145 123 11 90 25 33 36 110 150 106 156 89 78 47 126 182 176 63 174 69 58 2 28 70 141 52 19 30 140
186
10 30 167 117 21 74 174 32 158 56 39 144 102 60 92 36 95 15 93 150 171 28 22 110 20 133 124 8 85 175 177 4 70 151 27 81 55 35 183 104 165 147 48 40 12 123 1 82 136 67 62 13 72 87 78 38 115 149 120 106 176 160 79 88 118 7 46 105 42 134 83 25 170 91 75 14 113 162 73 173 132 43 33 29 169 26 34 53 5 100 54 108 44 64 138 131 24 157 94 140 148 3 168 2 156 41 59 181 112 31 179 77 6 130 17 9 185 142 16 71 119 154 137 89 126 50 111 49 84 145 127 161 141 125 178 45 116 186 103 51 23 128 155 97 146 63 109 80 86 98 163 66 182 19 139 57 164 11 68 166 114 18 99 37 58 47 101 121 159 180 122 107 65 152 76 172 69 153 61 143 129 90 52 135 184 96
161
1 59 149 87 139 25 40 78 55 112 142 103 94 134 37 113 143 56 148 109 98 9 150 12 31 93 72 13 65 89 49 6 38 133 131 74 27 76 30 7 17 18 2 129 58 121 11 44 114 15 120 102 152 105 154 99 75 50 35 146 39 156 147 62 52 29 84 46 96 155 90 3 34 26 82 16 54 86 69 92 20 32 41 137 67 42 130 10 5 107 4 145 132 119 91 51 125 135 85 141 71 47 106 23 45 108 126 43 22 161 122 83 95 53 118 36 81 33 111 63 153 48 158 21 60 8 66 101 77 124 14 80 61 70 151 68 28 104 157 117 144 159 79 128 97 73 160 64 123 110 115 138 116 127 88 57 136 100 24 19 140
94
74 73 72 71 70 69 68 67 66 65 64 63 62 61 60 59 58 57 56 55 54 53 52 51 50 49 48 47 46 45 44 43 42 41 40 39 38 37 36 35 34 33 32 31 30 29 28 27 26 25 24 23 22 21 20 19 18 17 16 15 14 13 12 11 10 9 8 7 6 5 4 3 2 1 94 93 92 91 90 89 88 87 86 85 84 83 82 81 80 79 78 77 76 75
147
136 39 83 13 54 9 18 121 124 75 126 22 35 19 53 105 15 116 137 95 98 118 139 16 143 142 63 21 74 23 58 114 26 31 122 55 3 61 11 70 12 113 1 8 34 20 81 30 134 37 107 64 129 127 2 65 138 96 140 47 112 94 117 123 125 89 46 38 67 42 147 45 32 100 101 97 25 93 77 86 108 17 104 51 73 141 82 76 33 10 144 131 80 69 91 41 71 5 102 120 79 52 40 7 6 146 60 28 135 72 119 92 145 85 29 103 87 78 27 50 68 109 84 59 128 110 57 130 106 4 56 24 133 62 14 132 115 111 66 49 36 88 44 48 43 99 90
65
16 15 14 13 12 11 10 9 8 7 6 5 4 3 2 1 65 64 63 62 61 60 59 58 57 56 55 54 53 52 51 50 49 48 47 46 45 44 43 42 41 40 39 38 37 36 35 34 33 32 31 30 29 28 27 26 25 24 23 22 21 20 19 18 17
12
2 4 9 1 6 10 8 11 3 7 5 12
69
56 43 58 15 69 8 23 65 25 67 7 1 9 68 35 18 38 40 66 16 37 12 42 5 29 27 19 41 50 51 54 61 24 21 64 36 62 13 63 32 4 2 31 6 30 34 39 48 53 47 11 46 3 17 26 55 49 44 28 57 10 22 52 60 59 20 45 14 33
26
25 11 1 9 24 6 8 4 10 5 20 7 22 17 21 26 19 12 16 14 13 23 2 15 18 3
115
113 114 115 1 2 3 4 5 6 7 8 9 10 11 12 13 14 15 16 17 18 19 20 21 22 23 24 25 26 27 28 29 30 31 32 33 34 35 36 37 38 39 40 41 42 43 44 45 46 47 48 49 50 51 52 53 54 55 56 57 58 59 60 61 62 63 64 65 66 67 68 69 70 71 72 73 74 75 76 77 78 79 80 81 82 83 84 85 86 87 88 89 90 91 92 93 94 95 96 97 98 99 100 101 102 103 104 105 106 107 108 109 110 111 112
44
22 37 42 21 18 11 41 32 13 44 35 31 3 34 28 43 29 7 36 16 38 14 40 26 23 30 1 6 2 25 4 9 8 5 39 33 15 24 27 10 12 19 17 20
138
28 122 67 66 71 125 3 69 36 86 59 108 44 75 135 42 84 87 109 132 62 94 34 19 7 104 119 92 16 32 138 41 47 5 113 63 22 30 80 1 8 134 46 111 81 121 52 58 48 50 64 43 137 101 82 24 127 90 12 78 38 118 29 130 21 96 83 105 31 112 14 70 115 131 40 9 37 133 17 95 60 11 126 25 114 20 93 99 72 39 54 136 15 53 89 110 2 26 102 98 33 124 6 128 74 45 88 4 85 91 57 129 51 27 120 117 68 61 49 79 106 107 35 73 77 55 100 76 103 23 116 10 56 123 97 65 18 13
136
99 17 15 68 49 57 90 63 113 19 120 21 35 117 11 53 97 136 134 126 6 16 13 59 20 50 131 80 39 64 56 118 129 94 9 54 101 91 29 98 123 87 23 12 81 78 73 72 76 100 108 61 92 32 14 67 111 45 133 70 34 115 93 84 114 47 36 10 102 55 69 46 110 62 2 5 52 24 30 43 130 22 128 83 96 85 89 33 88 65 48 116 44 95 132 42 109 40 38 27 28 8 25 79 37 26 75 41 119 1 60 86 7 135 127 74 58 71 112 103 31 51 105 82 124 121 122 107 125 18 77 104 3 106 4 66
50
26 27 28 29 30 31 32 33 34 35 36 37 38 39 40 41 42 43 44 45 46 47 48 49 50 1 2 3 4 5 6 7 8 9 10 11 12 13 14 15 16 17 18 19 20 21 22 23 24 25
50
32 29 4 18 14 31 27 21 49 33 23 8 30 38 44 13 34 11 26 17 7 24 46 40 12 47 5 43 16 19 2 41 35 9 48 1 42 36 37 25 28 15 10 6 22 45 3 20 50 39
96
95 96 1 2 3 4 5 6 7 8 9 10 11 12 13 14 15 16 17 18 19 20 21 22 23 24 25 26 27 28 29 30 31 32 33 34 35 36 37 38 39 40 41 42 43 44 45 46 47 48 49 50 51 52 53 54 55 56 57 58 59 60 61 62 63 64 65 66 67 68 69 70 71 72 73 74 75 76 77 78 79 80 81 82 83 84 85 86 87 88 89 90 91 92 93 94
175
86 74 166 46 160 9 101 68 4 73 106 45 89 18 157 156 14 77 111 19 17 119 128 163 145 165 138 40 123 48 26 33 161 126 130 102 62 95 152 174 91 113 103 1 21 5 30 2 147 141 97 137 129 170 162 10 127 167 54 66 53 151 105 120 70 75 31 173 78 79 136 47 149 146 117 133 172 159 90 7 110 155 49 27 154 16 168 42 32 108 98 61 57 169 11 25 116 99 41 88 85 63 158 76 144 24 118 36 109 82 8 135 43 134 13 67 28 121 34 81 15 164 72 58 12 140 20 6 23 87 143 83 153 132 37 64 150 60 114 50 122 69 22 139 100 142 71 112 84 44 148 59 29 35 115 104 38 39 94 107 3 171 93 80 125 92 131 124 51 52 175 96 65 55 56
36
27 26 25 24 23 22 21 20 19 18 17 16 15 14 13 12 11 10 9 8 7 6 5 4 3 2 1 36 35 34 33 32 31 30 29 28
38
18 17 16 15 14 13 12 11 10 9 8 7 6 5 4 3 2 1 38 37 36 35 34 33 32 31 30 29 28 27 26 25 24 23 22 21 20 19
130
74 75 76 77 78 79 80 81 82 83 84 85 86 87 88 89 90 91 92 93 94 95 96 97 98 99 100 101 102 103 104 105 106 107 108 109 110 111 112 113 114 115 116 117 118 119 120 121 122 123 124 125 126 127 128 129 130 1 2 3 4 5 6 7 8 9 10 11 12 13 14 15 16 17 18 19 20 21 22 23 24 25 26 27 28 29 30 31 32 33 34 35 36 37 38 39 40 41 42 43 44 45 46 47 48 49 50 51 52 53 54 55 56 57 58 59 60 61 62 63 64 65 66 67 68 69 70 71 72 73
40
6 22 18 11 25 26 37 31 24 23 12 21 38 17 20 16 40 33 28 32 2 39 36 3 14 7 9 34 15 19 29 27 8 10 35 1 30 13 4 5
90
25 24 23 22 21 20 19 18 17 16 15 14 13 12 11 10 9 8 7 6 5 4 3 2 1 90 89 88 87 86 85 84 83 82 81 80 79 78 77 76 75 74 73 72 71 70 69 68 67 66 65 64 63 62 61 60 59 58 57 56 55 54 53 52 51 50 49 48 47 46 45 44 43 42 41 40 39 38 37 36 35 34 33 32 31 30 29 28 27 26
181
53 169 179 153 152 174 72 100 41 138 81 68 82 127 58 32 175 77 156 178 101 74 115 145 148 42 44 134 176 69 133 151 33 88 167 141 168 18 93 34 7 55 84 118 50 116 126 114 177 143 57 66 120 27 164 108 59 165 150 8 43 144 136 180 135 29 90 15 155 137 160 91 99 40 12 4 110 166 73 13 131 83 95 119 67 21 125 63 106 60 113 171 19 76 104 98 154 102 47 20 28 172 22 142 10 121 163 140 96 129 132 105 16 173 2 79 181 17 161 78 25 24 122 49 107 1 48 61 158 64 92 128 38 130 54 23 5 75 11 52 112 6 46 162 35 94 123 159 170 146 103 3 117 56 89 62 31 109 65 80 87 36 45 147 9 139 111 14 30 37 70 149 71 124 86 157 97 26 85 51 39
67
1 67 66 65 64 63 62 61 60 59 58 57 56 55 54 53 52 51 50 49 48 47 46 45 44 43 42 41 40 39 38 37 36 35 34 33 32 31 30 29 28 27 26 25 24 23 22 21 20 19 18 17 16 15 14 13 12 11 10 9 8 7 6 5 4 3 2
44
21 1 15 26 8 33 44 7 42 38 12 22 30 25 31 14 16 13 34 35 18 27 2 43 9 11 41 17 6 36 24 20 10 28 19 39 40 4 32 3 37 23 5 29
193
144 84 31 190 124 77 90 19 118 173 9 120 145 43 103 64 109 128 100 99 15 162 98 106 171 156 55 189 130 58 46 10 20 44 6 112 21 75 4 92 143 163 8 41 87 57 27 179 108 39 74 86 125 133 35 7 185 25 23 114 177 168 16 131 48 52 137 102 33 183 37 91 181 34 187 116 154 140 53 60 18 22 147 178 13 49 38 157 51 148 80 191 24 40 107 65 50 115 5 155 56 96 134 59 149 138 172 72 70 176 110 174 113 88 17 165 101 151 126 121 45 122 12 62 141 132 28 158 180 119 32 188 73 153 95 26 79 135 167 66 159 139 193 71 93 142 136 170 160 36 85 150 105 30 3 63 129 184 161 146 186 117 175 104 1 169 83 47 123 69 76 182 89 192 54 11 78 152 82 14 68 67 42 164 81 61 127 94 166 97 111 2 29
174
116 117 118 119 120 121 122 123 124 125 126 127 128 129 130 131 132 133 134 135 136 137 138 139 140 141 142 143 144 145 146 147 148 149 150 151 152 153 154 155 156 157 158 159 160 161 162 163 164 165 166 167 168 169 170 171 172 173 174 1 2 3 4 5 6 7 8 9 10 11 12 13 14 15 16 17 18 19 20 21 22 23 24 25 26 27 28 29 30 31 32 33 34 35 36 37 38 39 40 41 42 43 44 45 46 47 48 49 50 51 52 53 54 55 56 57 58 59 60 61 62 63 64 65 66 67 68 69 70 71 72 73 74 75 76 77 78 79 80 81 82 83 84 85 86 87 88 89 90 91 92 93 94 95 96 97 98 99 100 101 102 103 104 105 106 107 108 109 110 111 112 113 114 115
79
41 40 39 38 37 36 35 34 33 32 31 30 29 28 27 26 25 24 23 22 21 20 19 18 17 16 15 14 13 12 11 10 9 8 7 6 5 4 3 2 1 79 78 77 76 75 74 73 72 71 70 69 68 67 66 65 64 63 62 61 60 59 58 57 56 55 54 53 52 51 50 49 48 47 46 45 44 43 42
108
34 87 4 20 99 42 35 82 100 7 107 72 103 108 104 70 66 2 19 36 79 11 64 46 60 81 94 47 63 8 59 3 48 33 14 97 89 49 78 52 53 30 38 43 39 91 67 44 12 15 57 16 105 54 41 23 74 88 29 50 95 106 31 75 84 5 102 51 73 32 92 77 93 24 69 83 1 68 85 26 6 55 56 9 86 28 65 58 18 96 37 45 76 40 21 10 62 80 25 71 13 61 27 98 90 101 22 17
6
3 5 6 1 2 4
32
20 21 22 23 24 25 26 27 28 29 30 31 32 1 2 3 4 5 6 7 8 9 10 11 12 13 14 15 16 17 18 19
167
152 140 37 75 41 3 96 110 101 125 25 65 7 115 12 166 1 90 114 94 142 123 53 79 138 38 104 164 59 98 14 72 76 109 52 15 151 103 163 66 137 91 6 143 61 43 150 127 108 99 64 117 102 165 111 120 18 9 77 112 85 74 21 154 63 144 95 70 92 27 67 84 60 148 160 156 149 106 11 44 105 129 87 33 54 161 133 139 24 32 78 82 34 100 26 50 51 73 147 119 68 46 35 153 30 136 17 135 71 22 2 107 55 93 162 146 167 56 128 28 29 31 48 10 5 69 20 23 141 8 97 132 62 86 47 45 130 157 89 113 58 126 13 145 4 19 121 88 40 122 159 118 158 124 49 16 83 81 36 57 155 131 80 134 42 39 116
127
19 18 17 16 15 14 13 12 11 10 9 8 7 6 5 4 3 2 1 127 126 125 124 123 122 121 120 119 118 117 116 115 114 113 112 111 110 109 108 107 106 105 104 103 102 101 100 99 98 97 96 95 94 93 92 91 90 89 88 87 86 85 84 83 82 81 80 79 78 77 76 75 74 73 72 71 70 69 68 67 66 65 64 63 62 61 60 59 58 57 56 55 54 53 52 51 50 49 48 47 46 45 44 43 42 41 40 39 38 37 36 35 34 33 32 31 30 29 28 27 26 25 24 23 22 21 20
34
6 5 4 3 2 1 34 33 32 31 30 29 28 27 26 25 24 23 22 21 20 19 18 17 16 15 14 13 12 11 10 9 8 7
156
64 63 62 61 60 59 58 57 56 55 54 53 52 51 50 49 48 47 46 45 44 43 42 41 40 39 38 37 36 35 34 33 32 31 30 29 28 27 26 25 24 23 22 21 20 19 18 17 16 15 14 13 12 11 10 9 8 7 6 5 4 3 2 1 156 155 154 153 152 151 150 149 148 147 146 145 144 143 142 141 140 139 138 137 136 135 134 133 132 131 130 129 128 127 126 125 124 123 122 121 120 119 118 117 116 115 114 113 112 111 110 109 108 107 106 105 104 103 102 101 100 99 98 97 96 95 94 93 92 91 90 89 88 87 86 85 84 83 82 81 80 79 78 77 76 75 74 73 72 71 70 69 68 67 66 65
199
98 99 100 101 102 103 104 105 106 107 108 109 110 111 112 113 114 115 116 117 118 119 120 121 122 123 124 125 126 127 128 129 130 131 132 133 134 135 136 137 138 139 140 141 142 143 144 145 146 147 148 149 150 151 152 153 154 155 156 157 158 159 160 161 162 163 164 165 166 167 168 169 170 171 172 173 174 175 176 177 178 179 180 181 182 183 184 185 186 187 188 189 190 191 192 193 194 195 196 197 198 199 1 2 3 4 5 6 7 8 9 10 11 12 13 14 15 16 17 18 19 20 21 22 23 24 25 26 27 28 29 30 31 32 33 34 35 36 37 38 39 40 41 42 43 44 45 46 47 48 49 50 51 52 53 54 55 56 57 58 59 60 61 62 63 64 65 66 67 68 69 70 71 72 73 74 75 76 77 78 79 80 81 82 83 84 85 86 87 88 89 90 91 92 93 94 95 96 97
194
110 35 128 40 64 25 176 5 103 47 125 153 147 188 17 167 105 182 192 2 42 99 84 73 179 71 26 172 41 151 146 160 149 86 79 76 95 144 155 163 133 126 77 190 168 57 104 130 87 13 69 111 157 166 187 16 91 27 115 55 66 122 51 191 28 80 33 52 193 70 39 81 58 63 142 185 22 170 62 156 184 175 181 4 186 88 100 38 56 94 14 44 8 92 171 177 19 12 180 152 139 154 53 109 43 97 120 65 150 10 98 178 82 132 78 15 123 89 121 173 137 29 18 106 3 141 101 34 37 23 50 165 85 36 135 107 49 124 136 74 127 148 24 159 158 183 59 143 194 20 131 54 102 108 134 169 129 30 6 138 116 96 21 161 7 90 162 113 118 117 31 46 60 189 140 145 11 48 114 67 9 83 75 61 164 72 1 32 174 45 93 68 112 119
188
173 174 175 176 177 178 179 180 181 182 183 184 185 186 187 188 1 2 3 4 5 6 7 8 9 10 11 12 13 14 15 16 17 18 19 20 21 22 23 24 25 26 27 28 29 30 31 32 33 34 35 36 37 38 39 40 41 42 43 44 45 46 47 48 49 50 51 52 53 54 55 56 57 58 59 60 61 62 63 64 65 66 67 68 69 70 71 72 73 74 75 76 77 78 79 80 81 82 83 84 85 86 87 88 89 90 91 92 93 94 95 96 97 98 99 100 101 102 103 104 105 106 107 108 109 110 111 112 113 114 115 116 117 118 119 120 121 122 123 124 125 126 127 128 129 130 131 132 133 134 135 136 137 138 139 140 141 142 143 144 145 146 147 148 149 150 151 152 153 154 155 156 157 158 159 160 161 162 163 164 165 166 167 168 169 170 171 172
131
95 98 114 61 124 112 110 75 128 88 115 35 22 38 121 49 113 90 67 34 29 37 7 12 92 25 79 123 54 58 24 52 63 59 94 125 6 86 57 17 107 129 93 108 104 9 126 51 70 122 5 116 36 31 26 119 78 89 42 19 77 74 45 66 127 69 21 55 56 97 4 48 73 46 47 3 82 32 43 16 10 20 106 64 101 109 23 85 41 76 99 44 65 105 27 102 80 100 111 11 72 60 120 1 118 131 33 18 8 28 2 130 87 71 117 84 15 96 62 40 13 83 81 30 14 91 103 68 50 39 53
21
11 7 14 13 3 15 12 4 2 6 18 9 16 21 17 1 5 10 19 8 20
11
5 2 3 1 7 4 10 9 8 11 6
102
96 36 41 20 45 3 34 46 23 13 98 74 30 61 66 59 47 67 49 53 50 89 63 82 92 102 35 8 32 100 38 52 68 10 101 33 44 99 37 1 48 22 11 2 60 65 42 76 84 43 12 87 6 83 15 7 51 79 77 25 64 54 21 17 95 39 90 80 93 5 29 91 16 28 71 27 18 78 72 9 75 85 62 97 81 58 31 55 94 56 19 73 40 69 88 24 14 4 86 70 26 57
84
80 79 78 77 76 75 74 73 72 71 70 69 68 67 66 65 64 63 62 61 60 59 58 57 56 55 54 53 52 51 50 49 48 47 46 45 44 43 42 41 40 39 38 37 36 35 34 33 32 31 30 29 28 27 26 25 24 23 22 21 20 19 18 17 16 15 14 13 12 11 10 9 8 7 6 5 4 3 2 1 84 83 82 81
19
9 10 11 12 13 14 15 16 17 18 19 1 2 3 4 5 6 7 8
190
105 106 107 108 109 110 111 112 113 114 115 116 117 118 119 120 121 122 123 124 125 126 127 128 129 130 131 132 133 134 135 136 137 138 139 140 141 142 143 144 145 146 147 148 149 150 151 152 153 154 155 156 157 158 159 160 161 162 163 164 165 166 167 168 169 170 171 172 173 174 175 176 177 178 179 180 181 182 183 184 185 186 187 188 189 190 1 2 3 4 5 6 7 8 9 10 11 12 13 14 15 16 17 18 19 20 21 22 23 24 25 26 27 28 29 30 31 32 33 34 35 36 37 38 39 40 41 42 43 44 45 46 47 48 49 50 51 52 53 54 55 56 57 58 59 60 61 62 63 64 65 66 67 68 69 70 71 72 73 74 75 76 77 78 79 80 81 82 83 84 85 86 87 88 89 90 91 92 93 94 95 96 97 98 99 100 101 102 103 104
16
5 11 1 12 9 7 2 14 15 10 13 4 8 16 3 6
144
17 7 53 113 78 115 129 4 32 140 138 33 110 84 98 123 22 57 106 103 42 59 91 39 6 51 85 127 144 34 25 111 143 28 134 104 141 128 75 31 92 15 64 44 38 35 93 52 88 5 76 87 18 125 62 105 133 130 61 109 90 13 112 114 47 118 27 40 102 135 68 137 116 95 122 108 89 71 43 63 96 29 83 82 36 3 60 11 67 66 100 121 74 101 79 2 99 1 10 94 16 81 80 24 119 58 8 21 126 69 77 54 107 72 55 65 120 131 86 139 136 14 56 48 19 41 49 132 117 70 12 23 9 20 37 30 142 46 26 50 124 73 97 45
135
79 80 81 82 83 84 85 86 87 88 89 90 91 92 93 94 95 96 97 98 99 100 101 102 103 104 105 106 107 108 109 110 111 112 113 114 115 116 117 118 119 120 121 122 123 124 125 126 127 128 129 130 131 132 133 134 135 1 2 3 4 5 6 7 8 9 10 11 12 13 14 15 16 17 18 19 20 21 22 23 24 25 26 27 28 29 30 31 32 33 34 35 36 37 38 39 40 41 42 43 44 45 46 47 48 49 50 51 52 53 54 55 56 57 58 59 60 61 62 63 64 65 66 67 68 69 70 71 72 73 74 75 76 77 78
170
101 100 99 98 97 96 95 94 93 92 91 90 89 88 87 86 85 84 83 82 81 80 79 78 77 76 75 74 73 72 71 70 69 68 67 66 65 64 63 62 61 60 59 58 57 56 55 54 53 52 51 50 49 48 47 46 45 44 43 42 41 40 39 38 37 36 35 34 33 32 31 30 29 28 27 26 25 24 23 22 21 20 19 18 17 16 15 14 13 12 11 10 9 8 7 6 5 4 3 2 1 170 169 168 167 166 165 164 163 162 161 160 159 158 157 156 155 154 153 152 151 150 149 148 147 146 145 144 143 142 141 140 139 138 137 136 135 134 133 132 131 130 129 128 127 126 125 124 123 122 121 120 119 118 117 116 115 114 113 112 111 110 109 108 107 106 105 104 103 102
196
156 157 158 159 160 161 162 163 164 165 166 167 168 169 170 171 172 173 174 175 176 177 178 179 180 181 182 183 184 185 186 187 188 189 190 191 192 193 194 195 196 1 2 3 4 5 6 7 8 9 10 11 12 13 14 15 16 17 18 19 20 21 22 23 24 25 26 27 28 29 30 31 32 33 34 35 36 37 38 39 40 41 42 43 44 45 46 47 48 49 50 51 52 53 54 55 56 57 58 59 60 61 62 63 64 65 66 67 68 69 70 71 72 73 74 75 76 77 78 79 80 81 82 83 84 85 86 87 88 89 90 91 92 93 94 95 96 97 98 99 100 101 102 103 104 105 106 107 108 109 110 111 112 113 114 115 116 117 118 119 120 121 122 123 124 125 126 127 128 129 130 131 132 133 134 135 136 137 138 139 140 141 142 143 144 145 146 147 148 149 150 151 152 153 154 155
78
17 5 18 47 10 69 57 24 67 31 1 37 16 30 12 76 64 54 15 46 56 26 44 61 73 58 52 2 65 6 28 38 32 51 23 35 39 50 77 66 11 55 45 71 20 9 34 48 13 7 78 60 43 63 33 19 68 4 25 72 75 40 22 62 74 14 41 59 70 36 53 8 21 42 29 3 27 49
53
36 37 38 39 40 41 42 43 44 45 46 47 48 49 50 51 52 53 1 2 3 4 5 6 7 8 9 10 11 12 13 14 15 16 17 18 19 20 21 22 23 24 25 26 27 28 29 30 31 32 33 34 35
41
13 39 18 36 38 16 35 8 22 33 30 34 20 21 32 10 40 4 24 6 5 23 41 3 25 15 9 11 28 2 14 27 1 37 29 7 31 19 17 26 12
