70
21
14 18 16 17 12 20 15 8 19 4 21 11 9 13 2 5 1 10 3 7 6
50
22 23 24 25 26 27 28 29 30 31 32 33 34 35 36 37 38 39 40 41 42 43 44 45 46 47 48 49 50 1 2 3 4 5 6 7 8 9 10 11 12 13 14 15 16 17 18 19 20 21
196
166 45 39 110 180 78 97 177 86 87 162 109 168 91 62 173 13 79 56 104 142 55 99 90 58 57 2 83 145 93 155 53 30 196 4 157 125 107 190 135 51 189 121 169 15 16 82 49 68 32 106 8 181 5 114 102 129 171 140 96 184 50 10 187 174 113 195 28 161 127 130 48 146 44 164 151 43 71 123 175 9 160 61 60 63 147 21 72 183 3 25 118 73 137 115 81 148 111 163 29 85 89 59 176 17 186 105 194 1 153 88 27 33 131 141 143 80 119 132 188 128 26 159 116 150 69 95 103 19 120 124 170 20 70 149 6 36 138 37 67 156 40 134 18 178 65 133 52 158 179 23 108 122 112 66 98 38 35 46 22 34 74 54 11 14 75 84 31 7 193 165 41 154 101 182 167 191 139 76 92 100 172 24 94 12 152 126 144 192 64 42 136 185 117 47 77
129
67 68 69 70 71 72 73 74 75 76 77 78 79 80 81 82 83 84 85 86 87 88 89 90 91 92 93 94 95 96 97 98 99 100 101 102 103 104 105 106 107 108 109 110 111 112 113 114 115 116 117 118 119 120 121 122 123 124 125 126 127 128 129 1 2 3 4 5 6 7 8 9 10 11 12 13 14 15 16 17 18 19 20 21 22 23 24 25 26 27 28 29 30 31 32 33 34 35 36 37 38 39 40 41 42 43 44 45 46 47 48 49 50 51 52 53 54 55 56 57 58 59 60 61 62 63 64 65 66
49
43 44 45 46 47 48 49 1 2 3 4 5 6 7 8 9 10 11 12 13 14 15 16 17 18 19 20 21 22 23 24 25 26 27 28 29 30 31 32 33 34 35 36 37 38 39 40 41 42
45
6 5 4 3 2 1 45 44 43 42 41 40 39 38 37 36 35 34 33 32 31 30 29 28 27 26 25 24 23 22 21 20 19 18 17 16 15 14 13 12 11 10 9 8 7
20
11 8 7 4 2 13 20 15 18 12 17 19 14 6 1 9 5 16 3 10
171
48 49 50 51 52 53 54 55 56 57 58 59 60 61 62 63 64 65 66 67 68 69 70 71 72 73 74 75 76 77 78 79 80 81 82 83 84 85 86 87 88 89 90 91 92 93 94 95 96 97 98 99 100 101 102 103 104 105 106 107 108 109 110 111 112 113 114 115 116 117 118 119 120 121 122 123 124 125 126 127 128 129 130 131 132 133 134 135 136 137 138 139 140 141 142 143 144 145 146 147 148 149 150 151 152 153 154 155 156 157 158 159 160 161 162 163 164 165 166 167 168 169 170 171 1 2 3 4 5 6 7 8 9 10 11 12 13 14 15 16 17 18 19 20 21 22 23 24 25 26 27 28 29 30 31 32 33 34 35 36 37 38 39 40 41 42 43 44 45 46 47
134
53 46 7 82 126 21 98 125 30 26 117 56 41 122 8 72 52 65 4 85 99 114 15 123 9 127 128 31 62 95 130 120 113 101 93 133 105 10 92 51 32 77 115 91 42 80 45 23 73 67 40 102 55 83 87 11 29 116 47 66 61 60 49 106 90 34 94 37 64 129 132 78 27 107 17 44 16 89 22 43 19 3 70 63 111 57 20 68 131 124 69 6 58 121 74 36 97 25 110 134 5 38 108 103 59 109 48 33 18 39 118 1 119 81 100 79 88 96 35 84 50 12 54 24 86 13 76 71 112 75 28 14 2 104
93
63 64 65 66 67 68 69 70 71 72 73 74 75 76 77 78 79 80 81 82 83 84 85 86 87 88 89 90 91 92 93 1 2 3 4 5 6 7 8 9 10 11 12 13 14 15 16 17 18 19 20 21 22 23 24 25 26 27 28 29 30 31 32 33 34 35 36 37 38 39 40 41 42 43 44 45 46 47 48 49 50 51 52 53 54 55 56 57 58 59 60 61 62
70
5 70 67 64 11 31 35 69 16 36 12 66 59 34 39 48 44 50 68 10 63 54 21 24 41 46 43 55 1 26 49 51 23 33 27 13 61 40 17 53 45 22 30 7 47 37 60 65 29 2 42 9 6 52 38 62 32 15 4 25 3 56 58 18 8 19 14 20 57 28
66
21 22 23 24 25 26 27 28 29 30 31 32 33 34 35 36 37 38 39 40 41 42 43 44 45 46 47 48 49 50 51 52 53 54 55 56 57 58 59 60 61 62 63 64 65 66 1 2 3 4 5 6 7 8 9 10 11 12 13 14 15 16 17 18 19 20
112
45 46 47 48 49 50 51 52 53 54 55 56 57 58 59 60 61 62 63 64 65 66 67 68 69 70 71 72 73 74 75 76 77 78 79 80 81 82 83 84 85 86 87 88 89 90 91 92 93 94 95 96 97 98 99 100 101 102 103 104 105 106 107 108 109 110 111 112 1 2 3 4 5 6 7 8 9 10 11 12 13 14 15 16 17 18 19 20 21 22 23 24 25 26 27 28 29 30 31 32 33 34 35 36 37 38 39 40 41 42 43 44
186
146 57 52 73 102 98 9 158 96 78 84 4 66 161 113 92 139 24 100 45 169 119 32 134 79 132 71 135 157 42 117 182 124 186 177 118 101 143 150 108 25 59 160 6 142 171 36 162 180 107 109 125 35 127 90 44 123 106 137 172 64 17 8 67 140 29 47 16 178 165 81 72 69 50 166 77 85 62 181 63 105 22 83 76 34 14 99 20 184 13 147 145 46 128 121 168 159 70 54 91 1 103 126 153 3 112 55 149 31 28 141 138 51 37 144 156 136 10 110 27 75 38 15 111 148 175 2 114 151 176 68 33 65 58 94 61 173 130 49 167 74 164 131 80 133 179 87 170 120 163 41 39 11 97 21 19 95 88 12 30 129 115 48 104 18 56 53 60 26 5 89 43 40 93 116 122 154 185 152 183 155 174 7 82 23 86
74
55 56 57 58 59 60 61 62 63 64 65 66 67 68 69 70 71 72 73 74 1 2 3 4 5 6 7 8 9 10 11 12 13 14 15 16 17 18 19 20 21 22 23 24 25 26 27 28 29 30 31 32 33 34 35 36 37 38 39 40 41 42 43 44 45 46 47 48 49 50 51 52 53 54
81
36 35 34 33 32 31 30 29 28 27 26 25 24 23 22 21 20 19 18 17 16 15 14 13 12 11 10 9 8 7 6 5 4 3 2 1 81 80 79 78 77 76 75 74 73 72 71 70 69 68 67 66 65 64 63 62 61 60 59 58 57 56 55 54 53 52 51 50 49 48 47 46 45 44 43 42 41 40 39 38 37
84
33 51 36 23 72 49 48 26 21 52 55 5 6 78 83 20 32 4 67 14 50 38 59 57 60 61 1 30 35 65 24 47 54 12 42 40 3 76 22 11 68 74 73 45 43 75 53 39 46 37 28 66 44 15 84 31 29 77 69 82 2 63 71 80 41 8 27 7 79 13 18 9 34 16 58 17 19 56 64 70 81 62 10 25
27
22 4 11 21 13 10 16 8 6 19 27 25 2 24 1 3 12 14 15 7 20 26 18 17 9 5 23
128
23 24 25 26 27 28 29 30 31 32 33 34 35 36 37 38 39 40 41 42 43 44 45 46 47 48 49 50 51 52 53 54 55 56 57 58 59 60 61 62 63 64 65 66 67 68 69 70 71 72 73 74 75 76 77 78 79 80 81 82 83 84 85 86 87 88 89 90 91 92 93 94 95 96 97 98 99 100 101 102 103 104 105 106 107 108 109 110 111 112 113 114 115 116 117 118 119 120 121 122 123 124 125 126 127 128 1 2 3 4 5 6 7 8 9 10 11 12 13 14 15 16 17 18 19 20 21 22
180
162 161 160 159 158 157 156 155 154 153 152 151 150 149 148 147 146 145 144 143 142 141 140 139 138 137 136 135 134 133 132 131 130 129 128 127 126 125 124 123 122 121 120 119 118 117 116 115 114 113 112 111 110 109 108 107 106 105 104 103 102 101 100 99 98 97 96 95 94 93 92 91 90 89 88 87 86 85 84 83 82 81 80 79 78 77 76 75 74 73 72 71 70 69 68 67 66 65 64 63 62 61 60 59 58 57 56 55 54 53 52 51 50 49 48 47 46 45 44 43 42 41 40 39 38 37 36 35 34 33 32 31 30 29 28 27 26 25 24 23 22 21 20 19 18 17 16 15 14 13 12 11 10 9 8 7 6 5 4 3 2 1 180 179 178 177 176 175 174 173 172 171 170 169 168 167 166 165 164 163
56
39 11 56 41 55 36 51 3 27 12 5 13 38 54 15 20 35 33 26 7 31 19 47 24 30 48 8 2 23 40 45 21 49 43 10 1 18 50 28 16 46 52 37 42 4 32 25 14 34 9 6 17 53 44 22 29
138
125 124 123 122 121 120 119 118 117 116 115 114 113 112 111 110 109 108 107 106 105 104 103 102 101 100 99 98 97 96 95 94 93 92 91 90 89 88 87 86 85 84 83 82 81 80 79 78 77 76 75 74 73 72 71 70 69 68 67 66 65 64 63 62 61 60 59 58 57 56 55 54 53 52 51 50 49 48 47 46 45 44 43 42 41 40 39 38 37 36 35 34 33 32 31 30 29 28 27 26 25 24 23 22 21 20 19 18 17 16 15 14 13 12 11 10 9 8 7 6 5 4 3 2 1 138 137 136 135 134 133 132 131 130 129 128 127 126
122
61 62 63 64 65 66 67 68 69 70 71 72 73 74 75 76 77 78 79 80 81 82 83 84 85 86 87 88 89 90 91 92 93 94 95 96 97 98 99 100 101 102 103 104 105 106 107 108 109 110 111 112 113 114 115 116 117 118 119 120 121 122 1 2 3 4 5 6 7 8 9 10 11 12 13 14 15 16 17 18 19 20 21 22 23 24 25 26 27 28 29 30 31 32 33 34 35 36 37 38 39 40 41 42 43 44 45 46 47 48 49 50 51 52 53 54 55 56 57 58 59 60
37
2 1 37 36 35 34 33 32 31 30 29 28 27 26 25 24 23 22 21 20 19 18 17 16 15 14 13 12 11 10 9 8 7 6 5 4 3
138
46 47 48 49 50 51 52 53 54 55 56 57 58 59 60 61 62 63 64 65 66 67 68 69 70 71 72 73 74 75 76 77 78 79 80 81 82 83 84 85 86 87 88 89 90 91 92 93 94 95 96 97 98 99 100 101 102 103 104 105 106 107 108 109 110 111 112 113 114 115 116 117 118 119 120 121 122 123 124 125 126 127 128 129 130 131 132 133 134 135 136 137 138 1 2 3 4 5 6 7 8 9 10 11 12 13 14 15 16 17 18 19 20 21 22 23 24 25 26 27 28 29 30 31 32 33 34 35 36 37 38 39 40 41 42 43 44 45
104
39 38 37 36 35 34 33 32 31 30 29 28 27 26 25 24 23 22 21 20 19 18 17 16 15 14 13 12 11 10 9 8 7 6 5 4 3 2 1 104 103 102 101 100 99 98 97 96 95 94 93 92 91 90 89 88 87 86 85 84 83 82 81 80 79 78 77 76 75 74 73 72 71 70 69 68 67 66 65 64 63 62 61 60 59 58 57 56 55 54 53 52 51 50 49 48 47 46 45 44 43 42 41 40
38
34 33 32 31 30 29 28 27 26 25 24 23 22 21 20 19 18 17 16 15 14 13 12 11 10 9 8 7 6 5 4 3 2 1 38 37 36 35
176
76 75 74 73 72 71 70 69 68 67 66 65 64 63 62 61 60 59 58 57 56 55 54 53 52 51 50 49 48 47 46 45 44 43 42 41 40 39 38 37 36 35 34 33 32 31 30 29 28 27 26 25 24 23 22 21 20 19 18 17 16 15 14 13 12 11 10 9 8 7 6 5 4 3 2 1 176 175 174 173 172 171 170 169 168 167 166 165 164 163 162 161 160 159 158 157 156 155 154 153 152 151 150 149 148 147 146 145 144 143 142 141 140 139 138 137 136 135 134 133 132 131 130 129 128 127 126 125 124 123 122 121 120 119 118 117 116 115 114 113 112 111 110 109 108 107 106 105 104 103 102 101 100 99 98 97 96 95 94 93 92 91 90 89 88 87 86 85 84 83 82 81 80 79 78 77
200
88 169 189 68 2 67 69 141 98 65 12 101 166 137 61 56 186 11 163 110 191 160 104 18 107 63 13 192 171 148 168 75 20 71 48 132 145 28 58 200 112 175 103 38 31 140 1 176 10 197 41 194 123 54 77 91 29 43 25 59 47 21 143 128 185 9 3 27 85 129 49 156 70 74 95 150 135 139 19 130 96 164 121 52 8 92 26 146 40 84 122 23 142 32 152 22 120 116 78 179 83 5 64 117 50 93 124 180 149 86 170 147 161 46 115 94 158 174 37 33 119 73 97 105 111 17 181 165 136 55 193 184 36 133 172 173 72 198 82 190 60 131 80 35 177 53 138 6 39 15 126 114 151 153 157 159 79 44 42 188 144 16 14 155 81 89 30 7 154 178 162 76 183 66 45 102 108 167 62 127 195 24 113 34 196 182 51 187 99 100 118 106 109 57 87 90 134 125 199 4
35
26 27 28 29 30 31 32 33 34 35 1 2 3 4 5 6 7 8 9 10 11 12 13 14 15 16 17 18 19 20 21 22 23 24 25
86
76 30 84 69 56 53 45 40 9 77 14 21 12 86 55 80 31 47 65 6 81 61 68 67 51 24 36 85 23 18 27 39 54 41 64 60 48 46 52 72 58 35 50 66 44 5 13 83 4 43 38 11 37 22 33 25 3 63 74 82 26 62 17 73 20 70 42 7 79 10 15 78 2 28 59 32 1 29 19 71 75 57 49 16 8 34
61
32 31 30 29 28 27 26 25 24 23 22 21 20 19 18 17 16 15 14 13 12 11 10 9 8 7 6 5 4 3 2 1 61 60 59 58 57 56 55 54 53 52 51 50 49 48 47 46 45 44 43 42 41 40 39 38 37 36 35 34 33
31
7 10 6 17 21 9 4 15 2 14 26 30 23 18 31 12 16 25 13 20 3 22 28 8 1 27 11 24 19 29 5
181
151 150 149 148 147 146 145 144 143 142 141 140 139 138 137 136 135 134 133 132 131 130 129 128 127 126 125 124 123 122 121 120 119 118 117 116 115 114 113 112 111 110 109 108 107 106 105 104 103 102 101 100 99 98 97 96 95 94 93 92 91 90 89 88 87 86 85 84 83 82 81 80 79 78 77 76 75 74 73 72 71 70 69 68 67 66 65 64 63 62 61 60 59 58 57 56 55 54 53 52 51 50 49 48 47 46 45 44 43 42 41 40 39 38 37 36 35 34 33 32 31 30 29 28 27 26 25 24 23 22 21 20 19 18 17 16 15 14 13 12 11 10 9 8 7 6 5 4 3 2 1 181 180 179 178 177 176 175 174 173 172 171 170 169 168 167 166 165 164 163 162 161 160 159 158 157 156 155 154 153 152
136
28 70 106 59 25 132 135 54 68 39 55 30 42 34 96 37 63 108 116 93 81 51 128 77 124 111 11 44 56 47 104 114 29 85 4 21 82 99 36 67 58 1 80 117 23 105 127 40 24 17 57 109 61 121 20 102 118 43 123 107 69 119 79 89 53 72 62 136 113 90 94 9 126 8 3 78 71 60 101 97 48 129 88 6 91 2 95 125 73 10 50 133 120 35 92 87 98 33 65 45 130 76 27 26 16 15 110 66 122 46 83 22 74 41 100 103 115 131 14 19 75 12 7 52 134 64 31 5 49 84 86 13 18 38 112 32
92
19 20 21 22 23 24 25 26 27 28 29 30 31 32 33 34 35 36 37 38 39 40 41 42 43 44 45 46 47 48 49 50 51 52 53 54 55 56 57 58 59 60 61 62 63 64 65 66 67 68 69 70 71 72 73 74 75 76 77 78 79 80 81 82 83 84 85 86 87 88 89 90 91 92 1 2 3 4 5 6 7 8 9 10 11 12 13 14 15 16 17 18
12
5 8 9 2 3 12 11 10 6 4 7 1
105
2 44 76 75 103 48 10 99 31 7 69 96 61 39 22 9 38 33 4 95 101 25 3 74 26 40 93 42 77 87 53 46 51 60 90 14 79 82 64 16 36 88 19 30 12 55 104 17 13 105 65 24 100 32 43 81 94 37 70 66 63 71 72 84 50 35 15 11 98 28 21 85 49 92 47 6 45 73 83 34 18 68 78 91 58 54 8 62 97 80 102 67 5 59 23 86 89 1 29 27 41 56 52 57 20
169
136 135 134 133 132 131 130 129 128 127 126 125 124 123 122 121 120 119 118 117 116 115 114 113 112 111 110 109 108 107 106 105 104 103 102 101 100 99 98 97 96 95 94 93 92 91 90 89 88 87 86 85 84 83 82 81 80 79 78 77 76 75 74 73 72 71 70 69 68 67 66 65 64 63 62 61 60 59 58 57 56 55 54 53 52 51 50 49 48 47 46 45 44 43 42 41 40 39 38 37 36 35 34 33 32 31 30 29 28 27 26 25 24 23 22 21 20 19 18 17 16 15 14 13 12 11 10 9 8 7 6 5 4 3 2 1 169 168 167 166 165 164 163 162 161 160 159 158 157 156 155 154 153 152 151 150 149 148 147 146 145 144 143 142 141 140 139 138 137
123
81 82 83 84 85 86 87 88 89 90 91 92 93 94 95 96 97 98 99 100 101 102 103 104 105 106 107 108 109 110 111 112 113 114 115 116 117 118 119 120 121 122 123 1 2 3 4 5 6 7 8 9 10 11 12 13 14 15 16 17 18 19 20 21 22 23 24 25 26 27 28 29 30 31 32 33 34 35 36 37 38 39 40 41 42 43 44 45 46 47 48 49 50 51 52 53 54 55 56 57 58 59 60 61 62 63 64 65 66 67 68 69 70 71 72 73 74 75 76 77 78 79 80
177
143 141 177 90 155 22 8 18 53 109 113 152 86 66 146 36 6 129 167 108 104 27 51 64 103 15 79 1 70 124 57 122 174 144 19 162 50 165 160 62 40 35 21 47 9 95 77 5 85 29 25 130 38 107 159 99 43 41 78 132 61 26 125 65 92 76 114 89 131 80 123 176 175 3 83 151 74 116 127 84 87 30 54 60 170 148 45 71 55 17 158 164 119 111 24 157 82 121 105 149 23 39 44 94 98 126 106 139 112 154 2 169 96 73 37 52 63 133 101 138 147 110 10 136 134 7 128 172 166 46 97 4 12 161 68 67 75 48 34 58 102 100 117 91 140 153 173 16 59 20 49 120 93 28 31 118 156 69 11 171 33 14 81 137 42 72 135 32 13 88 145 142 168 150 163 56 115
9
2 5 6 4 3 1 7 9 8
167
96 51 42 34 103 16 23 98 47 147 37 2 142 109 108 15 12 130 10 135 158 133 139 45 120 72 68 126 95 63 146 13 60 132 61 117 153 8 24 53 99 64 17 159 138 86 93 58 54 55 29 43 100 71 19 4 134 14 5 144 145 141 160 97 161 18 76 66 67 56 131 73 69 49 28 110 129 85 31 104 90 163 137 78 165 27 3 111 30 122 157 119 26 164 151 156 113 84 59 41 88 101 94 46 9 152 82 154 166 155 74 167 92 162 33 75 125 91 116 11 39 57 124 115 21 35 79 140 102 32 148 106 70 48 150 65 123 83 62 38 52 44 40 20 121 149 143 6 107 1 89 127 118 36 114 136 22 50 87 81 77 128 105 112 25 7 80
27
1 2 3 4 5 6 7 8 9 10 11 12 13 14 15 16 17 18 19 20 21 22 23 24 25 26 27
159
112 119 7 89 25 136 76 45 30 130 71 129 5 148 56 53 48 117 97 32 87 83 94 37 68 65 23 14 64 17 90 6 62 8 75 51 72 70 131 150 20 3 107 101 98 79 140 60 152 27 103 38 91 26 144 127 81 126 82 59 44 63 2 47 24 111 95 159 155 135 78 109 133 104 49 11 40 34 147 50 52 39 108 134 102 96 31 106 73 88 146 100 77 29 141 66 22 151 153 123 43 139 158 92 10 115 1 9 15 122 156 120 143 114 55 18 13 138 128 124 105 121 57 61 157 33 125 86 132 149 54 80 16 84 35 12 46 36 110 118 41 137 99 116 19 58 67 145 113 93 21 4 28 42 74 69 85 142 154
108
23 22 21 20 19 18 17 16 15 14 13 12 11 10 9 8 7 6 5 4 3 2 1 108 107 106 105 104 103 102 101 100 99 98 97 96 95 94 93 92 91 90 89 88 87 86 85 84 83 82 81 80 79 78 77 76 75 74 73 72 71 70 69 68 67 66 65 64 63 62 61 60 59 58 57 56 55 54 53 52 51 50 49 48 47 46 45 44 43 42 41 40 39 38 37 36 35 34 33 32 31 30 29 28 27 26 25 24
156
11 10 9 8 7 6 5 4 3 2 1 156 155 154 153 152 151 150 149 148 147 146 145 144 143 142 141 140 139 138 137 136 135 134 133 132 131 130 129 128 127 126 125 124 123 122 121 120 119 118 117 116 115 114 113 112 111 110 109 108 107 106 105 104 103 102 101 100 99 98 97 96 95 94 93 92 91 90 89 88 87 86 85 84 83 82 81 80 79 78 77 76 75 74 73 72 71 70 69 68 67 66 65 64 63 62 61 60 59 58 57 56 55 54 53 52 51 50 49 48 47 46 45 44 43 42 41 40 39 38 37 36 35 34 33 32 31 30 29 28 27 26 25 24 23 22 21 20 19 18 17 16 15 14 13 12
1
1
171
55 8 160 141 90 145 148 110 152 124 96 57 47 18 140 61 127 143 120 20 153 121 5 157 158 114 19 135 56 27 22 49 169 97 122 54 117 59 85 108 92 34 112 147 51 69 146 104 86 7 67 130 125 33 76 28 171 105 78 151 26 4 63 58 24 25 60 21 38 170 74 132 23 93 81 134 142 29 17 32 65 136 6 80 113 87 168 41 10 95 66 101 111 126 139 128 162 42 118 161 43 75 82 48 73 12 144 72 100 166 155 44 15 103 115 156 68 98 131 133 46 149 64 52 39 84 2 9 165 11 116 167 150 89 159 31 102 91 70 107 77 129 14 88 50 16 71 137 13 123 106 83 119 30 164 62 53 3 35 1 138 79 37 163 99 154 40 109 45 36 94
69
29 30 31 32 33 34 35 36 37 38 39 40 41 42 43 44 45 46 47 48 49 50 51 52 53 54 55 56 57 58 59 60 61 62 63 64 65 66 67 68 69 1 2 3 4 5 6 7 8 9 10 11 12 13 14 15 16 17 18 19 20 21 22 23 24 25 26 27 28
150
45 73 65 76 60 126 86 15 105 58 103 70 109 63 22 142 43 120 28 17 37 145 96 51 57 68 44 131 59 147 16 118 110 42 2 102 87 39 29 47 32 64 99 79 148 48 141 115 119 52 54 74 108 124 8 77 19 138 133 4 23 125 33 20 94 21 10 122 24 88 113 27 67 106 49 98 89 121 132 100 85 3 62 53 56 146 75 31 140 92 69 130 72 34 13 134 25 127 14 46 55 107 36 50 80 97 30 116 101 78 61 90 95 128 35 83 117 150 12 112 93 38 144 143 1 137 40 26 135 123 91 139 111 82 11 5 114 41 9 104 18 7 149 84 136 81 129 71 66 6
28
9 21 6 10 8 2 24 20 14 19 22 12 18 11 3 13 5 26 17 1 15 7 28 27 4 16 23 25
140
90 93 137 114 10 21 83 20 51 78 132 99 30 68 16 63 76 113 6 45 44 80 56 75 48 47 7 2 32 87 96 92 119 22 107 46 24 86 124 134 28 139 64 117 81 26 50 125 91 58 17 104 60 8 116 67 112 95 52 138 27 38 88 69 128 127 89 53 62 39 3 121 36 131 23 12 126 37 135 15 115 102 84 19 140 130 4 71 72 97 54 43 61 110 31 77 18 98 136 34 85 66 41 105 109 101 73 14 11 120 57 118 65 122 59 79 49 35 1 70 111 33 100 40 55 25 133 74 123 13 129 82 42 103 108 5 9 29 106 94
73
53 54 55 56 57 58 59 60 61 62 63 64 65 66 67 68 69 70 71 72 73 1 2 3 4 5 6 7 8 9 10 11 12 13 14 15 16 17 18 19 20 21 22 23 24 25 26 27 28 29 30 31 32 33 34 35 36 37 38 39 40 41 42 43 44 45 46 47 48 49 50 51 52
167
135 134 133 132 131 130 129 128 127 126 125 124 123 122 121 120 119 118 117 116 115 114 113 112 111 110 109 108 107 106 105 104 103 102 101 100 99 98 97 96 95 94 93 92 91 90 89 88 87 86 85 84 83 82 81 80 79 78 77 76 75 74 73 72 71 70 69 68 67 66 65 64 63 62 61 60 59 58 57 56 55 54 53 52 51 50 49 48 47 46 45 44 43 42 41 40 39 38 37 36 35 34 33 32 31 30 29 28 27 26 25 24 23 22 21 20 19 18 17 16 15 14 13 12 11 10 9 8 7 6 5 4 3 2 1 167 166 165 164 163 162 161 160 159 158 157 156 155 154 153 152 151 150 149 148 147 146 145 144 143 142 141 140 139 138 137 136
91
85 90 82 18 15 29 25 26 20 32 56 79 8 63 42 12 84 57 7 22 78 41 30 60 38 52 1 19 86 68 4 73 40 70 31 54 11 91 87 33 50 59 61 39 44 62 76 46 74 80 27 36 65 69 53 5 45 66 83 13 71 23 75 43 34 9 58 81 49 64 6 67 37 10 77 17 51 2 14 55 35 24 47 72 88 48 3 89 21 16 28
115
56 84 55 108 67 4 99 94 35 109 60 13 61 63 111 64 81 2 82 93 38 100 16 72 19 37 89 45 103 97 11 3 39 42 69 76 113 8 112 57 78 51 25 29 46 14 43 23 83 15 17 66 34 30 107 80 44 110 22 59 49 106 86 21 20 92 18 32 65 115 105 6 36 50 26 54 102 48 52 70 101 41 24 12 77 91 79 58 53 88 47 90 28 96 1 27 85 75 73 104 31 10 74 7 114 40 33 98 9 71 95 5 62 68 87
43
30 29 28 27 26 25 24 23 22 21 20 19 18 17 16 15 14 13 12 11 10 9 8 7 6 5 4 3 2 1 43 42 41 40 39 38 37 36 35 34 33 32 31
92
33 3 67 63 59 18 37 77 41 19 68 4 90 48 91 13 32 58 17 82 23 83 69 16 64 22 66 26 79 1 27 24 87 11 49 62 9 88 65 28 7 2 46 78 21 54 56 75 39 40 89 36 81 76 35 44 72 47 8 5 50 30 20 61 38 70 55 45 74 31 60 15 25 57 14 12 34 53 52 92 10 71 73 42 43 80 6 29 84 85 51 86
10
5 4 3 2 1 10 9 8 7 6
188
139 4 52 107 84 69 36 101 92 57 185 103 91 178 66 156 135 159 3 140 147 46 75 97 171 71 12 142 2 160 122 44 38 184 58 168 24 68 117 94 162 78 74 138 22 99 153 155 157 11 23 125 5 28 51 183 90 18 174 25 83 114 104 27 123 73 49 108 21 145 63 42 116 95 79 111 33 30 115 8 98 124 173 86 175 64 1 152 187 129 29 128 109 143 126 167 100 26 35 112 89 186 72 43 102 158 55 110 76 134 39 40 19 132 131 165 154 65 118 151 16 169 37 105 87 172 149 80 62 56 166 119 146 120 34 93 60 170 20 82 85 77 188 161 176 121 32 67 88 179 14 182 96 127 164 133 163 45 41 54 137 50 81 6 130 59 53 31 17 181 61 177 144 180 148 10 9 136 15 141 7 13 113 150 48 47 106 70
120
100 101 102 103 104 105 106 107 108 109 110 111 112 113 114 115 116 117 118 119 120 1 2 3 4 5 6 7 8 9 10 11 12 13 14 15 16 17 18 19 20 21 22 23 24 25 26 27 28 29 30 31 32 33 34 35 36 37 38 39 40 41 42 43 44 45 46 47 48 49 50 51 52 53 54 55 56 57 58 59 60 61 62 63 64 65 66 67 68 69 70 71 72 73 74 75 76 77 78 79 80 81 82 83 84 85 86 87 88 89 90 91 92 93 94 95 96 97 98 99
121
22 21 20 19 18 17 16 15 14 13 12 11 10 9 8 7 6 5 4 3 2 1 121 120 119 118 117 116 115 114 113 112 111 110 109 108 107 106 105 104 103 102 101 100 99 98 97 96 95 94 93 92 91 90 89 88 87 86 85 84 83 82 81 80 79 78 77 76 75 74 73 72 71 70 69 68 67 66 65 64 63 62 61 60 59 58 57 56 55 54 53 52 51 50 49 48 47 46 45 44 43 42 41 40 39 38 37 36 35 34 33 32 31 30 29 28 27 26 25 24 23
55
10 40 37 3 23 21 53 36 46 34 39 33 7 12 20 15 24 49 19 1 4 26 6 47 8 45 5 51 35 38 44 41 54 52 2 42 9 16 25 29 50 55 43 22 32 11 17 18 48 28 31 27 30 14 13
143
41 40 39 38 37 36 35 34 33 32 31 30 29 28 27 26 25 24 23 22 21 20 19 18 17 16 15 14 13 12 11 10 9 8 7 6 5 4 3 2 1 143 142 141 140 139 138 137 136 135 134 133 132 131 130 129 128 127 126 125 124 123 122 121 120 119 118 117 116 115 114 113 112 111 110 109 108 107 106 105 104 103 102 101 100 99 98 97 96 95 94 93 92 91 90 89 88 87 86 85 84 83 82 81 80 79 78 77 76 75 74 73 72 71 70 69 68 67 66 65 64 63 62 61 60 59 58 57 56 55 54 53 52 51 50 49 48 47 46 45 44 43 42
54
32 53 44 31 18 27 5 46 3 50 35 4 6 40 25 10 52 48 24 26 23 22 43 1 49 12 16 15 45 38 51 29 37 19 7 33 8 42 28 14 21 34 20 36 13 30 54 41 2 11 9 17 39 47
160
42 66 81 153 26 22 83 64 27 156 58 128 124 34 23 89 159 31 118 39 9 150 38 54 137 113 157 33 100 32 56 77 107 15 57 146 104 132 19 76 85 16 63 123 129 114 126 65 47 67 62 48 140 55 73 59 36 101 134 103 98 122 13 125 46 94 49 29 69 84 141 21 52 142 20 74 97 24 60 12 158 147 82 50 6 53 109 40 71 102 138 75 115 154 37 155 30 127 10 35 91 61 108 44 2 99 111 4 41 25 105 87 144 152 151 43 136 70 112 93 133 1 121 95 51 119 78 72 5 45 120 139 145 90 160 92 96 14 88 68 28 7 110 135 106 80 117 86 148 116 11 149 130 131 8 18 17 143 79 3
33
23 6 19 13 2 7 22 31 30 28 15 32 4 27 17 29 25 14 18 8 21 10 11 24 20 1 9 3 16 26 33 12 5
121
54 26 37 21 51 20 9 19 109 107 42 85 110 25 28 50 101 11 4 47 73 15 82 69 100 75 68 78 121 55 80 64 60 103 89 118 49 119 2 90 30 17 62 92 113 106 67 77 117 96 58 83 52 65 40 22 120 35 16 59 112 43 66 74 81 63 10 88 14 114 38 18 93 79 3 33 12 97 45 99 94 24 116 108 102 115 8 6 87 31 95 84 57 76 44 56 71 91 23 32 111 70 39 98 48 105 27 13 53 104 61 5 86 34 72 41 29 1 46 36 7
141
32 33 34 35 36 37 38 39 40 41 42 43 44 45 46 47 48 49 50 51 52 53 54 55 56 57 58 59 60 61 62 63 64 65 66 67 68 69 70 71 72 73 74 75 76 77 78 79 80 81 82 83 84 85 86 87 88 89 90 91 92 93 94 95 96 97 98 99 100 101 102 103 104 105 106 107 108 109 110 111 112 113 114 115 116 117 118 119 120 121 122 123 124 125 126 127 128 129 130 131 132 133 134 135 136 137 138 139 140 141 1 2 3 4 5 6 7 8 9 10 11 12 13 14 15 16 17 18 19 20 21 22 23 24 25 26 27 28 29 30 31
