100
26
5 20 17 2 9 8 24 18 11 1 12 21 10 16 23 22 25 7 13 15 4 19 6 26 3 14
183
153 154 155 156 157 158 159 160 161 162 163 164 165 166 167 168 169 170 171 172 173 174 175 176 177 178 179 180 181 182 183 1 2 3 4 5 6 7 8 9 10 11 12 13 14 15 16 17 18 19 20 21 22 23 24 25 26 27 28 29 30 31 32 33 34 35 36 37 38 39 40 41 42 43 44 45 46 47 48 49 50 51 52 53 54 55 56 57 58 59 60 61 62 63 64 65 66 67 68 69 70 71 72 73 74 75 76 77 78 79 80 81 82 83 84 85 86 87 88 89 90 91 92 93 94 95 96 97 98 99 100 101 102 103 104 105 106 107 108 109 110 111 112 113 114 115 116 117 118 119 120 121 122 123 124 125 126 127 128 129 130 131 132 133 134 135 136 137 138 139 140 141 142 143 144 145 146 147 148 149 150 151 152
20
17 3 20 11 4 18 13 19 15 6 12 8 9 5 14 7 1 10 16 2
55
2 1 55 54 53 52 51 50 49 48 47 46 45 44 43 42 41 40 39 38 37 36 35 34 33 32 31 30 29 28 27 26 25 24 23 22 21 20 19 18 17 16 15 14 13 12 11 10 9 8 7 6 5 4 3
17
13 12 11 10 9 8 7 6 5 4 3 2 1 17 16 15 14
62
1 62 61 60 59 58 57 56 55 54 53 52 51 50 49 48 47 46 45 44 43 42 41 40 39 38 37 36 35 34 33 32 31 30 29 28 27 26 25 24 23 22 21 20 19 18 17 16 15 14 13 12 11 10 9 8 7 6 5 4 3 2
111
43 59 25 52 15 30 35 40 110 91 12 36 101 27 13 69 17 98 95 39 42 33 49 89 62 58 7 63 31 78 38 51 96 66 68 107 45 92 76 74 103 22 64 67 111 104 83 54 18 71 5 19 65 77 44 55 16 3 2 20 4 24 106 82 70 37 81 105 29 56 85 90 72 79 93 6 97 84 75 108 26 46 100 48 8 109 94 32 102 50 10 87 23 11 53 9 61 60 1 47 28 14 41 88 57 21 80 73 86 34 99
126
99 100 101 102 103 104 105 106 107 108 109 110 111 112 113 114 115 116 117 118 119 120 121 122 123 124 125 126 1 2 3 4 5 6 7 8 9 10 11 12 13 14 15 16 17 18 19 20 21 22 23 24 25 26 27 28 29 30 31 32 33 34 35 36 37 38 39 40 41 42 43 44 45 46 47 48 49 50 51 52 53 54 55 56 57 58 59 60 61 62 63 64 65 66 67 68 69 70 71 72 73 74 75 76 77 78 79 80 81 82 83 84 85 86 87 88 89 90 91 92 93 94 95 96 97 98
169
33 34 35 36 37 38 39 40 41 42 43 44 45 46 47 48 49 50 51 52 53 54 55 56 57 58 59 60 61 62 63 64 65 66 67 68 69 70 71 72 73 74 75 76 77 78 79 80 81 82 83 84 85 86 87 88 89 90 91 92 93 94 95 96 97 98 99 100 101 102 103 104 105 106 107 108 109 110 111 112 113 114 115 116 117 118 119 120 121 122 123 124 125 126 127 128 129 130 131 132 133 134 135 136 137 138 139 140 141 142 143 144 145 146 147 148 149 150 151 152 153 154 155 156 157 158 159 160 161 162 163 164 165 166 167 168 169 1 2 3 4 5 6 7 8 9 10 11 12 13 14 15 16 17 18 19 20 21 22 23 24 25 26 27 28 29 30 31 32
139
86 85 84 83 82 81 80 79 78 77 76 75 74 73 72 71 70 69 68 67 66 65 64 63 62 61 60 59 58 57 56 55 54 53 52 51 50 49 48 47 46 45 44 43 42 41 40 39 38 37 36 35 34 33 32 31 30 29 28 27 26 25 24 23 22 21 20 19 18 17 16 15 14 13 12 11 10 9 8 7 6 5 4 3 2 1 139 138 137 136 135 134 133 132 131 130 129 128 127 126 125 124 123 122 121 120 119 118 117 116 115 114 113 112 111 110 109 108 107 106 105 104 103 102 101 100 99 98 97 96 95 94 93 92 91 90 89 88 87
53
22 18 45 30 26 50 35 10 43 3 27 16 25 7 34 52 33 11 13 29 8 19 53 21 42 23 40 17 12 36 48 1 20 39 44 41 15 9 24 51 5 14 37 28 6 32 2 4 49 46 47 31 38
48
44 43 42 41 40 39 38 37 36 35 34 33 32 31 30 29 28 27 26 25 24 23 22 21 20 19 18 17 16 15 14 13 12 11 10 9 8 7 6 5 4 3 2 1 48 47 46 45
199
111 45 116 20 67 124 91 82 151 77 4 152 11 28 173 27 125 187 119 138 78 24 154 179 10 83 109 63 110 141 181 192 126 143 76 62 55 167 94 3 2 95 34 115 41 183 120 165 42 46 194 198 16 39 153 150 155 9 166 156 149 176 30 108 65 196 38 40 104 99 6 49 17 89 88 70 58 107 53 29 180 134 161 113 21 12 79 5 22 74 87 197 103 105 14 93 172 132 139 190 61 51 159 8 43 71 72 168 101 98 118 102 48 56 60 133 163 164 195 23 66 90 182 130 171 135 174 1 169 136 75 127 106 131 36 112 144 122 26 64 123 57 35 81 147 189 31 25 73 92 15 47 86 170 96 188 80 59 185 128 193 175 68 148 97 137 50 178 44 162 184 7 114 142 145 157 85 186 13 69 121 117 37 54 19 18 146 32 100 140 177 33 52 160 199 191 84 158 129
90
85 17 88 73 23 86 6 70 9 30 51 90 2 87 19 12 67 41 14 8 5 61 25 42 46 11 72 39 26 27 68 57 74 77 52 37 78 3 40 63 34 22 69 58 55 71 62 83 66 75 1 16 32 36 38 24 48 76 50 64 81 84 59 10 35 56 20 43 80 15 44 29 47 4 7 45 82 53 89 33 13 54 49 18 21 31 65 60 79 28
65
4 5 6 7 8 9 10 11 12 13 14 15 16 17 18 19 20 21 22 23 24 25 26 27 28 29 30 31 32 33 34 35 36 37 38 39 40 41 42 43 44 45 46 47 48 49 50 51 52 53 54 55 56 57 58 59 60 61 62 63 64 65 1 2 3
15
7 13 3 5 1 8 4 14 2 9 6 12 11 10 15
128
111 112 113 114 115 116 117 118 119 120 121 122 123 124 125 126 127 128 1 2 3 4 5 6 7 8 9 10 11 12 13 14 15 16 17 18 19 20 21 22 23 24 25 26 27 28 29 30 31 32 33 34 35 36 37 38 39 40 41 42 43 44 45 46 47 48 49 50 51 52 53 54 55 56 57 58 59 60 61 62 63 64 65 66 67 68 69 70 71 72 73 74 75 76 77 78 79 80 81 82 83 84 85 86 87 88 89 90 91 92 93 94 95 96 97 98 99 100 101 102 103 104 105 106 107 108 109 110
70
5 34 62 67 25 58 8 64 1 24 7 55 2 40 19 41 52 6 53 63 4 57 30 36 37 59 50 13 17 32 3 22 15 47 20 42 66 44 43 10 28 12 56 26 11 23 21 14 49 61 46 33 45 9 29 70 54 27 65 38 18 31 60 35 68 16 69 48 51 39
110
62 63 64 65 66 67 68 69 70 71 72 73 74 75 76 77 78 79 80 81 82 83 84 85 86 87 88 89 90 91 92 93 94 95 96 97 98 99 100 101 102 103 104 105 106 107 108 109 110 1 2 3 4 5 6 7 8 9 10 11 12 13 14 15 16 17 18 19 20 21 22 23 24 25 26 27 28 29 30 31 32 33 34 35 36 37 38 39 40 41 42 43 44 45 46 47 48 49 50 51 52 53 54 55 56 57 58 59 60 61
9
8 9 1 2 3 4 5 6 7
163
53 51 36 142 109 4 29 91 121 40 25 84 26 80 9 122 92 138 24 61 73 50 102 163 117 39 157 97 132 135 72 154 101 28 41 45 90 143 70 147 65 44 6 48 59 64 140 76 120 144 96 79 8 161 98 126 81 23 159 111 71 34 37 119 151 116 2 83 124 113 156 108 21 160 104 12 3 158 86 16 47 115 32 139 162 20 7 62 131 77 19 85 107 100 30 55 106 58 27 82 17 149 66 69 63 42 35 110 94 136 141 57 114 18 5 123 127 89 33 15 93 150 22 146 46 88 43 75 78 155 38 60 87 130 13 67 74 14 125 134 95 148 1 10 105 52 153 103 49 152 128 11 118 137 31 112 133 129 145 99 54 68 56
195
96 62 37 93 22 66 120 164 15 101 122 87 11 170 38 194 152 54 21 116 129 160 4 53 9 50 127 81 19 97 90 88 144 77 76 153 172 178 139 59 171 79 75 149 141 42 162 49 138 24 195 191 131 3 39 126 70 30 74 55 10 27 36 83 166 159 148 72 143 188 29 132 106 28 52 63 14 183 193 26 82 105 95 181 92 165 184 140 137 190 119 46 115 12 128 111 102 51 80 13 23 20 168 157 118 136 142 156 130 73 124 2 43 61 158 84 176 108 16 69 186 45 175 33 41 147 174 167 123 150 67 110 109 17 180 5 57 44 100 177 34 151 40 104 98 117 32 187 78 155 68 133 173 35 112 86 154 31 107 161 1 135 192 121 125 91 189 94 169 48 103 58 145 64 7 114 179 85 65 146 134 182 18 163 56 25 89 6 8 113 71 99 60 47 185
21
15 16 17 18 19 20 21 1 2 3 4 5 6 7 8 9 10 11 12 13 14
31
26 27 28 29 30 31 1 2 3 4 5 6 7 8 9 10 11 12 13 14 15 16 17 18 19 20 21 22 23 24 25
92
45 32 47 1 70 46 65 20 43 52 22 68 81 36 7 74 14 40 86 63 87 80 24 64 23 78 62 48 34 26 28 17 88 21 18 10 16 61 35 9 38 67 59 5 11 6 72 71 25 42 49 3 84 83 15 66 53 33 58 2 90 41 60 30 8 77 57 4 27 19 69 89 37 13 55 51 76 79 29 50 44 73 85 39 54 75 12 91 82 92 56 31
99
94 85 51 79 13 93 59 6 1 40 53 33 42 98 23 10 28 35 74 3 86 19 46 21 37 77 73 64 24 27 63 71 5 81 50 18 89 17 55 78 30 34 96 4 76 58 8 62 38 82 22 70 47 25 16 83 29 68 80 54 41 2 39 9 92 32 52 7 65 57 91 12 61 75 88 11 49 84 60 15 31 97 90 99 26 36 56 45 43 67 95 69 72 20 87 66 44 48 14
150
109 108 107 106 105 104 103 102 101 100 99 98 97 96 95 94 93 92 91 90 89 88 87 86 85 84 83 82 81 80 79 78 77 76 75 74 73 72 71 70 69 68 67 66 65 64 63 62 61 60 59 58 57 56 55 54 53 52 51 50 49 48 47 46 45 44 43 42 41 40 39 38 37 36 35 34 33 32 31 30 29 28 27 26 25 24 23 22 21 20 19 18 17 16 15 14 13 12 11 10 9 8 7 6 5 4 3 2 1 150 149 148 147 146 145 144 143 142 141 140 139 138 137 136 135 134 133 132 131 130 129 128 127 126 125 124 123 122 121 120 119 118 117 116 115 114 113 112 111 110
160
147 6 48 2 94 37 28 135 55 32 117 93 109 146 23 111 129 56 114 87 108 104 49 21 68 156 115 159 113 76 66 138 143 74 41 99 11 126 116 57 152 52 137 85 102 71 136 4 105 121 89 133 150 75 132 18 12 118 1 149 134 67 144 70 139 130 36 38 3 33 60 54 120 142 42 82 84 53 119 98 127 83 140 86 155 154 58 145 10 22 78 64 15 128 30 153 79 148 110 13 103 19 9 39 151 77 44 124 31 81 20 106 17 122 107 112 24 27 59 16 157 72 26 100 61 47 97 73 65 131 14 8 141 80 62 46 88 29 50 90 123 25 95 5 92 40 34 35 7 158 160 43 96 63 51 101 45 69 91 125
104
38 39 40 41 42 43 44 45 46 47 48 49 50 51 52 53 54 55 56 57 58 59 60 61 62 63 64 65 66 67 68 69 70 71 72 73 74 75 76 77 78 79 80 81 82 83 84 85 86 87 88 89 90 91 92 93 94 95 96 97 98 99 100 101 102 103 104 1 2 3 4 5 6 7 8 9 10 11 12 13 14 15 16 17 18 19 20 21 22 23 24 25 26 27 28 29 30 31 32 33 34 35 36 37
23
7 4 13 10 2 17 6 12 23 22 16 21 9 5 8 18 14 11 19 1 3 15 20
22
15 14 9 21 7 3 20 19 16 13 12 18 1 17 2 5 11 4 8 22 6 10
182
88 87 86 85 84 83 82 81 80 79 78 77 76 75 74 73 72 71 70 69 68 67 66 65 64 63 62 61 60 59 58 57 56 55 54 53 52 51 50 49 48 47 46 45 44 43 42 41 40 39 38 37 36 35 34 33 32 31 30 29 28 27 26 25 24 23 22 21 20 19 18 17 16 15 14 13 12 11 10 9 8 7 6 5 4 3 2 1 182 181 180 179 178 177 176 175 174 173 172 171 170 169 168 167 166 165 164 163 162 161 160 159 158 157 156 155 154 153 152 151 150 149 148 147 146 145 144 143 142 141 140 139 138 137 136 135 134 133 132 131 130 129 128 127 126 125 124 123 122 121 120 119 118 117 116 115 114 113 112 111 110 109 108 107 106 105 104 103 102 101 100 99 98 97 96 95 94 93 92 91 90 89
85
74 51 78 59 54 43 49 52 35 75 62 33 64 24 69 76 65 66 46 36 19 3 34 70 41 22 6 85 10 44 40 30 2 15 47 29 82 27 63 25 48 71 32 20 28 7 42 13 79 11 57 55 4 17 68 39 38 14 26 83 84 58 12 80 67 77 23 73 61 60 1 8 72 16 50 53 9 5 81 45 18 56 21 37 31
107
87 99 107 2 34 27 86 40 89 11 47 57 44 53 21 23 17 26 51 56 13 66 7 28 65 5 36 45 70 18 59 81 37 105 29 97 10 62 74 95 52 30 79 8 35 82 49 72 94 1 19 20 98 31 84 100 67 63 54 50 88 9 69 68 24 3 92 90 15 91 6 73 41 46 42 75 106 60 38 61 102 58 55 43 103 32 48 80 12 78 76 77 83 4 101 14 64 25 96 104 16 71 22 93 33 85 39
19
15 14 13 12 11 10 9 8 7 6 5 4 3 2 1 19 18 17 16
82
6 7 8 9 10 11 12 13 14 15 16 17 18 19 20 21 22 23 24 25 26 27 28 29 30 31 32 33 34 35 36 37 38 39 40 41 42 43 44 45 46 47 48 49 50 51 52 53 54 55 56 57 58 59 60 61 62 63 64 65 66 67 68 69 70 71 72 73 74 75 76 77 78 79 80 81 82 1 2 3 4 5
194
21 20 19 18 17 16 15 14 13 12 11 10 9 8 7 6 5 4 3 2 1 194 193 192 191 190 189 188 187 186 185 184 183 182 181 180 179 178 177 176 175 174 173 172 171 170 169 168 167 166 165 164 163 162 161 160 159 158 157 156 155 154 153 152 151 150 149 148 147 146 145 144 143 142 141 140 139 138 137 136 135 134 133 132 131 130 129 128 127 126 125 124 123 122 121 120 119 118 117 116 115 114 113 112 111 110 109 108 107 106 105 104 103 102 101 100 99 98 97 96 95 94 93 92 91 90 89 88 87 86 85 84 83 82 81 80 79 78 77 76 75 74 73 72 71 70 69 68 67 66 65 64 63 62 61 60 59 58 57 56 55 54 53 52 51 50 49 48 47 46 45 44 43 42 41 40 39 38 37 36 35 34 33 32 31 30 29 28 27 26 25 24 23 22
80
9 27 37 15 30 75 47 46 65 18 51 68 36 34 54 5 8 6 24 57 66 42 62 11 20 29 59 39 22 13 74 49 1 52 76 55 79 70 19 58 64 41 21 12 3 80 77 23 14 7 78 72 45 56 43 48 4 71 26 44 16 60 32 63 28 10 40 38 25 61 53 33 17 67 2 50 69 31 73 35
130
23 64 56 34 115 104 45 59 42 120 96 92 67 44 81 69 114 130 12 29 55 49 68 100 118 76 13 73 61 93 17 28 3 38 40 20 78 22 125 79 70 99 43 77 89 82 33 72 65 95 19 101 86 47 31 24 25 62 11 27 39 116 98 127 129 18 113 8 83 102 66 10 126 117 71 35 1 106 112 108 87 74 2 60 16 50 103 5 26 54 128 46 51 97 111 85 53 91 119 94 30 110 6 32 75 124 84 36 37 107 7 63 15 122 48 52 123 21 121 88 9 105 14 57 58 109 80 41 4 90
139
85 97 87 63 122 96 84 22 37 113 34 126 105 89 9 35 133 55 137 20 139 57 82 72 136 61 2 78 67 65 21 38 129 88 10 90 119 76 32 50 109 94 114 99 3 49 92 73 83 11 86 15 138 124 131 45 17 7 91 108 30 31 132 79 47 27 116 80 123 135 14 51 130 19 48 118 58 23 69 77 95 28 33 13 102 1 111 5 56 115 128 120 110 18 107 101 24 62 117 70 71 125 12 75 29 98 44 68 112 26 4 106 8 74 52 60 66 42 104 134 46 36 59 53 54 25 100 16 93 127 41 6 121 81 103 64 43 39 40
190
148 181 157 183 22 85 12 110 30 43 142 49 108 60 150 138 7 146 78 9 162 92 57 118 123 137 65 98 84 121 167 180 140 131 116 46 76 71 143 128 88 153 112 178 66 172 32 51 16 17 6 36 161 13 54 5 189 145 91 132 70 45 52 139 175 151 179 87 135 44 82 83 176 144 95 8 169 11 163 3 133 173 154 125 126 1 34 25 20 2 47 115 141 4 177 147 62 106 50 190 100 102 29 93 42 41 164 111 122 186 182 68 159 117 14 31 53 134 40 55 75 61 23 19 174 113 69 119 90 130 67 64 38 168 80 170 114 35 73 104 165 86 59 58 39 97 184 24 77 10 33 171 81 63 188 156 56 74 27 26 72 18 28 79 37 158 107 120 99 105 149 129 185 109 94 103 48 124 155 89 96 152 21 136 127 166 101 160 15 187
120
62 61 60 59 58 57 56 55 54 53 52 51 50 49 48 47 46 45 44 43 42 41 40 39 38 37 36 35 34 33 32 31 30 29 28 27 26 25 24 23 22 21 20 19 18 17 16 15 14 13 12 11 10 9 8 7 6 5 4 3 2 1 120 119 118 117 116 115 114 113 112 111 110 109 108 107 106 105 104 103 102 101 100 99 98 97 96 95 94 93 92 91 90 89 88 87 86 85 84 83 82 81 80 79 78 77 76 75 74 73 72 71 70 69 68 67 66 65 64 63
193
119 118 117 116 115 114 113 112 111 110 109 108 107 106 105 104 103 102 101 100 99 98 97 96 95 94 93 92 91 90 89 88 87 86 85 84 83 82 81 80 79 78 77 76 75 74 73 72 71 70 69 68 67 66 65 64 63 62 61 60 59 58 57 56 55 54 53 52 51 50 49 48 47 46 45 44 43 42 41 40 39 38 37 36 35 34 33 32 31 30 29 28 27 26 25 24 23 22 21 20 19 18 17 16 15 14 13 12 11 10 9 8 7 6 5 4 3 2 1 193 192 191 190 189 188 187 186 185 184 183 182 181 180 179 178 177 176 175 174 173 172 171 170 169 168 167 166 165 164 163 162 161 160 159 158 157 156 155 154 153 152 151 150 149 148 147 146 145 144 143 142 141 140 139 138 137 136 135 134 133 132 131 130 129 128 127 126 125 124 123 122 121 120
174
148 140 93 173 167 57 109 146 19 119 121 30 39 142 59 162 26 89 160 157 149 63 137 4 28 164 7 61 118 5 129 36 92 51 31 115 47 101 21 122 48 74 41 53 116 132 17 172 78 40 106 86 124 113 62 91 44 168 55 158 105 98 8 147 3 174 71 81 69 16 14 15 88 33 136 42 1 20 27 156 82 97 75 32 49 166 24 171 12 2 169 50 79 65 135 46 112 114 22 150 99 13 83 154 107 11 60 45 165 152 163 145 25 151 102 85 94 125 77 90 111 73 54 100 96 23 52 34 131 72 134 80 110 117 104 38 67 161 170 155 159 56 76 120 84 70 141 123 153 43 143 103 9 87 58 10 130 6 35 29 126 64 128 37 138 133 68 127 139 144 108 66 18 95
120
32 93 64 58 107 99 120 13 77 2 65 66 38 41 87 11 114 110 105 106 53 29 111 24 47 80 113 14 95 25 91 40 79 103 28 109 118 49 39 83 116 112 89 30 102 18 59 26 10 22 62 21 85 81 45 72 31 4 17 37 100 36 97 15 76 50 3 71 78 75 35 23 69 119 115 108 51 84 43 33 1 67 60 34 86 57 8 104 74 90 73 63 55 16 70 20 5 44 19 9 92 94 96 61 46 54 6 82 42 48 56 12 7 27 117 52 98 68 88 101
133
127 75 132 126 88 21 14 64 49 92 118 63 98 39 85 116 19 16 91 79 123 57 24 28 9 5 55 7 45 66 115 86 129 42 43 77 111 83 73 65 6 130 11 44 95 105 23 71 128 60 84 61 113 46 33 34 109 13 12 100 114 99 29 104 20 103 27 36 68 52 121 8 50 89 54 15 101 131 69 51 58 70 112 93 1 74 125 124 82 120 78 96 102 40 67 26 133 38 48 87 30 41 59 47 56 72 122 119 35 94 31 62 117 97 22 106 2 80 10 25 107 90 3 37 17 18 32 108 81 76 110 4 53
73
15 16 17 18 19 20 21 22 23 24 25 26 27 28 29 30 31 32 33 34 35 36 37 38 39 40 41 42 43 44 45 46 47 48 49 50 51 52 53 54 55 56 57 58 59 60 61 62 63 64 65 66 67 68 69 70 71 72 73 1 2 3 4 5 6 7 8 9 10 11 12 13 14
199
124 19 11 164 187 14 138 116 24 9 44 76 92 148 33 140 68 47 139 61 106 168 160 95 189 112 158 165 34 55 100 172 105 35 114 70 179 156 67 113 28 149 103 25 136 129 166 130 117 157 132 110 151 6 154 40 175 26 85 45 59 88 81 127 3 21 37 60 152 49 53 97 135 153 65 141 178 48 163 184 43 183 111 131 197 69 80 155 192 188 182 150 173 64 32 142 162 90 77 123 46 4 146 137 185 54 193 72 75 91 107 174 12 42 86 115 15 133 194 17 78 121 195 31 96 39 134 74 41 83 38 79 145 52 89 1 63 30 161 143 147 36 57 62 8 82 144 7 18 171 170 66 56 99 2 181 10 87 22 159 94 180 51 23 198 84 167 29 104 169 199 27 109 73 186 190 101 118 119 125 13 108 16 122 98 102 196 5 71 176 58 126 177 191 20 93 128 120 50
63
34 33 32 31 30 29 28 27 26 25 24 23 22 21 20 19 18 17 16 15 14 13 12 11 10 9 8 7 6 5 4 3 2 1 63 62 61 60 59 58 57 56 55 54 53 52 51 50 49 48 47 46 45 44 43 42 41 40 39 38 37 36 35
177
72 73 74 75 76 77 78 79 80 81 82 83 84 85 86 87 88 89 90 91 92 93 94 95 96 97 98 99 100 101 102 103 104 105 106 107 108 109 110 111 112 113 114 115 116 117 118 119 120 121 122 123 124 125 126 127 128 129 130 131 132 133 134 135 136 137 138 139 140 141 142 143 144 145 146 147 148 149 150 151 152 153 154 155 156 157 158 159 160 161 162 163 164 165 166 167 168 169 170 171 172 173 174 175 176 177 1 2 3 4 5 6 7 8 9 10 11 12 13 14 15 16 17 18 19 20 21 22 23 24 25 26 27 28 29 30 31 32 33 34 35 36 37 38 39 40 41 42 43 44 45 46 47 48 49 50 51 52 53 54 55 56 57 58 59 60 61 62 63 64 65 66 67 68 69 70 71
170
22 21 20 19 18 17 16 15 14 13 12 11 10 9 8 7 6 5 4 3 2 1 170 169 168 167 166 165 164 163 162 161 160 159 158 157 156 155 154 153 152 151 150 149 148 147 146 145 144 143 142 141 140 139 138 137 136 135 134 133 132 131 130 129 128 127 126 125 124 123 122 121 120 119 118 117 116 115 114 113 112 111 110 109 108 107 106 105 104 103 102 101 100 99 98 97 96 95 94 93 92 91 90 89 88 87 86 85 84 83 82 81 80 79 78 77 76 75 74 73 72 71 70 69 68 67 66 65 64 63 62 61 60 59 58 57 56 55 54 53 52 51 50 49 48 47 46 45 44 43 42 41 40 39 38 37 36 35 34 33 32 31 30 29 28 27 26 25 24 23
29
27 26 25 24 23 22 21 20 19 18 17 16 15 14 13 12 11 10 9 8 7 6 5 4 3 2 1 29 28
198
133 127 80 21 173 11 64 123 126 169 108 145 180 119 45 193 36 190 111 168 35 191 18 137 122 89 76 20 32 134 177 28 182 146 185 118 109 136 22 105 43 167 181 44 23 154 103 114 60 50 13 78 196 104 85 84 130 135 121 183 51 62 16 41 68 59 90 188 57 19 198 170 172 112 82 53 92 176 6 94 40 100 95 10 58 147 120 148 42 157 150 4 138 163 66 116 156 79 71 178 151 197 159 61 65 38 142 175 166 106 158 24 77 63 12 174 15 128 33 184 74 195 132 3 139 107 155 153 192 73 52 189 70 141 75 179 26 115 96 93 47 49 31 2 98 140 46 72 8 69 110 160 67 86 144 83 102 171 99 9 97 81 5 91 161 7 27 37 131 125 152 194 87 55 113 30 165 124 39 29 48 162 143 17 14 1 149 186 54 164 187 34 129 25 56 88 117 101
146
68 145 55 14 33 109 95 48 56 84 81 69 94 85 38 90 49 98 20 107 70 113 35 44 92 3 106 45 87 51 137 12 17 114 5 136 42 52 123 132 112 43 72 86 82 25 64 39 11 22 88 104 97 80 79 101 67 1 141 102 89 143 73 128 138 120 61 75 57 100 74 40 135 37 129 26 78 96 146 41 7 58 27 4 133 18 23 105 71 54 108 6 8 32 93 15 47 36 34 59 65 117 2 76 121 29 134 50 111 10 62 116 24 60 28 118 142 130 139 110 83 77 144 126 115 53 119 63 66 127 140 91 125 16 131 31 19 30 9 99 122 46 21 103 13 124
96
55 54 53 52 51 50 49 48 47 46 45 44 43 42 41 40 39 38 37 36 35 34 33 32 31 30 29 28 27 26 25 24 23 22 21 20 19 18 17 16 15 14 13 12 11 10 9 8 7 6 5 4 3 2 1 96 95 94 93 92 91 90 89 88 87 86 85 84 83 82 81 80 79 78 77 76 75 74 73 72 71 70 69 68 67 66 65 64 63 62 61 60 59 58 57 56
167
142 141 140 139 138 137 136 135 134 133 132 131 130 129 128 127 126 125 124 123 122 121 120 119 118 117 116 115 114 113 112 111 110 109 108 107 106 105 104 103 102 101 100 99 98 97 96 95 94 93 92 91 90 89 88 87 86 85 84 83 82 81 80 79 78 77 76 75 74 73 72 71 70 69 68 67 66 65 64 63 62 61 60 59 58 57 56 55 54 53 52 51 50 49 48 47 46 45 44 43 42 41 40 39 38 37 36 35 34 33 32 31 30 29 28 27 26 25 24 23 22 21 20 19 18 17 16 15 14 13 12 11 10 9 8 7 6 5 4 3 2 1 167 166 165 164 163 162 161 160 159 158 157 156 155 154 153 152 151 150 149 148 147 146 145 144 143
116
80 79 78 77 76 75 74 73 72 71 70 69 68 67 66 65 64 63 62 61 60 59 58 57 56 55 54 53 52 51 50 49 48 47 46 45 44 43 42 41 40 39 38 37 36 35 34 33 32 31 30 29 28 27 26 25 24 23 22 21 20 19 18 17 16 15 14 13 12 11 10 9 8 7 6 5 4 3 2 1 116 115 114 113 112 111 110 109 108 107 106 105 104 103 102 101 100 99 98 97 96 95 94 93 92 91 90 89 88 87 86 85 84 83 82 81
105
85 83 47 79 97 53 13 59 10 5 61 54 8 65 96 104 105 16 24 7 12 89 20 2 57 63 56 78 9 82 40 21 43 92 31 84 94 70 73 77 68 34 69 90 80 36 58 52 64 101 74 39 46 11 60 71 22 45 102 49 76 3 75 87 6 4 33 93 86 35 14 32 91 99 15 66 88 19 25 95 29 100 18 37 23 30 48 55 67 81 1 50 44 17 42 62 38 72 26 41 103 98 27 51 28
39
2 26 27 23 30 25 39 12 37 33 24 7 14 21 35 10 22 32 11 9 16 38 15 19 28 6 1 5 17 4 13 3 8 34 18 31 20 36 29
25
10 13 1 19 15 17 7 12 14 6 2 20 8 21 3 22 9 25 11 18 4 24 5 16 23
6
2 1 6 5 4 3
170
100 99 98 97 96 95 94 93 92 91 90 89 88 87 86 85 84 83 82 81 80 79 78 77 76 75 74 73 72 71 70 69 68 67 66 65 64 63 62 61 60 59 58 57 56 55 54 53 52 51 50 49 48 47 46 45 44 43 42 41 40 39 38 37 36 35 34 33 32 31 30 29 28 27 26 25 24 23 22 21 20 19 18 17 16 15 14 13 12 11 10 9 8 7 6 5 4 3 2 1 170 169 168 167 166 165 164 163 162 161 160 159 158 157 156 155 154 153 152 151 150 149 148 147 146 145 144 143 142 141 140 139 138 137 136 135 134 133 132 131 130 129 128 127 126 125 124 123 122 121 120 119 118 117 116 115 114 113 112 111 110 109 108 107 106 105 104 103 102 101
88
86 85 84 83 82 81 80 79 78 77 76 75 74 73 72 71 70 69 68 67 66 65 64 63 62 61 60 59 58 57 56 55 54 53 52 51 50 49 48 47 46 45 44 43 42 41 40 39 38 37 36 35 34 33 32 31 30 29 28 27 26 25 24 23 22 21 20 19 18 17 16 15 14 13 12 11 10 9 8 7 6 5 4 3 2 1 88 87
135
103 102 101 100 99 98 97 96 95 94 93 92 91 90 89 88 87 86 85 84 83 82 81 80 79 78 77 76 75 74 73 72 71 70 69 68 67 66 65 64 63 62 61 60 59 58 57 56 55 54 53 52 51 50 49 48 47 46 45 44 43 42 41 40 39 38 37 36 35 34 33 32 31 30 29 28 27 26 25 24 23 22 21 20 19 18 17 16 15 14 13 12 11 10 9 8 7 6 5 4 3 2 1 135 134 133 132 131 130 129 128 127 126 125 124 123 122 121 120 119 118 117 116 115 114 113 112 111 110 109 108 107 106 105 104
80
13 4 57 52 56 21 32 6 15 62 58 48 9 78 73 3 31 74 20 80 67 27 43 71 77 23 64 18 11 66 46 12 69 37 47 44 5 8 54 42 25 36 33 1 45 10 16 28 76 41 19 50 39 60 61 14 72 17 29 65 70 75 51 24 30 7 2 22 40 55 49 53 79 59 38 35 68 26 34 63
77
26 27 13 8 24 37 56 76 44 62 9 4 72 6 47 21 66 63 15 10 52 29 58 50 31 1 38 12 61 19 23 57 22 53 45 41 42 75 74 20 54 70 25 40 51 49 35 16 68 14 77 69 18 17 65 5 67 73 36 2 43 33 32 60 71 34 59 64 46 3 39 48 55 28 7 11 30
75
18 17 16 15 14 13 12 11 10 9 8 7 6 5 4 3 2 1 75 74 73 72 71 70 69 68 67 66 65 64 63 62 61 60 59 58 57 56 55 54 53 52 51 50 49 48 47 46 45 44 43 42 41 40 39 38 37 36 35 34 33 32 31 30 29 28 27 26 25 24 23 22 21 20 19
31
27 26 25 24 23 22 21 20 19 18 17 16 15 14 13 12 11 10 9 8 7 6 5 4 3 2 1 31 30 29 28
169
39 40 41 42 43 44 45 46 47 48 49 50 51 52 53 54 55 56 57 58 59 60 61 62 63 64 65 66 67 68 69 70 71 72 73 74 75 76 77 78 79 80 81 82 83 84 85 86 87 88 89 90 91 92 93 94 95 96 97 98 99 100 101 102 103 104 105 106 107 108 109 110 111 112 113 114 115 116 117 118 119 120 121 122 123 124 125 126 127 128 129 130 131 132 133 134 135 136 137 138 139 140 141 142 143 144 145 146 147 148 149 150 151 152 153 154 155 156 157 158 159 160 161 162 163 164 165 166 167 168 169 1 2 3 4 5 6 7 8 9 10 11 12 13 14 15 16 17 18 19 20 21 22 23 24 25 26 27 28 29 30 31 32 33 34 35 36 37 38
68
24 20 13 40 18 44 49 32 34 47 6 39 61 23 67 28 27 54 8 14 52 5 50 15 10 11 59 51 29 43 31 38 17 56 9 35 7 36 33 2 16 58 4 37 68 53 66 45 46 30 3 12 21 62 60 1 22 19 42 41 48 57 63 25 26 64 55 65
122
68 108 54 3 31 77 40 114 74 23 44 66 86 99 9 80 39 37 36 38 35 14 5 47 12 58 118 27 103 102 48 55 73 115 70 119 16 110 79 121 15 65 83 60 107 101 109 11 51 111 112 45 22 78 63 116 33 34 62 57 21 24 19 122 17 104 95 56 43 29 87 6 30 71 13 64 82 18 49 4 105 50 32 20 7 25 1 46 59 106 100 76 88 41 85 69 42 52 91 98 117 81 26 61 10 113 120 53 8 97 75 90 2 93 28 92 67 96 94 84 72 89
90
90 89 88 87 86 85 84 83 82 81 80 79 78 77 76 75 74 73 72 71 70 69 68 67 66 65 64 63 62 61 60 59 58 57 56 55 54 53 52 51 50 49 48 47 46 45 44 43 42 41 40 39 38 37 36 35 34 33 32 31 30 29 28 27 26 25 24 23 22 21 20 19 18 17 16 15 14 13 12 11 10 9 8 7 6 5 4 3 2 1
82
8 7 6 5 4 3 2 1 82 81 80 79 78 77 76 75 74 73 72 71 70 69 68 67 66 65 64 63 62 61 60 59 58 57 56 55 54 53 52 51 50 49 48 47 46 45 44 43 42 41 40 39 38 37 36 35 34 33 32 31 30 29 28 27 26 25 24 23 22 21 20 19 18 17 16 15 14 13 12 11 10 9
17
5 6 7 8 9 10 11 12 13 14 15 16 17 1 2 3 4
19
19 5 14 12 1 13 4 2 10 17 11 8 15 3 6 18 16 7 9
114
46 82 89 28 100 19 68 1 12 9 73 103 31 76 109 114 62 3 40 24 16 45 37 111 21 58 20 106 57 29 78 110 4 51 35 101 8 95 53 11 15 42 36 33 86 93 54 96 60 5 34 55 61 50 70 102 69 22 75 97 105 7 94 27 2 84 23 81 52 99 74 67 107 44 48 25 47 79 92 72 88 65 98 32 87 49 91 13 64 26 90 108 43 71 104 80 63 77 39 112 30 66 6 113 18 59 56 10 17 14 41 38 83 85
143
52 53 54 55 56 57 58 59 60 61 62 63 64 65 66 67 68 69 70 71 72 73 74 75 76 77 78 79 80 81 82 83 84 85 86 87 88 89 90 91 92 93 94 95 96 97 98 99 100 101 102 103 104 105 106 107 108 109 110 111 112 113 114 115 116 117 118 119 120 121 122 123 124 125 126 127 128 129 130 131 132 133 134 135 136 137 138 139 140 141 142 143 1 2 3 4 5 6 7 8 9 10 11 12 13 14 15 16 17 18 19 20 21 22 23 24 25 26 27 28 29 30 31 32 33 34 35 36 37 38 39 40 41 42 43 44 45 46 47 48 49 50 51
151
36 35 34 33 32 31 30 29 28 27 26 25 24 23 22 21 20 19 18 17 16 15 14 13 12 11 10 9 8 7 6 5 4 3 2 1 151 150 149 148 147 146 145 144 143 142 141 140 139 138 137 136 135 134 133 132 131 130 129 128 127 126 125 124 123 122 121 120 119 118 117 116 115 114 113 112 111 110 109 108 107 106 105 104 103 102 101 100 99 98 97 96 95 94 93 92 91 90 89 88 87 86 85 84 83 82 81 80 79 78 77 76 75 74 73 72 71 70 69 68 67 66 65 64 63 62 61 60 59 58 57 56 55 54 53 52 51 50 49 48 47 46 45 44 43 42 41 40 39 38 37
196
195 196 1 2 3 4 5 6 7 8 9 10 11 12 13 14 15 16 17 18 19 20 21 22 23 24 25 26 27 28 29 30 31 32 33 34 35 36 37 38 39 40 41 42 43 44 45 46 47 48 49 50 51 52 53 54 55 56 57 58 59 60 61 62 63 64 65 66 67 68 69 70 71 72 73 74 75 76 77 78 79 80 81 82 83 84 85 86 87 88 89 90 91 92 93 94 95 96 97 98 99 100 101 102 103 104 105 106 107 108 109 110 111 112 113 114 115 116 117 118 119 120 121 122 123 124 125 126 127 128 129 130 131 132 133 134 135 136 137 138 139 140 141 142 143 144 145 146 147 148 149 150 151 152 153 154 155 156 157 158 159 160 161 162 163 164 165 166 167 168 169 170 171 172 173 174 175 176 177 178 179 180 181 182 183 184 185 186 187 188 189 190 191 192 193 194
189
19 18 17 16 15 14 13 12 11 10 9 8 7 6 5 4 3 2 1 189 188 187 186 185 184 183 182 181 180 179 178 177 176 175 174 173 172 171 170 169 168 167 166 165 164 163 162 161 160 159 158 157 156 155 154 153 152 151 150 149 148 147 146 145 144 143 142 141 140 139 138 137 136 135 134 133 132 131 130 129 128 127 126 125 124 123 122 121 120 119 118 117 116 115 114 113 112 111 110 109 108 107 106 105 104 103 102 101 100 99 98 97 96 95 94 93 92 91 90 89 88 87 86 85 84 83 82 81 80 79 78 77 76 75 74 73 72 71 70 69 68 67 66 65 64 63 62 61 60 59 58 57 56 55 54 53 52 51 50 49 48 47 46 45 44 43 42 41 40 39 38 37 36 35 34 33 32 31 30 29 28 27 26 25 24 23 22 21 20
4
2 4 1 3
22
6 2 1 5 9 20 22 18 12 10 14 17 11 3 13 8 4 16 15 19 7 21
89
22 21 20 19 18 17 16 15 14 13 12 11 10 9 8 7 6 5 4 3 2 1 89 88 87 86 85 84 83 82 81 80 79 78 77 76 75 74 73 72 71 70 69 68 67 66 65 64 63 62 61 60 59 58 57 56 55 54 53 52 51 50 49 48 47 46 45 44 43 42 41 40 39 38 37 36 35 34 33 32 31 30 29 28 27 26 25 24 23
50
49 48 47 46 45 44 43 42 41 40 39 38 37 36 35 34 33 32 31 30 29 28 27 26 25 24 23 22 21 20 19 18 17 16 15 14 13 12 11 10 9 8 7 6 5 4 3 2 1 50
28
6 5 4 3 2 1 28 27 26 25 24 23 22 21 20 19 18 17 16 15 14 13 12 11 10 9 8 7
113
24 89 35 4 59 60 98 33 49 77 93 2 110 87 109 31 14 39 101 12 70 23 102 92 52 74 91 97 34 1 43 82 62 46 103 99 25 8 66 107 16 75 9 55 63 67 29 69 58 48 19 81 96 71 42 21 105 57 68 11 112 84 56 5 7 83 85 94 80 36 6 95 53 73 26 40 41 44 72 50 86 13 10 104 78 47 65 54 61 3 30 106 45 76 51 27 64 90 17 38 88 15 79 20 32 28 108 100 22 37 18 113 111
99
59 5 20 12 50 84 34 52 8 1 73 72 81 97 66 70 78 77 89 61 30 94 39 9 47 65 83 2 48 26 23 16 64 51 88 13 19 17 85 37 10 38 99 42 3 95 32 60 55 31 71 93 24 43 56 45 21 28 18 40 82 36 53 22 29 4 54 49 46 7 62 63 86 35 41 96 80 11 75 79 44 27 25 58 91 15 74 87 67 14 76 68 98 90 6 33 69 57 92
67
37 38 39 40 41 42 43 44 45 46 47 48 49 50 51 52 53 54 55 56 57 58 59 60 61 62 63 64 65 66 67 1 2 3 4 5 6 7 8 9 10 11 12 13 14 15 16 17 18 19 20 21 22 23 24 25 26 27 28 29 30 31 32 33 34 35 36
22
3 4 5 6 7 8 9 10 11 12 13 14 15 16 17 18 19 20 21 22 1 2
56
20 17 28 29 38 46 26 55 10 45 56 48 50 52 24 42 49 39 35 7 33 51 9 19 22 15 53 3 25 40 54 1 2 32 37 27 6 23 4 47 34 36 41 14 16 12 44 8 31 5 18 43 13 11 21 30
133
48 55 1 34 94 92 130 8 18 88 60 126 116 85 62 121 95 36 97 74 125 37 82 114 87 19 100 106 39 30 66 128 86 25 14 113 89 131 68 117 67 9 52 24 129 44 93 104 17 58 28 16 83 61 7 108 31 132 71 65 22 42 123 122 11 3 79 54 64 35 56 120 27 20 124 105 115 5 4 32 29 33 101 21 10 59 38 46 81 109 119 75 50 107 2 78 118 69 90 26 12 43 99 73 70 84 13 112 63 15 80 133 47 77 76 98 40 102 110 49 45 96 6 72 127 41 91 103 111 53 51 23 57
134
23 24 25 26 27 28 29 30 31 32 33 34 35 36 37 38 39 40 41 42 43 44 45 46 47 48 49 50 51 52 53 54 55 56 57 58 59 60 61 62 63 64 65 66 67 68 69 70 71 72 73 74 75 76 77 78 79 80 81 82 83 84 85 86 87 88 89 90 91 92 93 94 95 96 97 98 99 100 101 102 103 104 105 106 107 108 109 110 111 112 113 114 115 116 117 118 119 120 121 122 123 124 125 126 127 128 129 130 131 132 133 134 1 2 3 4 5 6 7 8 9 10 11 12 13 14 15 16 17 18 19 20 21 22
4
2 1 4 3
117
10 35 65 116 77 84 106 105 45 94 58 62 12 115 32 34 59 80 111 31 30 37 38 6 20 17 117 95 104 99 93 63 97 67 15 23 69 81 86 25 113 36 68 92 102 79 51 9 18 78 75 83 5 21 89 24 44 29 53 56 49 101 71 107 112 46 3 47 41 55 110 13 52 43 91 11 74 76 108 4 19 16 73 57 66 87 50 40 22 114 103 85 90 28 8 42 14 7 82 109 98 48 64 33 88 60 72 96 100 70 39 61 26 54 27 1 2
102
101 21 27 69 43 90 50 49 6 13 81 95 17 33 5 34 92 12 79 30 39 38 76 16 67 23 83 98 18 91 51 36 42 70 40 99 77 10 1 19 32 68 35 94 72 71 11 87 58 62 2 74 66 57 8 15 84 41 45 85 56 14 4 75 53 64 59 65 54 100 25 31 60 55 97 63 78 48 96 89 93 29 88 73 9 102 61 52 7 22 44 82 3 86 28 37 47 20 80 46 26 24
131
79 80 81 82 83 84 85 86 87 88 89 90 91 92 93 94 95 96 97 98 99 100 101 102 103 104 105 106 107 108 109 110 111 112 113 114 115 116 117 118 119 120 121 122 123 124 125 126 127 128 129 130 131 1 2 3 4 5 6 7 8 9 10 11 12 13 14 15 16 17 18 19 20 21 22 23 24 25 26 27 28 29 30 31 32 33 34 35 36 37 38 39 40 41 42 43 44 45 46 47 48 49 50 51 52 53 54 55 56 57 58 59 60 61 62 63 64 65 66 67 68 69 70 71 72 73 74 75 76 77 78
81
7 77 28 81 73 16 80 11 72 37 46 40 76 47 79 30 2 25 68 20 50 48 65 60 3 15 35 74 44 31 1 54 19 8 42 5 61 24 18 51 67 27 34 70 21 55 32 69 4 62 63 57 23 53 41 29 9 58 26 36 22 45 33 52 71 56 64 12 39 38 13 43 78 14 49 75 66 17 10 59 6
196
32 37 77 98 156 25 107 167 99 41 70 105 42 148 73 151 4 150 53 111 112 128 116 61 124 13 63 153 71 65 182 35 104 22 78 117 89 43 147 142 145 184 50 171 133 67 14 54 181 144 106 139 185 109 18 141 186 59 192 160 154 94 62 168 103 74 45 48 46 140 11 6 193 8 191 101 5 131 47 134 170 86 183 114 16 110 84 188 3 72 174 127 163 38 161 162 40 157 66 85 178 55 91 177 56 195 58 179 83 68 143 152 15 129 76 137 190 30 19 113 10 100 57 119 60 34 69 90 159 7 20 102 176 130 80 196 44 33 166 49 2 136 36 125 51 17 29 135 126 26 120 87 173 97 23 12 24 155 81 180 169 1 93 122 123 88 28 146 149 9 172 95 75 115 194 132 31 175 96 39 108 92 27 121 158 189 52 118 164 21 187 64 79 165 138 82
106
81 72 19 5 41 4 37 47 88 83 53 67 94 66 71 10 16 52 73 23 50 9 84 49 45 48 56 1 91 89 103 18 34 31 87 33 105 24 35 14 104 28 79 26 92 95 39 97 86 17 38 96 75 65 25 61 20 76 11 2 74 12 29 7 21 98 57 60 43 62 59 80 32 101 55 22 36 69 102 82 40 15 63 3 85 68 70 54 100 78 93 42 27 44 30 77 6 51 8 90 46 13 58 106 64 99
29
25 24 23 22 21 20 19 18 17 16 15 14 13 12 11 10 9 8 7 6 5 4 3 2 1 29 28 27 26
