110
148
100 102 4 119 127 16 40 132 30 29 47 45 82 87 141 69 140 84 126 110 64 48 2 28 135 134 125 20 81 74 76 35 59 34 105 21 115 63 31 75 61 6 136 66 93 104 25 116 49 98 32 107 11 67 146 144 10 15 14 19 121 38 139 52 18 109 44 33 78 68 57 71 23 92 117 53 137 142 55 36 101 97 17 7 113 77 54 3 9 13 43 65 46 108 128 120 73 138 8 5 103 27 41 50 1 118 147 95 80 26 94 124 90 51 70 131 12 79 112 60 62 56 111 89 148 123 145 114 22 130 37 85 39 58 72 122 24 42 133 83 88 96 91 129 143 86 99 106
190
172 171 170 169 168 167 166 165 164 163 162 161 160 159 158 157 156 155 154 153 152 151 150 149 148 147 146 145 144 143 142 141 140 139 138 137 136 135 134 133 132 131 130 129 128 127 126 125 124 123 122 121 120 119 118 117 116 115 114 113 112 111 110 109 108 107 106 105 104 103 102 101 100 99 98 97 96 95 94 93 92 91 90 89 88 87 86 85 84 83 82 81 80 79 78 77 76 75 74 73 72 71 70 69 68 67 66 65 64 63 62 61 60 59 58 57 56 55 54 53 52 51 50 49 48 47 46 45 44 43 42 41 40 39 38 37 36 35 34 33 32 31 30 29 28 27 26 25 24 23 22 21 20 19 18 17 16 15 14 13 12 11 10 9 8 7 6 5 4 3 2 1 190 189 188 187 186 185 184 183 182 181 180 179 178 177 176 175 174 173
73
45 50 9 44 34 71 21 30 37 60 8 48 43 3 5 1 14 28 64 35 49 10 69 63 73 67 2 58 68 66 19 29 32 41 47 46 40 54 18 36 25 6 11 20 31 53 26 24 72 42 7 62 4 33 39 65 27 13 38 61 57 15 22 17 52 55 59 16 51 23 56 12 70
22
19 18 17 16 15 14 13 12 11 10 9 8 7 6 5 4 3 2 1 22 21 20
50
9 10 11 12 13 14 15 16 17 18 19 20 21 22 23 24 25 26 27 28 29 30 31 32 33 34 35 36 37 38 39 40 41 42 43 44 45 46 47 48 49 50 1 2 3 4 5 6 7 8
132
132 131 130 129 128 127 126 125 124 123 122 121 120 119 118 117 116 115 114 113 112 111 110 109 108 107 106 105 104 103 102 101 100 99 98 97 96 95 94 93 92 91 90 89 88 87 86 85 84 83 82 81 80 79 78 77 76 75 74 73 72 71 70 69 68 67 66 65 64 63 62 61 60 59 58 57 56 55 54 53 52 51 50 49 48 47 46 45 44 43 42 41 40 39 38 37 36 35 34 33 32 31 30 29 28 27 26 25 24 23 22 21 20 19 18 17 16 15 14 13 12 11 10 9 8 7 6 5 4 3 2 1
30
11 17 23 14 16 7 8 19 26 4 15 2 20 3 30 22 9 25 21 29 12 13 6 10 28 18 1 5 27 24
79
68 46 54 29 41 40 50 79 12 76 10 1 69 45 3 21 74 65 63 24 4 55 72 49 34 15 31 7 57 5 2 48 71 44 17 64 33 35 77 58 42 25 19 43 14 73 27 51 20 26 13 22 23 37 36 70 62 6 59 28 38 61 47 67 60 30 32 8 16 66 18 39 75 9 56 53 52 78 11
18
9 4 2 13 18 15 10 1 16 14 6 12 3 5 17 11 8 7
104
101 100 99 98 97 96 95 94 93 92 91 90 89 88 87 86 85 84 83 82 81 80 79 78 77 76 75 74 73 72 71 70 69 68 67 66 65 64 63 62 61 60 59 58 57 56 55 54 53 52 51 50 49 48 47 46 45 44 43 42 41 40 39 38 37 36 35 34 33 32 31 30 29 28 27 26 25 24 23 22 21 20 19 18 17 16 15 14 13 12 11 10 9 8 7 6 5 4 3 2 1 104 103 102
63
60 1 45 61 18 43 11 15 63 22 32 28 44 25 29 59 36 33 19 41 17 26 5 56 27 4 6 47 55 34 12 52 30 10 48 62 21 40 54 58 37 13 31 39 38 57 23 20 49 50 9 53 46 24 14 2 16 51 3 8 7 35 42
128
26 27 28 29 30 31 32 33 34 35 36 37 38 39 40 41 42 43 44 45 46 47 48 49 50 51 52 53 54 55 56 57 58 59 60 61 62 63 64 65 66 67 68 69 70 71 72 73 74 75 76 77 78 79 80 81 82 83 84 85 86 87 88 89 90 91 92 93 94 95 96 97 98 99 100 101 102 103 104 105 106 107 108 109 110 111 112 113 114 115 116 117 118 119 120 121 122 123 124 125 126 127 128 1 2 3 4 5 6 7 8 9 10 11 12 13 14 15 16 17 18 19 20 21 22 23 24 25
31
13 12 11 10 9 8 7 6 5 4 3 2 1 31 30 29 28 27 26 25 24 23 22 21 20 19 18 17 16 15 14
129
43 79 13 103 30 29 15 37 126 12 52 26 61 8 24 63 57 59 51 17 77 69 46 32 2 109 76 87 36 122 78 94 84 1 116 16 70 23 56 91 113 120 93 92 7 67 107 60 90 11 97 21 89 123 115 27 18 41 62 68 31 128 6 114 100 81 28 106 112 111 20 33 38 64 95 85 96 45 119 98 104 3 118 82 80 74 127 86 65 101 121 117 14 42 125 35 75 110 72 53 22 102 47 49 50 71 55 58 10 39 25 88 99 73 4 40 124 19 54 105 83 5 108 48 34 66 44 129 9
125
109 110 111 112 113 114 115 116 117 118 119 120 121 122 123 124 125 1 2 3 4 5 6 7 8 9 10 11 12 13 14 15 16 17 18 19 20 21 22 23 24 25 26 27 28 29 30 31 32 33 34 35 36 37 38 39 40 41 42 43 44 45 46 47 48 49 50 51 52 53 54 55 56 57 58 59 60 61 62 63 64 65 66 67 68 69 70 71 72 73 74 75 76 77 78 79 80 81 82 83 84 85 86 87 88 89 90 91 92 93 94 95 96 97 98 99 100 101 102 103 104 105 106 107 108
108
69 70 71 72 73 74 75 76 77 78 79 80 81 82 83 84 85 86 87 88 89 90 91 92 93 94 95 96 97 98 99 100 101 102 103 104 105 106 107 108 1 2 3 4 5 6 7 8 9 10 11 12 13 14 15 16 17 18 19 20 21 22 23 24 25 26 27 28 29 30 31 32 33 34 35 36 37 38 39 40 41 42 43 44 45 46 47 48 49 50 51 52 53 54 55 56 57 58 59 60 61 62 63 64 65 66 67 68
133
62 61 60 59 58 57 56 55 54 53 52 51 50 49 48 47 46 45 44 43 42 41 40 39 38 37 36 35 34 33 32 31 30 29 28 27 26 25 24 23 22 21 20 19 18 17 16 15 14 13 12 11 10 9 8 7 6 5 4 3 2 1 133 132 131 130 129 128 127 126 125 124 123 122 121 120 119 118 117 116 115 114 113 112 111 110 109 108 107 106 105 104 103 102 101 100 99 98 97 96 95 94 93 92 91 90 89 88 87 86 85 84 83 82 81 80 79 78 77 76 75 74 73 72 71 70 69 68 67 66 65 64 63
28
10 25 27 23 13 22 6 8 28 16 1 4 5 14 12 21 19 7 18 2 15 9 24 3 17 11 20 26
166
37 36 35 34 33 32 31 30 29 28 27 26 25 24 23 22 21 20 19 18 17 16 15 14 13 12 11 10 9 8 7 6 5 4 3 2 1 166 165 164 163 162 161 160 159 158 157 156 155 154 153 152 151 150 149 148 147 146 145 144 143 142 141 140 139 138 137 136 135 134 133 132 131 130 129 128 127 126 125 124 123 122 121 120 119 118 117 116 115 114 113 112 111 110 109 108 107 106 105 104 103 102 101 100 99 98 97 96 95 94 93 92 91 90 89 88 87 86 85 84 83 82 81 80 79 78 77 76 75 74 73 72 71 70 69 68 67 66 65 64 63 62 61 60 59 58 57 56 55 54 53 52 51 50 49 48 47 46 45 44 43 42 41 40 39 38
1
1
152
105 104 103 102 101 100 99 98 97 96 95 94 93 92 91 90 89 88 87 86 85 84 83 82 81 80 79 78 77 76 75 74 73 72 71 70 69 68 67 66 65 64 63 62 61 60 59 58 57 56 55 54 53 52 51 50 49 48 47 46 45 44 43 42 41 40 39 38 37 36 35 34 33 32 31 30 29 28 27 26 25 24 23 22 21 20 19 18 17 16 15 14 13 12 11 10 9 8 7 6 5 4 3 2 1 152 151 150 149 148 147 146 145 144 143 142 141 140 139 138 137 136 135 134 133 132 131 130 129 128 127 126 125 124 123 122 121 120 119 118 117 116 115 114 113 112 111 110 109 108 107 106
80
14 32 22 35 40 50 65 62 75 63 33 3 54 13 30 17 15 6 4 74 57 26 19 55 21 42 48 78 70 2 46 38 12 7 43 5 31 9 71 68 69 58 52 51 11 45 41 37 47 20 73 27 79 36 1 53 66 77 56 67 18 25 28 76 72 59 23 61 10 60 80 24 44 8 16 39 49 34 29 64
156
125 124 123 122 121 120 119 118 117 116 115 114 113 112 111 110 109 108 107 106 105 104 103 102 101 100 99 98 97 96 95 94 93 92 91 90 89 88 87 86 85 84 83 82 81 80 79 78 77 76 75 74 73 72 71 70 69 68 67 66 65 64 63 62 61 60 59 58 57 56 55 54 53 52 51 50 49 48 47 46 45 44 43 42 41 40 39 38 37 36 35 34 33 32 31 30 29 28 27 26 25 24 23 22 21 20 19 18 17 16 15 14 13 12 11 10 9 8 7 6 5 4 3 2 1 156 155 154 153 152 151 150 149 148 147 146 145 144 143 142 141 140 139 138 137 136 135 134 133 132 131 130 129 128 127 126
49
40 9 31 3 43 2 4 28 36 32 13 42 22 47 44 49 24 46 21 39 19 33 18 20 16 37 11 17 25 1 45 7 30 35 15 29 14 23 38 48 5 41 12 8 10 6 26 34 27
23
23 17 18 9 13 15 16 2 19 20 14 8 10 1 3 5 12 7 4 11 6 22 21
136
4 44 41 15 77 18 57 53 16 56 35 103 48 130 92 85 20 60 33 90 127 66 6 84 118 63 122 62 39 108 13 129 32 111 31 29 91 110 61 49 101 135 121 102 94 37 114 132 2 112 76 45 38 123 80 82 59 89 83 117 50 46 119 58 97 34 75 79 24 74 54 25 107 9 43 115 104 26 5 113 14 133 99 69 96 109 19 88 10 93 12 21 36 128 87 47 30 40 95 55 51 23 68 17 124 126 106 125 22 70 1 11 131 42 98 116 28 73 7 78 52 67 81 134 120 86 71 72 105 136 100 65 64 3 8 27
79
10 58 25 23 16 54 79 29 33 75 73 70 72 20 34 63 3 61 68 32 41 48 39 14 8 6 52 38 57 78 60 18 21 4 9 42 2 7 55 49 15 74 59 30 50 35 66 46 69 51 47 28 5 67 17 26 56 53 22 31 43 45 24 13 40 1 37 19 77 11 27 71 76 36 64 62 44 12 65
153
5 4 3 2 1 153 152 151 150 149 148 147 146 145 144 143 142 141 140 139 138 137 136 135 134 133 132 131 130 129 128 127 126 125 124 123 122 121 120 119 118 117 116 115 114 113 112 111 110 109 108 107 106 105 104 103 102 101 100 99 98 97 96 95 94 93 92 91 90 89 88 87 86 85 84 83 82 81 80 79 78 77 76 75 74 73 72 71 70 69 68 67 66 65 64 63 62 61 60 59 58 57 56 55 54 53 52 51 50 49 48 47 46 45 44 43 42 41 40 39 38 37 36 35 34 33 32 31 30 29 28 27 26 25 24 23 22 21 20 19 18 17 16 15 14 13 12 11 10 9 8 7 6
151
85 86 87 88 89 90 91 92 93 94 95 96 97 98 99 100 101 102 103 104 105 106 107 108 109 110 111 112 113 114 115 116 117 118 119 120 121 122 123 124 125 126 127 128 129 130 131 132 133 134 135 136 137 138 139 140 141 142 143 144 145 146 147 148 149 150 151 1 2 3 4 5 6 7 8 9 10 11 12 13 14 15 16 17 18 19 20 21 22 23 24 25 26 27 28 29 30 31 32 33 34 35 36 37 38 39 40 41 42 43 44 45 46 47 48 49 50 51 52 53 54 55 56 57 58 59 60 61 62 63 64 65 66 67 68 69 70 71 72 73 74 75 76 77 78 79 80 81 82 83 84
165
40 39 38 37 36 35 34 33 32 31 30 29 28 27 26 25 24 23 22 21 20 19 18 17 16 15 14 13 12 11 10 9 8 7 6 5 4 3 2 1 165 164 163 162 161 160 159 158 157 156 155 154 153 152 151 150 149 148 147 146 145 144 143 142 141 140 139 138 137 136 135 134 133 132 131 130 129 128 127 126 125 124 123 122 121 120 119 118 117 116 115 114 113 112 111 110 109 108 107 106 105 104 103 102 101 100 99 98 97 96 95 94 93 92 91 90 89 88 87 86 85 84 83 82 81 80 79 78 77 76 75 74 73 72 71 70 69 68 67 66 65 64 63 62 61 60 59 58 57 56 55 54 53 52 51 50 49 48 47 46 45 44 43 42 41
139
78 13 73 96 127 33 40 2 20 137 56 90 62 5 39 49 70 44 8 75 11 125 35 29 84 129 119 12 46 107 74 58 19 18 3 61 86 104 17 67 22 81 87 80 25 133 15 4 94 69 89 24 64 100 31 136 52 42 1 120 28 92 36 59 139 23 68 83 77 128 116 16 26 63 121 132 32 66 114 131 21 124 126 101 82 130 134 109 76 111 48 50 60 115 105 54 47 79 103 91 37 102 43 41 72 98 110 27 9 57 123 113 99 10 34 6 38 65 53 95 93 97 14 71 118 108 112 117 30 55 135 88 138 7 122 45 106 85 51
32
17 9 5 10 3 23 1 15 27 19 18 20 8 32 25 7 14 21 24 16 11 6 12 13 4 26 29 22 30 2 28 31
70
4 20 14 23 63 27 64 55 70 30 49 62 51 15 26 39 18 17 68 22 41 9 37 6 60 21 47 32 13 50 42 59 43 69 2 40 5 58 7 11 29 25 46 10 8 67 61 34 36 1 31 24 35 16 66 48 56 12 19 65 3 28 57 38 45 44 53 54 33 52
149
124 73 7 21 122 149 98 72 134 93 53 8 26 118 145 121 77 27 38 101 61 112 56 87 22 60 88 55 120 40 89 66 44 85 12 133 37 123 75 111 62 4 142 65 35 78 20 104 46 24 13 29 51 47 140 146 105 103 125 79 9 58 50 131 136 1 127 126 81 57 90 28 143 80 117 91 49 19 69 83 30 23 76 64 6 119 3 2 147 113 36 108 138 128 74 31 16 18 70 14 45 54 94 99 11 97 144 132 52 34 102 15 135 39 139 116 63 109 5 59 43 148 32 115 95 141 33 100 92 84 71 10 129 48 107 67 82 96 17 130 42 114 110 68 86 41 137 106 25
107
34 91 71 14 89 8 39 88 5 21 23 40 67 87 29 63 73 43 18 64 97 19 57 86 12 52 107 92 80 28 32 72 51 42 70 7 102 99 95 9 106 69 65 33 77 68 55 81 50 2 11 31 4 37 103 16 36 22 27 98 100 10 74 17 58 54 61 78 82 62 30 1 90 75 93 48 85 47 56 24 35 44 25 101 60 53 104 6 41 79 105 20 49 3 59 96 26 13 15 84 76 83 38 66 46 94 45
95
18 16 86 25 54 22 46 5 95 39 84 28 42 61 91 79 72 56 26 38 62 77 65 31 52 40 49 9 58 85 74 88 87 3 21 83 23 7 37 43 93 44 36 76 11 64 69 80 6 59 82 78 68 17 73 70 48 32 67 55 60 27 10 57 8 14 63 12 19 2 75 45 15 13 81 53 29 71 94 41 24 90 89 4 30 35 50 1 66 33 34 47 51 92 20
144
20 30 45 141 13 62 99 6 9 3 46 89 48 15 101 11 76 78 91 38 50 2 69 34 106 28 97 120 72 1 43 111 51 61 143 86 128 59 90 108 22 119 103 14 139 109 56 130 122 55 132 134 79 124 135 121 100 64 98 131 115 113 17 140 84 68 116 33 77 123 21 137 80 63 133 73 92 67 54 125 7 88 29 65 58 102 82 127 96 110 53 118 42 93 41 19 24 107 85 87 36 105 83 138 71 32 23 129 49 142 35 75 16 94 126 60 47 39 37 70 95 57 25 4 112 114 104 66 44 144 27 26 52 12 31 5 8 136 74 10 40 18 117 81
84
75 33 31 65 47 15 62 1 29 23 67 19 52 48 39 6 32 46 54 14 36 26 76 59 84 18 77 13 17 72 79 64 12 40 51 10 55 11 28 35 66 83 50 80 38 30 42 53 68 70 34 27 9 78 56 4 8 44 37 81 45 43 61 5 49 24 21 41 7 58 73 57 2 69 3 60 22 82 63 71 20 16 25 74
45
19 20 21 22 23 24 25 26 27 28 29 30 31 32 33 34 35 36 37 38 39 40 41 42 43 44 45 1 2 3 4 5 6 7 8 9 10 11 12 13 14 15 16 17 18
46
10 11 12 13 14 15 16 17 18 19 20 21 22 23 24 25 26 27 28 29 30 31 32 33 34 35 36 37 38 39 40 41 42 43 44 45 46 1 2 3 4 5 6 7 8 9
72
1 59 40 19 27 12 66 23 15 11 13 9 64 39 43 68 54 28 60 18 63 42 41 49 20 48 3 32 46 35 22 62 2 52 8 50 25 67 69 37 58 7 31 61 55 70 5 65 26 29 51 4 16 71 17 57 38 56 44 72 53 24 30 36 10 33 14 34 6 47 21 45
200
71 16 98 157 50 39 108 13 185 85 165 183 82 40 198 18 168 134 79 110 156 189 152 73 29 194 67 86 68 20 169 135 167 33 96 77 188 140 12 114 103 115 128 146 72 172 31 49 180 75 26 159 175 190 200 60 139 186 126 112 174 56 54 88 145 62 160 84 144 7 120 131 81 64 97 163 92 37 133 45 171 66 176 1 192 94 36 129 153 125 166 121 158 47 127 124 5 35 76 143 19 78 199 122 44 3 2 87 162 107 21 59 164 179 51 4 123 130 100 141 93 90 116 105 91 99 38 58 170 65 10 24 138 109 195 46 83 63 102 148 61 147 41 177 184 178 136 80 43 22 106 6 101 74 193 155 149 48 181 55 151 34 27 113 32 117 11 25 95 52 23 15 154 196 182 9 14 111 191 132 150 28 119 161 69 17 57 173 197 8 89 118 42 70 104 53 187 137 30 142
57
37 38 39 40 41 42 43 44 45 46 47 48 49 50 51 52 53 54 55 56 57 1 2 3 4 5 6 7 8 9 10 11 12 13 14 15 16 17 18 19 20 21 22 23 24 25 26 27 28 29 30 31 32 33 34 35 36
115
14 15 16 17 18 19 20 21 22 23 24 25 26 27 28 29 30 31 32 33 34 35 36 37 38 39 40 41 42 43 44 45 46 47 48 49 50 51 52 53 54 55 56 57 58 59 60 61 62 63 64 65 66 67 68 69 70 71 72 73 74 75 76 77 78 79 80 81 82 83 84 85 86 87 88 89 90 91 92 93 94 95 96 97 98 99 100 101 102 103 104 105 106 107 108 109 110 111 112 113 114 115 1 2 3 4 5 6 7 8 9 10 11 12 13
84
51 50 49 48 47 46 45 44 43 42 41 40 39 38 37 36 35 34 33 32 31 30 29 28 27 26 25 24 23 22 21 20 19 18 17 16 15 14 13 12 11 10 9 8 7 6 5 4 3 2 1 84 83 82 81 80 79 78 77 76 75 74 73 72 71 70 69 68 67 66 65 64 63 62 61 60 59 58 57 56 55 54 53 52
112
36 35 34 33 32 31 30 29 28 27 26 25 24 23 22 21 20 19 18 17 16 15 14 13 12 11 10 9 8 7 6 5 4 3 2 1 112 111 110 109 108 107 106 105 104 103 102 101 100 99 98 97 96 95 94 93 92 91 90 89 88 87 86 85 84 83 82 81 80 79 78 77 76 75 74 73 72 71 70 69 68 67 66 65 64 63 62 61 60 59 58 57 56 55 54 53 52 51 50 49 48 47 46 45 44 43 42 41 40 39 38 37
89
35 5 14 62 40 85 45 17 74 78 46 53 88 73 81 20 23 36 49 84 57 63 19 7 50 89 12 24 10 64 70 48 34 80 76 52 42 87 56 68 2 65 11 18 47 22 1 55 32 54 27 61 59 8 29 60 13 15 51 4 6 72 44 58 79 86 67 31 83 82 66 75 43 71 9 16 28 25 21 77 3 38 30 26 37 69 33 39 41
136
89 90 91 92 93 94 95 96 97 98 99 100 101 102 103 104 105 106 107 108 109 110 111 112 113 114 115 116 117 118 119 120 121 122 123 124 125 126 127 128 129 130 131 132 133 134 135 136 1 2 3 4 5 6 7 8 9 10 11 12 13 14 15 16 17 18 19 20 21 22 23 24 25 26 27 28 29 30 31 32 33 34 35 36 37 38 39 40 41 42 43 44 45 46 47 48 49 50 51 52 53 54 55 56 57 58 59 60 61 62 63 64 65 66 67 68 69 70 71 72 73 74 75 76 77 78 79 80 81 82 83 84 85 86 87 88
92
8 24 88 34 64 73 30 18 71 11 90 6 19 82 79 78 60 12 65 39 2 69 9 77 38 48 26 62 46 63 91 43 36 14 83 53 89 27 67 21 23 84 44 42 31 76 74 1 16 58 25 54 5 57 86 66 15 59 3 72 28 81 41 45 55 40 49 37 4 56 85 10 20 32 35 7 33 50 17 22 80 47 68 70 87 13 92 51 52 29 61 75
146
81 82 83 84 85 86 87 88 89 90 91 92 93 94 95 96 97 98 99 100 101 102 103 104 105 106 107 108 109 110 111 112 113 114 115 116 117 118 119 120 121 122 123 124 125 126 127 128 129 130 131 132 133 134 135 136 137 138 139 140 141 142 143 144 145 146 1 2 3 4 5 6 7 8 9 10 11 12 13 14 15 16 17 18 19 20 21 22 23 24 25 26 27 28 29 30 31 32 33 34 35 36 37 38 39 40 41 42 43 44 45 46 47 48 49 50 51 52 53 54 55 56 57 58 59 60 61 62 63 64 65 66 67 68 69 70 71 72 73 74 75 76 77 78 79 80
173
3 93 24 42 8 114 166 136 144 96 74 173 170 68 40 16 51 157 97 162 110 36 34 58 29 65 118 53 80 153 122 143 169 33 5 41 132 15 159 152 70 30 126 75 84 92 57 12 158 172 90 21 125 130 140 112 99 60 163 6 46 131 26 146 109 154 95 73 83 171 49 117 155 44 37 62 123 107 20 111 150 113 31 18 161 149 94 69 1 52 10 32 86 121 141 78 19 139 128 145 101 35 104 66 115 9 59 82 77 39 23 98 138 47 164 87 64 11 25 124 63 120 43 89 142 133 81 61 165 17 55 103 14 22 100 127 102 106 45 119 56 72 168 71 147 4 88 151 91 48 67 135 156 27 79 148 76 7 137 105 116 85 2 167 13 108 54 129 134 28 50 160 38
150
66 119 122 27 50 59 3 14 19 39 125 16 13 128 136 148 112 71 24 138 139 127 58 82 85 79 145 104 129 25 63 88 33 103 9 137 142 143 94 11 53 107 41 31 149 133 97 4 22 141 70 93 102 90 108 96 45 110 140 123 43 30 124 134 120 76 68 114 77 10 75 61 69 73 60 2 83 111 89 106 57 147 109 40 21 116 78 87 36 113 130 100 144 91 99 72 20 132 12 18 32 15 150 35 118 98 26 5 121 46 54 28 101 92 51 6 86 48 29 55 135 84 34 7 74 44 105 47 80 23 126 81 52 131 37 1 8 146 17 117 115 67 65 38 49 64 62 56 95 42
99
6 5 4 3 2 1 99 98 97 96 95 94 93 92 91 90 89 88 87 86 85 84 83 82 81 80 79 78 77 76 75 74 73 72 71 70 69 68 67 66 65 64 63 62 61 60 59 58 57 56 55 54 53 52 51 50 49 48 47 46 45 44 43 42 41 40 39 38 37 36 35 34 33 32 31 30 29 28 27 26 25 24 23 22 21 20 19 18 17 16 15 14 13 12 11 10 9 8 7
51
46 5 11 6 21 38 26 36 17 49 40 48 2 32 7 18 1 15 45 30 50 19 31 34 16 37 12 22 41 29 27 9 23 44 3 14 4 20 25 33 43 39 28 35 10 8 42 13 51 47 24
98
98 97 96 95 94 93 92 91 90 89 88 87 86 85 84 83 82 81 80 79 78 77 76 75 74 73 72 71 70 69 68 67 66 65 64 63 62 61 60 59 58 57 56 55 54 53 52 51 50 49 48 47 46 45 44 43 42 41 40 39 38 37 36 35 34 33 32 31 30 29 28 27 26 25 24 23 22 21 20 19 18 17 16 15 14 13 12 11 10 9 8 7 6 5 4 3 2 1
55
18 30 4 6 19 29 36 21 20 14 9 5 22 35 41 7 1 17 45 32 46 42 50 49 54 43 52 40 39 53 48 26 27 24 51 15 2 25 23 55 34 31 11 38 44 10 37 47 8 33 3 16 12 13 28
114
104 103 102 101 100 99 98 97 96 95 94 93 92 91 90 89 88 87 86 85 84 83 82 81 80 79 78 77 76 75 74 73 72 71 70 69 68 67 66 65 64 63 62 61 60 59 58 57 56 55 54 53 52 51 50 49 48 47 46 45 44 43 42 41 40 39 38 37 36 35 34 33 32 31 30 29 28 27 26 25 24 23 22 21 20 19 18 17 16 15 14 13 12 11 10 9 8 7 6 5 4 3 2 1 114 113 112 111 110 109 108 107 106 105
155
99 77 15 23 13 112 90 143 58 79 142 28 22 80 20 34 71 110 18 37 25 145 8 98 129 106 54 40 48 153 109 130 113 51 50 56 146 66 29 16 10 76 126 49 35 122 117 46 138 27 33 17 93 9 75 118 114 151 101 155 149 62 121 147 41 45 132 116 67 127 105 7 26 103 128 119 135 52 61 3 84 69 63 65 107 87 91 38 59 85 4 140 96 39 125 47 89 102 36 88 1 148 100 115 12 94 81 108 5 104 11 42 2 95 60 150 31 68 70 32 111 92 139 21 19 53 57 72 97 154 78 133 152 14 24 83 55 43 6 86 73 74 123 124 141 64 131 137 120 82 144 134 44 136 30
144
116 22 111 37 120 108 134 33 24 100 38 138 11 93 59 102 79 76 125 121 91 137 104 26 64 46 81 39 144 31 107 133 52 92 85 127 95 47 19 90 89 34 68 113 17 96 99 130 30 2 27 56 97 124 71 55 32 115 65 74 101 21 45 10 140 1 7 40 114 36 84 53 142 110 98 13 106 15 48 62 50 3 94 5 119 72 28 118 77 75 128 66 12 44 122 67 135 23 78 60 4 69 139 131 58 14 8 35 6 126 73 25 132 83 87 80 18 129 54 20 70 105 143 103 42 88 49 29 63 117 136 9 61 51 43 16 109 57 41 86 141 112 123 82
174
110 109 108 107 106 105 104 103 102 101 100 99 98 97 96 95 94 93 92 91 90 89 88 87 86 85 84 83 82 81 80 79 78 77 76 75 74 73 72 71 70 69 68 67 66 65 64 63 62 61 60 59 58 57 56 55 54 53 52 51 50 49 48 47 46 45 44 43 42 41 40 39 38 37 36 35 34 33 32 31 30 29 28 27 26 25 24 23 22 21 20 19 18 17 16 15 14 13 12 11 10 9 8 7 6 5 4 3 2 1 174 173 172 171 170 169 168 167 166 165 164 163 162 161 160 159 158 157 156 155 154 153 152 151 150 149 148 147 146 145 144 143 142 141 140 139 138 137 136 135 134 133 132 131 130 129 128 127 126 125 124 123 122 121 120 119 118 117 116 115 114 113 112 111
170
127 156 117 106 112 70 23 75 99 89 11 125 119 97 15 38 120 63 45 100 46 27 159 170 22 42 18 4 64 142 155 47 87 14 65 86 161 25 13 143 141 84 123 50 94 29 62 168 137 153 31 138 73 154 118 167 145 151 158 101 57 20 81 149 124 83 6 131 41 7 129 93 166 1 44 126 59 165 54 24 67 40 102 2 147 104 37 121 35 90 17 10 49 92 95 34 19 157 36 3 144 116 162 82 66 96 71 69 16 113 61 135 21 48 30 103 88 163 146 160 56 74 130 80 164 134 109 28 39 110 55 9 111 122 52 53 33 77 148 8 98 150 132 114 72 152 5 105 43 78 58 76 107 139 85 115 60 32 79 128 136 133 169 108 91 12 26 68 51 140
30
22 11 13 16 24 29 2 9 30 6 17 5 8 15 21 18 28 4 1 14 25 3 12 19 7 23 10 27 26 20
109
81 80 79 78 77 76 75 74 73 72 71 70 69 68 67 66 65 64 63 62 61 60 59 58 57 56 55 54 53 52 51 50 49 48 47 46 45 44 43 42 41 40 39 38 37 36 35 34 33 32 31 30 29 28 27 26 25 24 23 22 21 20 19 18 17 16 15 14 13 12 11 10 9 8 7 6 5 4 3 2 1 109 108 107 106 105 104 103 102 101 100 99 98 97 96 95 94 93 92 91 90 89 88 87 86 85 84 83 82
55
30 55 22 53 15 38 16 42 43 20 52 8 45 14 3 49 39 25 48 36 37 11 24 12 21 19 31 5 26 50 44 32 40 28 46 33 34 4 27 54 2 17 10 51 1 7 18 6 29 23 9 13 35 41 47
133
87 117 53 14 88 79 59 34 46 43 119 48 11 65 41 118 115 113 125 28 93 100 49 5 26 90 61 107 10 30 64 55 52 114 78 122 4 110 54 92 128 83 1 9 15 95 19 33 101 76 116 47 63 24 89 109 72 91 97 103 6 45 132 102 81 21 130 68 17 51 108 74 38 106 126 37 27 121 16 82 71 99 131 31 32 13 75 120 85 94 77 84 2 98 29 42 18 56 123 69 36 129 111 8 96 70 105 80 124 39 133 12 60 127 22 20 7 23 50 67 57 25 62 40 3 58 112 73 35 44 86 66 104
193
162 163 164 165 166 167 168 169 170 171 172 173 174 175 176 177 178 179 180 181 182 183 184 185 186 187 188 189 190 191 192 193 1 2 3 4 5 6 7 8 9 10 11 12 13 14 15 16 17 18 19 20 21 22 23 24 25 26 27 28 29 30 31 32 33 34 35 36 37 38 39 40 41 42 43 44 45 46 47 48 49 50 51 52 53 54 55 56 57 58 59 60 61 62 63 64 65 66 67 68 69 70 71 72 73 74 75 76 77 78 79 80 81 82 83 84 85 86 87 88 89 90 91 92 93 94 95 96 97 98 99 100 101 102 103 104 105 106 107 108 109 110 111 112 113 114 115 116 117 118 119 120 121 122 123 124 125 126 127 128 129 130 131 132 133 134 135 136 137 138 139 140 141 142 143 144 145 146 147 148 149 150 151 152 153 154 155 156 157 158 159 160 161
102
72 73 74 75 76 77 78 79 80 81 82 83 84 85 86 87 88 89 90 91 92 93 94 95 96 97 98 99 100 101 102 1 2 3 4 5 6 7 8 9 10 11 12 13 14 15 16 17 18 19 20 21 22 23 24 25 26 27 28 29 30 31 32 33 34 35 36 37 38 39 40 41 42 43 44 45 46 47 48 49 50 51 52 53 54 55 56 57 58 59 60 61 62 63 64 65 66 67 68 69 70 71
24
22 23 24 1 2 3 4 5 6 7 8 9 10 11 12 13 14 15 16 17 18 19 20 21
96
20 7 60 86 32 69 30 63 89 46 76 75 4 64 16 23 65 58 13 12 50 6 70 15 10 54 85 31 40 90 44 38 14 35 72 29 56 81 68 25 77 49 8 59 52 28 91 27 9 45 21 5 92 19 41 55 43 67 22 87 2 17 78 79 51 24 37 26 71 62 36 11 95 1 82 96 66 39 47 84 57 83 42 93 3 34 80 73 94 74 18 33 53 88 61 48
85
16 52 51 31 22 20 56 61 38 55 50 81 9 27 40 7 18 23 13 28 63 26 19 73 4 77 14 33 78 54 41 68 71 1 44 64 79 11 66 47 17 2 6 10 39 12 85 65 45 32 74 46 36 25 21 53 76 80 3 35 58 70 72 43 5 75 62 30 37 60 69 82 57 49 42 34 83 24 59 84 48 67 8 15 29
165
106 149 28 64 124 89 115 146 92 43 111 158 147 18 110 63 159 118 139 25 71 35 121 109 164 65 8 74 91 97 47 105 84 32 30 123 39 69 51 81 83 40 16 54 49 2 57 29 165 46 60 33 41 11 36 135 56 62 23 85 122 117 52 131 107 141 160 66 134 10 143 67 142 114 72 3 95 48 129 45 151 21 138 125 53 73 59 94 82 163 9 133 88 119 7 34 26 112 68 19 154 102 50 90 162 80 150 93 44 96 87 13 70 12 77 14 31 144 116 6 79 58 42 1 130 140 137 27 113 75 148 5 86 78 161 136 128 24 153 99 155 76 104 4 17 15 103 100 132 101 145 22 127 126 108 37 156 38 152 98 157 61 55 20 120
125
120 1 59 72 95 54 113 16 17 71 78 112 3 124 19 85 88 118 97 108 106 119 73 62 60 68 31 23 79 9 8 57 35 48 70 86 121 82 24 41 45 12 2 4 29 49 43 69 116 125 26 66 22 81 109 104 105 75 42 6 63 123 89 14 110 13 92 25 7 103 5 96 21 77 64 44 11 111 52 117 74 91 101 61 58 20 37 76 38 115 84 90 99 10 30 122 114 55 100 40 94 36 53 27 80 32 65 33 39 107 28 15 34 18 98 87 47 56 50 93 51 67 46 102 83
113
62 25 3 36 47 4 83 18 42 77 103 21 5 8 23 79 34 87 75 7 38 86 55 50 73 97 27 9 60 69 113 81 104 106 40 85 76 20 22 56 13 41 44 70 31 33 57 111 6 71 14 68 53 108 82 15 35 110 94 64 78 84 80 28 107 59 65 43 109 96 105 98 52 24 10 93 66 91 16 88 46 67 12 45 101 92 49 37 74 102 11 58 72 17 48 30 90 19 63 100 61 112 1 95 2 26 32 99 29 39 54 89 51
152
1 54 94 43 91 81 90 140 109 125 87 67 143 92 120 114 98 138 23 31 112 100 56 137 79 116 75 27 119 55 8 93 127 44 30 38 6 132 26 32 64 48 130 142 128 89 4 16 101 49 14 135 84 74 115 34 126 82 61 131 57 95 86 104 41 53 60 13 59 83 136 18 10 52 65 88 25 9 33 20 42 17 29 152 107 99 63 36 103 11 76 150 129 145 3 106 51 149 37 147 110 117 5 35 148 58 96 139 69 50 72 12 97 19 40 45 66 80 73 7 85 146 102 71 62 2 111 68 121 122 15 118 47 22 151 134 28 39 123 46 108 24 141 105 70 77 78 21 133 113 124 144
176
39 38 37 36 35 34 33 32 31 30 29 28 27 26 25 24 23 22 21 20 19 18 17 16 15 14 13 12 11 10 9 8 7 6 5 4 3 2 1 176 175 174 173 172 171 170 169 168 167 166 165 164 163 162 161 160 159 158 157 156 155 154 153 152 151 150 149 148 147 146 145 144 143 142 141 140 139 138 137 136 135 134 133 132 131 130 129 128 127 126 125 124 123 122 121 120 119 118 117 116 115 114 113 112 111 110 109 108 107 106 105 104 103 102 101 100 99 98 97 96 95 94 93 92 91 90 89 88 87 86 85 84 83 82 81 80 79 78 77 76 75 74 73 72 71 70 69 68 67 66 65 64 63 62 61 60 59 58 57 56 55 54 53 52 51 50 49 48 47 46 45 44 43 42 41 40
183
10 11 12 13 14 15 16 17 18 19 20 21 22 23 24 25 26 27 28 29 30 31 32 33 34 35 36 37 38 39 40 41 42 43 44 45 46 47 48 49 50 51 52 53 54 55 56 57 58 59 60 61 62 63 64 65 66 67 68 69 70 71 72 73 74 75 76 77 78 79 80 81 82 83 84 85 86 87 88 89 90 91 92 93 94 95 96 97 98 99 100 101 102 103 104 105 106 107 108 109 110 111 112 113 114 115 116 117 118 119 120 121 122 123 124 125 126 127 128 129 130 131 132 133 134 135 136 137 138 139 140 141 142 143 144 145 146 147 148 149 150 151 152 153 154 155 156 157 158 159 160 161 162 163 164 165 166 167 168 169 170 171 172 173 174 175 176 177 178 179 180 181 182 183 1 2 3 4 5 6 7 8 9
142
92 68 74 4 77 37 96 105 17 52 81 88 12 111 33 67 30 100 40 51 58 122 137 87 139 82 13 108 103 34 120 138 94 54 90 118 83 53 57 55 112 141 23 79 19 113 124 2 46 101 133 63 110 42 131 71 59 1 31 38 24 25 56 95 10 102 48 7 140 84 80 78 27 135 44 47 43 75 129 5 29 6 107 26 39 89 76 61 130 117 98 64 69 93 85 104 9 36 97 32 123 136 132 21 15 121 3 35 128 60 115 28 126 70 134 114 11 22 62 50 119 73 142 127 106 65 20 49 8 125 66 16 18 45 99 41 116 86 14 91 109 72
82
23 61 45 35 52 26 44 73 33 80 47 79 15 56 24 32 41 58 29 68 19 75 60 18 62 27 25 65 4 82 49 66 34 63 43 10 46 8 16 54 2 72 20 48 1 71 13 55 38 69 42 14 11 53 70 17 21 50 78 59 81 51 39 74 67 64 76 28 3 22 57 12 37 30 9 6 77 40 31 5 7 36
146
113 112 111 110 109 108 107 106 105 104 103 102 101 100 99 98 97 96 95 94 93 92 91 90 89 88 87 86 85 84 83 82 81 80 79 78 77 76 75 74 73 72 71 70 69 68 67 66 65 64 63 62 61 60 59 58 57 56 55 54 53 52 51 50 49 48 47 46 45 44 43 42 41 40 39 38 37 36 35 34 33 32 31 30 29 28 27 26 25 24 23 22 21 20 19 18 17 16 15 14 13 12 11 10 9 8 7 6 5 4 3 2 1 146 145 144 143 142 141 140 139 138 137 136 135 134 133 132 131 130 129 128 127 126 125 124 123 122 121 120 119 118 117 116 115 114
193
55 54 53 52 51 50 49 48 47 46 45 44 43 42 41 40 39 38 37 36 35 34 33 32 31 30 29 28 27 26 25 24 23 22 21 20 19 18 17 16 15 14 13 12 11 10 9 8 7 6 5 4 3 2 1 193 192 191 190 189 188 187 186 185 184 183 182 181 180 179 178 177 176 175 174 173 172 171 170 169 168 167 166 165 164 163 162 161 160 159 158 157 156 155 154 153 152 151 150 149 148 147 146 145 144 143 142 141 140 139 138 137 136 135 134 133 132 131 130 129 128 127 126 125 124 123 122 121 120 119 118 117 116 115 114 113 112 111 110 109 108 107 106 105 104 103 102 101 100 99 98 97 96 95 94 93 92 91 90 89 88 87 86 85 84 83 82 81 80 79 78 77 76 75 74 73 72 71 70 69 68 67 66 65 64 63 62 61 60 59 58 57 56
52
44 15 20 23 45 35 43 22 52 25 9 19 46 47 8 1 6 4 40 26 42 7 28 16 49 31 50 32 51 24 37 33 29 34 2 39 17 18 5 36 10 27 30 21 13 11 38 48 12 3 14 41
194
6 7 8 9 10 11 12 13 14 15 16 17 18 19 20 21 22 23 24 25 26 27 28 29 30 31 32 33 34 35 36 37 38 39 40 41 42 43 44 45 46 47 48 49 50 51 52 53 54 55 56 57 58 59 60 61 62 63 64 65 66 67 68 69 70 71 72 73 74 75 76 77 78 79 80 81 82 83 84 85 86 87 88 89 90 91 92 93 94 95 96 97 98 99 100 101 102 103 104 105 106 107 108 109 110 111 112 113 114 115 116 117 118 119 120 121 122 123 124 125 126 127 128 129 130 131 132 133 134 135 136 137 138 139 140 141 142 143 144 145 146 147 148 149 150 151 152 153 154 155 156 157 158 159 160 161 162 163 164 165 166 167 168 169 170 171 172 173 174 175 176 177 178 179 180 181 182 183 184 185 186 187 188 189 190 191 192 193 194 1 2 3 4 5
148
147 148 1 2 3 4 5 6 7 8 9 10 11 12 13 14 15 16 17 18 19 20 21 22 23 24 25 26 27 28 29 30 31 32 33 34 35 36 37 38 39 40 41 42 43 44 45 46 47 48 49 50 51 52 53 54 55 56 57 58 59 60 61 62 63 64 65 66 67 68 69 70 71 72 73 74 75 76 77 78 79 80 81 82 83 84 85 86 87 88 89 90 91 92 93 94 95 96 97 98 99 100 101 102 103 104 105 106 107 108 109 110 111 112 113 114 115 116 117 118 119 120 121 122 123 124 125 126 127 128 129 130 131 132 133 134 135 136 137 138 139 140 141 142 143 144 145 146
166
4 5 6 7 8 9 10 11 12 13 14 15 16 17 18 19 20 21 22 23 24 25 26 27 28 29 30 31 32 33 34 35 36 37 38 39 40 41 42 43 44 45 46 47 48 49 50 51 52 53 54 55 56 57 58 59 60 61 62 63 64 65 66 67 68 69 70 71 72 73 74 75 76 77 78 79 80 81 82 83 84 85 86 87 88 89 90 91 92 93 94 95 96 97 98 99 100 101 102 103 104 105 106 107 108 109 110 111 112 113 114 115 116 117 118 119 120 121 122 123 124 125 126 127 128 129 130 131 132 133 134 135 136 137 138 139 140 141 142 143 144 145 146 147 148 149 150 151 152 153 154 155 156 157 158 159 160 161 162 163 164 165 166 1 2 3
192
124 139 28 184 78 97 67 2 138 79 174 112 107 129 23 37 8 119 21 99 82 77 128 159 53 44 46 143 130 29 54 162 93 94 176 168 118 188 15 87 42 9 169 102 134 161 150 177 71 181 105 106 182 190 131 84 137 154 6 75 175 4 5 96 49 26 142 127 19 33 52 60 192 113 116 55 27 89 172 24 165 187 120 31 36 18 110 147 109 81 95 64 164 149 90 114 14 51 61 104 35 111 50 16 41 43 185 57 163 91 86 58 40 48 115 20 17 101 135 144 12 56 65 145 171 38 141 92 126 146 13 80 153 189 167 117 7 125 10 66 83 148 32 160 158 180 98 72 47 69 30 133 76 11 74 132 59 100 1 179 123 151 156 173 73 39 157 186 152 155 136 170 3 191 62 63 103 166 22 88 108 183 45 178 121 68 70 85 25 140 122 34
121
3 2 1 121 120 119 118 117 116 115 114 113 112 111 110 109 108 107 106 105 104 103 102 101 100 99 98 97 96 95 94 93 92 91 90 89 88 87 86 85 84 83 82 81 80 79 78 77 76 75 74 73 72 71 70 69 68 67 66 65 64 63 62 61 60 59 58 57 56 55 54 53 52 51 50 49 48 47 46 45 44 43 42 41 40 39 38 37 36 35 34 33 32 31 30 29 28 27 26 25 24 23 22 21 20 19 18 17 16 15 14 13 12 11 10 9 8 7 6 5 4
110
79 80 81 82 83 84 85 86 87 88 89 90 91 92 93 94 95 96 97 98 99 100 101 102 103 104 105 106 107 108 109 110 1 2 3 4 5 6 7 8 9 10 11 12 13 14 15 16 17 18 19 20 21 22 23 24 25 26 27 28 29 30 31 32 33 34 35 36 37 38 39 40 41 42 43 44 45 46 47 48 49 50 51 52 53 54 55 56 57 58 59 60 61 62 63 64 65 66 67 68 69 70 71 72 73 74 75 76 77 78
3
1 2 3
177
128 129 130 131 132 133 134 135 136 137 138 139 140 141 142 143 144 145 146 147 148 149 150 151 152 153 154 155 156 157 158 159 160 161 162 163 164 165 166 167 168 169 170 171 172 173 174 175 176 177 1 2 3 4 5 6 7 8 9 10 11 12 13 14 15 16 17 18 19 20 21 22 23 24 25 26 27 28 29 30 31 32 33 34 35 36 37 38 39 40 41 42 43 44 45 46 47 48 49 50 51 52 53 54 55 56 57 58 59 60 61 62 63 64 65 66 67 68 69 70 71 72 73 74 75 76 77 78 79 80 81 82 83 84 85 86 87 88 89 90 91 92 93 94 95 96 97 98 99 100 101 102 103 104 105 106 107 108 109 110 111 112 113 114 115 116 117 118 119 120 121 122 123 124 125 126 127
135
124 123 122 121 120 119 118 117 116 115 114 113 112 111 110 109 108 107 106 105 104 103 102 101 100 99 98 97 96 95 94 93 92 91 90 89 88 87 86 85 84 83 82 81 80 79 78 77 76 75 74 73 72 71 70 69 68 67 66 65 64 63 62 61 60 59 58 57 56 55 54 53 52 51 50 49 48 47 46 45 44 43 42 41 40 39 38 37 36 35 34 33 32 31 30 29 28 27 26 25 24 23 22 21 20 19 18 17 16 15 14 13 12 11 10 9 8 7 6 5 4 3 2 1 135 134 133 132 131 130 129 128 127 126 125
195
84 15 117 133 59 168 75 195 184 16 122 139 74 160 46 90 24 165 56 156 176 158 2 137 102 10 93 63 4 134 23 32 98 119 45 101 94 126 35 193 12 36 140 22 44 67 49 31 21 190 25 66 162 175 62 154 105 181 14 42 85 111 188 189 71 89 192 60 161 148 150 155 145 123 68 34 13 48 17 164 136 116 7 65 86 109 135 191 180 151 172 120 110 138 64 121 187 124 3 179 73 37 113 142 166 194 173 69 95 78 43 152 182 41 92 178 100 149 127 185 52 132 99 5 103 163 141 80 131 38 6 169 130 26 147 39 115 186 50 112 29 143 72 114 58 97 108 106 9 51 1 76 30 57 125 54 79 53 82 40 18 96 128 171 28 153 11 87 170 129 177 27 8 157 174 107 91 88 118 146 81 47 144 83 167 70 55 104 159 61 19 33 77 20 183
119
34 35 36 37 38 39 40 41 42 43 44 45 46 47 48 49 50 51 52 53 54 55 56 57 58 59 60 61 62 63 64 65 66 67 68 69 70 71 72 73 74 75 76 77 78 79 80 81 82 83 84 85 86 87 88 89 90 91 92 93 94 95 96 97 98 99 100 101 102 103 104 105 106 107 108 109 110 111 112 113 114 115 116 117 118 119 1 2 3 4 5 6 7 8 9 10 11 12 13 14 15 16 17 18 19 20 21 22 23 24 25 26 27 28 29 30 31 32 33
146
126 127 128 129 130 131 132 133 134 135 136 137 138 139 140 141 142 143 144 145 146 1 2 3 4 5 6 7 8 9 10 11 12 13 14 15 16 17 18 19 20 21 22 23 24 25 26 27 28 29 30 31 32 33 34 35 36 37 38 39 40 41 42 43 44 45 46 47 48 49 50 51 52 53 54 55 56 57 58 59 60 61 62 63 64 65 66 67 68 69 70 71 72 73 74 75 76 77 78 79 80 81 82 83 84 85 86 87 88 89 90 91 92 93 94 95 96 97 98 99 100 101 102 103 104 105 106 107 108 109 110 111 112 113 114 115 116 117 118 119 120 121 122 123 124 125
155
73 74 75 76 77 78 79 80 81 82 83 84 85 86 87 88 89 90 91 92 93 94 95 96 97 98 99 100 101 102 103 104 105 106 107 108 109 110 111 112 113 114 115 116 117 118 119 120 121 122 123 124 125 126 127 128 129 130 131 132 133 134 135 136 137 138 139 140 141 142 143 144 145 146 147 148 149 150 151 152 153 154 155 1 2 3 4 5 6 7 8 9 10 11 12 13 14 15 16 17 18 19 20 21 22 23 24 25 26 27 28 29 30 31 32 33 34 35 36 37 38 39 40 41 42 43 44 45 46 47 48 49 50 51 52 53 54 55 56 57 58 59 60 61 62 63 64 65 66 67 68 69 70 71 72
188
2 121 178 120 1 68 97 66 91 7 139 5 129 45 3 40 151 170 92 10 39 6 155 172 162 148 58 46 36 103 147 95 115 163 44 133 81 80 37 79 109 125 89 34 113 116 94 174 159 181 23 24 171 177 164 8 145 153 183 47 137 69 22 122 48 30 146 59 18 51 161 160 124 9 35 15 21 88 55 49 141 86 53 19 131 70 150 179 187 29 123 99 96 41 71 149 184 112 135 61 62 67 64 63 33 101 84 54 28 76 180 26 130 176 87 50 4 144 118 156 108 102 57 119 126 90 16 114 140 56 20 38 17 74 104 175 188 166 134 127 52 77 83 27 11 110 106 98 173 157 73 60 82 128 93 152 182 42 78 105 154 158 43 185 169 12 31 111 167 168 143 14 100 25 165 117 138 136 72 75 186 85 142 65 107 32 13 132
77
66 44 36 51 67 65 32 13 19 39 8 38 73 16 76 23 52 41 24 57 22 6 31 33 11 59 47 62 49 48 58 43 45 69 21 20 18 71 42 53 68 37 27 15 54 34 56 50 12 1 70 25 74 30 10 26 14 60 46 40 4 72 61 3 55 17 29 9 28 7 77 75 63 5 35 64 2
138
118 117 116 115 114 113 112 111 110 109 108 107 106 105 104 103 102 101 100 99 98 97 96 95 94 93 92 91 90 89 88 87 86 85 84 83 82 81 80 79 78 77 76 75 74 73 72 71 70 69 68 67 66 65 64 63 62 61 60 59 58 57 56 55 54 53 52 51 50 49 48 47 46 45 44 43 42 41 40 39 38 37 36 35 34 33 32 31 30 29 28 27 26 25 24 23 22 21 20 19 18 17 16 15 14 13 12 11 10 9 8 7 6 5 4 3 2 1 138 137 136 135 134 133 132 131 130 129 128 127 126 125 124 123 122 121 120 119
68
44 40 49 32 30 62 58 28 22 3 14 68 23 56 19 8 51 66 29 42 35 48 55 52 33 20 5 43 11 61 50 31 39 54 6 17 12 34 21 59 16 13 46 67 45 1 38 47 37 9 2 4 36 27 25 57 15 65 18 64 63 26 60 10 41 7 24 53
144
139 140 141 142 143 144 1 2 3 4 5 6 7 8 9 10 11 12 13 14 15 16 17 18 19 20 21 22 23 24 25 26 27 28 29 30 31 32 33 34 35 36 37 38 39 40 41 42 43 44 45 46 47 48 49 50 51 52 53 54 55 56 57 58 59 60 61 62 63 64 65 66 67 68 69 70 71 72 73 74 75 76 77 78 79 80 81 82 83 84 85 86 87 88 89 90 91 92 93 94 95 96 97 98 99 100 101 102 103 104 105 106 107 108 109 110 111 112 113 114 115 116 117 118 119 120 121 122 123 124 125 126 127 128 129 130 131 132 133 134 135 136 137 138
158
113 112 111 110 109 108 107 106 105 104 103 102 101 100 99 98 97 96 95 94 93 92 91 90 89 88 87 86 85 84 83 82 81 80 79 78 77 76 75 74 73 72 71 70 69 68 67 66 65 64 63 62 61 60 59 58 57 56 55 54 53 52 51 50 49 48 47 46 45 44 43 42 41 40 39 38 37 36 35 34 33 32 31 30 29 28 27 26 25 24 23 22 21 20 19 18 17 16 15 14 13 12 11 10 9 8 7 6 5 4 3 2 1 158 157 156 155 154 153 152 151 150 149 148 147 146 145 144 143 142 141 140 139 138 137 136 135 134 133 132 131 130 129 128 127 126 125 124 123 122 121 120 119 118 117 116 115 114
76
6 5 4 3 2 1 76 75 74 73 72 71 70 69 68 67 66 65 64 63 62 61 60 59 58 57 56 55 54 53 52 51 50 49 48 47 46 45 44 43 42 41 40 39 38 37 36 35 34 33 32 31 30 29 28 27 26 25 24 23 22 21 20 19 18 17 16 15 14 13 12 11 10 9 8 7
120
69 23 81 46 83 54 59 39 16 36 24 91 93 117 118 18 51 82 62 106 60 67 110 26 10 86 120 97 27 101 70 55 72 105 4 34 35 63 33 66 37 102 38 29 75 94 89 79 20 43 30 31 112 119 45 71 32 7 19 28 103 80 109 114 113 41 21 77 17 9 87 111 6 15 85 52 98 47 95 13 96 76 50 49 12 64 25 42 65 74 78 73 3 104 107 22 58 90 8 1 115 116 57 100 48 14 56 53 11 84 108 68 2 88 40 5 99 92 44 61
164
75 22 164 95 72 106 117 49 34 13 18 138 86 17 55 163 97 81 41 64 129 62 12 52 88 43 57 3 123 69 140 40 107 114 33 91 108 142 134 32 35 122 115 23 100 125 31 87 38 154 42 36 149 158 8 128 26 78 14 99 111 6 30 116 70 82 161 92 63 60 151 45 27 110 53 139 113 19 66 48 93 112 104 126 109 146 130 96 4 157 156 132 103 83 131 2 84 9 11 20 71 54 150 152 46 1 5 160 136 61 25 121 76 133 47 94 68 21 50 39 37 10 56 24 15 89 79 159 67 44 141 28 105 144 85 29 118 77 102 120 7 119 127 147 59 137 74 80 155 16 143 153 162 73 101 65 145 124 51 90 148 135 98 58
149
110 111 112 113 114 115 116 117 118 119 120 121 122 123 124 125 126 127 128 129 130 131 132 133 134 135 136 137 138 139 140 141 142 143 144 145 146 147 148 149 1 2 3 4 5 6 7 8 9 10 11 12 13 14 15 16 17 18 19 20 21 22 23 24 25 26 27 28 29 30 31 32 33 34 35 36 37 38 39 40 41 42 43 44 45 46 47 48 49 50 51 52 53 54 55 56 57 58 59 60 61 62 63 64 65 66 67 68 69 70 71 72 73 74 75 76 77 78 79 80 81 82 83 84 85 86 87 88 89 90 91 92 93 94 95 96 97 98 99 100 101 102 103 104 105 106 107 108 109
62
17 47 45 59 49 10 16 8 25 5 24 37 26 4 7 58 27 19 11 46 20 34 43 51 15 33 52 53 21 31 2 56 35 18 6 60 44 14 12 23 41 9 62 29 42 36 32 48 39 54 57 40 22 28 55 61 30 50 3 1 13 38
75
51 52 53 54 55 56 57 58 59 60 61 62 63 64 65 66 67 68 69 70 71 72 73 74 75 1 2 3 4 5 6 7 8 9 10 11 12 13 14 15 16 17 18 19 20 21 22 23 24 25 26 27 28 29 30 31 32 33 34 35 36 37 38 39 40 41 42 43 44 45 46 47 48 49 50
2
1 2
180
144 87 147 135 63 51 22 4 66 134 154 130 104 133 71 78 127 5 180 8 153 45 82 125 177 165 169 128 106 178 131 159 7 39 97 168 166 1 38 57 149 40 91 18 52 142 152 174 68 163 90 37 123 171 105 32 92 60 10 85 59 137 33 65 107 44 96 140 83 98 30 101 54 176 138 164 124 94 70 115 126 43 14 114 61 9 84 148 88 47 23 81 62 19 42 11 175 67 129 116 120 64 80 20 155 113 3 16 156 26 15 48 111 29 6 17 100 89 151 93 49 118 109 146 179 13 95 21 74 162 55 31 28 2 24 141 132 102 103 110 160 108 167 53 79 86 150 34 56 145 69 12 112 58 117 122 119 139 27 73 46 72 41 158 161 143 75 172 36 157 77 170 50 35 121 99 76 173 25 136
7
6 5 4 3 2 1 7
129
31 16 50 70 118 22 128 88 75 35 56 46 71 2 91 6 23 121 9 43 115 80 8 114 103 5 30 63 77 4 127 129 62 84 93 100 122 125 65 101 111 66 68 45 36 10 86 24 96 72 13 54 25 58 21 33 104 11 12 42 94 89 59 74 48 61 81 116 17 28 34 98 95 7 85 41 14 55 37 57 110 52 123 83 29 3 87 38 39 78 102 20 117 82 15 113 26 47 124 51 108 92 53 18 79 90 120 73 105 106 40 112 44 109 99 60 32 107 1 76 67 27 19 126 69 49 64 119 97
