10
279
81908 12326 916729 85694 232718 632583 10467 135972 79258 558314 953783 73711 908470 473616 40412 28432 156055 685110 200908 975375 481619 581935 100039 387177 241582 703706 890733 987185 848561 86374 533393 345821 704874 631137 824632 408477 122584 476349 99582 214356 122037 510385 724576 752595 970616 16748 253816 307058 834087 339039 150612 330491 598069 831034 737117 805079 768231 862006 590843 635820 472424 211025 405838 323458 678002 220279 731914 778386 34502 940981 474326 820232 630676 170453 232223 99862 620414 911979 229133 307141 220812 956483 157826 767513 653673 750027 120912 455934 221458 357144 383946 794556 593686 217075 619160 230766 200899 96286 476497 430719 492869 235077 329265 708726 325699 958365 623780 666412 223143 682850 627639 515428 745251 188632 657490 910318 460849 974377 653013 942422 488230 3266 866984 445673 515800 392438 486691 873564 299138 64972 808684 813685 358374 465692 143990 628969 306190 434181 806173 526354 924834 301745 575101 440068 183790 304269 132771 843986 962942 70158 914469 138359 711749 943994 786487 935868 237947 347131 567717 249449 888739 906192 824243 93331 904299 903353 785537 396554 109268 753514 881812 228330 762353 884664 403469 454294 144251 863993 251111 306698 779375 760596 325532 369124 468585 362168 172637 479526 517971 805504 832341 391973 821206 39621 664720 148508 193741 896926 52591 520874 455571 931255 129264 416032 369698 106640 291637 64692 512232 346463 713236 209399 304706 258082 706185 44427 189663 653954 233653 642744 600809 408641 350442 890338 262474 972634 790644 933792 334984 362517 94748 236156 897000 783625 561641 370411 679641 320439 430035 208741 266728 425021 894598 582740 4212 804598 437600 876806 315385 364385 279663 797347 571164 343140 867725 684347 286916 754204 18613 831611 434292 520285 19873 471689 713324 398810 464848 253222 625769 211114 812074 752259 534828 411755 827053 909045 124604 564290 546838
294
434755 381034 764128 733543 339104 739506 451736 67416 739051 866474 487778 919800 264978 131205 600753 722936 442125 545797 98251 788304 617958 252717 364007 340420 91348 341165 606876 707828 271584 708519 323682 836 972713 851857 420562 151476 410707 283430 680001 200273 671054 210513 927964 788617 574410 63651 356472 937938 832941 327093 998968 216890 820815 159361 189814 190949 386504 894648 290958 370475 526610 865321 383558 876541 191917 749238 849800 814643 184993 699245 339245 61981 58620 761720 850765 291706 763220 327667 519841 876716 76133 202432 391641 114613 751538 976619 307390 560269 608895 108210 635630 657805 521357 179406 980850 629467 288060 990014 602900 664756 13224 286624 413788 291785 789181 815932 119698 91164 305800 565539 651282 165438 772104 774494 859349 733543 635252 920096 798981 183988 575531 689728 146145 448094 11462 929734 635038 606592 573400 922171 287503 501238 30836 212615 802778 846039 116920 487254 732413 742549 461400 391300 319827 725825 277647 233456 308524 292524 909766 9783 21253 618089 378622 301061 696767 269279 891864 945964 281558 533943 201683 859497 798913 889178 185378 901840 598952 78082 350754 103025 770830 891756 872233 24873 625029 897265 250430 464923 73523 836841 647175 676016 955031 574358 730556 8533 330549 865063 721163 208043 775411 158512 852048 508887 345895 768648 1970 245532 506299 313217 290909 5254 285453 52322 994260 340584 958424 327417 527964 211267 665801 799928 310279 152188 69305 386187 462816 107869 550785 603901 425406 976131 288182 353855 362550 615174 135114 829197 845595 84225 456130 67187 382896 376869 113121 484920 526140 623720 271077 620485 269626 433941 423917 52947 215566 541714 184145 47360 461975 880334 782978 164014 390468 946955 453110 93208 174979 936825 870497 560141 897030 556797 716117 556932 678148 9957 475244 353890 153409 90424 118664 938639 658586 829440 843002 76797 991046 210338 187728 585504 734544 132616 778421 773280 193457 219603 612705 604367 869368 873241 829552 509309 671828 453366
916
958949 701862 126125 106914 874293 730367 485467 276609 629891 586137 852220 141939 878670 955773 694230 627852 145677 116875 914908 191833 307661 864347 247379 61687 36484 817210 816743 408351 744362 703155 196765 635918 807451 993880 779617 439897 374174 869492 349355 97247 630430 551603 544454 968342 742131 430307 26966 66771 944072 107872 566205 319683 980460 777841 702371 68479 947339 979973 300149 902992 732562 953672 903442 656236 933306 1234 513221 363090 421221 25294 493873 871176 585654 523898 134772 594970 848696 773372 650850 274265 10676 415465 716999 21763 784047 485969 694612 848039 969293 904561 434005 882659 178684 54096 74532 567269 749619 703907 387546 620979 410956 411446 358480 621694 699780 624861 353177 970333 428145 71447 751917 898488 486228 220627 212061 706333 316386 837068 556139 34477 983300 235891 727792 630690 944303 433034 679027 350480 453292 271376 713366 957692 576730 90775 151705 637863 443262 646677 344227 300567 221604 816991 795095 250164 814781 48563 36033 61226 410874 935517 281233 68999 783836 998963 819893 27315 779328 195077 135627 886449 951244 349472 652637 982077 261666 34720 192440 278951 642935 700727 165203 308985 815731 636113 708680 3778 482595 906320 65963 697365 674599 740789 872479 422739 762536 463908 348533 687548 66339 114247 398278 747750 98055 98239 391481 358619 310547 949644 41974 498254 926290 683323 169766 659293 676879 672628 242521 814532 183215 897173 281213 613991 474686 575333 165384 375773 640990 91802 954766 568238 199665 569531 47238 290857 322031 960900 277546 197419 476011 37851 536899 115131 858525 306035 149840 657391 719675 785956 623262 461895 419433 678278 103746 703696 544054 371939 368867 618652 806303 782976 486973 506499 34855 938590 676055 93290 778589 448812 293367 889262 578226 235627 22059 919722 389226 728053 413048 711713 473142 823565 182247 565166 65449 189005 206198 447584 828689 217168 980744 875459 168803 342851 413999 307558 213934 134347 251641 3372 738080 200244 139919 713893 911138 789533 860035 417137 806186 68874 342613 593680 940061 498322 658305 379162 175081 990341 344875 129572 591644 113077 385270 110933 773655 783650 866254 992598 261200 236483 473452 588566 322162 451869 465484 12394 233563 31124 891113 249899 356908 735125 87434 541960 998379 845409 142142 425292 646430 647136 589904 783711 109347 395251 800232 524181 392732 239210 225364 224387 220296 425111 904792 988831 553086 421717 163277 508642 198441 177818 136131 719226 309625 158467 792397 651477 233499 152249 785 954467 827003 80021 905066 62051 68479 425029 47091 403631 21015 120089 842668 200940 248589 394334 251666 687558 16752 613743 395416 821013 245468 387323 203246 823364 201789 512317 953522 176478 651308 772435 114175 65140 118176 664700 87605 200348 33060 269984 961568 914999 480104 884599 767287 478777 608727 724484 944644 423626 579364 505923 906072 655083 916408 868746 91140 638732 407046 777365 580995 54901 859858 359022 389356 109881 754582 483885 38685 891999 425175 910699 251021 910001 38750 322064 316984 653886 564460 924501 550707 418992 544226 91272 270998 960071 513967 277809 959816 86733 981165 463964 432598 676365 840872 597442 956439 148669 521248 875036 194845 514657 721336 642180 219932 319639 658543 851785 114009 971195 273512 803396 3680 931019 78781 9555 558154 85314 228393 569603 2487 984712 358917 525805 424957 776842 6149 772866 812096 920642 260194 454666 754676 412281 173279 702815 648164 831046 157380 914844 616628 318500 908581 634007 123347 749845 186944 133993 993111 967686 40466 635217 502340 423190 843285 656376 594968 549314 990889 247320 841106 682910 910266 62064 141824 128764 136261 835975 237457 29250 378978 477509 446247 496253 690708 313041 37998 289886 278792 556535 223811 869680 159771 390403 624693 886526 553260 53656 837252 488289 942240 300803 561577 239458 27734 506732 698114 793899 991404 16822 815351 673968 580146 533441 446434 110700 846211 873661 732531 239578 501925 569621 213322 399269 672414 248139 798829 330803 89913 437187 162612 886612 1072 226737 317999 923688 742069 904693 50621 304208 52157 757954 520071 240123 84929 435076 525343 31899 366127 185657 812445 384882 385380 623340 755781 961358 124407 167929 959127 763366 939433 651921 739428 125813 947183 267875 339540 472922 671994 161703 465138 285614 73199 94716 870548 142481 120950 191620 500710 613287 911094 896384 786125 569991 42456 279177 659609 979133 616002 639539 125480 516257 63871 694106 998289 673292 587639 354119 648778 733587 47460 487334 509663 871344 535237 500290 512767 290138 532447 481900 14024 975505 883014 961456 652507 825653 55804 11983 629193 269473 965516 732188 745172 29115 432290 605686 648629 372376 243686 27217 833676 94686 572869 350865 869900 89315 547746 882602 169739 458430 26866 220061 923442 205759 186863 636192 359643 576155 440613 837233 419089 197587 463616 219389 164481 706017 576867 72821 536165 387912 199504 798730 61980 125063 1024 635041 37575 953288 442778 713259 569615 703710 257137 379951 989219 512088 385470 137664 891034 665642 759824 659098 272648 28917 487707 138875 935716 507223 290334 465423 34038 299570 410968 996260 477008 386164 969088 505900 993344 223722 927263 797262 511318 217619 861098 868238 731653 960102 78702 187148 742507 493022 795681 975361 755774 873190 911133 726656 688669 418386 873874 587441 941664 693773 93606 347700 798234 510430 808320 147109 596211 122115 848135 61915 834054 292387 674491 892114 45000 651035 658891 370380 539078 152961 545438 163398 33018 471181 620842 272279 944763 377764 661259 185997 627737 964446 450533 122964 524559 432190 750348 15917 604361 596858 133767 489496 408667 809440 768828 663679 299853 828496 16582 600527 434180 355162 241254 894769 285506 408536 947746 730796 314089 779250 465596 452246 588970 757663 962382 481298 457543 255287 261042 65680 321054 584442 200963 17476 911160 541208 831767 936483 420212 433116 694373 909642 64388 40908 53102 848783 201912 78883 708437 292426 519061 53625 740535 860800 679516 141327 113931 58587 968248 975557 529581 301939 854776 838732 373136 119875 866483 975394 54339 794587 515011 127365 507811 615058 343023 702636 6147 665675 754294 473975 376134 101194 665441 253284 559035 856014 738336 734840 846785 482376 973032 331068 917778 273017 697902 298745
621
627542 110474 860715 484585 830544 94952 579664 62568 269829 839492 526081 278665 136100 812553 174278 427993 285301 252080 181128 315733 691 459805 27289 907023 649926 165239 906866 361170 872310 29009 342005 772439 877897 955917 555278 891245 304502 209901 712328 457137 469586 360589 745183 823710 552140 666028 925646 72626 228032 505701 946534 414074 218411 184310 128304 496819 235583 758057 180955 987605 433278 464858 423755 877547 249917 944734 657118 819568 975080 122284 411941 639356 946938 473772 759702 274428 401216 263906 456936 751704 148372 151123 322866 640914 276870 794794 135698 498354 506409 619956 606034 400148 689614 891684 708260 506199 263463 519642 252544 117781 9072 210275 244561 641460 503475 22353 812163 378188 440077 239544 877833 763673 513756 306047 820943 740837 839426 800699 45170 632398 631575 14000 510636 49673 368479 454894 11927 536020 9629 8052 710865 306229 411724 842428 851235 735105 651898 550037 925752 111453 830169 182657 646593 623938 743881 522415 841996 243059 211029 816284 228997 147940 394253 422125 123685 274714 533409 242992 382205 620938 13529 218658 466325 261280 945047 720451 585547 726782 298931 534975 453729 490211 847030 899818 516016 516340 757909 286922 281566 70975 677040 420721 207919 786856 719198 765668 317897 177145 670525 361883 451341 106427 278710 899420 573518 48121 355712 759096 486271 947986 265751 174462 846731 400503 930686 802885 755610 560367 563529 191057 848356 187492 694250 586511 139803 357364 403148 69253 801381 500004 347419 706817 92478 204954 369020 389207 306620 555976 170227 397955 5646 140556 893735 183599 875697 977573 135330 391673 496190 321162 577455 566048 884469 359717 24620 994228 947683 112963 978291 394873 328771 807702 896609 482424 929553 646884 988728 444790 727647 897209 163523 274467 68617 986403 406531 32625 644692 135745 752696 287945 484174 256168 735253 917014 112654 570796 504107 331215 197930 447086 936545 322218 407410 441490 309189 696274 141422 437984 580455 31133 874437 35872 594036 279609 624651 972263 795197 559588 641748 36899 125094 255908 823145 41529 447394 423976 205532 277687 813685 546139 187327 785440 130252 31768 57027 983067 1306 904197 728929 806097 639397 244882 840518 573614 441098 165657 778707 486166 448926 101287 255504 194828 703264 871073 132457 742432 31189 889574 442632 253768 200483 261737 471861 630819 759391 291335 287075 779424 178325 248009 139591 962264 165694 342105 776949 311173 579455 575424 855307 822529 252150 705030 514175 829052 218166 999613 92382 364307 983463 786945 854589 207906 712714 404483 180086 635222 962622 644313 387096 167132 688977 918260 356034 785210 817002 831060 639208 382520 874152 427758 151433 291739 940722 268589 915569 696448 497540 485122 416205 101624 734637 50739 990572 41527 495060 835930 890510 387134 302214 798329 881213 610043 75873 929428 533024 21209 864034 269410 270603 43001 260810 394975 434305 4013 260195 784168 297368 178975 914358 456425 505804 531782 972892 59384 216809 556056 419912 433462 310387 23337 591657 16270 15969 870172 800774 928670 578860 490040 979052 600454 911690 605393 912466 131216 765828 326314 929098 718683 417690 118948 531194 751556 234624 230223 311101 695290 762946 603565 676606 577519 931638 829903 107379 665123 175613 22074 948321 187680 959365 610146 13557 784841 626496 318294 297611 147595 77387 624069 301298 158646 140276 834807 179470 744594 180525 236638 322574 919877 546583 266589 415557 683477 282842 65609 760728 943438 201160 726693 942884 511675 11092 692551 813408 299510 939890 161476 782567 341430 885558 467696 148926 930727 43200 351836 396344 404287 876871 369087 709658 980423 345637 746162 131308 974160 863253 574398 87696 344049 493105 997773 143151 322292 890005 247660 481970 815901 899705 643102 129257 91194 57103 325559 92248 251589 901720 393527 508984 913919 754054 928158 129995 569612 293180 218605 393595 536489 668560 260078 795979 729403 588764 663812 616212 826355 201705 864307 366919 400051 296844 102339 722161 712773 188452 235194 892348 314334 69989 400779 718546 687502 810520 513352 214879 468166 494677 312767 117102 751612 648215 271383 719820 252026 913559 738218 858926 197745 656931 893450 185940 716560 495624 900699 588322 240433 895107 574899 23871 164208 185570 99349 810801
196
244901 402094 451695 228344 490446 306741 767674 689847 160742 981891 166293 798743 776378 156100 549626 322309 253269 218194 497303 397801 445613 925241 993692 166633 946521 284993 361984 986886 667725 629841 448294 211664 61335 836018 172899 699502 176186 141028 902449 439479 646866 99574 859511 230789 862138 839636 990455 824330 143617 623773 977093 862705 512601 498385 592145 307317 361273 27570 83137 443646 304652 176025 479291 77032 415339 311938 414657 324575 793808 969109 557962 871838 129000 867576 862523 547891 728970 972021 99046 939469 148376 902741 143150 685345 33478 481800 291845 822615 393533 198542 524016 12017 482858 293318 958938 134934 748631 845149 772424 220317 648018 872085 139093 953465 706166 169309 127202 231242 853995 957314 526033 659231 139989 513351 130801 599542 67422 600420 869305 817736 493466 573758 177015 713920 963172 562216 30686 483454 374432 128936 914563 685150 561429 302458 872574 587299 335324 168452 319914 548456 44004 927521 252699 852338 571122 84967 974205 880010 619665 189655 3608 307780 46118 480530 764467 447209 268312 563838 332330 51015 47032 877586 220545 117477 924691 946108 827310 130766 625479 6091 39241 820669 895590 635669 330412 337363 458583 584990 357110 921506 862963 77032 338876 181685 620329 843318 685491 992699 391099 925025 179310 806700 976153 374246 606708 653099
481
144669 230578 651456 466084 942371 249062 441051 797704 557886 987633 605881 981179 730600 278261 146720 702420 852869 543013 533149 41608 978722 219428 881241 410896 5085 274446 917054 722713 635971 585136 352003 39501 359586 112871 239261 44490 836793 833394 12690 633017 658453 789742 524765 819293 613958 697390 295285 162774 289072 832694 402038 351656 764802 907472 325800 181633 337816 20570 838767 886575 347732 146711 897006 670254 205003 712346 423217 872881 191031 102657 819419 880897 176147 514931 766949 426492 920320 525582 4549 173355 399254 850897 922770 729233 327612 690507 491542 754230 837426 544064 648636 995202 244049 294254 457288 964416 885292 235265 40578 841456 945432 187463 588404 128637 436250 278965 938659 549423 106239 237635 679911 226544 459467 859126 945026 283330 641111 912696 360874 28113 68703 723413 835208 778431 375717 487072 183451 227580 668312 366722 539829 63784 24310 621508 527852 704836 921246 235501 927619 455002 544776 687295 668900 642866 137118 662936 645395 109692 156937 4827 654482 675284 309309 812177 982034 927662 830619 446241 978799 670837 741080 697980 209532 513956 559438 181794 453048 978095 183105 129896 671893 499744 396071 619990 348925 621350 476293 697278 264072 539055 639983 106000 639494 758332 565074 642493 13152 307801 442646 398825 525795 26524 214383 864392 495038 219475 218910 932999 80877 385552 979091 904039 983111 796823 942538 864676 162729 129198 751871 256289 733221 953700 937572 233829 566797 450460 562497 54359 338948 377887 735804 585739 276034 413150 87154 263576 104761 442708 587470 272691 890801 726897 859282 185585 112458 206601 999071 867750 343017 30049 6558 719815 232522 118385 456827 981973 61893 10804 120930 892501 828674 102488 736043 40749 8914 219642 740901 33140 907116 227928 562540 905822 207267 408061 298417 509894 681331 148548 595757 576122 76614 947263 538137 608288 109708 843604 15903 66817 243128 880938 708984 160309 566462 545584 713908 844384 388961 329115 937725 75409 683602 356585 479100 82641 999038 672020 941770 308353 454424 405084 567843 298187 796880 62358 751249 739674 265043 612600 149655 523032 877346 293663 599968 127988 86343 119048 704716 211233 722755 38025 306326 131249 579725 221386 843703 924960 273148 216646 919021 323727 940157 672097 939965 970244 530079 648355 960308 766822 56765 477232 342809 555249 753054 741098 316890 942080 838267 779831 305009 929743 793580 251032 750046 620779 11583 8686 459938 708903 85281 495404 975044 457253 662979 800276 103386 612604 882929 704438 457481 847356 476979 502210 732701 112520 419562 40348 640659 844973 767478 70286 777025 878910 625509 53126 104061 173379 264807 658180 59416 450684 59213 99301 28610 926833 393807 391832 671435 54927 164093 959298 508283 897958 459193 279933 200181 611318 304773 721882 213231 77096 470331 213859 718722 961045 56634 936139 737308 91677 191592 191405 55840 881064 715029 24047 890145 290898 642018 625551 413729 634201 45491 523224 414069 759487 50507 636999 748365 751734 518219 167324 755416 81088 785469 175455 954873 379400 790367 982628 134711 604276 889691 500409 970093 227720 695590 305579 918278 331924 233554 438718 224121 117597 483769 790388 218774 754211 217843 565391 422280 973220 323007 911039 373541 415904 562077 416555 117324 525617 619620 149874 95083
188
123161 303338 774406 463560 357996 242944 728389 21975 494705 231869 27527 688717 458213 878951 746488 148036 138173 238610 942201 252008 303744 450989 168101 983646 543099 428343 682913 671330 122385 198790 93927 329605 599948 178129 913577 159698 149480 450888 488415 785842 57435 280246 525479 228323 65938 250273 337467 466376 214715 906527 502173 640285 938049 846136 526766 768946 421750 37344 899095 495363 946565 645247 907098 452620 548753 704615 85790 41284 284115 684759 949541 238626 903355 411489 301423 930710 781657 182399 191377 449286 803068 529095 424143 224655 189897 958847 126118 996416 243019 509102 151607 370700 630906 663369 459208 499002 73560 704344 402526 857180 810043 509516 639039 666961 232743 551601 745597 32754 92898 806929 731909 61946 48970 807886 911314 780902 824346 230971 627967 369674 894825 71137 259864 151380 101260 941431 853119 775577 360349 158439 367020 893453 450750 142115 888675 290265 263248 216459 515962 668227 484509 101169 997326 627629 814971 577138 658248 790248 940108 878022 614469 989860 917655 792524 735909 236567 350976 465485 280957 68121 319392 779738 804900 355166 159531 424135 331441 829233 301153 622736 698948 849154 895710 188877 294714 386394 225505 98904 104081 423637 322319 29397 15318 896948 740171 773079 155215 868818
954
884248 474073 435543 274059 26777 806448 769022 815351 786524 970614 753279 123161 450788 881484 456908 107375 423298 882574 599574 460930 119961 439037 424843 858919 17464 45204 698484 717703 345869 408396 103902 623445 826586 588145 299127 153686 556635 154952 273643 818604 320795 102649 930244 318143 919574 462673 456757 856856 920979 660512 292572 703549 181905 14946 161752 383422 551522 897349 89724 640564 473036 331493 275099 367478 361884 48391 509580 651862 240233 329393 745291 712173 600454 119961 542261 913557 139121 375732 523490 755633 813454 157111 523628 491222 899706 238373 370258 727184 482670 769696 97552 10426 878625 954416 223500 49783 296042 946012 946967 436395 883563 514874 86161 749857 149944 603258 461229 589005 453766 785608 216205 138247 794509 882229 561127 362693 145102 701094 442144 796314 759900 137352 734010 501571 885858 339122 19554 661942 275048 369749 517746 778118 437916 758688 580924 209909 684576 772392 975538 648021 828146 966604 297433 552160 485764 587549 558979 997340 519202 351148 851647 382611 745543 67135 33534 863621 547925 765537 208081 156795 529548 889482 331437 202159 710316 217574 781910 273190 348822 780028 73139 425623 158959 938621 797876 971803 249550 71450 945842 379478 869049 103313 618062 788297 325144 774376 265444 719493 794294 27193 380765 140523 293632 548805 279439 446380 550579 931499 940621 363295 214122 37608 7141 62174 611883 781516 796949 542246 450167 177459 448215 703973 580098 29037 762694 9098 901849 631241 179 695344 662073 58695 522180 740822 63609 842137 295592 420745 963914 636711 420388 641410 712584 97458 552988 328433 845110 403684 922463 951674 785633 993372 946731 667284 954385 327196 341104 767015 234702 658537 956384 79520 836075 942762 596588 522149 389796 546881 191010 787731 568191 14632 559674 594727 785442 697947 132301 442584 314287 62736 942148 661206 817359 991013 22842 523846 919785 932439 995660 961712 776143 540641 928165 152477 570683 223553 661840 460750 709002 515304 487435 265376 2422 967969 281605 473758 931215 509630 557816 482159 924669 59163 801049 558138 617688 301531 558154 898264 182331 873394 728448 377784 956063 101799 376867 870829 968083 688257 151810 391380 655615 241206 644083 794096 11022 560899 768087 170932 438036 470335 249454 437384 427802 809606 941904 263867 893969 222445 935814 827102 865266 818654 657051 214981 294326 823329 214659 975126 209704 724038 87654 360772 736366 763585 556930 233382 646206 394060 93203 955433 987127 289266 362571 669041 484063 991586 194813 675368 982293 162642 166699 517724 969979 884451 792553 816367 555018 295885 441701 745282 692731 579697 802556 169735 709999 809413 976237 599445 247259 53698 639725 267390 719176 218399 876316 928228 321589 514420 39208 497736 352486 844159 68973 485987 296124 901832 643226 980822 197104 341286 630083 533940 449921 246717 755285 304672 455115 154112 280321 329945 367798 469634 999774 696508 364958 162403 790734 321506 9042 891750 20482 600699 141460 897899 236521 549013 467479 162227 466611 167583 32723 306817 286696 31036 852131 592255 237986 34255 530214 466849 410592 264698 552807 632763 326019 628957 583496 137327 63084 490200 130596 945666 412737 893330 471726 303151 175450 894654 809990 279792 410179 112507 863628 666043 473428 302126 300379 351169 348554 461382 284158 999307 292306 676723 709750 997428 39445 806940 276540 531570 783934 14683 524723 457614 181241 15759 495055 397327 885322 635474 401334 353752 861234 238859 369047 452373 629658 116488 22689 900597 256268 826335 794532 191611 462774 773191 303117 273322 960200 909825 318986 696469 313207 369527 82249 973235 997177 157881 800803 539314 768651 617834 15783 515514 779795 368627 2986 10542 933726 984023 495280 850933 70194 359946 146788 75933 232762 157541 838162 155090 459478 625410 496139 226230 165153 500382 908627 698003 295374 401727 764425 205175 677894 215667 731936 29389 404056 271391 179064 546472 668828 801882 120010 642455 730441 17798 684614 872710 534567 464294 149413 473954 214626 62695 739040 40185 145445 117380 232750 601101 423758 951043 193856 492511 796066 896777 308505 614914 731900 514427 182724 96356 230793 738007 113407 726513 268108 219725 208077 667846 935281 200198 447314 409837 648729 277038 616159 566846 296946 177142 3066 253485 814523 942592 598476 725812 494092 296458 428410 367366 432976 729123 190269 868628 372665 47149 388863 468325 689959 562411 334781 230275 935081 711422 97270 473807 170133 966660 712329 323233 267093 767424 983351 187426 786993 473505 495487 853364 938196 140030 294780 170258 529025 556520 799421 346146 292273 30717 923783 349282 244282 655390 960072 944913 557050 257931 871183 183344 55182 92772 934303 100417 474167 481125 30509 785072 61265 139787 859844 889694 702367 338385 447744 800686 724021 675888 389641 300485 349317 916035 798188 422486 432850 849730 741724 750939 247430 291123 170905 512540 277759 648625 841933 115053 196359 45221 236955 812624 715724 647849 350003 813599 521840 244052 645037 162726 5026 740626 210338 925484 546251 211240 753742 353839 950031 698056 759246 177611 166526 254851 110625 639104 347120 74069 897867 791298 282511 964821 996053 777604 207271 963344 985385 756611 190884 123807 873274 964700 591325 761772 688852 448763 850734 896820 713755 74104 580712 521180 155006 900965 259474 783634 742390 686385 565374 189235 69710 82135 876709 905303 288589 614687 672438 299595 698104 511380 783202 146908 59801 710426 296646 553200 532737 313372 5971 882670 513882 817482 724969 246926 961725 525001 676299 227033 744680 373943 590842 462513 566899 120664 617451 740152 832387 121939 800073 789666 583498 5835 958140 393934 273418 517836 958872 995867 17090 440123 604193 794926 341838 450066 930656 9969 284865 773641 229262 337643 880908 902953 271657 630396 683971 208756 659762 648630 221024 603405 581330 393201 609074 383433 782965 32144 509405 448494 607714 231095 110276 773231 268847 899410 530568 349106 292790 787658 150429 537734 440407 25606 444352 997747 750444 246378 343774 521405 38316 623486 517836 600133 622906 653486 121228 877505 226501 211970 73468 669841 429534 981201 840618 159622 376936 709202 464387 908964 85880 418268 711699 354504 393755 103999 304189 451610 534109 88970 830729 206791 205515 674056 417543 486482 229285 1442 220281 827986 168686 297658 83737 114203 420304 852260 804932 982869 11864 798647 468993 101154 44150 678285 495916 677749 550842 719781 601325 760080 450581 499701 617478 844007 601425 967707 554042 544035 411878 443742 178652 376787 574728 369348 255567 937491 492332 496731 825796 959598
669
518609 681052 621250 85474 403757 243576 223849 222435 691431 538533 684463 731232 885635 666341 165050 606201 910938 922227 80943 906280 465842 603228 900815 479913 466837 648128 464270 204702 396779 922166 297384 921829 788295 464821 827605 156752 649416 324927 981360 642770 325798 685398 734359 540587 686367 85122 343442 324617 445441 150375 545822 818535 696413 173336 309418 208507 225322 742331 639675 661797 313765 559738 604447 682994 768800 369362 590010 533458 211808 478975 66479 543775 724867 785187 501975 266176 936916 306308 459307 461060 553301 28520 76577 700827 348313 508686 846989 640391 555290 97871 324075 227993 638753 651328 192972 376231 493425 670355 613903 759489 980586 284391 782055 360884 971771 34509 982352 157626 443527 759532 77048 789672 376616 762335 104338 338790 283357 442168 850523 479093 476294 318807 640965 154803 185326 360829 765465 151619 346655 381969 23772 897574 770554 247425 31160 988673 262028 439172 989751 742141 703597 879264 506032 730216 31436 69030 596163 834444 840539 638888 825901 124045 999837 659958 602386 650655 587026 898436 408907 185486 801186 13018 617866 499001 722061 365500 550439 810840 22254 537345 570549 904473 493875 393363 203295 461368 996122 181387 982530 431030 987886 428011 314206 920566 950979 152765 775702 359880 964273 542370 309902 404728 166634 742962 258775 403973 274158 388924 590739 544293 174567 909149 843753 791793 264362 946301 161294 826025 885819 465349 413144 35784 412019 110557 737184 753486 412532 212480 411295 97677 532922 103672 300142 957021 535856 65836 961985 450002 205233 84659 387719 63875 163948 885154 309317 689042 856280 276515 270884 520222 554273 431393 512274 135033 12187 57012 423517 249166 18979 201554 889333 415180 726529 438065 959502 577915 350880 561797 838779 23490 800733 429214 562157 577235 260707 581207 215483 49058 672431 98233 166214 659807 220775 207068 648760 368367 636921 79504 159041 768056 58205 236894 141621 199134 284007 261118 311451 382443 245230 816031 819097 711076 744756 907425 441446 893862 311945 471370 810993 62563 615274 775052 532679 437746 940980 15523 914965 633042 22079 272651 822667 255952 876452 138287 324356 529559 73404 43811 125130 400967 749490 580666 631814 804411 864159 33880 587904 483454 681351 397014 611941 963580 642729 718051 686710 162944 50081 81785 305415 337009 500765 364647 278259 882080 786724 388523 547914 348000 225417 566741 853384 744025 461562 70230 471992 371170 426316 384292 964690 805129 735949 929804 231087 649736 475081 214965 94038 422444 30021 965563 436791 601260 913438 962201 889000 386591 764020 802554 437319 144019 93094 890625 101571 66363 973582 170441 969723 134406 95420 373425 305028 389460 409923 884633 820982 231753 96451 66570 660183 943813 879542 797092 21388 835430 59636 86583 372431 431171 978664 735768 707612 760428 603198 158113 653221 228555 186062 475312 386505 580755 84052 785991 302743 669996 133768 447299 158125 441821 953720 453274 511954 463453 909964 853607 246771 937608 176517 150073 285864 795147 639445 507945 676989 143221 43688 786521 579590 990557 247037 425679 753219 513552 12580 875175 83296 62153 7022 196441 767687 444008 609821 672707 885449 720243 94231 710198 385596 866906 47768 871171 36559 339456 659516 255005 58111 492479 653569 551156 794972 275090 892958 845153 141545 757574 437660 87173 96342 425780 980416 541392 992873 349730 359295 769543 443976 285592 895825 131484 32269 648621 84046 908916 822373 6694 655933 792214 81936 810190 843715 688874 534574 520660 620224 97070 526333 640394 248245 734636 732645 460169 5947 379720 197932 797211 164997 960326 41908 180924 874858 730118 256213 98417 791702 139716 348698 133178 131036 390002 428512 724487 698036 430843 880574 261619 829243 246659 309283 91378 36530 578533 323951 715184 156125 655321 739844 708466 885861 728969 518758 770054 139914 126655 196110 147745 885284 306714 883925 169972 231703 791683 765309 441302 746462 582818 65855 448833 692125 514178 322304 499986 298470 58206 204236 906883 224147 559060 49693 504310 590313 979686 801633 301030 592696 238074 897363 743421 911691 794552 840387 678382 308234 601767 814419 586692 704447 533968 45003 60173 480494 274845 248320 22187 727950 864773 359151 771650 761069 666962 308723 954307 25806 565841 957556 338153 448942 884920 468368 76763 454152 410469 259576 420535 757926 150085 533297 122693 155208 810151 125129 472857 589151 390696 118306 278541 490065 128747 173737 129775 775113 472499 245377 985450 357231 945375 868432 210114 185976 117208 235035 369692 849957 329750 661110 417658 973294 612719 207812 845919 135058
695
506179 452843 683308 900852 783169 850435 339433 789776 633932 904703 78803 177015 849579 983036 497257 855300 185431 436206 75806 14171 928936 29315 84831 890223 757522 500271 978594 265406 616523 310955 379260 384377 822613 188525 921404 344954 730092 313699 319413 356896 687055 290736 907638 949377 594651 3574 476986 532167 837324 597460 728488 558496 302797 771037 586965 685348 814110 52390 878668 667461 19827 688456 43975 974799 678859 975791 941341 264027 812551 338097 970815 365532 520333 760637 176868 589947 773757 280420 295491 455438 686312 55209 613187 640192 335616 802098 748333 248391 561750 291221 61150 182751 991975 802719 901535 329227 316192 428735 643882 889472 519446 831348 786917 657416 167065 366066 24425 678860 6940 427999 91052 279683 383975 768555 826293 698137 703673 746249 749316 105381 804460 428151 763659 766320 640831 5088 324729 506364 19606 501267 115629 81787 869055 869668 842409 873904 643998 538373 795715 819264 509375 593779 22180 685761 567517 204293 782405 425468 320873 144558 939820 539296 23608 153138 37227 577150 838628 331243 32014 457121 148562 921075 159611 350173 50435 638367 890724 759935 593718 315856 555552 835059 169289 437378 371521 438674 982094 894419 535323 100741 678206 843140 398773 167116 652157 148809 307140 326422 535544 630869 267698 163704 216812 88723 973986 858004 50367 690325 895045 1594 311680 101325 816861 122516 525408 554595 628928 162769 969324 70686 945133 254935 109203 846484 323410 981162 197706 688911 811176 880855 760999 530775 329327 977658 637482 256577 260322 775383 234803 730377 311407 333087 932149 874588 849476 860160 639908 694876 549162 115913 778298 186479 296565 753707 111932 917405 701004 690011 76686 578389 318323 562660 763576 524750 257072 349084 861363 391662 35300 721644 290980 192191 879566 156456 252035 898319 133263 913676 759440 98508 702365 878398 220773 471475 553923 246395 230595 503867 113097 985087 679884 54209 953393 809147 361548 870767 415733 40681 457594 413693 258006 771008 369025 567226 941165 495092 833111 713821 134361 211454 246135 158816 920413 848998 461108 908651 48700 892655 514890 428961 380838 669642 410867 123673 606165 964706 732587 491818 861084 644278 209310 11403 54699 418291 159106 430756 460649 251856 401409 774529 404772 459967 325201 670273 661080 834760 988657 853813 539330 223839 403725 570465 959153 378720 935081 928860 889175 615370 897241 968771 862064 948010 519701 768850 428323 446241 322484 723562 228909 754070 273335 612319 347471 604447 677880 135895 719662 51599 938833 853274 507536 632888 638093 786848 561515 63544 664450 579045 81315 699959 509878 856661 857441 871346 296718 821515 789936 652098 983474 125928 749680 363856 608959 255090 805193 796136 864301 624280 676546 382328 268736 372128 377333 909126 263875 755279 8676 253343 519075 105363 455990 279611 661106 193337 934721 158179 242340 772436 886138 661763 128705 31255 156270 318068 616739 59739 979910 122333 885936 319119 96174 704045 505914 424296 137277 120506 499061 867849 875558 701525 893117 514134 320305 349712 843012 201524 471384 651996 130390 557695 772581 38856 384175 713611 694309 878397 696051 732797 337133 978563 349232 83703 506642 467974 907923 301483 246467 389953 208247 363365 706741 308361 503021 548860 24116 786145 106706 383386 494405 519506 911305 658180 520663 930689 202794 423646 947552 125191 191813 426220 149660 715088 10879 576130 971682 850555 603032 966590 150264 746489 198742 926025 416546 192420 720022 520876 195052 105039 943305 173525 652521 317890 971859 526457 89520 230177 433629 195756 595496 911937 416914 81865 585160 338910 811950 267248 811493 611010 319572 876359 464304 477068 959506 134756 678429 775234 82905 246948 984862 611232 355561 253682 934119 106845 458445 156341 35690 688479 36618 819052 667070 617284 363405 799721 664898 92635 181954 83182 108168 538095 533745 174012 787513 557180 888338 513055 302436 613602 280842 24469 430069 555656 300618 607351 831142 491930 124501 632044 960967 259135 253134 777492 967835 617735 270776 596438 7365 920308 57111 300960 938521 732840 665104 590940 572616 845620 286963 645921 996537 942327 513350 807237 256419 23239 407413 544477 163248 712634 867297 275627 825291 374368 342658 130847 424386 200194 710599 280502 119899 954663 933270 982719 419917 988878 719686 160774 3988 258873 428839 275448 210019 650523 165853 435342 621474 749205 816148 401325 450647 667385 609818 294056 496776 736644 939989 418297 324387 219623 282585 120570 847642 361351 190755 996354 467549 918656 761920 36486 89974 375068 82226 268933 96741 635665 703119 864639 926081 770875 765210 667403 719013 621134 49044 669725 278308 194134 750699 768932 837436 889006 376955 733602 42188 82194 304913 409669 224961 356806 515828 380894 916333 179105 74453 409502 365079
