100
74
748844947 496134319 825390131 592244189 693798009 9185277 146442928 108662764 267696511 342987141 691012331 944332106 592246819 376600715 573103517 985303957 817736514 301590810 165065784 566895427 314114553 41044031 61332089 849905761 920428721 708980593 945738283 484381578 279809595 204347166 493121119 903278262 764449597 471126536 284897829 882008888 688770010 966712347 658306364 841015610 270949242 252845874 636469161 469172581 519980978 611760947 246984105 398635312 518952675 153794544 598463272 969893476 322320515 476140247 714302718 266516880 68628563 331155712 415681049 445458787 343717800 244896474 715692373 939700046 436163415 390266392 164342977 884267141 190809086 865558933 38384072 735611099 291471889 127058731
29
822668911 144581315 813183108 358203441 210454006 439064777 566034681 347873683 773405437 338908426 315992294 509565998 108459212 693757946 284089002 10053327 115549316 853998506 256607448 134134816 272918770 129443786 216840607 728088320 645586005 892175767 914430533 479920657 752651028
82
390989413 216039688 269183393 654211882 604230676 930581588 667406142 751663441 70436668 411440501 125572583 267367441 133657354 845953021 241146463 199275807 507943716 696603949 601003353 339485216 119343584 949326849 697354682 100785590 126458431 945329672 725087557 23053173 595740518 8306385 270792539 18172949 252920170 754275803 203300368 998142229 509498310 540037564 76185717 661345595 813587974 94153930 812591668 950902549 584722910 1801894 804727219 116870898 288366555 872340303 800877902 395004513 15869959 359646042 173973537 118723205 101861681 850428207 206384319 843703461 212401163 697157038 358299513 40486795 17068424 533781107 115986569 783217847 319260641 852164972 160077373 490031141 937455611 669782660 723475326 338571518 608749998 899778819 213613224 386508533 441668781 272893698
15
521857372 267859237 38515174 926907017 630278517 6657725 730808389 280010519 528383670 606830894 119987571 411730153 863052549 301630723 320824278
32
71473379 234383365 244292014 946972000 976357087 292601923 501408347 710169184 643389706 11469951 553033138 31834207 678576671 626525485 249551109 911563415 569349994 946958355 117240206 236113723 6973497 898420121 991753469 51569396 291239939 38340472 609969414 220745472 769525599 498979885 930037899 970086586
14
456768114 721695294 871063888 804076080 518665313 576226265 355217956 219379783 962914479 611288840 419877312 37934039 954238151 985597548
66
255141731 455502760 702262274 980688303 392233095 436653548 686284422 75829893 778033197 540772911 394931882 176378548 158832256 934581301 274993294 106524460 922634991 349880561 741272160 114561568 295609293 922265680 506958337 970840281 654149624 875181048 938539999 945905716 824756001 670648692 36803627 728094941 524173109 194953199 161603367 180045241 775946594 996696870 485826006 924346988 311212700 687598192 531249515 792487887 877982044 616771596 961751860 46607884 4040091 25050619 222528169 849114703 17760730 467497707 777933434 261165506 398756448 278452543 751658356 513101276 725359065 99328042 750469574 606368789 555669551 259547909
98
733587408 516730339 450119393 444593653 406020645 995116371 377337732 198079736 60513581 149539399 342640294 416778947 100029582 89673228 845526755 402862115 581826996 193708283 375025978 822643125 366565283 896125609 148608842 722981276 498280058 238627532 977522810 296492372 310339088 409992916 45456687 988021201 503504451 654605806 511934707 818012062 370782931 576845488 903912010 134157596 152685296 196309250 842648057 54934173 873575117 331083679 863037725 159626333 675635467 828928372 243933667 972908066 915403391 876623625 956009915 225976828 378107660 371641862 34621187 451911840 743061162 37388654 964172082 446353350 307947548 972035066 69575454 259593033 326964746 115481287 830181194 642156662 955722443 689533961 369137044 423795432 719814032 662428869 369381563 67184381 492567281 25379352 902762470 531942925 1881901 136909972 337116791 931183990 957028236 803286019 799748685 428982708 849904972 228482514 660587735 709681589 73118244 855191407
94
851436364 1138639 747131054 994382789 324547446 834627588 568557091 567864256 908985430 229618627 966165830 500626732 375146731 209479330 258026842 911248657 592892720 231934429 140042000 507878248 655214424 140377952 267673688 784356626 690715150 542003272 342766808 462393516 607186564 680680769 735301267 69337965 358184905 2508283 549037756 306493145 209512716 883508126 60779690 880493211 665475304 398137137 649457444 574496208 342117126 975492905 860976721 341319409 540162768 479495637 676131442 192047710 607326091 326835197 498952090 712556784 11657966 748042092 845702996 977175579 31663245 95428106 319919074 502476298 300323829 431998357 175914687 19989305 143475804 367046998 679037093 884065369 268289302 668684822 566504034 552749029 950663822 63027230 509886630 48457858 773805067 783774351 629255358 325725377 150702899 723625709 731609363 635003834 110853292 662559072 740585573 773232646 423628380 22251365
51
783110288 260805059 636044229 108269848 709866292 524586585 119728098 924364943 867764449 698842416 149061512 923934604 888509787 314166729 391171570 80180204 95857360 403677489 917088292 489971411 644457446 545439271 321657125 996232634 619437412 291578268 820296684 911504233 902668338 477652792 452181685 148075574 724178052 182536116 112935096 79139507 640974483 466021312 378957979 822032620 94302100 483678134 67798456 995252704 72987762 35332603 6919096 738969219 963326217 887837429 600369410
88
590250588 440959896 485906366 190523115 991363776 329596983 508896147 122096375 455646926 869628717 866719916 326403418 217383151 74896490 987032610 994660049 677841962 843953111 300708026 835668729 847804033 416940320 899059429 539386515 805486794 954097055 589135820 225571586 985534996 364221016 538344284 882585100 984583861 961632696 795161900 882713393 875619035 312155699 88861140 816378437 410583556 456983271 231115313 981894235 370260082 666912111 400377575 928704775 159157456 774023104 661864970 246070148 84420042 398602575 882663980 263688944 842215777 609094617 899983509 33168692 527704853 88187565 85773053 892434640 648520268 973344089 415881042 76408875 234180797 82726323 773456585 249828504 571767425 240028470 265752882 884475852 294177655 681789440 936749490 580581570 131790331 517916441 74368029 351263563 678421564 373341787 123988747 21123311
36
377003537 532991781 415439754 175890827 41194950 671092374 645462138 216067225 888171155 178122225 440637276 542268084 102475761 252209068 779631913 236147088 88209862 616808567 815109877 983490013 719488909 371500510 646061348 293431759 214527843 803715196 950045902 923115349 820708001 690082540 208760391 351702308 638656857 405126502 817800837 716546826
60
735349066 542746895 41663252 988393097 790778806 86929036 542439525 434092059 939267460 475530544 444910551 218620803 531563099 743011842 873590816 402009391 987858620 294251092 263859223 332770910 924767798 413030202 481053020 76302862 171732051 745363389 987566180 307916143 777150906 158792559 156678529 243219254 123351796 981349409 357717779 952360723 912212171 407722950 782037156 786576532 372948614 460109914 723726456 969023782 22978938 280397255 148647278 773067343 736318245 261747173 438012112 665067476 210044425 184310252 337921216 586674744 954278626 907480414 753551659 182137336
50
58608921 803214270 871428732 298099466 299881153 178198562 197419976 499821057 472791617 963977604 28052729 832246823 28642423 254650483 797387793 418709250 264046215 819961094 81322515 525683371 92842418 291895184 476191132 944292799 264913616 432722866 932576439 22489113 161790521 330727991 964833999 749979867 380360697 40127000 761475498 1375062 78367848 707295300 779732064 663566759 57825447 885740537 25626397 962734172 797936423 118860622 718932941 708081824 144216299 637733526
87
563718514 691847773 427846757 625514294 611845200 138725051 413251320 559000535 730911988 941484333 604376906 433272006 272729664 856804274 332392527 814465408 302341591 438070118 164796355 305089786 618030562 619113688 320407988 45273337 448971454 460345038 750716800 393552199 753020295 108429768 356576337 896547600 964871949 591237155 867026353 385122803 621852384 956305623 972813917 565540851 808235061 180961618 480607818 75111579 724434528 325249525 404987690 4243869 694696826 544569629 276126781 881604882 276840335 784731816 576942114 683883987 221047979 980809552 803950454 736855220 950798665 277032692 42921373 390382004 774792493 124292718 327316278 378910919 513876781 274035170 948059744 271054318 887322766 648276435 909659620 409306372 356893708 427010939 953783568 380585033 460864846 147693808 627135650 649608902 185862728 506139060 66044248
97
543737702 64755226 782784365 611005007 300385592 164359809 139103680 64478568 504009674 216332229 548805835 144593975 397687217 184654043 330882299 363648686 962421415 83442824 593761798 334369372 468813156 205745270 64322836 124343523 932125051 17304283 896306136 64378275 725712291 786242968 521626608 709210896 629705319 562634561 523547919 943167081 543603734 799350022 175358634 762441521 965077312 952667872 993854988 870917159 400902026 566009632 512498057 515034527 302841215 7432855 291998677 507003577 989974987 8695053 294879822 95476640 409415722 10417599 826672157 245369965 821855977 62855666 391633592 283113835 792785693 390029128 332865007 730672580 868626077 15986039 939865072 320012615 513998252 559235886 463060512 926363608 797960720 389705102 826084254 132847382 126512096 192583992 489807515 557534046 758844164 119935801 523859887 646819394 728830366 319338998 120633624 118882986 496276671 579686640 94728029 248195995 882947570
79
756117624 335825058 894384629 560023684 167679743 88521676 553537610 307500609 859021558 629471323 580769077 462594014 335762133 500078197 89727741 442644901 878275391 365161507 903171374 924077538 966454717 469755434 232065945 69036071 316801258 505003609 620038026 944567380 876499461 698782802 990802961 571651633 277972313 867739204 913881630 664858358 823401963 450014379 176434486 218462814 187486266 23152335 660619942 532998472 721907582 489039105 74097418 920369859 738555980 587275227 84123988 225323141 774248133 311501909 491790222 938494660 273723406 181832892 973245346 106384375 16463444 232559676 692425492 178272144 141728904 353509062 77655037 107610958 565038685 418211417 530811145 494218818 650083758 996419899 383027808 974713367 304950479 421702983 599828844
10
749817092 856020202 527210484 738478199 642188109 271359832 665643301 838441360 140590716 570856678
96
856287656 560804423 428284068 452175066 254449852 169185313 560096282 549546738 761644104 57002517 694213228 501279921 501038814 835427514 504022409 871163871 463055286 11123378 85900099 690975736 896372511 438816801 331908827 951851984 59126270 412069791 61868962 210783244 627756933 311525184 589924358 832461033 598277058 488421739 136062154 399911330 611647434 968472226 137615673 576986247 823358938 884340278 215771072 861810978 243727199 145179995 916951179 500384211 926095323 27260465 334817271 293591446 149287442 619838839 830294054 21513093 386306627 808140059 355285894 133573637 430979322 83520319 905785730 827185680 958295144 927205280 177833105 592497324 674834561 94185279 631600838 309186916 789778095 858264920 369634113 915627408 334808744 849060989 578490316 369947128 980767562 178025133 233586703 48576946 648359876 226624602 762768597 489835865 803260971 1488233 194489132 176757565 199016484 927159372 821030543 474744672
3
427100614 940921225 237021310
31
46901796 474258498 313958870 676526543 240212721 938592945 915005166 930903661 726001589 764351825 676180346 645478287 645872857 582182183 761826929 800950211 965956385 784776926 554734680 735718860 661655788 988718173 162064539 243720810 861020788 667380900 882761625 847374355 226694822 723365900 202104524
70
196472480 178198586 882419807 915511683 797638593 411887645 189841676 395489525 254438498 949018162 167889817 966710047 742281955 289609691 813473253 417790199 749022888 65958441 75340235 940429676 63785546 908176373 369960964 636480629 440535220 837268768 943865616 436271514 671137867 585900746 741271083 770699041 608098132 240781268 37332672 972747018 122028010 129267036 79439367 626791110 541501007 868182156 502778938 624927924 893817274 611558765 797612119 720692592 534532140 149175165 242804101 124454941 331569041 847576543 358309725 339195817 692942123 54233161 59606441 155363731 17777856 493206874 681424386 866134734 675993472 805888241 890309216 169387218 892998115 991931198
65
670003845 295535780 733643176 557930032 87660010 580717091 799099280 384614080 436745609 896921305 482792092 493277329 290792604 232871414 832179511 549408425 544490942 27154424 588661162 107456899 216941765 169654609 332295801 790989262 106098084 314425023 239677085 364692237 429905580 514202789 598643424 297240519 843175757 192347323 660412603 930317422 764507048 209471064 160581772 978522088 232796966 68901158 45489079 992702047 609439721 277902218 906380268 360362746 890381018 480857783 748575148 538891523 435401822 944608012 614565136 863523989 291512610 400526212 247065163 474463340 798176548 253757199 819265202 360799857 831748771
13
134566389 636305436 874330739 821118718 79218547 641007497 130588948 59070111 201939848 836580992 286661867 976891841 184917436
91
894318201 265448278 609232354 216607792 753312585 740722534 62069065 700540677 807856010 744661100 436963368 993257827 953473986 174949133 897886446 306270232 955977054 235158644 790725772 349953664 747286226 987405757 822732319 340653039 333558897 825577962 21385386 276950325 400013956 610620661 2746776 572541507 856977316 754449981 990000542 328170264 104832126 739459087 630120449 632222204 392239851 750429821 150455047 740957498 686887581 619481143 609164294 67792820 622408856 645770433 688648926 31897460 793046233 292806545 986840957 52937621 420312843 319743375 134213542 717134038 885316044 400018548 271085229 493793670 898745098 390179283 968254724 735579881 835807499 149838083 759091646 586831422 851698058 650103431 217324812 125636355 337155795 992775019 661057571 45952993 384532176 376395363 535078171 986507470 41449829 134045188 398624218 373925872 20412427 753010371 904472033
64
435091505 211441059 195024725 290906020 153130682 190163240 527074042 625398659 418331860 820195072 436655351 580430473 64170909 458852462 265129227 408826765 222798075 87129788 647321214 213916691 614267247 489507027 192998378 760955678 791798929 489045082 591547015 220567049 196388758 535565039 837756106 876065341 996157289 415621255 770407602 626726936 558526461 255904926 103902208 627607701 947643633 526212899 705721522 37370285 424707033 104532044 969543754 738128069 980453998 174608392 284995439 549576588 725953278 412059031 104535614 12976662 278817039 153454063 990401989 552899497 211144332 632071697 594391657 310979171
65
23078205 466698472 806081956 86327567 81937605 222866464 514899328 438563803 405580517 738141714 849162270 655164191 592792339 88749216 621660510 739852871 460453968 874895159 567605506 801011200 550092861 633541293 804892480 517267462 228797386 164309289 641970525 598303166 285625410 164549383 215617678 829393313 763436635 910753694 910875886 414634644 965449757 8421858 377108167 297036750 56453288 594368968 622414749 709045241 631209075 812540731 832450654 87837119 496168744 167822783 194413389 608909908 864851946 512909944 149362795 822863509 9803453 549398688 406760891 83777691 102485467 451230312 375810547 653494528 543334108
96
628538176 829168396 279053394 472664658 407954385 607896713 318138608 504274546 486363108 599141511 725479113 765792869 907795740 393789680 117189582 759762971 10825267 774707143 355636290 731426294 609085336 299955069 997874607 64984526 829129968 960975377 560828949 42541700 732178710 51992819 896507410 606145285 506847004 428472656 863400563 840929683 667013702 900928858 307920939 471770204 718981620 655041356 896517040 984895116 493410506 770888963 166734918 972649646 631919906 730354474 512761301 154461037 53339512 717167222 988301688 900071952 48929186 465407382 138931791 883108610 425460459 152420481 866193829 639579514 292133952 733763451 790703114 759834866 643466556 234215189 459259710 715958283 990938113 333824040 324212846 562314863 94227546 446709978 708717373 300270392 691246998 471353302 361524227 306019874 448213278 345622154 910675729 628176026 111617284 724484944 335485387 723280090 551338484 443556825 426978531 588180290
19
978924274 922096606 766943074 439305691 673514190 645242005 761343187 742465180 364186229 91580323 250814507 993188072 606101621 280652889 63657339 886684050 34634765 713910632 837580690
28
844895550 2212583 36194140 373386656 856205798 107265341 639696464 831956942 713156942 48623723 541286495 460203010 443850799 6528012 109630578 905599849 14253945 978334014 99128265 598503315 473149270 960490171 222743506 483969924 435132681 352578138 272282278 810352527
33
95697468 916147120 210725078 640330865 452126607 303009640 277710622 268891715 428749376 684346167 647247152 969700775 630292859 654103224 743088857 971003448 22645601 412321026 228416966 398442713 943280825 509100572 224066217 963300737 607891208 119993525 510573257 545114312 390189125 863469442 297085993 239519206 80357731
55
976955210 251719484 287886279 760978861 182140422 538207582 461835086 488859158 894458287 960513406 52717593 898736548 162811717 969551979 633617710 5825004 714164128 252472630 259975565 204020723 175449305 14601157 430824447 372488863 918675827 965755589 267323159 144524240 313947365 596526415 935054705 258527667 59989067 126545799 822888299 90321807 511263718 39159864 557231549 416904004 540388645 748455581 919398779 217749521 93818062 335599133 156607386 783530696 966412447 729636313 890048792 218694383 919837304 274656965 13425602
13
85720148 405597742 819757865 79196798 546512571 293251862 7253652 274750294 773626760 756286220 614548366 90215369 859721737
20
693908452 66918239 797470619 562161862 801563323 798418105 238127661 306499742 763778835 217432481 903107259 957374719 624975161 323690350 954979031 980393437 836001273 885646727 25508382 404162334
77
40610720 645901432 734823177 92363721 224687727 760438030 20244567 115779860 670672775 992633389 427970079 803437479 772589796 379711626 963205762 388016276 44174340 776600310 303283374 360080204 522932858 640541941 460166865 850931895 705996453 550846085 885544982 123973120 907878506 78931345 640686425 241248612 720893665 200773654 854941732 666383266 711681920 325223589 733314006 374020749 229645731 495595252 96811989 499245533 189766897 329491641 38884122 354799659 309475030 809878998 92138325 881384397 153306719 414409863 348666408 103260001 39842893 345638428 357137870 177515378 798362016 5318523 35854434 405579735 204923070 685021722 807546747 996804196 622046583 251194168 170157019 552800449 396431239 922732057 378482036 868849386 104390057
16
911887953 909021592 194015244 100302992 352157786 283121900 642671150 251851581 600019283 622713964 460486707 86017937 322322084 445762086 366300678 257555849
97
767439708 611827304 14630055 462078492 738434351 242524186 329496890 958982002 866880277 195239324 384368351 368541341 457372615 567770215 58041873 418037164 133695449 6578243 4220789 496913288 14748328 23270646 169930784 120949088 333686838 449385651 363363646 974927489 291963634 53799398 913571509 102765085 33664835 480736255 632888999 38560110 236356714 410628583 736426426 234990704 624580935 255198075 74466901 465506834 907039007 989682815 676485766 648903735 271567299 563584909 979313948 28786944 634676309 367315376 385965382 368247834 37619209 967238170 64562457 258770851 240552195 626097075 52152763 705393620 232255432 435224456 296253354 374147345 119838956 84099896 489799094 913809021 805665782 839992067 939383988 748325680 311820875 170254773 977623581 185700155 196853893 133566520 786895236 378512677 285309136 461987340 869834236 436350483 528176232 230115782 933594349 960189399 954888507 588253341 681994108 986559998 369960783
98
667303986 87782030 934174447 796059689 40170692 891152594 336309270 362564035 935834103 561980307 715673924 797881467 630345865 109065903 303763436 487647449 669426284 43545274 463356944 915034382 448689080 338007887 467915124 235296232 859138000 346798785 722085693 966445468 602494074 93077403 347686531 604332806 470419031 772421307 904930364 946934963 829962471 8278462 632578663 759742136 73482595 320814343 643897634 370433526 206293117 591885534 349979832 662676975 617244787 112615230 685250787 916547366 202236651 626482694 503969630 514079322 911386191 329646155 350852873 31331056 264117014 597330897 58710199 16009035 204554880 774198523 266855264 164946884 411773254 190739654 526350837 561573418 166699385 574370778 597008214 712981842 619003572 367881763 454401155 384792267 189860542 676144195 948807442 824980608 131304713 909521530 600953633 89628631 860748113 41979797 382263877 355516708 909942049 656697726 931709857 120830162 708563062 148373131
41
247910426 457181799 290975307 999323180 873464110 447906649 119541734 337829669 167779982 739697268 58445931 879888384 462856599 24093945 98379891 934310304 528843948 47907548 908382783 613059563 989276888 272667921 172824669 780874020 225607100 819958382 292361674 368650211 578887921 184513883 18035009 122829174 727842413 477146302 144989331 272812539 588708891 245760340 835934930 481296737 129371163
27
958169413 704917152 504378843 676480016 417270073 4755275 764691371 364358942 877648982 888217923 952117506 890569012 274682195 892150259 682973211 158546258 253662431 716649054 255945154 774221527 297906754 796020841 338979443 295848982 363089719 776063071 643799373
79
883345135 17992913 497136934 8435885 336732070 5816594 164844610 35374317 10209540 239610358 700476060 869378934 681529082 359098677 757721263 787178713 775968983 750959455 115125494 392228495 870127358 514006108 957767283 157083327 867487725 986656428 262780366 797777404 659200262 691712222 568168961 157357041 580831439 559785955 249077531 811536612 847002566 958493086 625165960 375422476 356819853 176924804 850346627 629662267 301426599 789420626 94161012 601187012 630756039 705534679 193728253 267850089 229238411 995206614 801567814 288885250 757053769 778230353 421762707 442046795 276670632 857582470 134262600 274002208 804211690 203555874 848662267 700484597 199543377 808319231 144490210 594501830 226598617 783300873 763643784 612507848 513874568 280509428 392206028
2
839895946 253169479
35
140516910 975180920 560082019 743315945 855379968 98433717 804056787 981596575 279612638 426326447 476823640 995500214 595629489 862783322 274759711 622044553 745290694 589595314 581179488 633764858 389274700 390343188 512565884 40146293 517952039 25036746 60285090 107295245 350491309 975604514 551397772 170448347 882002457 647481825 187681566
51
394284108 579862225 313666294 324033278 210570183 865230200 333851290 462585950 3158021 692173904 952598133 964402119 830397349 246870795 762321338 772547491 955589803 852287379 811641392 5615051 539919675 60897862 308692092 748738581 853845120 980744898 789527435 545676164 322483759 134105588 26258098 572359894 713201858 30371054 526483919 50733868 396249951 21637761 595557894 76709502 119066297 9282435 286086303 266937343 330851696 4273053 36355258 404007136 864570357 869642320 411682625
98
472822886 263852499 170107228 486112512 172951621 911537777 30084992 760876085 668577032 642831876 189677736 883879595 579033741 711440033 597418119 826035204 730330867 890304733 624927760 903666280 248625770 6252335 24344136 65107862 515138290 171418701 738277916 525126540 237600305 184052773 597232821 503870970 161381973 519346019 388098473 54210340 976303138 106984017 922628431 592065307 807008762 575722850 303733352 884221609 550757958 464343912 978251351 665293878 53473043 263794352 298728855 810593596 104660455 666386449 224924889 192014566 3480267 406346233 941886144 442464469 751656519 653107081 747876041 780207415 422340469 875077113 937233804 926448328 560790242 180576436 459588240 560617550 626885313 542378644 455985505 251358552 17895655 647693050 366603642 935436951 422882258 172526017 153854515 674728168 855677708 415695351 50675915 895395897 95447984 191291497 399087514 18396273 593211586 542100793 362094251 897552529 854214960 63398479
70
28031034 449009576 702181833 419761322 473726560 641029674 163903012 869363255 989043791 483580347 405125397 730397035 282122830 559001091 182196545 346692546 764970894 335068126 661302320 19938279 957031483 156944792 901128545 215825999 592319947 166303254 500053292 484270827 970043961 299718087 622388083 763354749 574915684 710980674 412754543 809774416 624357001 934458741 629684123 307315522 637947425 347338733 340929280 568289054 584989005 831223416 544797214 480095617 965354615 61614862 74466171 549824427 201118141 592543536 325270414 270114405 887921484 296121545 609592533 352272949 199634034 219101728 997049969 426504442 571073667 433363504 548548829 535624602 933889772 248317495
11
441725957 640966256 963356928 630450561 894726042 310014678 235088768 652933852 137309840 627239117 542964904
71
307278833 120543376 440547567 136563127 749744113 570004589 422858207 608282542 243460031 570413198 250987764 930598434 829815437 451891618 528102175 669368307 382906129 541128652 147160900 971373557 331805796 691746988 569888371 837401581 867528485 773223259 337138315 303615235 450461381 12940549 673450635 655630856 854474057 973872518 90013980 88363170 31805657 658668870 516060467 842882759 745359623 977593608 811192847 948904420 568798797 936508683 282960855 853914732 500026046 44238924 814675914 135203659 455600449 465829450 69182719 505309102 119573433 231172879 738753505 470882239 120061477 865405220 178553825 956205636 624057531 264525032 335035318 899366917 774848239 759021958 911039251
99
592129782 408435461 148707912 8121921 392114526 101649801 438300041 578202441 954599358 46046822 594620077 181551334 930656356 23891685 414510611 905317805 109081828 282047537 758907285 907578480 308788589 909596253 998769817 929590774 322309296 84608714 775823834 910664961 715504003 589214478 154178938 479498525 865532998 522741917 97034557 648281022 290484533 604069159 721269308 884536703 670647888 560480779 928424862 705864452 320445701 867154279 36713985 705752368 314527588 473668697 694035498 199886117 77455804 397399577 705779269 485696451 515650522 627510135 186018401 592292722 267107680 959553511 213237660 687353591 970566337 366068433 44263116 491159060 63140519 404616934 255809499 114998107 289417312 256380545 5130446 858541502 381138596 638079815 844145857 543824240 672297179 245131182 91693747 136817990 29348444 551224845 191463829 77121124 512013894 95959318 394678021 109946610 481445623 75655337 895654851 526492762 886292076 17250935 564843148
89
446971035 400235995 646034250 743061989 216417838 977045815 927101404 39483293 493795946 478047045 936479390 880135481 424328661 663057944 599111138 495795545 532034964 440006867 457168845 725396200 478017408 108464076 983704979 242235030 292698581 580701763 666452992 895998462 233196640 507332059 960448905 483603311 252382243 482741112 477753544 434010768 525408224 185611104 965040951 440874618 140702174 73279931 711503786 259223750 432628266 632100834 28299535 29972474 767876154 159893057 685065759 884981711 603926213 849791542 177663466 69161762 35052066 160078411 463472693 95215178 908642713 919191912 192210023 297967558 945984487 707041594 755941108 159902456 570970774 969336784 636089118 328257865 310653680 967068701 690146538 78965794 438293331 337474152 483500268 571012278 474800163 171158275 473254568 231871403 852715134 391241082 336493931 466354159 546214734
89
315076362 303688485 319058919 242905030 293744544 783766350 135012638 121478537 145737644 569867278 875862272 715958114 534333770 949421651 128765189 912174150 313713892 152375876 976108525 266425316 844120870 979426825 518921184 288379329 969154091 335700105 54971865 772615576 732888420 331464862 358626577 314213693 70697500 141062596 679495751 671868742 729521286 618292659 76830159 549623426 907903538 132740330 308277940 538534171 329683152 163464288 344584174 916631932 749774233 616134785 18310878 153278866 463872779 946652215 9395915 293397668 688541233 25252578 460134371 557932347 174824832 54140610 173489623 138115106 652114928 50547685 508816791 843720215 741230185 295143038 707839113 341040081 292299638 253337913 411224557 889714611 123097167 950937646 253006067 666466227 951459850 128749876 635981670 397450371 475013719 78584836 137585794 315104341 681492120
25
968494261 38996653 143646934 869773822 385111604 565976575 883011597 435031659 421957 57906835 239376078 753207888 684411757 263136648 294387252 344118678 184670578 456207187 856315119 528528624 564210100 202373029 737667220 515167541 742811176
27
813214967 95056032 435303690 849394300 234039837 433229599 979279183 322282059 895727320 378891741 71519276 531271071 842164536 438858701 368235535 833493153 179774884 130778716 281842689 769769955 615157280 590137699 707614087 980573808 957191044 364160579 568095374
37
177621625 95740408 781017918 840720823 976554027 543059944 117103061 748926881 156054788 764692214 8259644 739322078 856347378 136784291 150619963 722961486 741294929 623414551 263478635 403811771 922110538 764057735 649027620 816704206 759021405 330357459 945303653 279224824 690763539 127499935 562805033 357960166 343514531 645338722 62674671 699262708 810112801
71
416494664 763148196 975419829 70622466 505863310 793370918 25817612 953667623 648157882 565362164 766409331 853566203 250604029 332219174 110457966 50224476 203830985 709486585 776284307 50261023 380660676 877077218 772995039 952960373 882199671 709928186 112356942 956191886 758447953 335589039 781909228 321426470 521847424 974974941 882983479 31179313 26608675 253293728 23613891 275371491 467091088 339721375 301291787 79232800 215179625 741534181 81595532 727074945 183471245 90557982 651053829 27179078 343658210 734414775 298835819 214298276 828140810 557049273 933748727 751458699 347400033 814485449 412516732 851611049 185161888 148774633 674904343 112897277 642336072 58409422 604787495
54
526946203 10922296 212585558 893024221 727243247 367297495 255531956 338346936 95164239 9559452 549679057 163294083 418115187 584917467 250982512 957768075 565032118 153915908 24378224 699174246 497571945 63050773 990989305 985680494 982428621 79087495 744158897 618214026 327764621 513958100 330296963 391532501 131787667 450080139 218508600 614833685 419240469 777780651 398361885 828379155 61753381 209252572 850974140 169458212 939552137 68774817 986677180 341742209 181233822 476484356 701174144 186868312 529143738 177534863
41
80979913 336064964 611530379 79117902 259524057 28097722 858995498 214076649 605059333 993431271 450061650 349073366 942320364 366568118 646307435 856419531 352446181 72620608 512017641 54583206 92908379 633718126 593037810 413702345 968808560 180368052 361841174 519335708 665746574 346583493 764499715 971669142 318457791 626317327 705277096 777110560 644810196 794021181 431206227 443212433 418738035
23
437188202 170418305 569830260 492763213 831571057 390212427 878681853 791776083 964944186 779960620 432781192 442836489 78369967 251935586 719329651 16100869 969591541 579113889 927520924 230067745 508722428 602182820 703370385
4
143616332 885132715 735111375 686053797
31
434941030 574686126 510214872 956731146 324165405 314007025 761899221 319182160 127423428 423051881 559846292 963533939 534192200 887112397 644307163 81776537 637070638 250886305 583057710 394100529 327052252 475247633 948184120 888632104 318566669 574515886 688634182 98036763 920076906 948595317 693379789
32
778616635 277253540 125787443 621968800 716329397 585228497 388660715 936399031 687992217 212135140 589808212 966191502 822121802 493715165 384014106 837947810 697525575 546548313 29981463 172105477 328969123 925684355 766363562 213797918 747927302 533693989 596723713 950524300 306479998 525616815 747143058 842409812
59
875865077 359688485 423791677 552073994 531938320 897104481 135425545 351824093 629944781 283518412 502669220 802677149 81103532 929445150 226896041 208066396 881038199 472915647 314485336 306811035 54377737 886890481 224468533 109935269 789720221 651063493 938914664 737193285 184977643 557241600 330548474 690351142 773761550 325096075 885571505 565348944 668357148 744633719 103849747 473716419 570444864 288289864 349518814 411012972 120700212 705367411 811183610 556340352 144815664 511121449 802201081 408291540 151761584 395393990 516175908 13746970 515007810 325859884 583652955
52
3969643 923610371 810901282 126911174 960845509 637172958 474936873 771566244 222897693 605618455 904674838 869112585 147864192 880375797 821532261 48841941 521541959 24318535 443278565 267598574 134015889 712724316 899162637 211816470 382100345 780268616 449304731 322079336 857559090 208788766 144249787 454670913 36894708 130955001 7178756 247285194 535113540 874062883 8228830 776311734 189685618 638715660 974796201 52478220 874107387 723677523 837256139 289451645 198585638 258964573 121955147 175322935
33
878273858 880383186 826429262 700031897 359083137 554943744 102831194 210579249 305473767 722079655 112054618 866535978 970510792 483139951 31784457 681044681 939965270 884615573 827013640 427160866 891630709 425446886 367855551 541131177 885417875 429209208 720243409 9652614 695853157 497579024 511457670 464129887 211855672
47
704881142 39894908 242922036 841164006 347505132 785679625 35533689 184412300 115436169 578701287 636630568 299979118 930857350 601518321 55025334 496614234 128931156 172612428 587472222 382490852 146422911 174952847 303297746 501390792 998220039 737755837 923334548 149885364 253647121 534883455 496655510 15005037 90425888 618714141 292041381 373496436 217823219 952658319 946079166 168659478 342644602 924772403 908766342 917101729 683577054 532558667 103391036
86
998391472 898764887 449626595 131548295 706144867 343789177 418212824 481552311 868808061 862311734 784778288 67294729 522113601 174864286 119081680 695667931 621096766 809378256 671671121 651326598 827930148 76797005 405932602 280978692 806486148 836634192 328954733 181309967 867929225 679222235 910636634 129255040 165085122 780031126 339380503 562897218 8530408 470846917 977777426 835133376 838114443 488535559 43753285 43944470 727312647 707721504 425350293 370139753 259717036 140910520 860757775 589377727 973070984 248622279 270754926 56115773 667188965 643385005 788192384 534370792 140110504 849495699 581435105 504910701 231589117 464392505 398253545 756731667 42100389 959372008 779101525 660250606 628425852 660743740 554651123 724953873 321062574 852507511 610401793 724929689 513253522 580365400 36083343 725002720 557809187 444184797
8
244242044 471623143 311111312 307434907 754413142 445244156 938090485 376666914
31
87200378 688037133 599124414 787560540 100658650 112102736 588413315 209480699 118676970 230524043 701342649 611679226 166052014 784636186 589228793 18734714 294237629 801142361 25083393 558061789 528361674 153779197 322866920 404187859 398028209 447993067 287067875 421677271 277152747 146318272 727302949
3
739474087 75503548 386678733
40
78211910 510103221 580758165 691683227 125019851 830217733 29011881 376844553 345065533 389790275 928362360 214507271 668940518 855782041 654928829 207013144 237748908 347367829 733474382 225584729 966113114 930119093 480056822 92882581 417827431 549681372 2507085 558862688 676418545 525376294 360336720 29439566 897599624 313075389 669554054 642906556 411332287 261555659 796772765 878819523
25
356209400 899319227 505045125 220401135 165269368 2293543 275694889 747442432 556745798 972173621 127921949 67172690 807475873 673381843 49931247 97911698 880754168 817988445 403950031 26624975 44446039 82074038 701060183 82272720 554896310
25
197107213 707554047 257991853 647784199 594849702 812136872 584490860 234620208 456692068 270808181 976285581 153982316 154212436 460358911 977293524 815846186 205522447 846675035 65196509 87074185 483555019 442358136 172548255 595338713 694941192
35
309841393 52722652 31405212 956244803 859018215 31863110 184788543 355713773 301243188 73794759 299037322 336806693 418694532 970132088 705176982 565645755 712001548 737884435 601465462 53545418 320497396 531756175 536879306 959525695 753465932 350109468 636065483 244984083 232028511 974673537 423696895 90861863 285350557 14997434 172391969
46
730987253 503699147 469456265 293136143 136645482 367003338 579607257 318211389 488018847 947658610 674182304 281974374 960012574 243090460 24568365 14731713 967000245 763400803 666937910 477206835 944333449 266801930 676784172 285251902 269272066 457380628 562435769 649788311 851855717 358975751 129539271 646578515 135367999 985158732 904298130 817629525 467643873 956559457 634841546 667957329 623093304 500992405 952006565 9454652 780947508 234856464
9
608735098 33321831 955437807 6577636 752937006 258334460 974680983 821006352 617066970
6
109598783 740778130 196501585 588072570 457569680 361982780
11
940664657 404666141 152175386 641440198 919641543 611082456 937171653 451701418 748592685 941079497 185475810
48
502335170 616065621 314662450 391796403 561009772 547074442 40602806 551810415 467488878 50308910 791108418 918971637 853457880 283469786 844290932 382772249 819798745 117311645 115137300 538953667 573465844 694051121 904676648 468259936 231473412 410335747 382107188 89696357 544209466 76774171 932503176 509447585 456718092 273081512 232259893 304463174 28676235 974568232 263439713 159932410 567514119 446204616 882618568 751424268 572473919 542423075 130782662 814987930
3
991689531 203751848 383978926
22
209420306 674368650 928440218 787991144 697825735 335530936 77716742 16023312 334279585 343884749 506408238 401579099 431899115 788292392 793883310 427953313 841067146 197367831 608103741 61292724 141871744 685114378
37
861951453 973191009 977452609 259685716 340469815 300407413 315095396 192551893 707226103 430118786 183091938 968222001 859441450 996870000 876111174 463504659 95906213 441305996 511466618 260069859 667881238 103342990 883756400 499255163 212553752 227964719 948816537 808951905 508117475 282714387 367809701 173307062 659245664 658674660 496127771 656443240 368606309
55
100593028 186226375 200067340 882682303 682063265 837129370 836370525 696265179 661420568 544620940 196343150 83934954 921523333 434474432 755694120 502179176 825872750 483699649 481712403 387816678 31522282 896064805 569901595 168933801 537979757 545900826 118522437 385440576 539870905 352492614 464344266 688675520 14487043 411605065 813613053 786890721 503049911 262353823 56431109 159245286 309065508 637961143 115672433 139163548 618104821 549598639 411641721 846188751 23894221 980165132 178874485 952353527 416856927 18183054 273747408
84
867761540 964691737 234279918 201370990 935466032 791352534 48801373 468624564 326574763 370757772 977972211 317921458 618081548 216562607 841956291 221090369 964598215 632293721 283364804 415385179 599945929 497257267 112835474 781999706 129068758 861028773 947552565 463843714 182824552 218643085 994000154 80559299 56953268 525689360 231376583 403051989 529650353 717705907 567790314 587363279 720882404 494763144 30871317 61526085 7451067 240350308 103638572 295828372 688053052 886109641 992403165 506790990 625452993 4261396 225749597 265538187 234903063 42063939 331408208 842763481 164913808 97480225 755076786 846927730 227574003 767014350 738430691 454861855 981188353 659579163 36269960 343571845 111693807 247482296 185760356 823419104 421105611 703016942 238037660 551441138 458244422 792650992 953893971 703013899
98
554453697 987863387 523501739 571502589 296468368 390576919 448262676 384483840 462529424 705295017 503362327 527021178 873323576 192806815 261276135 775760784 790041357 624470912 918865198 253620846 564859980 509940110 505780306 756505977 754439968 970235025 437276063 349197305 798037024 892652445 458309298 634072105 922615524 422650847 169360927 527097082 975340412 482108664 490650201 151824977 924099324 289587497 283010290 794231454 212872789 45816576 103554336 813403909 116375951 432228078 697783696 930265474 910508893 739751450 680005796 641955622 665332947 971132879 714113510 929070558 739170190 2210803 777136520 878965642 734336212 777507477 466279072 447269396 117278649 203551383 694836108 77720298 978862674 775123102 755866484 759660114 715088484 203695144 414788690 679005169 715613810 538934105 397303424 804136191 680287740 283542065 217082884 140097426 486226202 268628319 253328389 621052968 65982392 916949923 910916433 554536502 738664150 736571630
51
218532216 231740858 246509441 885784390 494933547 534511283 53133982 412568934 725271520 129862109 689762298 718833357 420345580 850506526 286560485 996076247 431000128 993970508 756430836 442849286 685828653 284195638 724154502 604286961 156384174 901734476 36857732 988834970 29378586 122724984 422143967 363419012 169882195 925797435 724119470 403076614 365127186 815430046 391559679 814385814 585423083 104081960 374268879 132202069 199382193 616931328 185971195 852851464 674968770 882988445 297250307
86
608221071 759694528 765349026 775879423 209397271 705286615 311246123 517818929 654518594 327514371 163859600 400448454 145439234 487676567 644201891 501940458 527314776 157665973 151807684 933640229 984203432 567550016 760483266 881152796 499635586 730649654 909046937 20456583 713544537 227487553 977081809 453103066 268286449 414993670 108983774 839059643 907951901 726264243 236568274 688939419 724945523 569519778 134681708 126936331 552156371 777855490 2513728 329620709 538134609 599451239 456090466 573499141 157673030 364855024 550720817 633314955 716236616 667062113 478945107 820743283 928351351 339296749 782071126 899550790 522368672 851069994 747123302 571231315 854022807 522218180 895081834 164578704 714739626 600128037 272047304 733562697 233234166 708711075 884241925 684100070 17129489 416558270 984424804 268106001 674966314 898479395
31
564957289 305637333 989730893 960060509 241729722 712003646 985518396 455622717 467123775 245495598 113751963 996047938 309412440 843429234 272401203 228951445 76567555 895389282 634619767 542822855 632499535 531388990 77472025 403480052 33859959 197948053 233469584 988623479 841766524 600005402 396750929
65
109881171 450717124 511235286 498767682 170799556 379022226 384611878 962294111 151414762 819540380 120257732 617411262 941158114 581890649 933887515 892982872 191926423 944493499 450181393 745633319 378981451 672046822 328648793 436768522 886795592 573666496 247203809 384835927 121029241 393894650 632297573 205842426 534044462 250453093 50108121 65817968 338200656 706485941 836648184 850196730 546749257 629158893 889637311 727303762 123930965 280040057 715174841 859876675 910276369 46451003 606802733 454285022 32613557 504835243 419806812 433707710 108786430 526854464 53502482 403706063 109727656 334379068 675357019 520981350 256787906
89
141160276 720689270 663694342 878434922 743827493 903076221 822959952 218240610 273642998 88624667 157737116 975632941 738163601 616643644 294126171 860398836 263167024 216585643 124528286 781897647 255112185 281151790 657013730 453521108 446462234 216610057 667398915 402522898 555558765 660454252 910253695 179762303 6790934 320503361 108058492 960573640 515591928 862094686 275078647 449091681 843725215 559348780 371041219 467291776 104807136 596972377 921761122 892001564 887135886 305597769 473286500 767155330 496813010 563673958 846811420 575217314 659002994 170094905 869289583 115646605 268086575 980206474 879327292 52053856 49116281 331250143 223819714 560685385 415674439 304654722 930545984 11629085 903349805 122951195 547796475 131279003 159630571 793239230 308706330 448779040 303758473 248604567 693564279 390691265 39568237 349861306 277001788 625785945 357781103
2
402493114 343121898
49
254591451 736973227 538485507 822342805 504344519 498942364 697878486 254113756 447990823 706752672 628047199 882272865 100010650 561332774 942118750 44056735 38466100 438522981 194041230 322901238 205698572 777161896 743929196 496885297 768875425 280722232 332853327 779938876 981320529 815214065 565020244 793309127 75050783 253603234 699834908 383018783 910467354 743959344 733562199 895534203 132345707 136745887 823178715 85520460 902610372 647918340 374651848 40928879 535059914
56
562540158 267355791 969993963 35035258 136848119 962807018 644445730 839328754 839009177 650700474 297876579 150155897 864500759 764433133 30423954 483939705 912027098 495070670 765793006 228819722 325820950 938343972 991424382 662767045 587305100 901146900 476245564 684567957 797559305 306204387 332323523 551557258 67577534 868988193 620894876 757005989 872420429 14421420 871520215 996011580 271776687 245649863 375458265 146536685 71669935 139901353 338791613 578100304 599860091 559401029 215521741 437617934 325492141 505220964 502272670 768858023
85
740944301 411883007 114199784 159796139 203946326 914987238 877923037 795074258 887523183 849336531 692038918 883760346 46840321 485505959 572175590 269294102 440929555 739847065 269145607 167235438 940034825 844590228 398807458 120673598 604052504 94997403 993519984 876939787 45934964 965037247 851768413 767903695 400578425 69537736 793607950 782017721 920608745 84584740 801107913 184367577 228276214 135172891 545053153 507964796 998597971 274677011 956234684 756703683 573165974 173325421 352631015 929161773 532502804 888400888 16592990 191502424 900571612 368682922 808566773 492292475 21178512 840727728 42610423 858668408 98315412 826594437 477729136 246450206 849711091 756479884 883995888 553433201 359492111 130787641 693016222 995945179 39428415 475600534 75834112 788170573 468530757 589165787 534811332 28013896 820121767
62
323093348 188892832 91058343 391720120 24154015 62101238 569520328 662887428 401310620 719538122 280585146 158535528 916751462 177379351 64715540 812516592 20975666 902978563 446202140 970882350 842149648 34687984 459892613 322914727 8958622 733119492 76190037 532189258 203670013 418948811 912309882 797354683 364575965 849988847 354503837 5096359 583512756 112031382 615336831 268577381 863185526 722050675 101418452 572442743 122147582 279558313 701061321 575402303 438268559 888889356 722208903 354075617 382691540 473113762 95142398 515706105 658969620 556321134 783563061 417456962 827573379 239710581
65
768501173 975613499 952605134 133320242 567166651 12617364 502896783 854979796 162932427 893445455 425354304 92927649 450734459 328975166 93653157 591450001 55217011 347599593 589149781 415162153 556905500 273594690 441014550 394387841 357468006 826202331 369648193 487414054 781957137 922838381 397307030 440873144 778404572 916660375 348979467 185127013 582675315 705636324 875337488 541452680 878405412 24759498 94679194 804265451 154410069 641968358 710209177 468426893 802912844 584653410 221673729 587065265 352108979 353046333 96112351 611694400 954602790 448917376 42522737 661974699 1718438 825672573 47860026 517802544 567687161
68
732399817 782220137 365830009 322619200 493813625 101427422 182806596 4266482 922357818 166737446 377686310 314572149 334503052 589901785 97154799 684857693 655110955 356550559 863718272 174927823 275808688 163971403 221736605 99052903 281020702 240012802 591902428 641695763 267377089 918240309 806794716 895138136 331844985 506029048 409691937 315469741 594504453 935318601 978607236 532495889 842418845 219146311 851384189 67202724 826577527 472900487 241815065 622544360 69593870 386153729 46338791 196593470 986471818 573090291 781966546 158339287 35944675 220832359 131578437 774063098 22817811 227510869 839953992 400301394 521152836 419776185 220693084 216273816
78
867444960 657398592 40119504 38527259 493642261 589857789 855038472 170032717 946860407 653027604 642277851 178848016 16210629 168148725 268421667 776688419 232028142 69345727 73994984 134325082 54731851 621858921 766712455 954283534 938141166 996651174 578591301 720908898 315480386 826285903 42713192 760193335 228840858 207220629 468624770 493836731 563004757 357340675 374658971 495647395 891319385 803347932 676295096 474053564 989946826 222879775 595681399 725094247 290576619 302723982 801455234 623984001 471401731 716145381 116287846 965519135 475131811 879122166 8662368 131425430 627004123 915134598 976657468 909332038 742540474 339222215 884438991 551414491 528556700 75915076 663170054 988677974 742837844 727874316 959862150 118420258 951393944 438217219
92
765481673 229087371 62759840 731061078 697873568 534201044 576146243 872844078 334092366 792225321 476173129 615746797 994702979 179338109 220034394 952079394 280092889 947148733 164980183 514671665 354739253 471040243 545944787 688190232 389268644 961740339 950573566 428184465 137994765 620422182 500006470 228588162 10921947 919994246 470741617 895513144 397047250 512714108 691596247 641443672 321122443 491956025 429945347 405271995 189803816 448819370 574338507 744322671 243905952 464335737 573381073 183362428 267391732 10954621 222788756 521977897 27548737 279394003 45207903 642513675 993877847 571593867 150381347 985563689 603220783 91496255 709429671 473470711 106300437 747106613 973897124 102255348 623822153 763933817 408537485 570180042 464882287 35612646 2248907 833506087 559758670 11892752 910914695 598432222 344873419 468570994 531475604 949170532 433269834 373459146 787550342 495767586
56
101450872 606812819 315861371 186933359 233247344 109832403 740008375 714879663 946286340 913610052 91793736 957463639 11201411 927108094 968106968 445212249 843893897 47332883 602593618 129996540 805073533 776527349 271880210 55276830 219960886 368083537 559239431 574603204 907114202 271249894 991208186 869605159 770170092 956785729 162828009 756281610 482187194 122055669 485265962 522239150 647119229 902213070 78190076 543221775 570399135 626992454 908582073 688130880 149110465 142525851 633454343 62352931 837930259 355696218 947661738 473780789
41
664214182 664655151 265441578 86414972 376441646 196770555 608328580 705523369 4686479 820170012 533644919 526304517 988985943 210214081 933152443 76153564 591398799 486626872 654324404 518923531 234487297 800539403 679154868 575756948 139933507 676002901 913891670 940870326 332230652 263291207 259473671 847713970 683144415 461493726 148246423 3197977 77649614 274875179 886958209 189181997 263224017
