50
107 26 383
102 68 320
103 67 67
68 198 213
144 62 938
193 23 240
197 164 243
150 37 581
90 113 31
46 81 573
169 44 910
47 116 278
173 168 388
7 179 111
129 138 117
185 8 465
129 145 505
122 59 407
163 186 749
67 20 348
58 87 399
119 74 658
10 19 301
6 93 760
60 66 270
60 81 861
186 200 205
166 62 518
161 36 834
7 34 544
174 76 848
188 57 216
111 0 17
100 3 349
31 179 974
48 25 533
15 110 57
69 190 952
98 176 566
150 55 657
154 129 719
112 55 870
153 154 429
83 75 218
90 91 519
96 100 104
6 17 543
58 74 617
173 93 266
136 174 965
