70
1 165 42
132 31 738
142 119 922
43 138 387
105 173 871
170 141 998
173 193 911
148 39 874
147 35 988
45 172 362
9 110 535
86 81 319
11 192 764
81 95 733
96 11 500
194 168 468
141 65 846
141 104 824
15 25 588
80 191 945
86 108 842
52 18 266
54 163 739
127 177 157
39 44 769
137 175 450
92 66 936
70 122 190
99 41 647
174 12 876
65 189 107
103 162 156
5 117 133
188 126 839
79 149 813
164 127 300
79 69 695
168 131 156
18 198 116
197 75 365
14 131 665
133 156 485
104 160 58
23 48 43
15 60 352
200 126 698
172 150 916
191 99 607
180 173 259
184 91 612
52 6 563
105 183 684
122 106 641
65 70 4
175 120 759
197 7 60
41 55 81
40 70 969
177 95 121
27 18 42
69 156 116
133 101 233
60 165 599
61 49 645
161 86 607
61 0 825
156 30 909
168 197 425
194 25 268
51 71 564
