85
8 61 896
166 96 685
82 138 80
154 0 196
117 158 965
76 16 207
78 155 75
142 200 958
73 107 11
197 15 454
48 70 775
21 96 134
130 78 808
23 50 625
133 2 628
30 12 440
115 197 551
107 11 538
117 143 383
169 118 641
92 113 451
2 175 109
100 71 923
98 187 163
97 181 415
37 194 90
103 172 209
4 154 744
162 68 72
59 21 680
28 64 605
79 143 897
112 147 506
138 182 310
81 185 995
48 27 468
3 57 297
7 31 672
192 110 553
96 10 751
69 183 732
150 184 210
200 134 932
122 13 444
138 183 792
48 109 169
113 159 867
176 98 504
153 156 712
70 193 115
188 95 198
185 163 924
192 118 54
23 116 961
193 62 657
3 198 356
199 118 694
131 139 781
178 196 302
0 111 651
33 27 943
154 195 997
178 43 53
134 50 937
39 119 888
17 29 519
54 103 221
175 20 210
21 83 412
175 157 545
19 97 905
70 86 117
21 34 383
26 11 539
164 83 616
81 75 32
185 105 158
52 166 997
90 95 97
20 194 986
93 7 29
153 96 49
161 102 324
150 103 827
154 73 624
