60
808
32 60 16 80 12 88 64 98 57 3 49 67 72 62 3 45 79 1 76 97 18 41 93 77 58 28 41 61 46 21 27 69 16 38 74 79 72 37 72 15 55 30 6 43 40 78 17 91 41 70 16 61 68 26 48 87 1 79 28 72 75 73 21 76 86 66 84 84 16 90 99 84 78 14 6 29 43 21 55 2 12 33 44 19 88 63 8 93 53 33 91 2 96 72 80 70 66 86 24 12 55 48 99 66 93 17 66 58 38 91 85 24 40 4 9 40 71 47 41 12 32 74 25 72 65 33 49 59 41 75 51 23 1 24 26 38 76 22 76 15 87 1 97 84 4 56 56 29 76 71 4 72 17 82 88 87 18 28 94 9 25 29 99 85 44 88 26 82 57 74 28 76 67 58 85 23 11 36 85 56 30 16 44 47 93 73 50 85 12 86 59 36 42 17 99 22 50 60 84 3 47 6 96 91 85 84 87 6 2 77 5 95 23 31 52 74 43 9 64 78 1 66 23 33 48 56 53 36 55 5 86 34 63 4 5 10 68 68 65 64 34 29 45 70 33 35 60 87 26 79 78 60 66 47 21 61 58 85 35 16 41 73 67 6 53 87 56 67 92 15 95 3 80 72 58 36 93 25 10 64 52 22 74 88 85 28 40 25 88 15 67 77 16 43 13 33 54 1 73 68 91 48 30 96 95 25 31 30 95 19 51 69 61 62 38 56 68 41 99 21 76 9 7 66 10 72 26 29 99 56 49 27 51 84 67 46 38 76 42 94 29 68 63 92 94 68 84 5 33 5 64 98 84 43 42 89 59 1 22 100 51 7 37 2 67 88 71 4 58 50 70 56 14 2 27 63 89 47 39 78 19 99 32 16 92 20 76 50 96 93 5 88 28 4 72 57 13 23 30 63 83 50 44 75 89 47 66 16 30 3 43 51 40 55 54 47 88 92 58 21 28 32 52 32 8 70 12 59 81 96 18 41 92 14 67 28 46 40 17 10 76 79 60 14 40 61 56 94 36 4 88 40 62 92 90 49 63 11 68 73 39 68 44 41 18 57 28 98 80 100 74 57 23 14 47 4 6 91 94 37 97 38 89 60 30 19 90 59 78 96 31 74 55 21 95 49 83 58 72 11 61 71 66 22 39 79 30 57 68 81 33 70 90 77 51 55 19 45 46 10 84 81 69 53 38 30 70 16 69 51 35 8 81 86 93 50 43 96 18 26 27 39 34 18 37 62 62 17 68 65 49 99 72 30 4 43 36 71 42 75 64 15 21 9 53 32 51 33 86 5 78 62 71 62 83 49 67 94 74 81 40 97 32 92 60 31 59 67 11 67 7 62 11 5 22 98 52 59 56 35 16 70 19 31 36 27 72 76 51 35 59 57 78 71 17 52 11 57 53 48 12 9 70 40 25 61 27 19 78 36 33 81 71 75 78 54 54 53 78 75 93 36 73 79 6 43 45 19 7 93 84 15 16 30 9 30 28 89 63 17 22 65 88 55 55 45 45 22 43 78 35 84 16 61 19 57 50 79 77 47 88 89 23 8 2 48 40 75 100 41 32 33 32 83 90 68 63 32 9 51 16 1 15 91 77 85 58 80 76 77 31 41 64 45 79 74 69 47 7 17 44 86 8 25 16 32 78 99 5 55 76 20 51 13 38 81 89 57 52 15 12 81 10 42 17 30 97 37 48 12 8 100 17 96 7 17 67 96 70 44 61 20 30 90 60 85 56 70 85 43 71 65 15 42 33 89 24 75 24 83 63 51 52 39 70 26 10 28 67 82 88 30 40 24 67 5 88 73 20 7 87 19 51 30 23 6 23 75
651
87 88 19 91 84 63 67 18 35 82 72 82 50 9 11 75 63 90 52 25 51 50 48 73 89 40 21 54 5 25 15 55 36 73 10 43 83 14 52 14 7 95 14 64 43 81 47 66 55 30 87 97 80 64 35 69 89 83 11 62 51 19 2 7 57 48 51 76 82 82 89 74 50 11 30 30 89 18 98 61 40 73 73 66 48 48 97 74 25 79 53 8 48 20 35 35 89 13 24 76 44 35 68 85 29 6 3 88 29 22 26 32 53 7 70 54 45 58 11 51 3 93 89 64 22 7 50 34 71 95 94 66 74 12 46 36 99 6 40 53 5 96 47 85 92 82 99 29 72 21 89 80 55 95 65 24 70 24 7 63 95 41 80 44 72 48 48 38 57 54 74 53 23 85 78 43 67 21 88 55 73 38 93 33 53 100 73 80 42 93 74 52 67 50 91 53 78 89 84 15 1 12 24 27 23 75 8 17 73 100 80 14 86 77 81 8 97 78 75 21 86 54 12 34 34 16 98 84 38 25 84 28 36 8 52 56 46 33 14 35 5 41 38 59 76 80 41 34 48 82 66 38 80 36 45 76 91 4 69 69 93 5 53 29 77 82 31 2 60 4 65 35 59 2 66 39 8 40 37 45 28 93 31 77 55 79 19 9 8 12 76 75 60 57 15 60 99 93 76 39 12 19 36 37 41 72 90 11 26 69 99 4 91 75 41 96 21 15 4 81 25 39 52 42 5 23 81 97 87 45 28 70 36 14 4 88 89 79 22 7 61 83 56 46 45 90 36 43 38 37 64 8 54 73 49 38 17 4 91 6 90 100 56 44 52 98 90 94 59 7 17 45 66 48 53 15 19 99 42 65 58 47 33 92 3 23 36 67 39 66 55 84 8 56 90 59 38 39 97 48 5 39 85 82 83 88 57 41 81 20 14 77 100 55 10 5 98 1 18 57 14 19 96 85 72 89 38 29 59 11 79 98 99 73 25 69 4 78 83 15 90 90 29 81 59 2 18 27 39 84 13 39 68 17 36 12 76 98 43 30 3 54 51 54 7 16 4 13 32 88 88 86 10 100 40 24 17 48 24 62 41 44 65 51 49 23 27 74 72 80 76 100 76 37 78 76 41 88 13 79 90 24 41 43 59 90 95 26 95 2 2 1 97 13 70 6 38 100 29 1 84 11 42 59 48 85 82 82 93 27 94 62 1 78 25 69 45 31 39 55 68 65 15 52 2 36 59 93 23 61 61 33 26 91 29 92 65 17 23 79 42 4 45 100 54 8 38 12 24 65 63 34 73 59 46 77 23 52 32 97 71 43 96 33 75 35 52 11 73 19 2 43 76 99 4 34 57 31 10 20 25 69 33 69 21 36 76 54 22 16 62 93 75 54 47 45 14 3 63 95 13 78 78 9 33 49 11 11 56 22 9 54 67 55 20 99 18 57 17 90 61 2 60 22 97 34 96 84 34 50 34
265
64 94 90 43 37 100 52 14 76 7 62 79 94 53 8 78 69 95 13 39 68 2 28 88 53 71 41 80 33 56 1 10 61 86 63 26 89 40 3 74 59 56 16 9 3 50 79 43 51 31 97 71 77 22 2 72 85 31 84 56 91 76 70 16 42 35 26 24 98 63 100 73 3 95 37 10 30 83 3 77 94 90 96 96 27 46 85 35 60 39 91 49 28 64 99 77 9 61 73 40 82 82 14 36 73 14 96 84 99 24 33 96 41 89 54 71 82 12 64 66 51 20 12 70 74 84 60 78 41 67 67 33 40 73 36 57 6 30 38 2 58 28 56 60 46 43 41 29 23 70 24 36 67 91 19 31 27 18 44 39 75 83 7 11 80 38 91 39 100 12 64 21 2 35 17 75 84 91 60 99 89 51 57 81 27 62 43 100 88 49 73 97 93 81 89 80 41 82 98 61 84 40 89 92 37 66 16 34 16 41 2 82 28 70 65 13 69 46 26 78 11 15 40 92 66 58 6 91 86 4 71 24 15 85 1 48 63 8 24 8 87 45 86 62 86 58 65 54 7 69 3 21 52 44 11 87 45 37 32 66 47 9 80 22 19
295
51 24 34 84 51 90 4 10 53 63 18 32 38 58 15 98 11 7 19 70 19 68 45 39 64 2 34 74 44 39 84 41 62 26 70 87 61 65 71 65 99 84 16 38 96 92 84 28 74 98 69 19 3 24 10 65 43 81 18 47 15 62 6 51 29 53 49 64 78 42 33 61 56 43 47 54 15 19 36 22 18 39 45 49 70 45 24 73 42 36 73 45 90 43 91 23 75 15 33 24 55 77 71 26 41 95 23 80 88 74 90 67 26 87 28 44 87 78 38 83 69 6 77 86 43 27 33 58 66 58 73 69 26 49 64 40 76 20 55 60 78 29 61 98 97 91 93 48 87 73 75 14 90 16 50 100 59 38 23 19 80 11 86 56 61 43 95 42 7 61 74 70 99 90 67 39 35 33 2 4 53 59 93 13 5 2 97 1 85 11 35 100 96 59 10 70 82 45 69 25 69 31 77 48 44 67 47 71 94 31 75 55 89 67 6 42 39 53 31 20 69 60 45 23 42 91 56 56 100 64 61 37 87 6 24 84 4 52 68 93 36 15 13 55 87 2 96 23 26 64 81 49 39 78 91 37 53 52 25 12 97 36 10 9 30 16 38 52 22 72 26 45 76 27 13 85 87 28 76 65 57 77 98 99 5 4 46 76 49 86 19 19 30 39 53
644
23 15 80 20 69 21 15 84 29 25 99 82 94 23 43 64 58 34 13 2 91 66 87 94 10 91 42 91 85 89 72 80 35 25 87 74 91 26 83 17 78 27 22 92 3 47 16 42 22 82 52 57 15 43 58 7 90 50 44 45 84 55 12 8 72 5 54 99 91 46 32 44 65 14 11 83 7 57 49 59 18 58 28 76 83 24 16 86 90 9 49 29 16 53 45 61 44 22 48 67 5 23 5 74 78 29 85 67 21 85 54 43 41 67 90 16 32 62 73 87 7 25 33 6 61 80 21 66 96 46 86 68 69 85 76 14 3 62 58 57 5 58 77 68 36 2 95 80 32 7 91 64 98 21 96 97 14 50 5 9 21 52 23 93 23 82 6 17 17 92 55 44 95 30 69 62 57 17 41 21 60 63 85 67 49 67 26 74 97 40 56 90 61 81 61 7 22 82 83 7 9 73 19 69 38 56 78 28 53 31 3 71 20 40 85 81 8 14 73 15 90 13 36 75 46 9 50 34 55 64 83 29 43 66 73 48 28 46 89 9 75 66 35 75 56 8 21 82 1 24 2 41 20 72 11 23 25 92 25 27 32 69 27 72 41 18 58 69 45 42 12 76 68 47 93 71 72 6 7 60 91 72 89 8 31 64 52 26 78 73 38 77 71 87 1 17 11 17 21 34 32 82 10 22 57 70 84 6 6 65 46 74 10 66 40 20 74 33 13 51 31 83 59 11 66 63 98 46 94 34 47 80 16 81 74 61 33 84 50 97 58 40 69 10 96 68 100 33 6 84 13 20 45 50 5 78 55 54 100 21 71 85 42 5 73 70 69 100 17 71 77 82 32 65 1 16 55 67 53 94 64 76 28 91 96 4 2 68 73 30 70 69 80 2 61 2 2 17 41 71 46 72 58 84 14 76 32 2 45 91 69 8 66 85 100 50 51 34 23 86 20 49 79 50 88 31 4 65 12 63 37 33 45 97 58 42 88 28 14 92 32 50 81 13 100 10 65 15 61 35 95 63 54 75 12 17 8 12 19 7 98 87 82 47 20 56 66 61 17 93 3 94 67 21 23 14 87 94 23 58 90 58 13 27 26 84 7 11 80 30 86 55 6 30 34 85 17 79 50 48 77 72 95 89 12 57 76 7 77 51 75 10 94 5 59 71 30 69 73 87 14 38 42 47 61 2 100 84 54 77 10 35 13 5 86 45 37 57 39 89 53 17 39 65 74 85 100 61 18 67 31 69 22 23 46 29 34 24 41 63 88 38 26 88 64 5 37 58 89 14 84 87 66 96 84 15 24 57 93 79 37 38 17 53 92 47 28 25 11 1 5 22 84 86 74 54 79 93 84 22 16 24 81 60 63 93 73 49 15 51 46 32 73 10 52 40 17 89 6 35 48 88 49 78 70 51 24 22 89 2 73 81 4 29 6 84 45 60 7 53 100 22 61 83
429
19 17 20 38 89 56 45 26 25 19 5 55 37 23 44 20 64 51 3 6 93 68 78 56 56 10 56 48 58 43 49 34 34 48 12 20 11 83 36 59 23 5 65 71 71 85 76 38 78 24 62 73 66 99 43 61 60 26 63 17 69 45 10 67 11 21 6 84 55 68 16 70 79 90 88 49 86 39 4 92 66 10 89 36 6 98 90 55 37 57 53 5 59 82 75 7 56 100 70 56 51 20 82 78 9 91 45 92 96 70 64 3 31 59 69 76 70 4 83 19 29 55 17 86 36 46 19 35 19 47 11 55 100 64 41 9 24 8 30 88 93 15 96 13 41 79 37 40 67 16 31 30 47 36 29 92 68 88 8 46 74 99 90 67 69 16 23 63 44 21 83 48 85 77 5 23 56 78 91 63 14 59 23 45 86 39 79 74 51 46 7 55 59 70 61 9 84 83 50 4 53 61 64 13 17 28 20 51 90 86 33 3 80 51 7 69 34 5 79 8 5 18 44 16 97 27 36 21 62 100 47 75 31 7 14 25 36 11 14 95 78 14 98 5 27 19 87 19 50 81 1 85 47 84 13 88 80 73 98 15 31 39 40 51 24 83 91 36 7 91 5 94 98 13 70 6 34 99 50 98 58 3 90 72 27 20 32 89 16 49 10 2 63 60 14 74 66 36 41 56 56 72 42 6 8 21 11 11 15 44 38 92 59 23 16 38 100 81 97 8 48 38 93 61 46 91 26 74 61 13 94 23 3 11 7 4 29 52 62 47 39 97 32 58 66 50 87 77 38 72 80 94 78 52 99 87 25 71 71 44 26 62 49 23 20 56 61 14 77 27 1 60 38 86 27 11 73 35 70 19 60 72 85 83 10 2 27 72 69 40 91 12 90 82 26 62 63 24 80 29 44 84 17 88 86 75 92 44 95 13 72 72 52 96 4 67 91 1 86 92 48 98 33 82 81 79 52 71 54
569
83 46 96 69 2 71 100 77 87 48 77 29 52 51 80 42 52 14 34 26 6 73 84 5 72 22 13 16 41 91 36 16 7 7 1 3 25 71 93 11 1 57 36 51 80 70 27 27 40 25 9 17 88 59 4 46 61 38 99 43 88 89 59 26 78 63 92 88 22 6 89 83 4 66 12 11 51 70 23 4 76 93 30 31 42 52 71 69 55 90 1 89 14 13 99 34 50 11 17 73 54 16 70 64 60 92 51 56 58 50 30 52 90 27 50 26 96 28 54 8 15 23 92 11 88 70 6 21 73 48 20 83 43 79 39 63 51 61 99 47 33 34 74 37 80 28 32 69 42 45 44 48 58 72 10 73 37 20 91 21 69 8 59 50 55 46 2 52 90 21 90 85 29 46 28 65 88 11 27 70 67 65 14 65 95 6 37 87 35 69 72 14 36 41 100 30 61 8 34 44 54 19 46 52 56 97 30 91 86 82 57 2 83 100 28 67 98 50 9 36 18 15 84 22 44 84 61 4 42 46 89 46 59 57 5 68 91 70 23 43 2 58 40 38 54 90 27 15 30 42 32 58 47 37 89 15 64 63 94 45 3 30 31 88 38 16 2 35 28 81 59 16 68 48 76 89 11 44 9 38 38 2 62 63 67 11 24 50 45 44 15 98 29 90 61 94 62 23 98 87 32 86 55 78 10 14 77 74 76 38 25 50 84 67 73 58 72 76 71 33 45 95 17 77 37 83 33 89 10 69 47 98 78 24 83 79 64 12 40 13 59 5 91 100 1 31 79 59 16 98 70 24 63 41 63 22 60 21 44 38 100 66 79 65 86 5 51 82 21 69 38 37 76 88 32 46 48 6 18 79 12 88 9 56 26 100 47 43 97 61 74 72 14 72 81 99 24 20 12 97 62 76 98 86 77 98 37 28 16 51 44 59 99 32 34 64 44 61 15 38 79 7 61 56 28 25 24 99 42 3 32 84 70 50 73 75 37 65 74 57 32 15 79 71 1 94 48 61 29 89 74 30 8 3 8 74 19 41 88 84 46 86 39 72 86 32 65 99 73 92 9 72 10 98 98 70 45 16 55 2 47 66 43 49 21 82 1 39 83 14 89 17 12 33 23 2 80 28 46 10 92 28 51 80 82 13 93 65 74 69 53 70 31 69 4 22 28 36 47 13 31 63 12 36 18 43 78 43 35 2 77 90 62 27 69 78 47 68 60 77 76 14 48 4 47 66 65 39 7 98 73 68 20 52 8 83 97 25 64 4 25 37 61 43 81 27 61 18 78
704
59 38 71 75 75 35 79 92 6 84 8 19 92 30 13 77 45 35 71 100 16 76 94 68 93 60 80 77 27 11 85 21 28 82 84 70 28 78 30 46 35 11 61 97 61 32 94 37 55 45 2 79 43 62 30 8 75 46 1 2 44 50 34 68 25 86 42 11 43 16 41 49 95 54 66 91 42 92 24 12 18 85 42 46 1 25 25 91 17 23 66 77 42 45 99 11 28 86 39 31 9 33 55 92 68 42 50 77 65 36 39 44 7 94 15 50 47 30 24 31 47 47 99 83 55 78 89 17 100 99 47 4 42 84 21 7 73 76 13 20 38 93 11 38 55 14 86 14 62 86 49 53 8 45 92 55 51 5 28 89 71 97 77 3 36 80 78 36 69 30 51 69 22 42 71 20 46 74 41 65 27 52 80 22 41 8 67 53 97 7 37 20 91 49 90 1 21 43 41 4 70 97 29 74 13 39 15 5 46 1 22 42 20 10 98 20 83 39 66 47 71 89 5 9 19 67 96 95 90 97 33 26 78 97 100 47 48 4 72 9 36 29 48 53 20 18 26 56 82 59 29 31 81 96 31 50 74 19 67 68 55 25 18 84 40 31 90 45 62 92 18 25 91 38 16 84 90 26 90 2 89 82 74 33 32 83 82 31 66 56 65 15 56 96 73 58 8 90 66 7 16 43 38 65 85 53 5 50 86 76 23 82 73 32 5 9 83 34 74 25 19 42 57 72 51 9 41 66 86 63 45 46 61 71 61 87 75 82 76 49 48 66 73 60 26 47 34 8 62 90 53 59 27 31 69 21 79 96 4 8 63 23 34 45 18 53 19 17 32 70 95 78 4 7 87 64 88 25 95 34 83 63 34 92 49 88 13 23 88 79 6 18 48 64 57 7 8 37 75 71 55 30 31 38 19 25 28 86 89 9 28 55 31 80 97 18 66 7 88 54 71 60 41 78 87 40 25 66 27 55 48 81 66 63 78 53 97 71 30 31 76 47 92 41 47 32 62 23 30 55 85 51 90 42 12 42 12 73 52 59 96 98 54 75 14 40 13 10 10 42 41 67 32 68 36 69 10 34 88 42 16 44 84 71 53 38 88 46 46 19 66 47 100 80 46 91 45 80 93 61 94 35 8 39 40 85 8 33 98 91 49 45 70 94 54 60 100 3 38 71 31 78 90 83 98 40 83 90 69 50 86 17 68 65 99 44 53 80 1 35 30 5 20 18 87 94 68 68 19 81 92 52 66 43 81 96 11 37 87 41 37 88 21 12 41 99 3 91 51 19 70 56 99 2 12 100 21 92 33 27 27 59 91 3 36 56 11 86 44 9 16 60 17 54 100 60 69 47 73 20 54 93 60 8 97 32 90 51 61 42 7 3 30 94 10 41 35 38 6 89 15 27 52 10 29 9 51 1 23 40 14 13 61 17 86 42 23 27 79 48 6 61 81 97 48 51 79 96 72 26 61 68 89 45 17 45 5 77 79 91 15 56 42 1 89 4 48 84 36 88 10 54 24 50 95 17 93 99 51 32 18 83 10 61 71 81 78 23 47 24 17 86 94 40 89 86 64 53 93 1 94 32 64 23
482
32 70 55 37 8 89 35 83 19 53 46 11 70 50 70 83 30 27 66 6 58 85 89 80 72 37 98 78 36 27 51 70 15 3 12 1 57 70 47 85 58 36 56 69 56 92 7 16 11 92 77 93 19 25 19 97 93 3 72 50 83 57 6 16 9 96 56 3 12 51 86 61 63 33 27 19 90 10 89 27 28 44 78 85 54 6 5 25 44 29 65 17 85 7 57 69 26 59 62 43 97 66 26 4 85 61 94 60 33 6 75 13 26 6 96 42 2 25 88 82 40 62 90 82 99 74 7 60 86 98 95 90 23 13 38 72 66 97 25 80 90 98 23 50 95 55 97 63 9 75 21 77 42 76 81 84 40 61 18 25 25 2 8 27 82 79 91 64 46 86 90 60 69 92 30 81 81 63 55 61 77 88 8 80 72 25 100 7 34 78 14 80 43 45 10 86 52 35 33 53 56 19 35 68 78 42 8 16 82 18 28 88 13 15 42 66 73 73 76 22 46 19 76 21 18 5 55 71 83 40 84 42 3 59 14 95 6 19 65 71 16 66 71 62 27 32 9 4 38 7 99 49 95 1 72 99 49 31 61 90 2 84 19 68 94 86 96 64 98 67 96 16 93 16 34 24 27 80 5 13 7 82 89 85 59 22 100 12 17 5 84 35 66 7 94 3 5 60 67 19 49 77 73 55 70 87 25 14 100 43 25 25 37 86 8 15 51 13 77 58 80 96 2 85 100 46 88 24 94 17 38 46 58 1 99 64 31 70 32 11 23 88 63 81 94 39 35 77 21 61 24 78 31 89 93 26 73 69 12 66 92 42 50 95 12 78 11 53 6 69 11 12 90 71 2 70 92 94 48 85 87 36 52 5 50 36 74 12 7 68 5 98 87 5 74 80 30 99 77 90 3 4 99 56 52 97 32 4 10 33 19 19 25 11 73 96 56 48 44 11 74 18 74 64 65 55 4 11 38 86 74 38 90 67 56 31 99 95 39 66 48 41 55 20 1 23 88 12 5 72 42 32 7 38 25 39 33 93 65 22 23 59 94 71 20 62 79 88 61 49 57 46 28 16 64 56 32 70 61 63 51 73
557
67 91 49 75 96 52 37 13 16 79 12 80 17 3 23 97 99 74 16 80 54 20 8 4 87 77 9 7 11 70 72 38 21 67 92 82 94 55 87 57 39 82 4 49 59 22 87 79 34 50 23 92 5 88 1 23 55 74 85 95 60 21 58 50 32 73 3 70 26 42 71 41 26 1 71 81 13 29 81 3 56 5 61 34 37 66 74 23 61 22 63 91 52 2 10 67 14 77 42 44 91 60 100 80 21 20 25 26 17 36 85 76 52 80 9 13 40 81 69 67 88 72 71 75 78 36 15 77 14 11 71 55 80 40 51 18 50 28 16 98 93 42 56 68 96 47 16 72 46 6 67 20 55 32 5 73 72 80 9 63 52 58 97 22 43 29 58 34 13 41 62 35 79 46 3 9 54 24 33 52 73 10 26 66 8 45 94 43 81 80 8 74 73 91 63 92 61 60 26 12 44 88 58 86 75 42 11 48 43 24 3 11 22 15 35 4 10 46 43 89 68 72 32 40 62 17 32 64 23 100 4 88 28 21 84 91 30 7 10 14 68 9 17 3 84 49 35 12 5 46 75 96 71 95 32 68 51 84 95 42 50 76 63 23 53 19 30 62 8 77 45 21 85 54 32 86 62 1 64 99 66 59 10 21 69 41 35 38 11 67 28 93 92 66 49 55 4 68 16 65 18 83 90 78 82 49 52 73 84 67 43 22 18 40 99 41 49 38 74 31 56 86 13 100 17 1 77 83 2 19 81 4 96 37 95 99 40 90 100 79 9 33 53 62 78 38 84 45 61 55 69 31 43 72 21 31 48 60 50 80 94 16 69 25 60 71 11 62 60 18 77 14 79 98 87 41 95 65 67 40 24 42 74 13 64 17 82 66 29 46 63 69 56 8 1 72 62 25 8 30 73 47 24 66 73 81 2 69 2 9 25 68 27 29 38 31 85 22 62 34 13 65 20 28 42 1 27 81 15 88 82 27 41 51 11 7 28 70 93 27 8 17 45 96 24 80 7 31 20 8 23 88 77 79 44 71 71 18 49 68 49 37 36 17 17 25 58 78 22 97 12 95 17 91 17 73 90 64 21 50 51 34 31 4 37 13 38 62 89 87 36 11 93 47 12 17 47 31 46 15 42 66 14 12 34 13 22 53 40 12 51 36 57 87 38 26 36 61 80 97 73 34 51 5 96 19 15 59 52 49 96 61 82 87 59 94 60 100 12 16 83 29 27 28 16 18 61 63 100 66 12 4 15 57 41 70 83
198
97 36 11 2 96 15 98 12 55 1 44 35 83 43 26 76 63 43 52 55 16 20 2 37 99 8 39 69 50 5 13 75 31 59 83 43 55 32 2 80 27 39 35 79 85 37 24 24 4 78 21 57 34 81 38 57 84 32 78 16 69 84 23 100 67 64 65 26 48 25 64 56 82 2 34 56 20 20 38 92 91 50 94 91 94 49 54 27 41 65 50 92 50 94 62 14 33 40 12 3 18 4 83 34 67 10 9 26 47 5 93 31 100 31 83 58 72 99 70 21 38 69 39 89 39 51 14 46 75 54 51 36 65 40 1 5 58 10 38 88 78 65 88 69 2 72 89 11 57 33 73 52 11 96 94 47 30 75 12 71 85 29 96 29 5 4 56 72 41 89 33 41 89 23 58 60 29 5 45 58 94 82 100 97 84 20 54 84 64 82 27 32 76 43 51 75 72 20
140
12 100 76 50 81 34 31 97 39 69 99 60 56 49 76 68 13 55 90 13 12 57 27 53 4 38 41 90 60 29 38 11 12 58 27 30 29 38 45 54 60 49 56 6 51 79 90 13 32 70 88 85 81 88 80 96 62 36 80 65 56 7 92 94 98 60 40 5 28 21 87 12 73 58 66 60 33 80 64 17 70 32 58 64 68 68 95 99 37 26 78 69 24 22 70 81 84 78 10 85 59 58 38 51 73 16 54 47 66 93 66 92 72 18 88 80 29 77 45 18 7 67 91 20 66 47 14 16 7 2 41 21 97 74 78 21 18 83 1 94
631
33 43 99 59 72 43 43 34 86 68 81 16 81 86 99 80 33 13 40 68 14 39 91 46 47 68 84 6 77 84 11 97 67 72 4 13 88 50 70 100 68 47 51 36 5 79 88 52 72 89 83 95 51 20 38 92 24 78 51 72 4 28 80 58 62 84 67 59 35 51 98 87 27 1 5 33 87 28 14 69 89 20 32 23 21 82 68 31 26 33 56 13 70 69 67 29 4 82 34 11 42 14 70 24 68 83 39 7 81 96 97 65 46 42 47 32 6 25 79 89 47 23 41 48 85 3 91 76 29 90 65 4 59 69 17 5 53 93 52 15 42 18 50 62 47 46 77 67 46 38 97 89 49 100 65 74 7 48 9 59 5 65 71 50 88 30 66 69 93 41 2 98 1 2 77 77 37 59 65 49 9 78 7 5 6 74 96 69 92 86 87 18 78 37 40 34 25 25 54 31 79 98 25 12 34 18 25 24 39 9 44 75 67 53 81 47 73 67 23 6 39 71 47 85 73 46 69 49 81 12 78 25 83 39 40 72 35 88 65 85 48 85 53 11 24 3 18 2 99 47 42 7 90 64 8 19 40 34 30 57 15 62 67 9 7 49 82 33 40 94 94 87 44 26 24 52 42 4 62 86 42 94 66 7 72 33 30 40 94 22 79 49 54 22 25 21 46 6 92 79 96 23 31 42 19 24 38 75 100 58 36 84 58 8 83 96 87 19 29 4 63 71 50 17 23 33 19 56 30 55 59 34 14 90 100 41 51 83 89 7 36 87 89 35 54 63 55 68 81 55 99 8 81 10 65 72 59 21 29 6 52 46 82 13 22 14 24 87 5 6 44 2 55 85 48 45 99 81 46 84 62 46 49 45 100 44 99 41 62 57 68 24 37 52 73 15 13 22 74 68 32 32 80 16 50 62 74 69 98 38 42 2 98 18 81 30 40 61 79 36 61 40 100 53 50 19 98 33 22 7 29 85 95 84 70 37 5 10 54 18 19 89 35 39 56 5 34 82 42 93 73 91 91 34 35 84 73 63 37 5 43 89 20 64 53 24 17 79 7 45 4 2 99 54 57 54 18 39 23 78 73 100 32 30 86 71 11 3 67 14 92 47 50 6 82 17 23 23 57 96 21 79 96 46 91 29 6 83 89 85 42 48 32 95 3 81 78 7 92 22 82 65 17 10 75 35 67 72 43 89 76 89 26 77 75 37 61 72 68 7 53 95 40 95 95 71 6 54 15 52 11 42 77 49 96 57 83 31 68 76 44 55 93 72 58 90 68 96 65 78 75 37 60 83 91 64 58 36 92 14 38 81 48 65 17 30 92 85 9 60 70 86 40 83 33 84 53 62 86 77 40 69 69 47 51 35 57 54 81 93 4 95 61 60 11 55 55 46 72 17 72 67 96 16 85 74 93 2 58 39 48
554
74 95 52 84 94 68 34 97 94 48 51 96 8 74 42 26 53 49 71 63 69 57 81 60 62 46 21 11 86 52 90 40 21 45 91 97 18 97 46 33 6 25 49 70 92 2 7 66 79 29 98 87 15 79 60 99 97 73 15 98 85 40 12 79 82 69 56 47 90 92 55 22 31 22 37 16 44 43 78 68 63 65 48 33 96 15 64 91 60 22 62 46 57 24 96 1 24 74 73 72 15 55 12 59 93 8 96 21 21 8 27 13 97 21 30 68 67 62 14 59 71 1 94 97 97 84 97 41 80 80 47 31 55 29 91 70 17 1 67 96 93 96 45 81 34 33 63 16 77 13 56 16 25 55 7 85 47 25 41 45 78 8 49 90 43 88 19 87 61 34 31 39 30 30 30 78 40 21 52 61 91 25 19 56 43 17 32 49 42 82 16 11 51 68 1 51 58 42 98 8 42 39 44 8 73 74 15 39 24 33 6 98 34 99 42 59 93 61 27 69 95 47 12 45 1 85 42 75 58 57 46 8 91 18 90 2 96 3 47 34 45 33 35 29 47 78 60 24 90 95 23 45 30 72 47 17 9 60 74 96 64 72 16 28 64 74 27 11 97 65 88 65 93 96 39 88 11 21 71 28 19 24 14 40 83 48 13 21 23 17 83 95 59 96 33 42 69 72 25 48 57 11 97 21 53 65 87 15 67 13 16 25 38 74 50 23 13 15 9 82 62 28 21 67 8 82 36 88 55 78 53 43 77 42 82 56 87 21 85 93 93 53 69 10 69 57 81 99 63 6 2 25 7 7 39 48 38 57 77 85 20 24 12 69 67 16 62 64 56 84 100 96 7 70 32 66 38 3 12 14 14 3 58 81 20 19 66 14 54 74 51 48 6 76 63 40 94 66 45 35 18 24 90 27 61 81 19 68 19 65 70 36 72 11 24 59 95 59 80 94 49 99 26 56 97 72 63 2 68 26 99 38 10 4 70 90 26 59 92 18 19 48 74 85 31 95 78 21 91 80 61 1 38 79 27 92 32 99 90 95 67 63 3 65 43 84 41 42 69 77 69 61 59 64 21 76 99 53 2 93 30 23 25 48 89 37 31 45 48 41 61 75 71 68 88 1 24 29 94 37 26 27 88 24 89 100 2 32 51 41 20 81 61 58 73 4 58 45 75 83 47 10 53 94 78 94 42 55 48 48 40 80 99 60 65 84 59 65 72 84 62 4 26 70 45 50 16 19 89 82 49 63 31 6
856
12 66 55 28 45 55 50 41 55 16 64 17 8 57 27 1 92 36 39 97 82 74 10 56 73 93 29 45 89 94 27 94 49 77 92 49 22 69 21 1 29 60 9 29 4 8 98 68 60 31 82 75 37 38 29 80 97 72 94 99 32 99 53 95 95 67 3 28 86 24 26 57 64 32 41 14 66 29 80 14 29 51 36 80 52 100 13 6 8 7 75 85 82 37 66 55 20 75 81 20 33 61 61 52 60 37 33 56 13 14 58 83 53 66 15 36 73 37 69 80 91 44 44 85 3 93 72 54 2 34 68 88 20 72 96 97 54 3 95 34 9 57 26 84 87 19 14 24 70 95 22 16 59 44 92 47 100 15 12 17 87 42 43 9 24 49 98 25 40 6 17 21 3 74 79 10 93 32 36 85 89 78 90 97 1 72 73 65 35 72 78 66 22 34 74 1 43 61 39 4 45 71 80 94 22 31 2 64 85 19 79 25 51 71 44 55 7 73 41 57 32 18 6 73 3 64 10 31 38 81 41 76 65 51 29 12 39 76 92 30 71 34 36 57 10 35 17 17 48 7 7 60 53 54 1 4 18 21 83 65 12 62 6 30 68 32 80 49 60 44 52 27 88 87 42 89 88 88 3 6 63 91 97 65 80 83 69 87 60 36 27 8 62 91 2 24 28 60 41 83 62 75 80 20 100 39 87 14 55 63 17 49 90 58 59 2 30 25 74 16 19 13 91 55 39 83 22 89 2 68 24 61 94 2 77 59 15 10 90 18 34 91 33 44 92 82 98 91 16 95 44 3 62 7 64 96 6 79 25 71 13 38 38 38 23 84 84 55 41 79 18 57 41 21 29 18 97 41 92 35 86 2 84 70 68 1 14 53 55 12 27 38 44 17 64 57 76 45 21 33 52 41 98 22 63 84 17 96 33 47 9 39 25 83 94 38 89 83 8 56 33 3 54 35 34 86 9 94 46 31 76 22 47 64 14 61 29 56 2 41 16 5 63 38 27 64 21 33 29 97 90 10 94 35 34 17 35 4 97 8 73 22 76 26 75 18 59 34 82 79 91 68 89 46 100 74 2 37 50 89 31 82 82 49 85 83 65 46 48 24 57 10 77 65 84 75 18 96 42 5 52 86 26 66 99 19 40 11 42 72 22 24 77 95 87 25 80 90 51 61 9 57 78 91 43 79 62 29 74 24 13 5 31 84 72 43 97 36 1 95 71 74 58 87 76 36 14 41 30 56 42 24 14 6 96 27 27 69 20 31 25 59 13 32 99 7 70 3 63 50 58 70 61 26 75 88 78 77 95 46 29 96 71 85 76 76 15 15 65 90 59 98 14 58 18 73 35 95 20 45 32 15 93 22 48 89 23 9 80 86 54 35 96 9 10 83 25 64 71 25 42 75 58 78 89 92 12 26 53 44 13 22 41 71 75 79 58 31 68 7 60 36 15 8 60 73 87 95 44 16 65 49 3 6 17 44 43 88 2 39 61 33 49 63 36 9 50 85 30 35 62 32 89 14 62 69 4 14 53 9 99 91 93 85 13 78 29 43 14 21 37 65 55 64 49 83 89 42 42 5 100 60 5 53 63 60 78 8 54 49 95 75 84 63 22 4 53 21 96 97 63 23 26 76 79 28 40 97 75 29 37 17 72 85 56 17 99 62 68 92 69 6 24 97 89 32 49 70 64 35 7 45 51 5 47 4 69 13 63 51 15 63 63 65 2 31 33 63 92 26 86 88 82 61 87 1 40 47 27 31 48 84 11 98 98 29 49 39 68 82 88 40 9 89 53 41 46 62 76 75 53 61 43 79 78 64 90 34 3 47 95 23 57 76 53 71 54 61 34 35 95 71 64 67 92 98 87 14 54 83 10 5 86 14 8 83 60 90 98 23 83 28 72 31 23 100 10 10 93 93 79 34 69 85 57 45
223
44 68 74 92 69 9 13 99 46 21 84 87 60 14 76 88 91 100 4 30 94 16 94 45 16 65 70 32 33 78 85 26 70 60 73 47 81 9 30 7 44 81 61 7 4 93 17 65 89 69 60 9 18 16 33 45 56 93 35 77 57 65 40 53 44 41 80 30 75 32 95 93 15 95 76 57 28 39 56 91 52 95 8 9 81 25 69 37 7 19 22 25 75 55 28 13 59 69 86 60 86 67 40 12 76 34 78 36 40 93 47 61 87 34 18 58 10 35 91 95 75 67 61 36 86 68 26 5 89 87 17 62 81 58 47 10 31 35 78 77 41 81 95 8 25 93 14 100 97 3 44 59 41 65 87 86 12 5 74 48 4 66 83 65 91 78 19 88 42 47 85 33 79 63 70 7 21 39 26 40 39 44 100 46 18 72 43 79 78 84 48 92 54 45 88 53 57 11 33 11 57 16 78 11 86 97 15 7 37 13 88 100 77 31 11 38 62 68 38 95 30 71 86
273
46 28 82 23 66 82 77 65 83 66 72 50 96 67 72 57 91 74 95 67 47 14 54 27 21 3 39 17 64 27 18 48 17 60 97 67 32 13 96 88 63 77 17 9 63 37 80 80 65 84 66 68 91 15 89 35 69 96 85 41 66 55 48 12 8 41 12 96 75 71 88 37 35 95 77 16 16 12 21 61 99 26 8 78 39 39 64 46 68 43 64 87 38 8 60 100 11 93 66 29 61 42 5 54 36 40 17 63 11 58 60 6 72 42 7 30 12 56 28 85 73 43 99 100 18 69 14 8 44 6 92 27 99 6 8 22 48 81 41 19 17 55 14 83 69 16 48 40 5 71 92 16 97 41 30 91 59 42 55 69 41 40 85 69 88 29 96 63 71 17 25 79 29 27 62 10 49 43 28 28 45 7 16 43 56 27 12 27 85 33 86 89 94 96 38 31 73 22 65 21 25 100 96 96 65 52 13 52 72 77 98 21 1 89 59 37 51 56 1 42 68 75 54 46 21 2 41 31 84 79 48 52 8 17 99 97 80 82 4 12 87 71 30 50 91 36 46 30 22 40 76 11 85 88 47 80 98 5 67 86 79 17 27 92 100 94 17 9 30 84 5 84 50
436
70 44 7 88 38 69 51 97 48 96 75 6 7 92 90 53 92 55 46 16 14 24 44 1 41 40 46 38 83 13 99 98 75 94 6 99 93 21 90 49 36 11 21 63 56 52 35 90 68 47 66 68 88 13 82 46 37 57 23 40 71 54 42 86 66 72 39 53 98 72 81 71 24 12 70 96 65 80 84 14 73 61 51 25 31 77 97 63 41 32 4 60 95 95 36 100 95 32 9 42 84 84 7 83 63 12 35 49 39 36 62 4 46 87 8 92 40 6 27 59 58 78 30 76 24 97 66 11 65 75 90 14 23 80 26 38 12 87 46 100 8 56 78 37 36 41 100 29 18 53 56 31 20 58 69 27 61 59 97 27 42 54 59 29 74 63 61 19 51 60 55 81 57 24 65 88 25 14 58 29 65 54 96 11 39 35 68 29 71 74 45 100 45 62 85 47 10 76 34 93 23 61 41 5 97 76 26 21 84 86 75 68 2 76 98 88 45 35 18 34 86 23 88 53 100 93 62 12 82 24 13 74 40 83 9 96 76 30 59 50 86 27 42 91 72 56 12 76 22 3 54 100 43 61 51 32 5 3 43 57 44 23 7 82 100 44 63 67 8 98 46 38 63 38 85 56 35 23 89 77 41 58 26 16 95 65 54 85 98 40 98 67 20 32 5 13 89 17 97 9 55 65 88 61 65 93 65 70 9 8 74 19 61 37 38 23 68 22 82 28 51 97 31 2 26 32 31 44 71 12 59 51 70 72 82 65 9 63 6 54 1 84 67 54 42 70 21 8 60 36 45 23 72 38 81 83 46 82 59 34 23 42 72 67 48 11 14 64 76 5 55 22 95 15 38 56 4 70 4 21 71 16 5 38 47 84 36 4 87 97 58 20 2 29 16 13 98 9 47 56 18 87 27 78 11 47 65 70 16 57 49 82 30 24 41 79 43 42 1 3 59 20 21 94 92 23 38 44 59 55 29 69 76 77 31 99
338
34 41 97 24 41 23 57 37 48 17 18 28 38 46 15 56 12 90 60 74 39 7 60 65 93 69 18 55 51 8 92 13 40 28 55 84 24 19 10 44 14 95 16 66 32 53 23 73 17 82 47 97 70 8 68 42 4 75 65 1 56 92 70 56 70 62 32 54 23 49 83 16 44 52 18 32 59 44 45 59 92 85 37 97 52 62 17 71 95 44 99 95 4 15 96 20 29 19 29 50 29 20 7 25 42 75 76 8 22 64 62 46 15 66 44 8 83 66 7 34 21 99 47 63 79 50 22 65 84 72 52 84 34 13 6 98 94 49 3 25 72 32 99 57 93 46 29 47 69 86 90 11 10 73 67 33 74 43 39 1 95 28 56 49 79 49 81 58 39 50 18 62 66 10 56 69 71 52 19 34 59 57 21 56 88 20 21 45 56 50 45 16 67 50 44 59 54 66 66 13 25 100 26 34 60 32 94 70 47 91 14 19 23 24 38 25 31 78 70 52 87 37 81 27 84 99 73 18 82 8 78 23 30 85 90 31 62 38 17 1 12 98 4 80 99 94 85 47 49 4 85 6 75 52 51 2 28 7 100 74 72 30 68 75 30 10 14 90 2 52 78 28 1 6 65 98 91 82 94 5 75 72 24 18 53 56 16 52 93 15 2 42 53 87 39 24 30 60 51 87 32 16 24 19 11 12 53 47 77 15 58 78 4 79 58 57 23 38 12 50 97 26 14 86 23 47 15 61 32 66 14 85 46 65 50 71 67 10
173
83 51 27 25 57 16 56 87 100 97 25 94 12 22 75 9 9 27 50 87 26 62 48 70 62 28 27 97 11 92 60 70 20 55 45 74 34 16 92 30 17 52 66 58 22 36 32 57 89 59 50 59 39 44 80 54 27 95 80 89 43 95 83 61 100 53 6 98 99 87 83 77 98 8 30 9 52 31 58 84 92 39 100 60 45 3 24 70 26 6 82 4 61 19 26 32 55 12 42 21 58 4 17 48 93 76 62 43 64 8 30 17 62 85 80 30 97 73 2 88 91 44 50 87 43 62 64 39 66 68 100 40 36 32 2 79 20 73 31 80 59 66 89 82 95 55 76 74 26 98 10 93 28 73 15 70 40 69 18 15 16 38 22 22 11 1 51 81 5 18 80 99 76
715
73 34 52 44 58 57 98 61 5 13 53 44 20 82 36 57 28 71 100 41 52 86 17 23 94 31 93 29 81 47 68 48 43 72 91 79 60 30 65 48 20 73 37 52 71 89 53 52 54 25 70 39 12 46 92 22 22 38 50 49 94 28 3 82 37 48 3 5 33 99 41 1 36 100 75 56 51 83 94 40 61 22 44 8 71 84 75 98 88 22 74 22 23 67 13 69 7 98 40 32 6 97 93 54 70 63 1 32 25 79 27 90 54 79 56 55 33 3 61 32 82 20 48 47 58 4 84 7 29 36 43 5 57 57 10 8 39 27 22 19 43 22 66 31 1 55 3 30 27 1 3 19 78 100 57 76 74 33 4 87 98 51 63 28 99 15 14 76 5 68 24 71 95 69 18 49 9 95 39 49 61 8 15 70 30 23 41 36 60 25 42 58 44 15 51 1 67 14 42 3 61 77 64 100 29 14 16 47 3 13 98 68 68 36 90 79 8 60 32 27 20 76 75 42 25 33 53 72 70 91 72 23 63 48 27 56 4 65 42 87 6 16 51 50 24 79 18 47 96 71 97 73 14 5 97 91 93 47 78 84 40 63 13 98 33 9 75 92 91 82 1 65 84 61 31 90 93 12 39 62 22 35 86 94 52 47 16 2 70 24 24 77 22 20 42 13 71 99 72 74 16 91 4 74 29 53 36 49 20 92 69 97 28 3 65 66 88 5 1 30 55 65 40 88 83 19 86 34 25 14 89 61 49 3 17 41 62 84 46 28 19 43 52 13 59 17 88 58 93 93 40 76 65 98 35 93 46 85 4 23 99 3 16 93 43 88 33 61 80 45 70 15 66 69 20 96 15 79 36 23 29 54 53 50 100 12 22 2 37 14 91 76 37 11 80 18 28 27 75 18 96 91 23 44 7 96 52 77 98 18 52 66 44 7 14 84 98 52 43 26 96 70 6 70 43 27 26 17 98 68 62 17 61 100 38 50 60 61 55 22 98 41 10 60 67 7 54 67 13 2 51 73 48 6 20 39 19 39 53 41 73 7 42 18 93 79 4 9 95 63 60 22 11 35 77 81 65 19 24 9 58 96 44 61 71 86 37 35 91 42 44 64 32 15 60 78 89 58 27 4 32 94 24 46 85 18 50 11 59 58 10 31 53 45 44 34 52 100 15 22 60 2 36 76 42 59 19 55 34 26 2 20 57 58 70 100 92 27 55 50 83 22 7 15 72 96 3 19 61 39 28 55 10 38 46 31 20 84 20 98 87 71 33 2 70 33 5 42 39 33 58 25 67 49 32 5 84 96 63 63 47 29 25 25 23 51 97 35 45 26 2 88 89 88 40 1 73 94 86 63 66 95 79 34 40 58 58 92 40 84 2 53 73 60 100 7 88 79 25 27 21 46 5 37 37 82 2 25 11 32 66 64 24 4 96 94 40 92 50 55 94 96 10 17 75 20 14 28 60 64 16 71 94 74 42 21 8 95 35 92 42 79 23 74 41 7 60 54 70 9 74 96 33 93 86 14 21 51 47 95 92 73 57 81 72 41 44 39 85 85 85 66 63 3 49 12 63 97 90 23 70 40 16 6 38 62 13 89 54 87 40 95 82 54 27
188
86 21 11 64 56 75 89 65 60 3 85 34 69 7 51 2 70 74 17 47 62 48 21 99 58 51 84 49 5 57 65 56 16 62 42 48 84 18 7 61 7 89 23 32 20 41 56 2 56 39 23 33 64 26 68 25 14 69 74 44 14 24 79 18 56 48 5 51 90 64 85 61 29 26 11 8 45 65 9 82 11 25 25 31 40 47 14 19 47 81 83 77 52 84 32 6 72 78 51 42 11 64 22 31 33 2 89 65 13 88 90 65 64 45 25 78 15 64 14 9 48 50 92 82 93 87 41 11 38 30 5 31 30 21 19 55 14 69 73 6 55 74 60 78 37 61 48 45 39 8 47 80 39 96 16 20 66 100 40 50 66 65 88 90 21 9 79 77 39 45 42 98 46 46 39 43 76 53 19 25 44 68 8 11 39 85 81 35
894
90 19 54 53 30 46 9 82 45 4 40 8 51 21 76 33 32 8 54 40 23 47 68 44 92 87 20 24 70 37 49 41 44 59 99 100 29 66 41 47 92 35 35 5 35 27 35 85 47 64 41 36 18 33 30 12 60 67 89 92 99 62 29 94 92 51 11 2 78 29 51 69 8 85 77 26 60 69 18 5 50 73 95 51 77 38 71 64 24 41 59 5 66 32 16 70 41 46 51 49 1 76 36 27 26 78 62 50 96 43 17 14 94 28 59 51 62 18 71 4 41 25 10 16 5 65 76 39 15 69 19 72 48 65 76 69 61 42 84 94 52 16 90 53 6 99 9 98 78 90 53 17 87 25 70 56 62 91 22 42 98 38 57 38 9 6 38 10 59 52 32 5 28 35 88 82 42 3 58 95 99 63 18 31 17 38 95 8 81 86 19 56 44 65 39 66 77 63 36 34 67 66 6 83 12 48 1 90 27 4 86 84 68 75 80 91 37 15 67 30 66 59 32 7 30 5 72 15 3 70 85 59 65 75 38 51 35 72 72 70 24 51 99 87 11 15 55 51 89 12 69 81 2 16 25 44 86 76 60 51 5 91 73 26 92 11 3 24 95 77 61 99 87 35 79 74 96 10 18 43 70 56 20 18 58 81 76 90 34 7 67 37 67 56 33 96 11 78 25 19 29 45 82 43 58 89 30 77 28 96 13 65 23 65 76 80 22 14 87 66 96 40 12 59 21 76 3 87 21 75 82 58 44 23 27 88 83 81 76 91 63 98 87 6 9 6 39 43 50 78 55 20 41 26 46 70 86 94 28 77 85 36 84 39 6 27 85 93 78 99 82 36 38 76 94 91 30 4 19 14 43 100 16 58 26 31 46 66 5 70 82 8 24 33 56 65 16 75 43 48 67 33 77 61 89 25 64 24 52 96 46 66 46 92 12 47 56 56 35 8 81 31 55 7 6 16 56 45 46 17 95 56 4 99 77 66 87 85 32 26 9 34 100 56 92 100 29 7 89 29 46 45 3 39 82 86 98 11 10 53 30 26 90 21 54 47 34 79 83 18 83 53 74 40 15 27 45 25 85 67 38 94 39 81 12 57 41 81 50 61 61 40 36 5 6 55 47 53 82 73 31 79 31 95 86 43 21 54 78 65 44 92 34 90 89 62 78 89 42 17 86 76 66 58 42 57 20 81 86 61 58 81 43 93 62 12 38 24 50 51 89 37 25 23 72 86 93 67 82 22 21 31 71 19 86 95 59 6 38 98 57 92 32 23 7 74 69 41 96 94 95 87 79 42 15 94 16 80 96 15 2 30 91 73 21 97 85 70 3 97 24 23 20 32 42 20 98 13 100 25 75 97 27 80 22 96 83 30 32 94 36 78 65 54 19 53 96 99 15 84 50 100 96 5 1 18 9 6 67 23 24 87 45 4 15 86 6 67 97 14 78 15 64 58 73 59 41 77 13 56 62 64 56 31 23 35 63 98 47 79 36 43 93 58 40 20 1 28 70 39 81 63 67 65 33 96 93 34 44 29 13 83 40 50 59 5 17 82 24 14 98 54 86 79 74 33 24 44 91 23 9 76 39 89 87 45 29 27 44 69 53 84 85 82 25 54 43 29 29 42 94 10 6 2 4 16 45 28 44 31 84 31 12 13 69 66 91 24 47 11 23 21 38 45 74 27 70 80 16 63 73 77 39 36 48 24 54 29 75 48 84 71 61 32 52 84 90 69 7 7 100 5 15 38 100 89 33 11 27 51 76 39 66 66 35 86 49 18 6 55 46 47 100 36 32 71 54 9 63 80 54 22 95 30 49 51 1 42 59 77 61 50 19 37 63 75 69 91 60 70 70 89 96 91 38 80 53 61 89 66 90 27 54 40 4 13 91 73 54 58 97 65 60 99 41 34 45 31 10 5 35 64 34 48 5 87 65 20 68 9 58 48 12 61 42 52 48 57 91 55 99 90 90 85 89 42 8 54 5 89 58 40 7 76 83 86 51 84 14 20 46 88 55 89
123
62 66 13 81 38 48 40 50 65 98 41 24 57 18 2 46 8 32 86 99 35 86 74 81 98 95 40 50 84 69 18 27 19 77 9 52 83 17 6 29 52 43 1 57 34 67 14 55 77 96 99 18 13 69 56 17 79 6 7 77 47 27 80 73 21 77 87 72 94 21 53 31 53 44 12 69 79 16 69 28 75 56 21 100 81 51 88 83 57 60 13 94 8 64 60 69 91 21 95 8 79 22 65 29 23 27 74 36 75 99 78 37 47 11 79 78 95 49 31 5 58 8 96
571
5 97 16 25 70 32 11 23 45 34 97 25 44 54 1 61 24 85 61 70 70 2 25 84 44 96 76 2 54 79 44 8 13 78 2 44 54 72 16 35 20 84 57 80 66 25 55 29 92 18 39 74 62 57 94 80 58 69 98 72 37 66 96 95 95 63 65 74 38 96 68 89 75 37 70 84 97 10 71 21 80 50 11 81 3 86 74 57 18 40 76 27 76 37 61 15 88 68 100 45 95 66 11 37 52 53 51 42 97 65 22 10 63 93 57 19 44 42 27 64 89 61 64 86 24 77 57 41 45 68 81 71 91 22 96 19 68 97 92 5 96 25 9 93 35 6 35 31 22 31 73 27 14 45 66 91 50 59 64 99 65 100 93 19 82 66 33 51 86 65 76 67 20 40 51 49 63 11 76 100 59 35 56 36 76 46 8 94 3 64 86 80 23 80 76 39 8 67 28 52 47 35 57 52 51 82 8 25 51 18 74 84 55 68 14 78 60 42 64 10 13 39 7 43 32 69 7 74 14 60 69 87 97 25 53 12 16 60 56 55 51 64 58 42 70 27 31 88 80 73 56 67 66 62 72 16 35 63 100 36 10 53 24 90 66 62 92 12 99 4 90 33 12 82 72 44 67 35 88 51 56 65 14 83 8 11 13 39 94 16 4 42 21 46 40 73 90 40 100 80 39 83 51 95 26 67 69 48 18 51 35 24 40 64 60 71 70 32 44 25 50 54 1 35 7 97 87 83 5 9 95 38 32 100 73 98 88 78 34 40 74 54 91 24 75 85 22 48 86 50 8 90 48 87 81 53 13 54 17 5 86 94 25 55 57 55 72 30 56 28 39 80 13 15 30 42 92 51 12 13 93 51 68 13 28 67 20 45 3 59 73 49 86 53 69 9 55 28 90 96 92 41 46 20 85 24 38 2 15 16 10 26 96 9 84 34 68 83 21 70 52 73 13 86 66 77 78 54 100 71 18 26 62 30 60 45 55 53 42 37 92 81 93 52 5 61 40 24 90 51 27 65 99 31 52 21 50 19 68 91 8 11 40 25 70 68 45 90 57 59 25 94 74 49 56 33 19 60 54 66 20 52 44 25 15 15 39 97 64 5 85 35 26 84 30 47 75 3 70 46 6 85 96 82 26 16 1 11 95 46 6 99 66 38 49 13 75 87 22 67 44 52 27 80 18 12 70 11 44 6 68 9 14 93 15 25 23 65 43 23 48 87 93 69 20 64 64 4 12 98 44 4 94 54 35 22 57 46 31 76 100 61 40 29 23 89 89 59 2 41 99
816
45 82 22 3 10 81 46 79 80 36 35 28 5 2 26 62 11 31 30 10 62 89 61 98 12 47 30 26 25 12 9 57 36 85 13 98 87 7 71 78 21 23 3 68 64 38 80 52 62 6 53 78 17 48 65 73 88 78 88 71 82 96 98 24 5 54 81 18 98 8 86 81 47 98 7 72 20 98 53 67 41 89 52 69 28 1 4 39 13 55 62 11 69 82 79 27 41 6 22 35 49 81 27 63 96 63 28 91 33 15 15 88 24 50 6 60 66 84 14 87 64 21 39 43 1 97 58 75 80 67 98 65 46 99 58 73 49 22 92 22 85 30 96 57 67 31 67 79 13 15 98 63 10 49 100 23 96 78 19 20 62 23 94 75 84 60 47 97 20 77 40 29 97 100 23 21 36 46 63 7 67 60 95 18 67 23 73 93 67 75 68 27 87 60 71 51 91 88 77 77 14 60 28 24 49 84 74 85 91 25 16 50 79 45 53 10 77 34 64 19 67 4 84 30 87 12 95 28 83 49 3 94 99 22 39 39 80 33 37 51 94 2 46 11 19 88 21 68 18 9 55 69 55 75 47 11 72 53 13 75 44 84 92 98 28 86 26 1 82 76 46 40 1 1 54 17 20 77 15 88 42 38 50 77 47 45 50 55 40 19 60 74 50 68 5 76 70 42 89 43 70 65 76 82 23 42 43 10 13 29 67 35 65 68 16 47 31 4 92 72 69 22 84 12 100 100 83 62 40 30 35 47 75 77 74 69 9 45 87 72 88 13 21 92 83 75 81 41 63 83 18 86 16 37 41 73 50 43 7 23 1 73 86 77 38 52 28 100 41 94 63 31 95 21 91 38 31 34 76 28 89 56 19 42 98 20 100 74 82 45 98 31 92 26 14 66 2 26 42 58 8 51 78 65 86 68 48 27 21 19 37 63 23 39 56 54 95 91 75 79 39 19 6 42 54 73 70 13 91 6 65 59 9 95 85 43 22 37 100 71 58 21 47 66 20 15 32 51 19 67 8 67 31 86 29 55 59 15 6 74 55 19 50 83 50 68 83 36 73 19 41 39 35 98 24 96 29 24 82 40 74 72 97 73 77 24 85 7 7 99 43 46 95 91 19 12 55 32 30 77 7 81 64 45 60 36 93 21 1 10 50 20 46 4 54 79 15 19 31 23 27 61 79 57 55 82 49 77 14 42 92 27 40 15 44 7 9 52 65 96 73 3 93 77 78 88 59 20 6 33 96 1 78 95 23 85 99 54 91 59 34 23 5 88 73 11 18 49 10 35 39 89 64 32 64 57 71 21 96 71 64 17 85 41 64 81 86 1 41 46 8 95 37 34 72 58 7 56 57 10 28 24 13 67 50 66 87 68 32 11 45 33 5 86 90 17 81 91 95 99 56 51 26 46 41 5 3 2 25 93 57 54 5 10 37 99 13 38 76 15 35 55 39 65 84 29 68 55 34 50 27 84 51 84 41 33 56 85 16 74 49 95 78 21 84 11 81 18 94 92 73 98 36 67 43 36 88 100 38 11 16 95 97 57 94 32 81 22 90 86 99 22 45 49 91 10 64 72 54 83 77 7 73 61 24 67 35 11 39 7 31 23 39 75 42 43 98 10 90 87 72 97 77 28 78 41 35 93 4 21 8 81 25 24 71 95 10 71 74 84 90 72 80 6 61 87 94 79 43 54 27 21 93 50 91 3 18 52 86 64 96 71 42 58 58 6 66 38 91 90 69 58 22 79 24 49 41 72 17 15 30 78 71 34 63 38 69 57 17 45 6 59 45 100 60 30 10 80 52 20 9 19 16 6 12 86 21 13 20 90 50 36 56 78 71 74
71
95 78 3 22 93 8 70 92 81 28 90 96 18 87 85 90 49 15 90 84 100 2 99 89 91 43 33 52 37 10 82 21 21 16 62 52 14 46 60 87 63 73 61 92 100 16 74 13 67 47 53 7 62 74 5 15 74 22 53 84 66 26 49 3 43 97 15 68 40 53 81
302
86 72 54 35 43 6 15 71 19 94 71 60 56 99 24 84 76 96 16 90 64 95 46 32 100 95 51 63 82 40 68 8 53 83 78 19 91 80 84 81 66 68 85 100 75 32 73 45 61 90 25 60 94 83 7 57 85 98 97 53 46 42 71 94 56 89 64 59 96 21 58 91 10 28 79 15 38 49 73 45 58 56 94 1 72 80 27 60 75 96 32 58 44 42 59 79 43 51 50 58 68 34 87 39 92 82 73 17 85 48 79 85 61 1 18 94 72 53 8 90 32 87 66 66 62 69 35 5 80 46 61 59 88 58 15 81 9 12 13 93 30 94 80 41 50 26 54 64 10 81 43 5 73 26 91 14 41 49 55 43 66 79 7 8 72 50 1 98 79 93 42 26 44 15 21 90 37 67 98 100 61 10 51 55 16 58 61 50 29 89 2 97 80 16 90 66 39 50 56 100 88 99 16 88 93 78 97 54 23 66 80 39 79 41 50 77 3 77 17 24 88 77 90 59 93 76 4 87 61 34 67 97 95 98 93 14 24 36 60 21 56 56 38 19 79 26 44 95 96 31 80 44 94 71 34 11 16 67 4 11 23 57 9 29 97 57 16 86 52 15 97 44 81 51 96 19 94 20 57 22 40 48 4 39 36 36 53 14 87 76 43 56 58 55 69 90 36 89 91 13 92 15
607
80 25 40 89 52 79 8 62 4 12 10 85 31 17 36 76 65 19 52 7 24 93 81 41 79 14 90 90 84 53 14 13 3 6 21 41 54 23 10 77 36 18 27 29 95 2 64 80 42 10 64 19 48 28 66 74 39 98 58 19 10 6 46 23 14 4 90 35 22 51 50 14 5 84 53 6 18 89 14 18 24 68 68 68 25 60 75 71 37 21 89 10 99 15 88 3 12 78 87 62 2 4 54 90 63 1 99 87 9 88 72 49 72 22 54 89 55 70 60 51 28 34 27 30 95 97 97 70 65 76 69 16 60 64 31 85 31 32 51 14 28 50 72 73 76 34 16 77 34 36 52 4 81 23 85 19 13 30 81 64 24 94 33 2 29 28 4 32 40 33 71 95 92 60 45 17 26 9 57 10 59 87 47 18 26 28 72 59 55 46 40 13 82 79 44 37 99 56 95 48 81 7 20 83 89 92 23 38 25 70 24 42 82 43 72 75 42 10 62 4 69 75 57 33 80 48 67 88 23 75 42 27 22 30 80 99 3 15 38 26 18 35 34 39 67 72 26 96 78 83 30 67 32 93 88 37 44 19 21 39 55 17 47 4 50 82 23 98 69 21 91 2 54 52 50 67 2 30 84 7 26 80 2 79 19 18 91 20 47 91 19 27 97 10 9 60 4 84 8 100 20 22 68 25 18 28 33 59 56 88 32 42 66 91 41 85 73 32 40 38 73 44 72 29 72 91 3 36 98 77 67 49 82 38 84 41 73 48 23 17 51 68 45 16 92 50 11 3 65 94 15 93 68 33 28 63 71 79 51 70 62 70 73 70 40 100 33 29 67 81 83 2 63 82 39 89 16 35 34 15 6 38 43 31 68 29 60 71 55 7 5 74 19 87 93 16 61 41 26 48 76 48 37 86 18 9 56 93 7 27 40 57 84 97 68 57 20 43 12 16 22 58 91 43 5 18 4 49 63 70 98 87 32 89 58 67 74 41 12 44 1 58 24 100 47 42 80 54 5 59 72 90 41 49 78 92 61 28 75 98 49 63 79 23 40 33 86 71 53 49 22 74 64 39 86 13 72 59 63 31 85 7 49 26 4 49 7 8 35 72 14 8 30 81 87 60 59 20 43 89 96 47 50 78 82 13 70 83 1 57 45 40 81 35 24 55 26 40 59 88 23 38 100 41 93 68 47 25 53 36 20 42 51 44 38 3 83 8 49 4 80 13 60 19 13 78 73 39 43 74 41 18 41 79 76 31 48 39 28 94 85 1 38 19 31 78 3 85 94 55 38 38 64 68 78 46 88 92 100 13 47 12 84 31 61 70 71 16 7 78 87 89 1 89 4 89 30 8 73 51 99 66 23 82 12 29 29
216
84 46 92 78 57 38 55 10 87 52 11 76 10 92 85 23 66 79 17 92 50 50 26 23 27 15 19 82 67 58 96 87 69 49 36 38 60 38 76 27 20 46 9 80 27 52 74 14 98 86 48 25 28 51 54 49 58 67 53 26 74 84 72 32 76 12 65 76 23 57 62 16 82 69 31 8 29 2 38 10 14 44 71 32 90 54 55 29 79 68 11 82 72 56 45 31 25 41 82 78 87 17 79 81 19 1 63 31 27 61 92 95 45 64 63 26 65 5 96 29 32 40 96 23 64 55 59 93 82 96 72 19 81 23 69 11 49 41 44 47 24 9 56 71 9 90 56 46 61 48 87 51 14 48 63 52 55 29 77 89 3 87 39 79 86 86 80 100 93 31 50 24 58 31 46 89 5 61 46 53 6 51 32 78 68 23 4 67 26 25 9 74 1 97 76 54 4 20 19 11 39 14 93 66 4 25 20 91 37 53 55 44 24 63 49 82
929
32 41 93 100 47 75 35 55 69 86 30 10 87 23 29 81 89 99 33 26 78 91 11 63 85 51 9 57 62 27 86 95 36 17 69 12 61 86 9 29 61 39 86 84 30 21 57 86 15 20 62 17 96 90 20 35 74 7 13 88 91 58 34 7 93 18 97 78 1 31 99 79 89 89 1 74 3 57 30 83 19 51 26 21 8 15 21 69 9 32 55 11 91 86 15 83 67 37 77 77 95 13 4 69 2 75 32 80 49 35 25 35 30 29 37 9 2 68 93 20 2 18 48 77 90 84 42 75 96 31 18 100 34 87 51 38 81 81 23 96 24 73 58 60 72 100 77 89 97 22 70 68 6 44 29 10 38 84 57 40 55 73 83 38 13 21 90 17 65 90 24 66 37 32 22 53 67 39 86 85 40 79 100 46 64 35 78 48 34 74 81 21 49 57 27 60 71 36 44 99 79 59 45 65 59 71 20 12 74 90 19 3 98 38 19 9 5 99 10 6 34 5 12 78 77 3 19 41 53 46 76 86 40 89 45 51 11 18 50 77 77 94 8 13 100 97 85 11 23 85 43 20 51 75 15 82 27 99 17 56 35 25 88 73 29 49 45 22 15 60 62 48 23 25 33 62 70 77 18 47 84 19 58 28 94 55 44 10 7 27 43 15 92 2 73 88 67 42 47 99 56 52 72 22 1 53 67 1 14 71 9 8 60 56 48 85 83 16 26 89 77 21 6 65 85 93 73 32 25 48 66 93 85 55 42 87 66 66 54 54 23 5 15 52 17 52 59 13 64 36 87 38 33 64 90 3 38 87 84 73 42 62 36 32 54 13 25 97 11 66 20 1 28 67 23 22 71 44 36 90 6 18 39 23 39 56 99 78 26 12 76 71 96 38 58 34 99 48 98 100 80 17 27 81 8 5 58 45 59 14 83 65 12 68 26 28 98 34 96 94 29 6 53 82 10 34 72 78 31 3 6 4 10 64 13 89 55 35 2 18 4 43 82 69 81 64 94 94 20 60 74 70 44 7 45 80 79 76 84 4 74 27 6 53 73 74 88 82 8 81 18 12 68 49 39 51 51 81 12 16 56 51 80 25 73 16 77 31 6 21 78 92 56 30 8 4 44 91 36 6 87 48 89 40 9 12 75 55 39 82 48 75 54 74 33 78 54 23 53 16 52 66 74 17 12 91 16 93 18 58 80 96 90 94 18 38 73 19 83 76 49 45 71 39 76 45 33 46 16 6 41 55 15 54 68 38 93 32 2 12 62 77 18 14 17 59 65 90 96 12 23 100 24 69 4 68 11 4 25 84 22 7 76 25 71 87 42 73 48 18 28 35 66 45 3 52 8 49 15 27 2 75 19 14 64 42 44 40 73 80 47 44 12 45 44 80 38 73 93 2 6 21 29 38 10 88 31 26 49 49 44 77 86 89 69 80 56 66 99 38 10 5 4 98 66 13 79 15 22 49 17 72 43 6 26 27 35 21 5 91 28 22 97 43 49 83 33 9 56 25 85 27 81 1 77 41 85 32 37 100 84 56 63 97 35 21 71 83 80 61 62 18 62 27 53 65 13 81 48 81 29 78 40 78 61 87 3 72 61 6 25 24 59 55 54 2 40 20 17 52 93 40 84 33 62 18 56 19 64 55 51 64 56 64 7 50 71 19 81 39 29 81 78 63 23 54 68 57 88 65 53 11 49 2 58 18 79 39 12 65 43 60 65 8 44 81 13 29 89 53 18 1 25 61 94 82 5 11 72 81 50 51 23 8 85 36 78 58 57 98 88 48 83 83 4 8 46 21 82 11 71 95 49 95 95 1 32 65 76 100 14 41 53 33 88 90 78 47 98 51 82 33 70 17 21 71 94 63 19 40 41 29 92 46 41 5 57 27 21 48 29 81 1 3 44 3 3 50 59 18 73 5 22 4 65 48 85 94 43 26 49 91 7 83 2 77 2 92 19 45 82 16 6 73 94 66 70 22 49 8 68 52 84 53 83 16 64 56 25 54 67 79 35 10 81 32 21 84 5 16 65 59 96 5 67 25 60 79 52 45 99 91 50 10 57 37 53 76 89 8 9 1 82 62 100 65 7 80 26
238
43 23 62 43 8 74 9 86 6 53 60 28 74 2 40 35 3 70 80 29 38 64 66 39 34 75 62 16 56 62 88 82 12 94 84 69 87 3 38 68 98 8 68 43 79 48 19 35 4 10 46 28 85 39 98 47 37 64 93 62 81 56 10 17 98 58 50 56 83 98 48 31 77 52 65 67 61 15 93 11 52 36 69 38 62 6 6 79 30 1 83 52 13 26 30 59 37 61 92 76 22 44 43 64 79 33 80 79 57 8 44 39 60 47 31 24 52 86 59 2 65 28 65 22 49 3 67 4 60 44 1 37 83 44 22 83 8 49 38 86 65 32 48 62 86 23 84 59 4 58 84 2 57 44 15 20 20 73 20 66 9 44 44 40 6 59 92 69 59 47 48 56 87 62 84 52 49 46 79 1 36 43 71 5 98 37 10 74 74 37 92 30 47 68 1 24 77 29 21 84 31 82 30 37 64 21 8 79 93 14 21 46 21 73 64 2 93 1 97 5 35 60 68 78 27 69 99 69 19 53 62 89 77 99 87 64 51 13
296
64 72 18 99 28 86 91 98 81 52 32 24 34 98 60 12 45 1 16 22 83 63 90 71 40 62 28 7 22 36 27 8 9 88 94 41 52 39 11 3 85 2 64 71 35 4 91 81 84 76 59 62 47 78 13 76 4 63 34 45 33 80 31 45 37 54 70 53 59 72 80 86 77 55 50 2 23 82 40 9 62 53 55 99 23 77 100 5 3 2 71 49 46 14 36 16 100 38 24 98 29 21 99 49 80 13 32 63 29 21 96 100 18 93 11 26 25 43 59 32 28 28 39 85 45 45 11 35 73 2 79 74 24 52 93 40 1 39 6 35 11 100 20 73 56 87 53 39 30 29 98 84 1 62 3 100 51 41 80 21 35 23 29 38 25 89 93 27 50 33 9 85 99 51 25 26 18 2 89 31 13 66 37 25 97 34 14 38 32 2 35 51 49 51 49 42 1 65 29 77 50 54 27 18 67 83 86 80 43 27 46 20 60 80 78 46 80 92 8 72 13 26 12 86 37 13 54 70 7 11 31 45 62 9 52 96 26 35 30 76 71 98 7 68 99 50 70 71 99 42 12 19 38 7 73 49 1 90 10 48 82 39 75 40 63 41 76 85 7 3 62 93 94 79 56 5 13 54 37 61 28 46 14 27 7 81 9 32 41 33 97 89 78 18 37 73
244
28 13 40 98 30 82 24 81 6 34 69 40 28 1 70 19 12 79 34 82 43 99 43 11 25 16 35 38 100 12 55 37 22 79 61 12 63 23 42 82 67 96 74 38 71 40 93 11 86 24 94 45 27 62 79 94 59 11 78 38 5 27 33 2 92 66 42 38 17 87 88 75 78 14 7 25 63 14 93 70 49 64 3 79 21 74 14 37 34 24 51 22 76 42 80 8 28 73 79 55 96 71 51 38 26 4 49 79 7 96 4 65 57 57 6 51 26 43 79 51 37 95 67 31 27 14 50 87 66 56 71 94 27 80 40 49 15 81 97 38 20 86 57 61 32 45 25 81 37 20 48 62 4 3 84 60 27 55 69 11 41 7 81 78 57 88 6 16 71 41 96 6 11 8 81 92 25 27 56 56 65 62 97 75 58 90 99 33 5 31 72 18 1 56 63 89 79 46 16 24 75 91 60 62 3 35 80 63 12 3 58 84 3 91 44 37 83 10 22 75 59 91 53 93 52 45 95 21 93 16 19 83 6 81 80 29 19 68 73 31 25 12 19 80
787
10 53 17 37 91 26 1 27 48 100 31 12 97 19 54 53 9 67 93 18 99 68 82 100 62 79 11 21 74 53 96 95 56 58 63 20 34 15 9 28 84 10 64 52 63 41 57 91 34 47 95 75 59 64 66 14 11 68 81 31 61 17 49 2 26 46 71 50 21 22 76 94 90 45 13 97 96 68 44 7 3 51 47 99 73 49 54 95 82 94 88 22 67 28 54 23 92 49 11 55 97 27 84 81 71 57 67 14 68 20 100 5 54 81 16 8 43 42 37 79 94 65 74 100 87 12 57 57 88 15 88 42 10 21 43 10 76 40 30 61 46 85 83 86 59 27 57 47 36 10 54 75 64 25 83 95 66 36 5 5 59 28 93 90 39 60 21 80 58 1 86 51 24 65 39 52 82 62 85 3 90 27 6 13 72 93 92 59 83 45 86 12 82 42 22 55 10 80 39 94 35 89 39 92 82 33 96 66 7 74 49 56 33 61 14 41 12 14 77 57 52 30 31 75 34 5 4 74 30 25 18 91 51 29 97 2 84 78 70 50 65 100 98 31 47 16 47 69 76 80 15 66 97 53 100 32 87 70 21 39 96 53 50 96 71 91 23 93 34 40 31 31 69 94 90 7 29 58 91 20 14 37 95 68 54 14 28 74 50 7 37 69 79 78 16 54 98 56 30 82 69 77 18 62 42 46 65 99 43 50 38 14 28 71 65 48 40 2 94 77 45 19 60 13 65 84 15 25 41 40 30 58 86 50 53 39 6 65 19 43 13 60 69 83 7 30 2 14 21 95 32 70 9 33 37 67 22 63 83 58 63 83 94 29 50 33 9 23 35 89 25 62 3 73 20 97 50 34 9 81 3 38 97 3 15 99 98 51 99 44 76 45 69 83 84 13 43 20 70 22 36 80 6 22 60 22 1 27 82 65 29 86 11 62 31 37 50 79 75 3 41 79 13 70 31 14 39 20 2 92 42 100 35 47 10 53 58 49 87 28 86 78 50 94 20 75 84 72 8 84 20 9 35 32 15 47 13 14 55 87 53 60 24 26 6 89 60 61 83 57 97 100 67 12 40 44 4 82 33 80 80 61 3 93 39 69 15 91 38 78 23 92 40 91 69 71 11 18 74 26 11 47 15 28 36 91 39 41 14 70 40 91 34 41 48 50 48 94 5 49 19 58 29 37 50 17 57 18 51 12 47 15 59 76 29 76 96 8 5 63 31 83 2 11 71 49 79 10 95 19 47 76 50 5 38 60 74 80 23 93 42 48 75 82 68 34 99 93 37 100 35 94 9 67 97 100 84 12 45 8 87 26 25 80 22 80 22 78 25 96 81 16 24 72 66 11 19 34 53 66 25 44 59 49 28 27 76 81 87 87 44 14 72 32 17 78 20 95 80 68 53 88 13 61 82 22 75 4 84 72 99 33 59 47 68 63 20 45 15 48 76 43 23 28 24 32 67 2 18 6 75 100 100 84 36 52 60 93 94 37 33 45 64 72 48 26 78 90 88 24 58 55 44 98 11 97 27 22 10 100 39 35 36 75 57 54 18 24 11 9 16 73 22 51 33 86 35 62 24 35 12 54 75 11 35 25 27 41 1 21 25 89 77 59 76 53 30 71 52 55 37 13 60 85 97 38 19 35 1 40 30 55 31 66 56 55 7 65 80 81 67 46 28 54 74 87 92 3 69 6 63 86 43 47 100 21 15 9 47 37 21 91 24 60 60 89 8 85 32 7 91 7 86 60 64 21 14 98 76 97 94 95 8 99 76 100 37
71
8 63 59 66 100 30 6 44 24 30 79 42 37 38 55 49 97 71 30 38 64 58 35 44 72 6 19 93 1 61 97 23 40 68 63 54 27 45 8 77 8 1 14 33 6 7 11 54 84 65 11 40 54 37 1 50 49 90 90 26 65 67 58 64 16 10 21 42 29 45 52
654
4 81 11 69 93 14 94 47 76 47 3 64 29 23 34 88 57 71 60 92 44 17 81 3 17 84 73 92 2 5 55 34 69 2 12 61 25 14 73 38 93 76 97 100 18 21 12 51 53 32 100 71 32 96 70 2 74 92 4 61 15 96 11 70 39 100 23 15 18 51 9 79 31 22 57 70 9 42 12 55 16 25 72 37 81 34 77 74 38 50 63 31 83 88 95 89 11 33 69 11 30 33 100 27 17 100 16 88 24 95 93 82 6 85 71 9 77 9 39 54 16 52 76 37 53 36 77 56 63 36 10 55 89 96 24 31 42 43 77 23 12 25 91 48 10 4 97 69 87 62 6 4 28 8 56 72 51 34 45 61 36 90 25 100 7 98 47 29 36 2 56 57 31 90 63 60 68 44 26 97 53 19 9 57 63 7 47 82 78 61 31 77 36 34 43 67 30 88 58 23 65 7 44 66 86 52 23 55 61 59 82 4 57 10 53 51 50 71 66 9 97 27 7 69 2 49 77 25 63 73 79 44 50 7 80 77 12 37 56 78 34 40 14 100 85 67 19 15 8 5 33 51 2 44 24 89 75 92 71 17 50 23 98 80 35 10 33 11 56 38 98 73 9 96 43 66 51 17 37 86 39 87 35 17 98 98 87 78 87 18 85 42 82 20 49 20 11 62 25 81 76 96 70 52 68 27 21 53 56 17 29 99 61 85 24 95 30 95 62 15 70 37 35 15 52 75 20 26 79 17 16 30 64 94 4 94 15 76 84 18 91 33 35 51 86 24 54 71 79 99 6 90 34 36 34 77 91 42 81 80 59 77 9 72 55 19 25 62 61 1 58 49 49 30 8 71 52 80 73 60 41 61 94 93 54 7 3 70 27 70 13 83 91 80 98 88 7 70 22 9 43 86 98 4 2 69 13 11 23 20 24 51 32 15 9 29 4 63 38 62 3 49 43 81 28 89 69 55 21 77 42 76 82 9 98 32 54 91 27 23 7 7 100 66 81 20 82 66 88 94 46 60 65 69 42 59 15 13 65 76 41 18 31 89 56 17 97 91 13 61 67 3 48 7 49 81 10 93 53 82 80 23 47 95 8 61 30 26 72 95 92 90 43 39 51 78 5 100 43 55 96 11 59 48 70 76 64 93 24 54 24 16 68 41 31 84 74 44 72 55 46 74 26 53 16 66 18 33 14 20 32 92 27 65 10 27 44 80 87 74 64 27 94 15 53 38 98 73 85 99 65 75 87 99 51 75 81 56 24 47 84 22 87 81 4 41 32 72 41 46 85 27 92 76 22 6 40 29 61 86 38 86 67 56 84 62 63 79 29 9 63 90 52 14 61 70 100 3 27 5 21 47 66 90 27 98 91 12 17 3 57 72 35 71 89 53 56 65 96 31 55 39 76 79 90 53 14 20 52 41 74 22 86 88 97 49 84 56 26 10 69 82 76 20 72 87 2 73 46 62 29 63 6 68
107
52 44 57 14 73 83 88 40 49 70 88 96 17 19 16 60 80 58 11 60 59 58 40 90 52 33 87 10 52 15 32 32 23 21 99 73 32 46 83 33 53 44 40 72 44 17 84 15 16 7 100 23 61 85 58 8 3 34 3 55 3 69 92 15 27 49 48 22 97 14 12 85 10 40 82 33 13 28 35 17 47 87 50 87 23 58 55 64 8 69 21 61 20 69 52 84 15 60 29 76 18 80 58 4 40 94 74
218
100 9 7 29 12 99 6 60 81 82 60 30 62 42 81 13 3 16 4 46 84 38 99 31 43 81 75 54 43 88 64 64 94 11 57 52 51 3 59 95 11 53 37 7 23 32 42 90 7 47 13 89 99 2 99 51 72 92 62 88 68 4 65 70 45 83 17 79 84 7 32 97 92 33 55 71 18 48 38 67 70 2 4 94 26 89 88 59 19 10 8 18 68 19 13 19 11 70 38 14 57 10 14 78 12 46 97 14 28 89 8 4 30 69 49 24 64 32 18 37 10 36 68 59 16 48 9 47 18 14 79 14 66 5 16 6 81 64 72 75 92 99 80 14 67 40 15 16 99 78 87 79 51 16 45 9 8 42 19 95 49 11 95 9 90 15 82 41 45 29 2 68 66 6 91 63 82 78 2 41 65 44 83 100 51 5 79 44 95 18 47 48 59 100 40 87 25 72 18 57 66 90 79 51 44 41 71 27 27 56 66 54 1 46 43 64 5 31
744
88 92 45 86 25 2 10 22 5 42 15 83 50 66 73 10 20 36 98 84 82 44 70 32 96 80 24 94 12 51 49 92 60 82 7 93 37 96 55 76 7 23 38 44 44 11 30 56 75 51 46 73 74 87 62 49 19 92 76 78 51 63 87 86 12 71 39 72 28 84 25 32 52 11 14 2 25 43 61 57 65 62 59 79 74 44 85 68 100 62 76 23 37 91 97 96 33 82 5 21 2 44 85 15 32 55 54 49 32 50 87 77 24 93 54 21 65 14 7 53 21 91 15 89 26 54 53 98 8 49 33 92 62 26 6 58 13 6 38 69 75 96 78 2 31 66 22 90 82 57 81 83 41 12 90 69 98 93 98 54 82 4 15 62 46 71 64 28 62 81 92 77 20 26 21 88 19 93 14 8 10 82 72 52 5 96 19 25 20 92 92 91 36 77 29 51 88 90 68 84 51 87 83 96 88 65 81 5 8 65 27 10 27 26 14 73 43 26 91 1 89 30 87 18 69 64 17 87 83 64 34 83 65 53 68 64 23 27 79 90 99 88 40 26 13 58 36 89 4 31 66 65 55 54 67 9 86 21 41 61 37 22 68 26 60 17 8 52 50 55 22 81 83 31 53 65 3 33 50 85 50 60 97 23 33 83 89 17 25 81 76 59 35 99 60 39 3 47 72 38 97 91 17 58 77 53 10 55 8 64 17 83 86 47 2 74 3 32 98 72 17 63 84 40 31 34 59 5 6 52 96 10 42 39 40 4 1 3 55 55 71 27 48 69 98 76 21 24 84 48 77 59 78 70 38 100 14 29 87 37 16 75 22 40 6 66 68 42 49 60 49 81 45 39 5 40 5 68 51 4 94 74 71 71 23 72 84 80 7 24 81 26 24 75 95 59 78 12 15 34 61 85 23 16 86 82 72 32 52 38 77 73 90 18 6 59 69 67 58 50 18 79 29 88 73 24 57 53 28 5 80 51 91 25 56 10 22 65 69 20 28 38 64 99 23 36 17 44 76 96 13 41 48 70 80 33 9 40 16 54 57 58 21 49 4 75 75 30 94 90 34 48 81 51 22 31 87 30 38 93 64 55 80 78 61 18 93 78 71 7 58 83 62 16 58 2 92 52 13 48 41 56 22 27 92 23 41 79 48 89 31 92 53 88 31 51 13 20 20 43 5 92 83 49 30 66 1 8 68 6 65 23 86 65 56 11 36 88 97 21 95 67 36 81 8 34 57 29 55 48 100 50 93 90 15 79 19 23 92 54 80 40 1 75 9 45 25 21 94 82 68 40 99 25 90 44 87 55 83 34 86 96 100 85 23 21 43 29 10 84 58 16 66 64 67 50 10 38 80 91 25 49 20 55 87 39 14 16 77 95 13 65 75 98 29 88 39 47 84 67 96 30 81 58 71 5 44 34 59 8 38 22 34 13 98 33 12 48 86 36 15 18 25 92 10 18 86 50 55 53 88 20 3 5 36 95 53 13 87 89 47 100 76 29 42 15 9 80 39 10 64 76 96 17 62 55 26 44 81 11 92 95 77 74 67 59 24 99 94 66 54 25 43 77 100 47 62 90 96 72 86 73 56 65 6 82 43 73 76 83 59 83 80 69 69 31 7 35 34 2 14 39 42 33 49 77 91 11 1 24 21 76 47 9 5 15 23 26 70 41 23 22 26 16
904
63 17 100 17 85 76 53 40 30 25 97 25 44 85 49 99 92 69 82 36 58 21 62 93 22 3 92 86 97 16 6 29 7 79 54 90 27 5 87 14 97 38 12 98 61 46 55 77 96 69 72 17 68 10 61 95 13 80 47 37 92 18 75 6 10 68 9 32 21 85 69 40 96 67 53 74 3 85 9 2 19 37 58 61 73 52 19 100 51 34 55 37 39 19 76 77 31 14 12 79 5 22 75 60 78 89 54 60 100 30 75 10 81 50 34 47 16 81 63 65 52 12 85 14 35 48 55 2 1 93 35 14 82 52 30 18 62 4 29 31 89 18 54 32 64 92 71 11 42 1 43 96 53 56 46 85 3 37 81 63 22 79 5 41 42 48 47 18 24 48 71 13 68 55 24 53 72 62 72 19 32 2 27 15 15 70 61 14 86 12 49 68 76 70 77 24 3 45 40 79 1 12 96 7 10 6 12 33 23 65 48 25 89 14 68 87 32 85 75 16 43 15 18 92 68 23 89 74 69 29 55 24 94 50 5 54 73 82 70 43 65 93 90 2 100 88 12 58 6 8 48 62 60 76 49 70 89 29 28 58 21 89 84 57 3 61 9 89 87 48 32 40 7 63 96 21 34 56 85 85 20 12 54 49 56 24 49 21 84 16 4 44 70 62 4 22 54 81 63 76 14 47 46 67 58 56 79 11 91 94 15 87 36 33 45 27 61 22 76 90 26 50 92 18 23 27 65 84 50 71 57 84 59 42 78 80 20 56 69 26 26 79 61 28 76 54 6 77 58 16 66 30 46 90 60 24 8 41 63 29 81 11 93 4 68 5 24 59 3 37 25 10 76 66 66 98 16 92 83 20 13 33 49 29 73 5 3 50 34 42 65 62 19 75 74 47 70 40 58 64 13 53 2 75 81 34 90 68 66 62 59 1 75 21 10 6 20 47 31 80 49 82 25 62 69 9 87 6 97 1 2 12 7 64 48 31 91 87 29 98 25 69 61 95 49 18 3 74 76 67 94 84 97 14 57 92 50 18 57 59 62 59 45 44 74 99 71 98 23 5 100 61 25 70 30 35 4 94 10 60 18 59 77 96 77 11 18 46 72 11 23 29 75 35 64 59 53 14 52 97 29 2 16 14 20 33 66 25 65 36 14 23 71 83 12 76 60 95 75 63 24 13 29 61 63 1 24 39 59 93 3 59 14 88 82 85 46 73 93 54 11 38 42 83 38 72 34 99 44 83 22 48 23 31 32 45 74 26 28 41 88 12 86 17 51 68 42 93 27 30 87 95 96 49 56 91 85 39 59 33 80 18 45 68 11 62 24 64 2 59 94 57 76 90 73 84 12 38 83 26 62 30 93 99 19 59 77 29 47 100 51 50 36 59 70 20 69 1 47 14 43 30 82 29 32 21 91 25 51 11 59 20 14 49 28 56 87 46 55 23 67 46 60 100 31 68 37 59 53 3 27 36 1 21 92 33 76 27 11 56 66 40 86 59 17 25 84 74 11 10 52 85 35 31 6 70 81 59 24 98 78 9 86 34 98 90 26 80 58 3 8 16 14 28 54 98 18 36 28 51 93 73 70 37 71 92 38 53 69 10 20 13 44 53 92 44 21 38 17 74 73 54 48 1 97 48 81 93 58 41 80 89 50 47 44 71 19 18 96 84 6 58 90 59 80 51 30 98 75 66 55 58 68 12 17 54 43 11 39 62 86 94 22 7 77 54 52 53 23 82 61 99 57 32 81 53 38 31 20 86 63 69 34 27 94 87 89 71 56 31 44 82 88 20 96 5 87 66 51 54 63 16 74 28 83 1 32 91 23 24 81 73 62 24 24 63 18 61 24 16 8 52 87 90 24 13 57 80 58 67 89 39 5 72 82 20 59 26 50 77 57 43 39 19 37 32 64 65 42 71 77 76 18 20 31 69 41 12 99 59 81 99 6 87 98 54 98 31 80 71 37 54 73 4 93 53 33 72 86 96 94 73 63 54 76 99 84 26 35 69 67 100 89 61 50 11 39 81 29 22 42 78 65 27
119
66 59 71 72 35 65 41 3 52 40 88 74 45 82 1 29 24 91 58 58 54 88 86 87 44 47 91 14 12 68 76 14 85 99 11 44 60 42 4 4 47 10 3 99 56 84 66 6 27 83 17 69 12 19 5 16 80 45 78 45 8 38 45 43 56 13 83 59 9 69 82 58 1 71 7 58 37 14 85 12 40 64 17 82 34 33 29 63 26 35 55 70 84 63 54 12 51 100 12 86 22 92 75 85 14 93 7 94 32 19 74 82 29 71 9 53 94 73 59
350
33 7 50 86 54 50 42 34 91 80 98 58 28 7 10 13 19 36 100 60 26 22 43 74 97 44 40 66 29 20 89 23 12 96 75 44 85 21 38 18 100 37 67 1 3 17 90 66 60 29 14 30 76 34 16 96 15 52 37 66 44 95 68 2 32 36 69 72 83 12 51 76 37 43 26 74 27 66 46 29 17 8 18 8 6 88 12 51 4 69 74 65 15 38 13 97 35 5 10 2 6 86 23 70 36 7 10 7 3 4 73 13 15 46 65 13 4 16 53 17 4 35 2 48 82 55 39 24 5 30 84 4 96 21 67 96 77 48 51 69 21 82 46 58 8 22 58 88 91 49 61 65 98 3 57 53 42 23 86 75 6 76 86 37 89 71 57 54 7 89 100 13 87 40 89 14 47 59 7 87 21 65 31 4 31 36 45 90 10 98 34 79 27 89 46 3 19 31 21 5 29 7 36 79 10 77 95 18 55 23 55 77 48 50 8 55 28 32 50 33 9 46 59 63 8 51 75 50 27 11 11 88 74 66 39 14 46 89 6 72 37 65 54 48 97 74 24 57 45 32 4 76 30 17 88 63 57 42 33 89 39 47 28 70 69 49 40 80 59 26 81 79 28 31 82 91 84 9 70 41 30 68 62 90 30 99 86 44 55 83 40 67 73 88 100 24 60 92 62 69 58 24 59 9 9 28 20 5 96 44 22 3 47 31 93 4 26 96 53 25 68 76 43 87 81 22 64 45 81 73 8 36 38 34 96 85 2 2 11 60 92 63 32 82 23 46 19 13 89 24
999
29 57 43 80 39 30 20 81 92 92 41 10 98 94 65 99 93 57 96 12 67 49 90 67 20 30 49 10 2 41 11 37 67 78 76 69 57 48 39 62 68 59 81 13 52 86 15 37 54 31 79 16 44 15 58 24 97 41 12 20 31 50 73 61 98 5 33 62 40 41 24 85 55 84 52 37 12 47 12 91 90 64 89 84 50 90 91 15 47 2 28 77 42 2 62 100 17 61 78 31 18 63 65 36 5 98 95 87 92 94 64 10 75 52 64 24 11 37 62 31 14 59 42 58 32 19 45 36 54 98 15 89 35 39 71 32 80 97 32 99 26 69 51 53 71 32 41 43 30 28 68 12 76 3 52 85 6 38 25 37 49 31 95 45 69 47 77 45 36 57 49 94 58 10 44 29 93 68 63 23 40 90 74 11 50 43 83 85 68 58 33 78 90 38 75 48 51 87 65 73 66 64 87 77 7 78 55 58 92 7 3 72 40 56 97 70 49 95 10 34 24 51 28 70 6 14 90 28 66 11 30 12 23 26 99 2 53 66 59 2 14 71 15 25 17 23 21 49 35 42 79 36 89 75 49 76 43 27 67 45 19 99 93 13 37 92 67 30 5 40 60 58 85 46 99 81 40 34 68 68 23 11 45 17 21 10 10 85 42 88 33 35 32 9 45 81 49 11 35 22 10 23 57 52 90 77 55 55 59 15 29 5 46 51 60 24 77 67 91 40 51 26 61 73 5 11 74 99 14 68 10 59 18 21 83 85 13 72 79 20 49 95 79 55 74 78 90 27 27 94 31 14 13 94 27 88 35 69 24 100 60 85 75 51 53 38 57 12 100 51 83 61 14 75 64 20 72 58 44 50 46 87 41 48 74 78 17 1 70 19 3 28 11 40 24 42 68 25 54 81 41 82 7 80 80 7 99 5 26 62 19 81 5 58 45 25 3 87 91 26 66 76 83 69 8 85 85 100 82 24 6 8 11 60 78 11 69 53 59 56 1 76 65 41 66 51 16 16 65 53 46 1 42 82 44 76 89 88 95 24 1 5 45 62 63 65 9 42 73 71 68 46 80 13 97 9 21 61 23 75 33 51 92 53 91 34 32 32 77 3 36 41 99 63 21 60 81 14 42 96 4 75 100 56 37 29 80 65 97 48 36 56 65 79 44 74 89 35 17 34 68 6 85 12 15 45 29 52 27 57 89 12 25 16 44 93 93 60 92 88 44 47 71 19 62 47 44 85 69 3 89 39 5 40 76 77 14 100 20 38 43 15 51 30 22 61 69 14 48 10 26 62 4 16 43 17 57 3 71 87 29 53 92 6 10 77 76 21 99 40 92 35 79 3 91 26 30 18 90 31 100 99 56 44 1 48 7 74 95 94 12 43 57 44 58 90 57 28 43 74 31 50 8 53 52 68 33 86 10 87 95 82 40 54 56 96 46 79 74 9 61 56 21 83 15 67 93 20 54 21 74 17 81 65 2 4 16 19 85 50 61 32 96 89 67 7 40 51 80 77 31 93 77 3 19 18 43 42 39 15 90 67 75 49 80 56 93 75 88 20 56 88 48 15 95 42 74 55 23 38 57 34 78 69 92 8 87 5 13 35 96 12 53 89 62 21 75 69 66 52 28 63 61 29 80 75 68 31 1 27 39 51 24 67 37 71 60 66 8 65 40 20 65 69 52 3 40 6 10 67 76 92 42 9 2 15 15 22 71 17 34 18 81 11 30 65 93 68 59 16 64 48 23 60 67 93 50 9 81 94 61 78 96 64 95 2 8 32 56 82 33 22 43 71 92 90 25 55 16 44 87 7 19 77 50 63 3 95 1 66 14 83 49 73 25 31 88 86 75 61 84 10 96 99 71 1 6 8 47 90 95 63 81 51 56 92 100 91 61 5 23 5 39 55 20 11 71 27 94 69 42 41 51 85 66 77 71 84 36 89 28 46 2 43 63 51 43 53 12 100 43 41 64 2 82 63 45 52 52 97 52 98 91 39 13 99 51 33 49 12 3 32 42 21 100 58 39 44 40 49 22 14 85 5 49 17 10 73 85 30 93 11 38 63 20 29 53 49 25 15 44 24 21 21 12 73 24 74 51 57 33 79 83 90 26 26 28 34 33 17 47 20 96 93 19 44 53 21 90 66 81 14 12 38 79 81 91 89 34 47 97 35 41 97 61 45 82 12 9 17 34 80 93 16 13 85 62 48 3 15 47 54 5 34 5 74 17 24 99 1 13 38 58 86 89 99 14 97 43
93
74 54 73 74 3 22 38 55 56 73 4 82 84 11 10 18 17 39 79 83 2 97 6 68 48 42 10 66 88 97 5 97 15 78 77 26 56 65 79 61 73 92 42 29 88 37 66 82 72 47 22 78 22 58 94 97 17 63 89 16 42 84 27 25 43 32 21 81 97 20 81 98 61 31 33 66 83 91 62 15 43 63 100 17 8 37 68 95 67 98 85 4 69
728
60 48 56 94 29 51 6 20 24 32 21 55 100 24 49 42 22 8 43 22 31 58 49 95 94 2 91 56 28 57 11 69 96 29 30 88 20 20 46 90 12 91 95 17 28 84 55 71 41 3 35 93 5 34 2 39 46 71 25 77 93 82 90 54 50 22 94 27 81 27 63 82 96 14 56 25 87 96 53 14 26 75 4 90 58 69 85 86 73 95 54 2 30 52 44 99 75 60 22 79 27 37 18 40 78 14 78 42 68 76 39 28 79 65 19 82 22 84 65 93 26 96 8 95 31 43 65 94 4 88 47 56 90 52 71 1 30 21 44 93 14 15 38 79 61 43 30 26 2 91 42 37 95 36 51 56 15 1 15 54 5 94 46 58 53 49 98 20 67 38 79 51 26 56 94 48 10 19 28 47 61 45 24 47 30 85 71 64 85 71 57 28 21 9 1 9 11 23 88 62 4 11 38 69 28 43 57 14 87 44 18 80 64 53 31 13 75 45 74 21 29 89 43 46 54 74 45 18 78 29 27 41 45 33 32 99 58 47 11 1 48 25 78 44 19 34 54 62 71 56 48 12 38 86 6 91 97 5 34 77 82 24 38 48 51 89 34 62 70 2 35 28 65 40 87 95 89 92 100 55 90 68 77 86 64 43 61 78 30 34 38 85 64 45 76 58 25 16 20 78 3 83 48 55 63 81 19 37 67 88 8 67 49 79 27 76 62 69 10 43 3 72 65 79 53 54 84 75 40 100 72 34 98 62 25 92 18 48 3 53 94 25 100 95 96 1 80 28 17 31 23 67 89 49 32 92 53 9 77 58 16 22 30 30 12 65 42 71 58 31 59 17 39 27 7 22 34 84 5 31 41 42 93 64 16 20 75 48 35 68 58 24 36 28 10 86 22 50 37 91 76 35 88 14 40 78 2 13 62 36 10 99 11 34 10 25 63 19 46 62 34 66 65 28 24 33 28 53 18 80 16 57 12 58 95 6 63 80 65 48 69 94 49 60 42 67 33 51 85 85 22 85 38 50 6 3 83 53 96 18 75 57 55 53 12 23 89 92 65 45 18 5 6 19 46 72 89 98 17 80 73 69 16 1 56 83 25 82 9 49 28 98 91 29 68 21 8 95 88 60 53 88 96 14 62 34 18 91 40 33 52 54 54 78 87 20 1 26 77 25 33 21 24 79 29 61 84 34 50 40 99 28 27 95 4 8 70 92 12 34 95 3 40 28 44 44 29 98 3 77 49 87 21 5 8 62 65 43 4 84 58 9 78 63 98 67 8 59 51 48 19 30 80 60 56 43 74 19 12 30 81 65 57 96 75 53 10 89 31 49 73 85 19 87 14 73 20 23 46 42 48 48 62 32 66 43 94 61 25 43 49 27 48 4 61 59 58 62 63 3 77 74 16 62 19 27 71 97 54 3 56 60 2 76 12 73 92 26 97 4 99 70 78 78 59 76 1 20 47 89 2 43 48 42 45 42 96 73 62 91 11 52 48 40 47 95 94 48 48 68 95 11 48 50 100 48 87 20 15 67 74 26 71 6 47 89 62 4 3 21 97 52 65 30 54 42 77 92 37 91 28 26 22 9 76 66 8 21 22 61 58 19 43 77 58 79 47 61 66 73 90 40 9 24 89 20 98 67
83
54 10 66 51 17 47 35 67 33 15 59 53 27 23 51 2 55 86 11 89 2 76 89 8 32 71 12 27 68 77 27 17 68 16 28 24 57 9 50 25 1 31 87 67 53 66 46 8 58 69 89 40 18 62 66 76 12 22 100 20 87 45 48 98 97 35 82 13 86 15 100 14 5 87 98 62 18 93 57 40 22 11 75
294
8 12 97 59 3 21 7 34 72 56 54 1 41 91 96 41 44 93 86 90 5 81 25 26 18 48 19 88 72 58 40 30 56 97 38 25 92 93 30 21 62 40 83 67 50 30 67 54 37 32 95 71 31 18 3 37 69 90 82 70 20 14 1 80 64 91 10 51 6 35 56 2 8 63 13 81 52 73 81 14 51 53 21 54 58 6 31 2 18 86 84 50 46 73 4 91 63 31 48 33 29 86 60 95 100 33 30 46 87 11 77 26 24 18 85 28 4 79 30 48 14 47 41 64 69 5 35 57 85 35 9 47 2 87 74 31 26 34 95 2 25 34 66 58 27 30 56 49 60 58 98 44 12 46 37 34 37 70 56 71 80 13 88 5 84 100 83 73 30 77 78 6 10 6 68 55 54 30 75 62 51 24 31 93 3 3 68 75 81 7 36 99 36 75 71 55 18 49 61 33 24 22 7 36 16 42 46 66 92 30 10 2 35 86 65 30 59 74 37 21 39 19 71 88 9 88 96 16 9 9 90 36 70 54 23 79 10 35 91 98 61 91 15 19 48 31 67 29 86 35 34 100 89 88 51 76 44 18 29 4 67 52 61 92 92 70 46 60 18 70 52 13 1 16 100 26 61 65 41 85 69 68 90 92 18 54 10 36 92 36 34 32 30 39
81
38 86 5 32 35 33 59 26 88 93 73 45 70 87 100 13 90 92 9 4 1 5 68 15 40 84 92 10 86 43 73 35 35 94 71 86 93 2 81 89 58 73 12 23 12 33 16 95 82 16 80 19 71 17 99 54 50 37 59 89 77 100 9 1 85 72 87 21 52 80 4 71 25 89 5 38 51 96 72 53 48
589
10 61 15 77 32 34 91 61 99 100 26 12 73 18 55 49 16 27 23 21 24 1 81 2 99 43 88 93 38 25 26 12 49 16 44 51 42 11 93 10 83 6 24 41 94 6 41 32 79 46 8 44 1 15 48 41 48 15 34 55 10 97 4 51 44 70 34 77 24 1 28 81 60 62 53 59 9 5 77 1 47 83 13 52 66 85 13 24 54 60 56 68 3 58 3 37 88 27 52 35 14 14 1 90 67 71 38 6 91 74 92 70 11 17 47 73 55 45 29 54 12 24 54 15 64 26 97 13 98 81 98 76 33 57 4 90 36 52 31 62 28 47 93 48 21 83 87 99 60 82 60 72 89 76 25 6 89 61 86 75 77 97 37 92 82 11 91 94 9 99 72 41 85 89 50 19 96 78 9 17 24 37 3 9 67 73 95 27 24 86 75 32 23 63 99 37 6 65 4 52 42 17 62 59 7 4 38 53 36 92 91 56 100 47 6 43 31 58 16 90 33 40 41 32 76 56 59 43 89 65 11 28 69 78 13 16 30 97 30 32 97 22 16 53 91 20 32 72 54 5 14 60 13 66 76 81 11 12 37 9 66 38 63 64 40 96 37 60 34 31 23 85 69 60 69 3 49 59 94 81 29 67 24 22 36 43 84 91 98 15 50 48 90 55 44 87 54 89 36 77 16 31 64 90 56 34 32 97 55 49 83 14 5 9 94 7 50 36 21 8 13 72 35 63 11 96 80 83 15 46 38 51 89 78 41 90 20 14 78 23 96 4 42 93 49 20 62 63 84 93 22 80 41 92 99 75 34 65 36 80 85 88 20 87 12 99 41 84 32 4 75 44 17 90 8 20 42 84 4 47 12 71 66 24 17 48 36 59 44 77 49 3 98 93 86 17 43 40 32 23 89 81 34 37 47 73 48 54 32 60 22 44 53 18 91 40 85 74 80 63 37 99 67 1 31 28 57 62 77 72 77 89 32 91 80 66 14 64 49 25 7 54 59 18 99 14 54 63 53 2 56 54 90 61 3 67 7 6 60 63 9 33 97 40 1 89 29 31 56 55 38 37 32 88 45 3 41 53 34 86 62 77 36 42 80 96 32 82 20 34 37 14 9 85 93 49 6 33 31 55 56 75 96 37 11 85 63 23 79 30 70 15 91 65 91 91 9 87 38 99 1 1 87 83 99 48 88 66 40 58 72 98 46 57 6 55 73 35 39 97 7 95 40 6 60 70 8 87 86 40 19 87 11 85 88 10 82 50 86 9 34 61 80 42 43 6 23 64 72 4 68 31 23 81 30 99 24 72 74 37 89 65 44 96 53 63 88 73 34
465
87 42 33 16 99 43 91 20 100 93 38 11 93 30 70 96 56 57 57 18 12 31 65 35 24 81 63 12 16 27 20 8 77 4 96 55 71 97 86 32 35 59 37 65 37 69 39 92 1 21 29 1 74 10 43 1 91 73 26 14 52 32 94 41 90 81 93 55 54 21 80 39 65 48 2 67 18 53 90 22 68 92 94 74 19 44 41 94 28 72 26 62 83 14 42 88 6 45 1 23 22 21 51 61 27 66 91 19 85 44 80 12 85 47 71 99 94 66 85 63 74 79 14 49 88 3 4 60 11 75 17 49 73 16 19 29 50 56 99 31 36 14 41 21 79 37 62 5 86 53 92 23 24 34 19 43 63 32 22 51 88 47 40 34 42 27 51 16 84 80 32 63 37 85 41 27 20 16 96 49 1 13 73 79 29 39 76 28 66 29 11 41 20 67 95 42 29 67 37 15 94 70 28 41 68 5 32 82 37 58 56 14 85 28 2 95 68 46 99 10 74 4 94 87 7 52 20 22 11 39 1 19 17 77 48 21 98 57 37 88 89 51 15 45 51 20 76 27 21 53 24 75 23 84 16 78 3 27 41 62 6 69 33 41 17 85 19 15 6 4 73 1 22 3 88 86 62 59 95 71 54 17 66 46 1 19 24 57 15 19 62 24 14 54 15 66 97 85 17 95 90 98 83 16 33 65 71 2 18 43 36 34 43 77 72 69 86 64 46 59 35 60 82 85 68 31 98 19 71 16 21 5 75 52 32 77 60 70 80 53 21 60 31 43 74 90 80 95 48 85 93 65 75 80 59 5 30 13 17 93 41 71 28 41 36 80 10 96 93 66 75 48 13 58 31 5 22 29 20 21 36 39 21 12 5 21 2 88 55 26 68 22 48 17 61 37 94 85 66 40 88 68 32 5 28 45 45 28 18 33 64 66 80 77 4 59 18 82 25 28 37 46 99 21 67 95 49 8 58 79 28 66 71 54 28 97 84 39 71 60 97 74 6 93 9 76 45 60 26 98 20 17 74 49 3 21 15 65 26 10 92 85 98 83 62
540
33 28 59 11 5 89 57 21 34 30 35 46 32 46 52 93 69 58 1 77 70 47 27 39 7 71 18 9 72 69 37 77 87 11 6 71 5 1 49 24 18 28 38 11 2 6 63 13 77 87 50 79 100 15 52 90 82 29 80 2 1 17 32 23 29 4 93 69 92 23 2 16 73 32 21 89 97 69 65 37 88 58 83 84 66 92 37 55 72 57 97 38 26 57 12 21 18 61 9 86 40 80 23 84 74 83 22 1 13 53 36 72 90 96 58 20 5 48 81 99 49 36 98 85 7 73 99 3 48 95 42 55 51 14 88 41 36 10 24 10 56 60 19 11 44 6 43 35 54 72 80 2 36 6 13 72 4 34 75 96 64 57 10 26 11 67 96 68 2 3 42 85 88 10 78 12 94 61 49 13 60 24 96 29 13 9 26 51 67 98 94 95 47 65 14 48 71 38 49 64 92 34 27 52 32 78 86 83 100 99 35 4 50 26 86 96 22 44 44 1 55 80 28 64 38 46 69 80 65 7 42 58 59 71 93 46 70 45 85 87 88 10 8 9 72 83 96 44 98 20 22 35 46 88 17 100 32 44 51 58 65 57 41 49 35 37 34 25 19 51 80 7 39 49 1 34 29 48 52 54 99 43 99 22 40 43 98 99 95 71 51 90 84 31 32 44 20 82 31 83 12 69 86 67 22 47 86 73 94 96 60 13 85 99 78 42 54 94 13 84 19 80 47 55 12 68 23 56 23 98 55 11 28 55 29 8 95 28 71 92 96 81 26 85 58 69 55 19 20 20 5 99 53 26 44 11 8 42 45 94 11 76 84 50 49 71 66 3 25 76 27 12 60 59 75 26 43 18 65 16 95 23 71 70 99 23 36 73 98 33 26 29 60 9 26 4 90 88 12 35 13 76 59 37 63 71 61 38 48 23 67 79 50 63 73 15 38 60 92 59 48 76 1 94 94 35 8 98 27 2 62 60 67 56 54 17 44 29 52 18 90 37 9 92 5 34 79 89 24 57 87 72 54 20 92 82 59 24 26 45 97 62 37 47 50 3 78 32 86 23 3 71 39 11 10 65 13 9 34 28 90 59 24 34 24 28 64 41 98 5 93 56 31 59 47 61 46 18 7 60 15 95 17 28 66 1 57 9 47 47 58 93 67 8 53 67 80 3 50 98 79 90 20 37 74 61 20 94 72 31 95 55 28 89 83 36 88 3 61 21
980
43 74 68 23 99 77 60 35 81 87 100 84 18 48 61 65 65 78 68 22 49 26 23 38 60 4 49 18 80 88 66 47 53 30 32 39 26 29 72 33 20 86 78 52 72 66 80 51 34 10 65 75 11 25 44 37 19 67 7 16 81 74 77 52 76 11 81 21 50 26 64 78 36 51 34 91 74 62 93 13 41 48 40 60 14 63 2 19 61 79 24 88 48 10 69 32 6 58 28 13 68 100 64 68 87 17 60 64 20 53 76 82 26 18 23 5 69 55 29 74 69 13 54 33 14 53 61 10 89 89 98 49 79 99 83 51 56 76 81 13 7 61 96 94 88 97 54 81 63 19 81 71 78 28 86 47 21 4 63 30 73 66 32 83 70 29 8 1 100 10 89 90 4 30 73 25 89 70 42 77 69 8 5 7 69 92 88 73 27 62 71 2 23 46 92 17 27 6 3 10 53 24 12 24 95 33 29 91 12 46 9 23 63 56 6 16 46 23 24 82 83 34 99 49 37 91 60 79 89 72 60 100 37 12 12 14 97 56 28 25 54 6 96 9 33 35 23 6 44 6 87 10 83 1 26 48 12 18 70 59 52 25 74 53 93 58 32 75 51 100 47 73 13 88 51 74 36 49 20 14 75 47 68 60 2 75 79 16 100 31 95 1 23 12 62 7 53 50 5 15 4 61 5 82 44 86 9 22 79 22 83 30 54 92 9 48 99 64 18 46 26 67 88 77 78 34 68 61 62 42 32 80 18 42 26 67 18 27 32 45 17 68 98 3 4 4 87 74 52 98 83 32 86 57 25 33 51 34 26 77 45 49 69 66 90 70 21 100 81 39 65 73 41 97 77 60 17 100 50 58 55 44 47 99 63 18 13 91 89 25 58 15 31 87 94 52 65 3 51 29 89 78 33 15 73 59 48 70 5 44 54 32 47 44 16 51 21 32 39 34 18 96 68 88 60 61 42 14 70 57 96 72 95 97 8 12 40 78 95 66 17 57 66 25 40 84 8 12 35 93 39 46 72 31 91 7 16 41 17 24 8 56 13 55 90 40 56 95 14 10 43 80 40 28 71 98 45 25 47 62 92 81 82 84 54 99 38 23 74 27 22 49 39 23 58 80 47 30 3 50 56 97 91 62 92 48 92 64 43 9 69 96 60 93 62 67 42 84 23 16 100 81 4 14 54 9 63 5 95 66 80 45 86 75 81 9 62 94 97 14 11 38 78 79 6 34 76 48 29 58 73 59 82 38 82 44 20 11 10 13 1 51 54 84 57 70 82 46 9 64 10 7 53 92 98 10 87 2 91 65 40 20 32 66 85 38 63 71 6 89 52 88 53 5 45 16 88 99 12 40 59 90 13 34 41 92 75 48 22 56 46 37 94 22 28 33 47 77 28 49 7 12 65 46 63 82 12 21 15 63 37 11 44 70 38 70 74 70 29 82 69 10 96 7 89 56 60 43 38 94 70 67 89 22 67 18 19 10 7 10 67 55 46 6 26 37 78 99 80 16 42 3 4 38 71 15 45 90 32 19 89 84 30 36 58 89 87 76 100 15 15 5 85 83 78 38 47 4 80 42 44 54 39 42 20 81 51 76 90 7 5 96 100 48 50 63 67 47 25 29 61 17 32 33 22 29 36 25 2 21 100 86 7 62 18 64 31 59 55 36 22 41 48 92 100 12 36 69 76 11 48 10 37 72 48 83 46 53 81 25 30 6 8 49 66 7 63 4 30 74 69 46 34 36 67 20 50 8 33 63 89 92 69 42 21 9 77 47 56 91 29 67 16 32 40 57 33 76 63 60 52 32 52 97 9 14 7 77 69 74 73 100 33 51 82 95 4 28 36 11 54 11 59 22 53 18 100 55 34 3 22 78 12 72 32 33 8 56 43 63 97 37 74 50 13 51 34 64 60 37 87 72 15 8 92 64 73 6 20 13 98 84 61 17 67 74 73 57 50 37 58 84 95 62 28 98 99 55 30 67 86 83 24 52 51 50 50 42 93 23 67 43 44 85 41 82 41 82 73 69 65 7 20 4 8 90 30 44 86 50 46 23 73 14 54 63 87 73 77 77 39 67 1 3 42 82 84 26 48 20 97 43 35 25 68 100 46 37 87 68 55 14 45 39 23 50 13 85 25 38 43 51 41 81 3 95 90 54 5 4 59 91 67 71 84 49 25 88 33 16 5 7 67 86 10 9 44 76 24 64
657
76 71 92 84 30 22 39 6 43 23 9 79 87 25 30 41 13 22 98 79 26 68 51 9 24 22 1 94 49 9 100 60 79 6 78 91 70 78 88 14 92 25 42 90 84 23 40 53 78 65 31 28 9 88 34 96 51 17 47 32 16 31 77 12 80 29 9 81 27 17 35 56 8 58 85 21 45 24 40 21 89 38 46 46 31 14 26 93 14 1 98 21 73 69 94 34 99 53 81 96 94 14 96 47 11 89 87 86 87 81 76 48 65 83 18 42 24 31 99 76 19 65 52 24 95 2 11 36 78 64 66 13 22 29 39 63 27 85 23 37 6 85 92 45 95 78 85 16 12 90 52 71 52 72 23 100 1 45 8 19 92 69 25 84 68 41 45 66 21 62 96 70 83 25 70 85 55 55 85 54 71 24 9 20 32 2 53 60 16 57 28 18 28 22 4 9 84 17 88 67 11 74 84 100 35 86 64 82 10 35 39 88 73 99 37 63 56 24 79 31 11 38 20 82 78 88 91 35 52 15 84 100 12 95 38 55 27 51 66 26 28 30 2 10 82 97 64 18 74 24 9 9 26 53 29 91 13 45 45 61 34 72 6 16 46 92 93 64 94 99 39 63 32 29 3 3 84 36 4 3 74 99 51 17 29 54 60 10 45 35 91 90 70 23 53 32 53 44 17 10 55 82 28 92 16 32 21 91 98 46 51 63 60 37 80 81 20 84 81 66 12 37 59 72 47 24 45 42 61 6 90 61 98 23 31 10 57 100 1 1 62 34 59 72 38 54 74 75 59 92 22 65 50 88 26 90 32 27 57 20 7 95 33 22 82 23 37 9 90 6 26 6 88 82 94 38 94 20 48 40 5 10 32 54 70 53 32 38 78 49 7 50 8 5 66 31 35 46 6 38 30 78 56 15 38 93 7 97 15 23 95 20 50 30 68 29 92 50 49 69 2 57 91 66 50 100 26 48 24 54 73 64 56 6 76 35 15 19 66 93 9 31 84 84 82 30 36 87 94 5 55 57 56 58 75 32 13 59 92 7 68 11 6 40 63 32 13 70 81 82 19 21 82 44 36 89 82 82 58 93 8 93 95 64 54 68 28 40 95 58 9 82 74 32 59 66 64 78 8 5 9 100 50 75 14 72 77 54 46 52 48 63 52 80 26 91 12 47 27 8 8 35 78 43 62 70 73 21 40 4 37 95 32 46 33 50 79 39 42 60 5 16 92 65 28 71 24 94 40 46 89 91 62 34 28 40 23 70 31 95 14 52 10 62 100 6 73 49 100 57 20 55 41 69 53 46 40 41 1 81 91 83 2 37 10 61 75 18 80 8 33 67 97 23 64 83 33 9 27 30 43 96 48 71 19 92 46 60 50 93 48 59 10 100 56 6 19 96 15 39 67 85 71 51 48 58 97 40 26 61 39 45 44 1 1 75 64 48 41 8 30 18 5 13 77 84 35 31 16 7 14 29 99 35 76 60 5
438
4 12 2 83 77 45 27 42 17 8 46 36 75 80 39 44 64 31 70 77 4 10 58 64 81 40 3 74 1 80 82 74 69 100 92 22 89 57 89 76 33 26 63 78 83 16 17 94 16 90 61 24 63 17 26 15 79 7 23 90 22 38 96 96 55 97 48 37 69 47 50 19 81 12 29 35 60 40 69 82 43 66 83 37 66 57 43 74 86 88 46 85 32 71 27 10 47 81 100 62 50 66 9 7 53 40 86 69 22 2 74 60 74 72 51 66 71 56 91 47 41 3 74 62 78 60 69 72 71 39 59 52 59 7 88 50 43 13 58 48 53 81 88 55 56 82 66 47 28 15 86 39 28 74 44 12 59 79 88 28 25 55 11 65 91 52 31 18 57 58 77 61 90 38 31 56 26 58 9 9 46 23 22 5 61 15 52 45 53 61 56 87 5 62 38 96 37 33 99 42 36 55 13 21 56 16 49 89 70 19 83 42 33 24 51 42 76 72 35 35 25 74 27 18 34 21 45 2 78 67 20 82 27 78 27 64 48 18 93 94 89 47 63 80 84 99 18 23 95 52 42 84 9 61 95 43 3 57 70 10 50 8 59 98 57 71 92 40 45 96 75 43 95 43 39 84 16 7 60 85 77 43 22 7 51 14 12 20 40 73 70 88 19 94 78 64 57 55 69 78 62 30 34 20 54 62 55 89 17 57 11 49 4 82 79 81 65 81 40 98 67 61 90 44 71 63 37 84 8 93 41 86 57 65 87 100 88 5 30 45 92 27 81 63 87 68 15 24 45 89 91 35 89 99 53 82 26 59 51 54 63 56 25 40 50 86 52 82 11 30 29 91 9 48 64 5 64 22 57 17 51 62 62 65 77 32 96 42 81 100 10 23 32 39 41 66 76 86 89 78 29 10 93 11 46 36 39 61 98 24 21 94 18 97 29 85 84 92 14 43 9 97 69 12 7 48 93 57 98 4 42 1 16 22 88 31 86 59
408
53 35 55 71 73 67 58 27 49 44 74 57 61 19 23 8 49 89 74 13 5 55 85 51 33 20 53 20 92 28 93 24 7 65 67 99 88 47 6 22 80 58 64 97 63 2 29 49 21 31 96 6 71 9 3 84 81 47 34 21 15 66 18 45 30 97 87 49 69 52 65 31 69 64 50 96 8 61 87 87 26 35 48 93 16 23 93 42 28 29 72 95 64 37 62 38 10 55 77 44 91 54 48 25 27 70 45 77 68 51 68 30 82 7 65 87 25 32 11 39 74 40 55 51 96 49 45 79 29 27 38 64 85 54 38 34 36 100 38 9 25 10 6 38 32 37 1 35 22 43 66 58 95 1 3 93 13 35 93 60 44 88 35 59 73 76 79 57 97 28 19 2 51 54 91 22 18 20 6 24 18 59 62 11 11 21 91 37 76 12 57 19 4 92 50 49 47 56 68 68 37 61 92 42 70 41 24 58 5 37 73 5 41 34 45 54 3 19 99 38 1 60 88 12 64 93 41 91 59 5 3 83 7 25 40 30 1 73 89 12 9 10 27 20 84 9 24 56 85 11 17 82 64 42 75 78 78 38 17 26 19 19 19 64 72 31 13 14 68 42 5 36 55 21 35 66 14 76 85 25 38 10 42 64 51 18 46 12 35 76 73 15 65 66 31 31 75 7 32 6 72 53 80 52 39 54 98 9 92 7 82 20 64 2 65 26 56 47 18 83 72 18 42 42 93 47 43 17 66 44 20 75 67 48 65 68 75 88 53 95 3 14 77 85 46 22 33 58 77 49 98 64 53 69 3 74 42 69 65 90 36 25 41 1 54 40 90 15 87 16 43 78 62 33 56 42 39 53 95 80 12 99 85 79 66 61 59 87 72 31 28 42 5 42 9 1 46 95 89 60 97 22 67 3 12 60 71 90
984
58 74 45 72 69 45 19 83 97 69 70 55 15 40 73 66 68 4 23 48 85 30 59 62 7 53 6 60 80 78 95 74 75 89 44 37 84 45 33 86 10 81 25 40 73 46 28 38 56 69 93 58 7 40 84 91 68 32 30 18 71 59 90 27 43 69 4 81 20 28 60 41 61 63 74 15 35 100 70 80 74 96 67 10 3 70 47 41 85 2 41 62 26 67 16 65 8 1 37 19 60 32 31 50 6 24 68 69 78 53 92 30 8 97 66 23 100 93 20 76 84 18 63 2 65 64 52 57 28 87 20 58 87 11 89 34 27 64 44 60 53 39 25 19 31 9 61 65 97 76 44 90 68 99 55 70 45 63 27 35 37 84 18 31 72 21 51 34 46 50 79 83 48 30 30 25 44 31 99 19 85 43 61 6 64 19 97 39 2 40 15 21 85 96 82 12 67 46 59 89 53 64 1 30 63 1 26 19 19 68 5 68 65 4 72 81 68 62 3 45 97 18 35 22 52 35 97 45 1 17 7 12 41 97 80 28 35 32 74 89 78 7 55 50 47 10 57 47 85 86 77 51 67 49 62 20 90 72 23 77 61 38 25 36 87 9 98 77 80 26 8 12 2 37 19 94 67 82 69 60 17 28 94 48 44 5 91 88 89 20 78 31 79 97 92 21 51 4 79 3 3 98 57 51 31 95 39 7 57 60 99 67 77 77 21 47 10 95 81 84 99 96 53 69 13 31 38 4 75 11 70 33 47 98 6 99 16 35 82 44 62 95 79 37 95 4 56 54 24 100 89 63 89 46 56 74 81 40 17 96 7 49 75 7 10 89 24 91 65 44 51 70 47 35 99 39 88 7 55 100 54 88 96 97 22 25 54 31 80 2 55 48 80 40 50 73 26 2 35 31 2 60 69 59 66 94 14 3 26 39 37 38 74 53 30 51 98 53 98 70 10 74 11 73 75 70 11 4 15 33 14 97 76 80 72 44 34 44 30 8 82 91 2 99 60 43 19 41 37 52 59 30 9 43 39 21 31 6 51 28 22 77 15 13 93 51 61 83 99 5 78 12 76 60 22 29 15 19 78 12 25 49 49 3 1 31 64 61 92 65 44 1 90 10 3 55 67 76 53 55 12 9 67 39 90 6 78 86 35 85 23 41 32 76 83 43 28 25 4 24 19 31 73 62 45 28 31 18 2 2 90 39 22 80 4 47 36 82 22 7 56 5 14 64 16 53 31 73 97 41 60 7 85 27 82 14 52 78 33 28 96 14 64 48 21 93 89 70 57 67 95 54 86 99 8 28 30 92 27 69 35 88 45 68 18 67 6 54 65 70 29 44 40 27 70 98 91 10 77 98 20 15 3 30 24 14 4 47 89 47 45 26 22 74 69 35 21 91 21 5 1 25 42 96 39 74 80 6 44 7 57 59 39 74 42 17 32 17 6 26 37 61 66 8 24 54 22 2 77 38 91 29 1 39 60 48 14 7 44 100 9 42 1 30 28 36 95 89 17 79 3 60 99 87 42 12 1 93 95 92 80 88 35 6 62 23 60 46 99 23 38 78 2 10 95 40 72 11 45 52 49 24 48 98 90 64 6 74 9 95 39 13 86 76 21 35 32 41 2 76 63 2 2 93 51 6 86 99 31 15 60 81 89 92 85 50 82 54 80 31 86 66 34 66 51 21 89 19 34 63 45 90 33 53 44 67 63 31 100 58 26 84 12 77 93 35 3 79 18 75 92 94 75 96 97 24 42 28 23 55 64 89 31 20 18 83 75 86 73 17 53 30 32 52 61 82 99 100 62 15 95 92 21 20 80 3 85 38 79 28 7 52 89 12 4 37 73 98 57 97 34 31 70 77 3 91 52 79 43 29 57 86 9 68 6 74 56 14 18 95 78 53 84 27 30 40 52 75 10 34 2 3 95 88 36 7 98 84 56 35 79 85 100 30 37 10 100 94 55 39 61 62 66 39 100 94 79 45 10 36 78 7 1 21 19 56 22 72 48 11 96 54 46 54 76 3 77 98 5 86 100 40 88 61 95 84 46 74 21 15 35 24 12 20 38 76 4 60 50 39 91 15 12 84 84 75 27 36 77 19 64 99 67 37 41 25 54 85 25 10 56 32 71 70 80 29 15 36 5 45 26 50 43 85 85 40 42 29 49 77 56 24 27 67 21 39 10 69 6 1 41 77 36 64 1 78 100 41 16 58 32 43 76 99
544
48 79 64 59 52 7 89 3 67 28 9 100 81 100 40 14 89 24 78 59 3 74 45 40 11 65 67 83 19 34 91 9 38 75 72 23 63 31 95 71 80 77 78 98 62 30 64 9 99 17 98 23 28 2 66 19 57 22 71 19 94 24 79 69 38 30 29 47 91 49 85 44 90 20 32 28 7 94 66 30 8 14 93 81 44 55 5 44 94 43 85 72 89 10 1 56 61 45 82 13 77 13 2 85 69 72 29 89 30 26 55 31 54 71 71 90 80 39 37 37 42 94 54 71 95 17 12 6 56 71 39 21 51 99 70 82 21 100 100 92 21 1 85 76 1 81 59 90 23 75 14 69 31 36 28 78 84 91 29 19 28 47 74 71 16 3 50 57 92 49 62 6 20 50 77 81 58 13 6 92 55 41 57 99 7 54 71 62 17 22 31 94 99 40 34 3 93 33 74 27 20 75 85 23 55 39 96 43 48 75 41 50 23 10 85 42 32 67 10 16 92 59 25 35 97 47 26 13 9 47 65 5 19 48 50 41 16 69 46 87 28 35 59 40 81 81 77 24 16 73 89 34 31 10 17 31 7 68 25 43 88 26 2 61 39 68 50 82 6 27 90 19 91 10 64 38 83 29 28 15 1 35 61 47 21 100 42 100 5 44 22 35 78 39 67 97 16 24 4 75 35 48 8 99 65 86 81 91 33 49 64 76 29 43 26 51 92 15 63 72 64 26 28 87 84 56 81 74 30 52 84 30 83 82 10 97 70 99 8 96 85 51 68 71 84 50 95 86 76 55 83 74 37 96 55 76 11 8 68 41 61 56 50 74 16 36 35 69 10 45 5 66 69 20 39 20 23 11 90 6 24 42 88 9 69 9 2 67 100 62 87 75 81 17 98 28 12 93 95 44 14 2 35 36 90 78 13 39 37 8 10 16 4 72 54 74 86 48 100 37 28 45 24 80 24 38 60 82 48 42 21 19 54 37 66 88 4 33 79 14 61 56 68 63 79 62 70 40 17 57 64 66 92 4 25 26 19 45 2 35 40 20 62 9 99 56 60 90 75 67 10 24 11 2 95 82 22 71 44 98 63 65 29 95 94 86 10 11 30 79 27 84 91 89 34 4 71 17 24 13 98 67 1 26 11 86 4 69 79 78 38 87 47 67 100 54 78 13 2 39 37 39 6 82 85 67 100 65 46 83 57 87 99 24 79 54 14 92 89 9 7 35 49 88
771
40 69 62 70 16 66 48 33 89 44 49 57 87 84 81 36 82 83 33 16 22 33 98 93 61 39 100 77 6 8 56 20 73 12 31 94 29 47 98 56 29 62 10 48 56 33 29 22 72 40 3 34 85 97 97 16 22 91 68 77 89 61 73 25 18 57 87 32 97 92 73 78 70 64 19 18 64 79 76 10 5 4 3 79 21 39 70 48 32 78 25 27 86 81 84 61 56 36 47 95 16 78 30 5 12 64 90 46 65 19 37 30 54 72 38 28 42 7 19 16 50 76 8 95 35 18 7 26 71 62 63 88 60 47 27 65 71 61 95 29 53 88 36 18 38 43 90 5 59 70 62 60 90 97 60 91 85 39 81 66 20 38 19 87 60 30 8 43 66 58 71 67 92 16 71 24 26 83 38 93 5 76 53 76 31 71 92 61 95 89 32 52 64 36 53 51 21 32 88 84 94 35 63 42 89 19 56 50 68 83 13 30 70 80 67 63 31 91 47 62 92 24 4 49 47 29 76 68 46 36 62 55 25 32 10 52 8 28 14 35 35 28 54 80 20 86 36 58 92 14 22 79 71 85 46 46 65 34 16 63 90 51 82 24 2 19 85 56 57 21 71 1 84 59 64 32 39 95 76 29 81 59 22 20 98 33 15 42 75 79 48 97 71 69 82 22 94 72 15 14 22 96 73 4 23 67 76 51 45 43 15 67 76 49 4 46 34 32 52 32 19 96 68 43 53 32 32 56 22 34 46 82 39 62 8 37 53 39 47 44 89 74 23 3 78 5 56 45 79 44 69 6 27 73 4 69 22 23 50 80 12 35 93 84 63 24 85 47 99 29 15 44 10 17 6 78 28 44 97 51 90 89 85 7 62 96 35 11 53 19 23 91 31 90 63 24 37 7 83 76 23 96 81 67 38 64 61 85 5 34 25 64 78 74 45 12 29 60 27 98 92 18 40 24 75 91 71 43 15 79 37 94 49 68 80 13 22 24 24 37 53 42 24 16 81 21 97 49 56 18 87 35 27 74 27 54 35 32 100 53 68 36 77 49 51 52 1 84 43 8 45 62 97 44 48 2 68 12 55 54 8 26 2 88 92 91 95 9 3 85 91 43 8 15 21 34 84 94 42 91 29 5 40 55 32 91 87 38 81 33 38 94 77 43 98 22 54 69 44 51 29 59 76 84 36 57 52 79 76 8 7 84 71 90 43 61 90 28 62 55 96 80 32 19 39 69 18 28 31 24 91 87 28 43 2 11 70 69 27 69 22 92 66 19 58 63 70 28 20 88 42 38 72 19 92 64 4 65 36 85 1 64 71 74 44 44 21 23 27 30 47 77 52 68 6 83 89 46 58 23 86 52 58 17 88 75 77 20 74 28 16 46 30 6 73 86 3 56 5 8 97 8 38 88 92 86 43 20 88 36 80 97 49 82 79 92 77 59 72 17 43 18 77 63 51 45 13 4 74 13 32 14 10 91 87 47 87 21 75 73 25 46 71 46 49 36 84 56 49 15 39 55 40 69 90 49 30 14 5 6 6 41 13 58 42 91 12 91 11 74 16 64 33 20 85 4 33 66 36 19 71 68 62 52 71 23 10 34 15 55 12 92 73 73 85 25 18 56 37 85 65 81 13 82 66 32 56 18 51 97 52 76 54 13 33 29 69 86 29 21 20 13 80 11 65 52 9 15 30 76 40 100 6 34 83 69 75 67 65 20 10 26 96 41 64 17 53 86 3 9 7
648
31 20 100 80 30 53 13 41 15 61 28 50 100 70 20 37 34 81 23 35 8 7 55 98 95 39 45 59 15 74 49 3 67 88 97 30 40 100 4 62 59 33 14 24 7 75 67 60 38 23 63 27 33 57 15 21 75 2 78 86 49 42 25 40 53 4 52 72 13 41 93 55 84 84 68 96 74 92 33 60 22 24 73 18 54 12 58 83 65 70 10 96 55 28 5 65 24 80 91 75 5 24 79 54 10 76 89 62 76 14 83 70 31 90 76 71 78 92 4 67 13 15 22 66 95 70 48 58 27 46 33 60 83 59 20 67 25 93 3 43 70 2 25 73 64 66 97 31 4 13 47 24 84 69 39 71 40 52 48 98 73 79 92 59 10 26 61 73 81 100 58 52 53 78 41 79 83 44 3 25 35 78 37 33 56 77 80 92 24 53 77 14 60 57 3 64 81 43 48 85 44 30 2 55 21 68 47 90 11 30 67 7 54 17 45 53 67 61 4 55 75 53 97 86 85 34 44 19 5 79 96 56 90 58 91 11 40 98 2 29 69 50 47 6 36 88 58 50 45 90 75 52 26 3 74 41 87 86 23 70 36 1 32 99 78 23 9 61 98 46 22 25 37 35 37 38 91 81 4 93 22 15 93 43 83 92 66 56 90 42 91 43 45 89 70 6 87 65 48 56 9 19 9 33 71 68 85 72 100 97 84 71 70 36 25 55 38 6 64 14 98 15 97 11 90 23 14 92 88 28 88 77 55 34 55 11 71 37 31 54 11 18 37 73 21 66 19 81 46 97 51 77 73 2 16 68 61 24 35 72 70 65 73 74 20 93 82 6 22 70 40 24 44 44 46 12 94 21 93 86 34 82 67 63 30 16 14 16 68 57 67 14 99 47 49 28 77 82 1 41 62 53 99 39 95 1 78 46 58 90 3 8 43 19 23 93 46 25 29 21 67 69 6 4 51 38 92 59 71 66 27 54 34 77 93 86 81 39 27 19 75 75 26 38 55 49 94 32 51 63 38 30 45 28 23 97 19 3 94 89 86 30 7 1 96 30 32 20 88 6 75 40 79 92 62 7 97 1 33 58 29 34 95 54 43 12 27 52 58 49 62 77 81 38 27 64 100 31 79 35 53 5 18 75 32 92 88 3 100 81 100 43 72 10 18 61 66 100 24 18 94 10 67 42 56 21 7 72 69 6 51 99 84 54 9 65 18 56 3 72 46 72 33 84 21 94 1 48 27 87 75 35 38 21 47 63 35 11 76 43 99 12 57 63 37 29 26 57 89 2 42 5 25 57 70 82 18 67 75 67 57 46 33 16 18 100 76 84 10 61 8 8 40 93 46 90 97 37 25 100 97 97 71 87 67 10 66 49 69 45 94 59 1 64 52 61 55 29 7 3 38 25 100 86 79 42 39 99 28 11 5 29 81 35 52 82 63 70 99 81 43 93 26 29 49 91 72 62
