10000
614460 0
240937 0
217689 0
740464 0
188934 0
650989 1
892982 1
517860 1
834963 1
11979 1
312445 1
429677 0
932025 1
615710 1
471599 0
202702 0
787051 1
661225 1
773004 1
234606 0
419319 0
370538 1
406437 1
923394 0
837192 0
714381 0
509935 1
377090 1
220287 0
618723 0
741692 0
337703 1
437790 1
144157 0
490173 1
793054 0
208520 1
277379 1
887932 1
580433 1
596679 0
912020 1
957493 0
121631 0
574346 0
787513 0
970310 1
255042 1
907671 0
313864 1
138642 1
796791 0
767247 1
590897 0
908095 0
562935 1
763903 1
753922 0
740704 0
758609 1
375293 1
434511 1
748569 0
291303 1
649291 0
723985 0
792318 0
713655 1
652093 1
141284 0
847213 0
929434 0
187578 1
816963 0
629797 0
679070 0
139357 1
710590 0
543126 1
418369 1
216362 0
147563 0
928624 0
756286 0
327527 0
107134 0
899546 1
392100 0
884873 1
731234 1
946883 0
268644 1
651720 1
948684 1
472447 1
891362 0
732456 1
326331 1
310951 0
582436 0
762069 1
915885 1
509897 1
801085 0
800554 1
526983 0
445590 1
641612 0
92645 1
579055 0
920511 0
55670 1
128460 1
724424 0
579386 1
476302 1
603850 1
490627 1
194928 0
391305 0
345800 0
71943 1
729228 0
62981 0
500014 1
182877 1
912703 0
859600 0
554001 0
74748 0
260138 1
303028 0
446282 1
939422 1
579361 1
884147 1
901891 0
592636 0
704339 0
704955 1
327436 0
540647 1
870156 1
326190 0
441245 1
178886 1
574565 0
658645 0
392679 1
361537 0
304632 1
673409 1
833871 0
43240 1
765123 0
144334 0
165212 0
637980 1
393187 0
718217 1
29329 0
780765 0
507400 1
243727 0
637402 0
167127 1
789260 0
839321 1
155710 1
258110 1
391862 1
355860 1
765352 1
398688 1
17615 0
843971 0
325219 1
52156 0
841637 0
333603 1
230602 0
812142 0
714496 1
40002 0
806928 0
589896 1
275926 0
301590 0
990018 0
438309 0
365546 1
932200 0
293470 1
294612 1
866700 1
745130 0
943145 1
442645 1
115241 0
520923 0
112973 1
406924 1
345528 0
146560 1
156794 1
609756 0
70377 1
628121 0
853996 1
249319 0
230035 1
712768 0
318312 0
932811 1
46603 0
370645 1
866058 0
601772 1
837664 1
647261 1
433810 0
909029 1
235465 0
892750 0
856367 1
273835 0
886507 0
371653 0
126420 1
975461 1
436284 1
291963 0
461742 0
215939 0
620834 0
756644 0
624023 1
952927 1
984483 1
310949 1
750338 0
310874 1
642968 0
271414 0
808791 1
755208 1
28581 0
383893 0
264506 0
362401 0
75548 1
462967 1
294453 0
974181 0
86834 1
391845 1
125156 1
219697 0
602101 1
478589 0
158296 0
346899 1
936931 1
466667 1
706158 0
339772 1
537090 0
739966 0
884732 1
335205 0
582783 0
959311 1
217280 0
787646 0
116526 0
129324 0
293827 0
914349 1
122011 0
661296 0
466723 0
318169 0
278161 1
668612 0
722408 0
214253 1
441183 0
800639 1
290605 0
249114 1
753074 0
927234 0
668556 1
542383 0
280482 0
943726 0
101638 1
152208 0
957976 0
190537 1
68090 1
331556 0
623772 1
868204 0
972336 0
932011 1
964565 1
340923 1
146614 0
765376 0
113063 1
955565 1
441273 1
661442 0
209777 1
733445 0
711764 1
201230 0
964372 1
787272 0
334830 0
477371 0
851655 0
146084 1
632276 1
639608 1
287635 1
217378 1
385744 1
847925 1
816 0
109038 1
682618 1
912913 0
130731 1
219405 0
89085 1
382302 0
763142 0
685772 1
70727 1
187213 0
310261 0
239094 0
540948 0
833566 1
627544 1
430494 0
506817 1
889755 0
826001 0
303351 1
301871 1
756729 0
490847 0
388314 1
211545 0
941909 1
488292 0
661614 1
814108 1
956654 1
354773 0
592648 1
357277 1
895614 1
185209 1
99671 0
787250 1
752653 1
545106 1
570333 1
516775 1
594692 0
599967 1
282724 1
145669 1
201923 1
356456 0
552905 0
436637 1
361509 0
109276 0
857150 1
150179 1
940618 0
833789 0
666727 1
443791 1
251017 0
83005 1
274074 0
390512 1
918915 1
836720 0
69234 1
458691 0
781218 0
748814 1
991829 0
881378 1
168881 0
7722 1
756374 0
244326 1
559158 0
106645 0
275366 0
947741 1
777010 0
373154 1
614204 0
686989 1
558967 0
67855 1
596773 0
349786 1
765371 1
679476 1
619323 0
265674 1
598234 0
962454 1
855009 0
56135 1
652686 0
161504 1
244570 1
897069 1
359152 0
619651 1
672002 1
811360 1
881323 0
377268 1
113786 0
523782 1
447434 1
484379 0
977123 1
666142 1
813366 1
833994 0
618151 0
457745 1
701957 1
103165 1
174811 0
991294 1
671196 1
159854 1
753140 1
803844 1
158698 0
2637 0
161883 0
760667 0
731554 1
663778 1
799307 1
496413 1
792404 0
399558 1
961963 0
107242 0
158340 0
38389 1
196421 0
744871 1
838513 0
976807 1
825045 0
208402 0
132605 1
486092 1
470079 1
845076 0
47023 1
736288 0
421655 0
515119 1
265484 0
569265 1
759309 0
733844 1
973749 0
146845 1
215990 0
462426 0
843279 0
512996 1
776964 0
975994 0
845730 0
357108 0
916734 1
12961 1
113056 0
722160 1
251537 0
534082 1
164644 1
189883 1
615269 0
400535 1
90589 1
705203 1
579764 0
552044 0
639268 0
810919 1
732907 1
369753 0
453902 0
443351 0
901454 0
595026 1
896248 1
356111 1
811643 0
673745 0
163336 1
227914 0
931391 1
556429 0
494954 0
524632 1
224683 0
316912 0
735369 0
78130 0
176034 1
263565 0
293439 1
573113 1
278122 1
902580 1
336653 0
763987 1
73581 0
694440 1
765532 1
649267 0
579459 0
16784 0
255112 1
574 1
114216 1
201372 1
868564 1
839033 1
890520 0
366350 0
385483 0
993100 1
261968 0
724750 0
967071 0
987813 0
532395 0
885836 0
229832 0
501376 1
795485 0
769354 0
216941 0
155239 0
214950 0
79293 1
658586 0
304931 0
600488 1
278878 1
595143 1
808879 1
922246 1
524100 0
625578 1
392512 0
176698 0
677228 1
865995 1
891845 1
242682 0
893817 0
532436 1
95699 1
663523 0
447866 0
244783 0
383165 1
788679 0
492252 1
540265 0
645611 1
295031 0
856886 1
338349 1
676398 0
677350 1
967987 1
539943 0
231551 1
424232 1
613757 0
410816 0
960726 0
899992 1
232390 1
630939 1
766921 1
596796 0
778084 1
617794 1
345323 1
714423 0
435496 1
836278 1
668409 0
956527 0
330608 1
494408 0
415843 1
80183 1
376846 0
734155 0
826390 0
276397 0
114443 0
154765 0
393623 1
582829 1
920149 0
831260 0
974287 0
972789 1
376326 1
306228 0
509481 1
624729 1
351111 1
114809 0
559121 1
471747 1
95018 0
570212 0
480228 0
989802 0
981654 0
294973 1
146173 0
941816 1
177004 0
375243 0
552807 1
712519 0
385377 1
914935 0
266959 1
472675 1
585105 0
77872 1
177371 1
374986 0
304381 0
34603 1
129316 0
284724 0
237505 0
470586 0
656352 0
817751 0
234112 1
403617 0
716246 1
677200 0
199198 0
840508 1
73666 0
427997 0
815214 1
595963 1
312401 0
973013 0
289871 1
212273 0
535797 1
693818 0
694062 1
112954 0
656290 0
288895 1
497679 1
126166 0
311142 1
915094 1
208898 0
95123 0
760311 1
575791 1
858809 1
241566 1
131035 0
634976 1
694752 1
305775 0
291729 1
386704 1
11295 0
812463 1
839795 0
285061 1
345133 0
307831 0
416403 0
26235 1
204184 0
514338 1
185363 1
807339 0
638792 0
979750 0
954554 0
317106 0
919206 1
331012 0
986008 0
649172 1
389399 0
44811 1
938309 1
19743 1
629329 0
800155 1
649985 1
877122 0
400280 1
137286 0
575338 1
902832 0
489372 0
747148 1
439063 1
471932 1
22740 1
935962 1
409715 0
217458 0
943759 0
386295 0
447735 0
142466 1
923182 1
427761 0
433798 0
329642 0
586031 1
689744 0
153481 1
81344 1
284551 1
885712 1
58003 0
356185 1
509761 1
498265 0
53858 1
408515 0
448019 1
799477 0
415710 1
559615 1
718909 0
970433 1
602392 1
167849 1
340200 0
362783 0
590981 0
462365 1
883749 1
252421 0
481223 0
5438 0
510590 1
136325 1
949810 0
336045 0
833300 1
823264 1
945484 1
574196 0
799856 1
694337 1
854161 0
569225 0
10303 1
421596 1
805625 0
401217 1
439497 0
413413 0
170081 1
187265 1
786816 0
829154 0
79780 0
447828 0
349048 1
410648 1
95431 0
234326 0
646792 0
670528 1
207349 1
196890 1
967221 1
518237 1
762882 0
453533 1
68313 0
629102 1
521602 1
982184 1
36812 0
622940 0
910645 1
505864 0
823107 1
272686 0
239605 1
109097 1
29628 0
595718 0
540136 0
967742 1
926081 0
865627 1
941847 0
628237 1
515111 0
685788 0
101859 1
531337 0
639041 1
250927 1
300486 0
335387 0
243594 0
465174 0
953230 0
978237 0
159793 0
285313 0
442053 1
502001 0
702973 1
793620 0
771800 1
972479 1
798354 1
829603 0
987435 1
612705 1
238462 0
243436 1
43725 1
583281 0
203196 1
819427 0
829884 0
253180 1
400997 0
73706 1
279823 1
678805 1
660929 0
845331 1
298209 1
183129 0
74672 0
663748 0
561360 0
576375 0
802493 1
687871 1
729881 1
299978 0
766040 1
244687 1
304706 0
981200 0
226971 1
50357 1
804938 1
636374 0
849876 1
40325 1
397457 1
851104 0
763735 0
335361 0
480963 0
469516 0
881201 0
282449 0
442084 0
491941 0
211880 0
728441 0
15393 0
681866 0
491574 1
96085 0
903301 1
441507 1
676235 0
4057 0
42958 1
301446 0
282359 1
79390 0
1192 0
441492 1
199598 0
495283 0
158491 1
738604 1
637354 0
185057 1
91241 1
859199 0
198145 0
407221 1
492970 1
793216 0
161418 1
878657 1
587629 0
911322 0
35673 1
20515 1
924770 0
367030 0
201291 0
803875 0
965742 1
153358 0
866311 1
569046 0
709636 0
767330 0
661811 0
779745 0
753117 1
534844 1
280032 1
659860 1
543402 1
562674 0
20015 1
374217 0
846443 0
784389 0
981535 1
779754 0
361255 0
34591 1
857523 0
941961 1
187911 1
360913 0
333708 0
855167 1
484943 1
15416 1
580550 1
829266 1
932680 1
524896 1
334253 1
458401 1
190311 0
352048 1
732396 1
551437 0
71765 0
678906 1
596872 1
422986 0
23147 1
243127 1
398343 0
246867 1
927217 0
93354 1
522534 0
119302 0
384726 0
581517 1
333200 0
763541 0
887249 0
688831 1
14309 1
980181 1
11229 0
951584 0
182366 1
660475 1
736504 0
680563 1
934985 0
951557 1
678352 1
494712 1
685448 1
301581 0
539044 0
348950 0
50815 0
90307 0
517487 0
490535 1
885353 1
843848 0
902360 1
642899 1
900655 0
104334 1
486039 1
486439 0
988524 0
278998 0
369424 1
80436 0
65423 0
734978 1
990432 0
203329 0
107936 0
39141 1
155951 1
557713 0
957067 1
290523 1
381257 1
178005 0
927866 1
875372 0
102168 1
663296 0
286973 1
347206 1
910594 1
912425 0
728699 1
858280 0
500954 0
607879 0
767337 0
600239 1
80782 1
637663 0
459356 1
84022 1
72504 1
517214 1
671471 0
602452 0
623954 0
294223 0
392730 0
563846 0
790074 0
24510 1
614051 1
556252 1
736514 1
448695 1
802841 1
24870 0
517148 1
275625 0
394583 1
708084 1
711157 1
313435 0
744612 1
160679 1
338582 0
966524 1
392960 0
792064 1
114656 1
130047 1
815931 0
149662 0
619204 0
556897 1
469403 0
307503 0
797149 0
145082 1
755397 0
92197 0
12652 1
650226 1
226726 1
771818 0
259041 0
240847 0
165965 0
151631 0
759650 0
412593 1
575834 0
552280 0
835098 0
880695 0
66208 0
880332 0
476011 0
875244 0
637651 1
648825 1
724872 0
410831 1
173290 1
220963 0
105508 1
997381 1
676843 1
545353 0
218973 0
975501 0
195271 1
78969 0
855813 1
907390 0
700080 0
338401 0
795732 0
250380 0
437339 0
599595 1
654958 0
283395 1
105624 1
79412 0
635393 0
281484 0
415068 1
247004 0
68484 0
636921 1
182403 0
927756 0
324941 0
414059 0
82157 1
633971 0
258641 1
408551 0
970849 0
789092 1
926418 1
529897 1
264818 1
422443 0
425999 1
994945 0
734732 0
154566 1
869498 0
935956 0
553457 1
476964 0
340955 1
367982 1
863722 0
169040 1
378851 0
936568 0
908730 1
978236 1
1815 0
204738 1
966517 0
403954 1
306720 0
68047 0
374536 1
91197 1
941087 1
638440 1
631940 0
784461 1
403144 1
11623 1
229752 1
254667 1
743471 0
574380 0
696511 1
604179 0
6377 0
460455 1
260888 1
322682 0
382470 1
339732 1
451759 0
913064 0
303164 0
682119 1
937341 0
709200 0
802525 0
184797 0
340119 0
866218 1
734953 1
952161 1
400413 1
770546 0
734819 0
958949 0
910047 0
144040 1
523777 1
150918 1
163603 1
492577 1
232986 0
576770 0
255990 1
482129 1
398838 0
509863 0
149542 0
661311 1
587449 1
899109 1
876582 0
180239 0
379958 1
418923 1
287235 0
978581 1
500247 1
5570 0
63213 0
617411 0
352254 1
70697 0
245458 0
76598 0
78467 1
538117 0
990279 1
267501 0
182450 0
285175 1
869408 0
512493 0
156613 0
210268 0
984750 0
453365 1
146514 0
31478 0
812195 0
343614 1
942025 0
226161 0
223038 1
742158 1
974104 0
404850 1
159787 1
208266 1
948316 0
131085 1
77435 0
18823 0
352463 0
944422 0
888544 1
195354 1
386051 1
186407 0
741166 0
596553 1
520358 1
248386 0
38306 1
903968 0
850017 0
39287 0
377359 0
777095 1
50161 1
209765 0
253060 1
93509 1
901119 1
245632 1
932227 0
789582 1
610529 1
34471 0
542710 0
599739 1
674142 1
982780 0
372795 1
91199 0
843598 1
621565 1
469174 1
208509 1
666186 0
935278 1
666436 1
65518 1
941172 0
635015 0
520290 1
339790 0
124441 0
789481 0
839257 0
163472 1
845218 1
275326 1
287054 1
127747 1
637574 0
952330 0
772068 0
356372 0
693164 0
142249 1
745836 0
445202 1
473564 0
489195 1
815186 1
40566 0
117687 0
853076 1
623114 0
546048 0
240625 0
727389 1
768673 0
324166 0
581542 0
171383 1
85477 0
754424 0
191476 0
472669 0
648158 1
572810 0
713577 1
932895 0
387328 1
615118 1
851855 1
353439 1
703417 0
77399 1
617479 1
293148 1
684756 0
985051 0
637540 0
584076 1
232461 1
566917 0
824665 1
365906 1
772637 1
462937 0
213273 0
246800 0
953038 1
410771 1
263843 1
871501 1
928099 0
309329 1
638495 0
369918 1
610740 0
145904 0
495632 1
273363 1
182717 0
684039 0
88375 1
209407 0
68543 0
354234 0
65545 0
734135 0
890346 0
76816 1
718164 1
704824 1
749468 0
45433 0
873132 0
469549 1
577272 0
243036 1
355853 1
752744 1
840453 1
462579 0
525688 1
857674 1
645255 0
277713 0
815798 1
320779 0
379879 1
540332 0
365159 0
892858 1
190457 1
527336 0
432943 0
871018 1
602851 0
94291 0
937122 0
517145 1
543583 0
490460 0
396153 1
170671 0
79944 0
165229 1
54539 1
251755 1
67925 1
879721 1
517187 1
784913 0
116527 1
187293 1
761466 1
441295 1
79973 0
344246 0
689172 0
403599 0
762991 1
227175 0
157067 0
341314 0
671609 1
767886 0
535421 0
94846 1
660886 1
837529 1
848473 0
420546 1
235870 1
834865 0
284592 0
437020 0
884996 1
728047 1
271960 0
17601 1
464550 0
877929 0
127634 0
614849 1
832712 1
21959 1
917775 0
651769 0
964561 1
438079 0
9510 1
664677 1
283253 0
32739 1
334516 1
168526 1
988857 0
554928 0
583515 0
509230 1
733156 1
396700 1
428910 1
643674 0
919083 0
938398 1
823356 1
116093 1
533673 1
951748 1
320101 1
921979 1
649457 1
86463 0
75307 0
898288 1
423040 1
24278 1
210766 0
95960 1
407071 0
883471 1
539464 0
107086 1
266293 1
18257 1
223385 0
37401 0
997463 1
312769 1
944720 1
824651 0
748906 1
935315 1
714458 1
831185 1
357991 0
812155 1
591391 0
184927 0
881998 1
442901 1
495038 1
619383 0
681871 0
323152 1
652949 0
785498 0
47646 1
336991 0
690136 1
56952 0
480763 0
374483 1
125918 1
813921 0
99402 0
661708 1
481205 0
679569 1
764062 1
714140 0
259311 1
852945 1
615787 1
684346 1
432288 0
604477 1
289905 1
517605 1
70394 1
791512 1
303537 1
4797 1
15442 0
71514 0
754268 1
671491 1
696931 1
467850 1
257676 1
59566 1
482986 1
154285 0
170338 0
563788 0
569741 1
809306 0
487606 1
675353 1
139287 1
91345 1
891558 1
953501 1
2259 0
461120 0
289463 0
794331 0
920014 1
188273 1
819691 1
515671 0
802402 0
733588 0
680954 0
429931 1
843350 1
434537 1
272862 0
658730 1
381416 1
506956 0
868401 1
420239 0
543720 0
250760 0
325855 0
999202 0
244151 0
838794 1
269345 1
981304 1
444758 1
94475 0
85450 0
881083 1
188978 1
21178 1
874930 0
567763 0
971892 0
461473 0
930293 0
786985 0
836935 1
788324 0
10457 1
489513 0
57933 0
622209 1
733467 1
822158 0
315480 1
327087 0
603900 1
635962 1
624720 1
729702 1
139409 1
207752 1
752713 0
515432 1
60170 1
807690 1
750470 1
884609 1
817475 0
934426 0
962190 0
810309 0
801840 1
289338 0
621561 1
582482 1
779849 1
485009 1
193625 0
220761 1
49433 1
817867 0
595734 1
889543 1
229728 1
443581 0
266461 1
161553 0
392845 1
222753 0
766828 0
546014 1
787771 1
617061 1
216062 0
608470 1
969270 1
643695 0
921816 1
212010 1
203295 1
516221 0
121186 1
488035 1
571455 1
804903 0
434916 0
344396 0
924834 1
267061 1
333781 0
806642 1
961553 1
996623 0
774903 1
999417 0
253091 1
362443 1
602156 1
569578 0
348005 1
503338 0
445090 1
402687 0
175757 1
567332 1
520839 1
338142 1
176433 0
10284 1
87975 0
140167 1
433909 1
410344 1
526149 1
551712 0
17551 0
516172 0
313217 0
687044 0
788880 1
521709 0
306638 1
205719 0
376560 1
33649 0
394502 0
63534 0
61657 1
922415 0
273260 0
611840 0
844904 0
986116 1
645703 1
570260 0
814582 0
243684 1
109150 1
834776 1
789841 0
525202 1
210947 0
407333 1
76393 0
493222 0
257457 0
262136 1
611670 1
466580 0
754643 1
122611 0
672099 1
467726 0
969192 0
685090 0
213778 1
293627 0
460950 1
128169 0
242584 0
806605 1
670836 1
123201 1
854748 1
100121 1
798054 1
402942 0
688100 1
161613 1
878871 1
259038 0
532371 1
440271 1
327047 1
281276 0
672505 1
926671 0
752890 0
763096 0
736320 0
614223 1
655234 1
895151 0
902722 0
185521 1
46983 1
66494 1
422139 1
965156 0
479572 1
848569 1
885577 1
767491 0
737125 0
679612 1
803069 0
557023 1
974775 1
312563 0
459802 0
769989 1
904272 1
567357 1
201266 0
456375 1
757877 1
958378 1
913342 1
219078 0
10004 1
978860 0
427442 0
301019 1
20106 1
488525 0
120871 0
331745 0
12545 1
984460 1
238831 1
806459 1
931962 1
327080 0
446915 1
39595 1
929313 0
422777 1
962270 0
473624 0
950951 0
49915 1
428063 1
494248 1
853078 0
916509 1
348322 0
352513 0
163817 1
856911 0
652752 1
840743 1
284683 1
348279 1
152424 0
473584 1
163924 0
984892 1
517536 1
318016 1
258327 0
573862 1
271136 1
622979 1
236361 0
533459 0
493161 0
610421 0
155190 1
457579 0
747836 0
263747 0
45655 1
326635 1
824743 0
797284 0
473951 1
617131 1
938862 0
810061 1
794384 0
274470 1
318302 0
475564 1
810113 0
143242 0
312915 1
97185 0
432132 1
687309 1
420013 0
189539 0
758875 0
323864 1
52463 0
728101 1
915413 0
376699 0
204295 0
65233 0
54867 0
181434 0
965893 1
665499 0
310790 0
415458 0
450325 1
749202 1
908797 1
938532 1
673933 0
668919 1
564079 1
931833 0
520663 0
909046 0
794422 1
71023 0
239023 1
806684 1
737550 1
704197 1
881405 1
920331 1
903484 1
724300 1
913107 0
869951 0
488932 0
259015 0
712729 1
482496 0
221375 0
971129 1
976501 0
122324 0
121622 1
135292 1
539258 0
476039 0
446070 0
591051 0
1727 0
426017 1
592892 1
180078 0
8863 1
781493 0
567452 0
743526 1
245643 1
202304 1
763347 0
291513 0
432302 0
185267 0
141054 0
814935 1
241339 1
378848 1
87245 0
939417 0
173869 1
490503 0
231247 1
338420 0
523512 1
780840 1
272730 1
392787 0
420082 1
45231 0
765403 0
193306 1
97365 0
699220 0
226635 1
206004 1
861977 0
192627 0
958536 1
614095 0
207750 0
534917 0
96942 1
967923 0
999655 0
930500 1
341940 0
271551 0
380661 0
922113 1
898572 1
620440 1
820220 0
152311 0
951262 0
284284 1
391851 1
730702 1
10285 0
66858 1
35062 1
690503 1
618220 1
652446 0
573563 1
522794 0
30802 1
562611 0
31065 1
612285 0
629468 0
449226 1
27431 0
285382 0
41056 1
846384 0
179484 0
326838 1
825146 0
307871 1
377561 1
957752 1
10019 0
733344 0
258723 0
757544 1
473720 0
900155 0
589034 1
456712 1
461887 0
148332 1
831865 1
4230 1
11540 0
639792 1
447068 1
214446 1
486105 0
948711 0
247186 0
830729 0
823810 1
191635 0
171011 1
87109 1
397402 0
170448 0
658853 0
742694 1
908185 1
485804 1
359546 1
431228 1
567464 0
428869 1
96485 1
999524 1
608168 0
568377 0
22500 1
360809 0
94971 1
766814 0
926724 0
362943 1
362475 0
652170 0
556636 0
440858 0
60142 1
185122 1
81809 1
304517 0
144455 1
239062 1
694477 1
384182 1
950968 1
6043 0
646052 1
358725 1
653642 1
492952 1
685447 1
781388 0
162217 0
344660 0
894886 1
735135 0
246506 1
346719 0
114398 1
392204 1
506131 0
698284 1
837425 1
714956 0
571938 1
154697 1
832574 1
636047 0
61411 0
402320 1
201664 1
678543 1
649989 0
479427 0
369746 0
341990 1
151340 0
708 1
959841 0
672856 1
17056 0
523137 0
682066 1
763142 1
657811 1
291342 0
864129 1
730571 0
515299 1
894961 0
113460 1
110601 1
41964 0
521784 1
169240 0
199093 1
186287 0
227478 1
998405 1
331972 0
833420 0
46392 0
579535 1
419317 0
752126 0
940527 1
226603 0
944050 1
957445 1
580489 1
838794 0
351438 1
403388 0
428854 1
599567 1
660826 0
808676 0
337658 0
948655 0
611965 0
566207 0
417762 0
391071 0
172623 0
51757 1
268352 0
498705 0
642314 0
420562 0
803991 1
730172 0
26720 1
203329 0
548074 0
817936 1
955061 0
686710 0
539844 0
354094 0
500012 1
924119 1
424627 0
929847 1
871448 1
980122 1
884076 1
911622 0
854545 1
320241 1
937165 1
516922 0
484583 1
963074 1
396818 1
599327 0
583636 1
514337 1
459623 1
33080 1
504477 0
456040 1
623685 0
339601 0
760595 0
196375 0
59254 0
48044 0
247683 1
448351 0
247912 0
739355 0
9224 1
106515 1
921137 1
526228 1
472686 0
393971 1
165741 0
857284 1
453461 1
775821 1
63616 1
723693 1
119997 1
513944 1
758471 1
819773 0
447313 1
455379 0
103626 0
654523 1
276220 0
168236 0
100222 0
400313 1
892351 1
875100 1
629266 1
418033 0
61078 0
710461 0
353096 0
161705 0
92507 0
324771 0
144535 0
220135 0
37287 1
223615 1
538354 0
221166 1
623743 1
452722 0
904295 0
755588 0
240020 0
240049 0
322018 0
272223 1
744716 1
663990 0
549879 0
909566 1
255569 1
223049 0
429541 0
33269 0
844979 0
990315 1
16754 1
257314 0
509984 1
135179 0
600350 0
40192 1
934190 0
730896 0
865442 0
203232 0
403431 0
474654 1
567854 1
327566 1
829817 0
281336 0
215401 1
477852 0
122286 1
854644 1
38020 1
950091 0
251423 0
306007 1
304599 0
815846 0
210587 0
633953 1
254916 1
673463 1
667488 0
734925 1
831345 1
128562 1
154215 0
590943 1
297956 0
243788 1
818373 1
341682 0
119706 1
785722 1
288363 1
519189 0
3593 0
224695 0
896663 1
256224 1
695725 0
335724 1
97699 0
393258 1
868394 0
184291 1
709388 1
321269 0
302809 1
110710 0
529444 1
119967 0
672797 1
137539 1
838994 0
92290 0
402918 1
166513 1
285224 0
811770 1
904217 0
974640 1
541758 1
584015 0
221685 0
775850 1
789595 0
656380 1
367393 0
448513 1
343429 1
945752 0
945025 1
138781 1
6233 0
450481 0
667302 0
537426 1
263917 1
318658 0
111791 0
47800 1
386731 0
725563 0
208305 1
184879 1
257380 0
223863 1
999388 0
573651 1
246845 1
24769 1
465605 0
953078 0
376806 1
849558 0
944809 1
998306 1
981190 0
979441 1
600561 0
351764 0
843775 1
277810 0
990698 1
129488 0
147681 0
140369 0
324374 0
787812 0
742103 0
477746 0
57831 1
543683 0
468552 1
634744 1
754886 0
997726 0
455083 0
76997 1
455125 1
819037 0
228320 1
259794 1
885882 1
823860 1
386294 1
384935 0
840125 0
103798 1
257476 0
326657 1
756867 1
260468 0
955990 1
139349 1
881276 0
154463 0
508040 0
428561 1
168149 1
967996 1
18572 0
106350 1
924433 1
690170 1
501346 0
931457 0
968176 0
502142 1
163692 1
762314 1
731232 0
341130 1
790088 0
979163 1
204360 0
399343 0
280808 1
197160 1
216561 0
400703 1
798080 0
669601 0
793464 1
388416 0
940027 1
642755 1
107911 0
615791 0
24208 1
907133 0
523413 1
253365 0
591302 0
367473 0
976927 0
22688 1
952709 1
245805 1
840491 1
782937 1
412949 1
11726 1
106412 0
631151 1
705177 0
421446 1
734697 0
479801 0
974901 1
131709 1
750284 0
502961 0
178848 1
591701 0
686333 1
713471 1
900103 0
702059 1
376040 1
88709 0
833629 0
302480 1
496513 1
682041 0
117199 1
639398 1
244655 0
794812 0
10612 0
954210 0
941947 1
255620 0
20466 0
187185 1
76338 0
894527 1
365274 0
35 1
175570 0
381313 1
876681 0
272458 1
689341 1
969892 1
40249 0
278239 0
666129 0
605262 1
478688 0
568137 1
267569 0
174043 1
402895 1
336891 1
8878 0
420257 0
846401 1
488505 0
178368 1
383867 0
171698 1
193403 1
311742 1
786309 1
710279 1
728212 0
801488 0
60392 0
529484 0
394669 0
755111 1
21169 1
630672 1
975262 1
766635 1
460834 1
878528 0
678548 0
829260 0
708702 1
599666 1
612813 0
936217 1
754220 1
336340 1
751108 1
5198 0
915141 1
227240 0
737090 1
963723 0
330201 1
966829 1
940210 0
378131 1
264298 0
16692 1
836895 0
112936 1
608155 1
307099 0
650353 0
557198 0
751951 0
181691 0
330517 1
743150 0
657931 1
117411 0
215186 1
524065 0
665933 1
676066 1
525420 0
612629 0
943088 0
531213 1
186021 0
17184 1
920094 1
410506 1
518123 1
15304 1
609702 1
650402 1
645448 0
434436 1
943097 0
414619 0
399461 0
598214 0
64457 0
509462 0
512175 1
487263 1
86153 1
86489 1
899702 1
512789 0
709662 0
577410 1
666890 0
231821 1
562094 0
146501 0
790619 1
360103 1
933288 1
158608 1
925816 1
362906 0
602249 0
568978 1
991628 0
388604 0
301982 1
85492 0
321802 0
186356 1
779325 0
416350 0
50880 0
249776 1
308510 0
326036 1
423122 0
851963 1
710470 1
95031 0
845135 1
418774 0
65278 0
550982 0
941963 0
53071 1
417930 1
841496 0
512979 1
659089 1
552507 1
752343 1
567543 1
200301 0
604680 1
476481 0
829036 1
804970 0
160695 0
738420 0
753933 1
832496 1
814703 1
722632 1
879715 0
686758 1
226882 1
547507 1
170908 1
666702 1
435806 1
498110 0
751015 0
241003 0
115367 0
408468 0
236638 1
507141 1
552219 0
823405 1
861732 1
780799 0
803882 1
839789 1
929050 1
239819 1
145180 0
75496 0
253811 1
184261 1
635822 0
304558 1
111950 0
581027 0
760166 0
845119 0
341970 1
81801 0
774947 1
228528 1
282135 1
402105 0
248265 1
301296 1
766960 0
371139 0
961720 1
511363 1
350730 0
984291 0
975350 1
216602 0
573991 0
591151 0
290642 0
68005 1
636842 0
545084 0
66424 1
81980 0
94413 1
961558 0
365128 0
221001 1
594561 0
973547 0
729716 1
481110 0
192030 1
839568 0
129273 0
912614 1
961661 0
155809 0
921543 1
566064 1
350231 1
49516 1
539755 1
557302 1
565377 1
339141 1
549780 1
670230 1
300462 0
829962 1
32368 1
43700 0
340621 0
131264 0
705182 0
687809 0
615313 0
495159 1
215209 0
765450 1
195186 1
507097 0
213625 0
378193 0
660658 0
617843 1
457760 1
516285 0
374501 1
927010 1
506758 1
124596 1
392584 0
75014 1
285091 1
127974 0
567917 0
237860 0
478754 0
166578 0
351946 1
513731 0
860041 1
739136 0
169310 1
247676 0
395919 1
351023 1
71119 1
603907 1
717055 1
93101 0
31078 0
593115 0
313113 0
851627 0
789142 1
868772 0
151966 1
690557 0
230931 1
770414 1
828199 0
617429 1
745392 0
282902 0
642453 0
693914 0
209360 1
195378 1
125505 1
997852 1
740413 1
749381 0
872115 1
991069 0
448855 1
876712 0
579651 1
988054 0
46305 0
972149 0
314183 1
774690 0
470927 1
279443 1
700671 1
360151 1
429217 1
24391 1
431515 0
502535 1
397207 1
367154 1
961515 1
564795 0
788094 0
303777 0
952598 0
816371 0
158093 0
220576 1
919552 0
298002 0
732536 0
960880 0
326445 0
247496 0
888452 0
236501 1
421909 1
667261 0
692035 1
833731 1
409795 1
690506 1
984829 1
597855 1
310169 0
967646 1
274043 1
788014 1
675437 1
410185 1
937782 0
161893 1
85200 1
92445 1
763064 1
105790 0
190866 0
18374 0
678573 0
579013 0
237334 1
655201 1
139938 1
99855 1
782935 1
915340 0
318428 0
467564 1
66309 1
129267 0
425730 0
424405 0
889516 0
622824 1
870163 0
836246 0
124124 0
685112 0
383533 0
901478 0
647744 0
562423 0
35034 0
74150 1
677998 0
971044 1
223360 1
676112 1
159372 1
113199 1
976070 1
5186 1
350655 1
667184 1
3677 0
509075 1
482440 1
664023 0
254394 1
930181 0
492719 0
80304 0
796029 1
718794 1
698830 0
542875 1
560186 1
769361 1
553246 0
938012 0
255433 0
579777 0
712720 0
758370 1
690026 0
965438 1
865331 0
759919 1
173643 1
686007 0
907267 1
820721 0
917820 0
386534 0
427577 0
224309 1
979313 0
757245 1
560777 1
813891 1
174614 0
634192 1
212083 1
318178 1
533706 1
947593 0
684332 1
748266 0
283804 0
192484 0
370217 0
371031 0
569174 0
642730 1
526153 0
803938 0
481911 0
362783 0
470156 1
763247 0
740439 1
150824 1
94788 1
765440 1
493006 1
211723 1
251596 0
203524 0
651330 0
389990 1
555530 1
209893 0
202769 0
478787 0
123187 0
346018 0
25870 0
380234 1
373973 0
69601 1
101319 1
161482 0
674327 0
738378 1
383944 0
625672 0
246452 1
565957 1
769933 0
220495 0
280927 1
8649 1
104349 0
785290 1
480776 1
950676 1
824317 0
817239 1
941492 0
484767 0
749829 0
855876 1
239645 0
454031 0
724083 0
959982 0
840145 0
267556 0
224527 0
150975 0
830513 1
516233 1
158659 1
939493 0
788895 1
98656 0
630641 0
265490 1
201259 1
682032 0
297805 1
628806 1
104857 0
294329 1
101944 1
201043 0
542835 1
607942 1
191158 1
907017 0
287536 0
895785 1
907179 0
835031 1
33838 0
588743 0
476407 0
751020 0
304372 1
191216 0
370843 1
566448 0
879442 1
329093 0
614315 1
955982 1
869175 0
139289 1
501089 0
886232 0
236764 0
585072 0
310592 1
17067 0
235826 1
492131 1
107403 1
819315 0
887259 1
205813 1
933983 0
957373 1
644852 0
81843 1
348214 1
803893 1
513898 0
212241 0
658529 0
321205 1
690620 0
277775 1
117385 1
599892 0
649116 1
649512 1
935302 1
150922 0
33673 1
763753 1
447562 0
979613 1
8556 0
947683 0
976861 1
255288 1
207166 0
94208 1
458328 0
868573 0
222946 1
154214 0
29231 1
845138 0
741466 0
693002 1
458546 1
78007 0
871422 0
533236 1
642892 1
119694 0
619622 1
582105 0
572622 0
487553 1
990858 0
703321 0
503946 1
297364 0
721646 1
580986 1
754739 0
486433 1
785768 0
671353 0
886338 0
436485 0
598249 0
608137 1
557618 0
244870 1
392573 1
751903 0
307352 0
623419 1
212625 1
871122 0
36599 0
462137 0
910092 1
1083 0
763580 0
552155 0
632398 1
657208 1
33743 1
771480 0
203340 1
721116 1
71291 1
947875 0
8344 1
463427 1
680053 1
888170 1
867548 1
300847 1
935119 1
266901 1
993662 1
884777 0
969092 0
96537 1
777942 1
685131 1
330993 1
640442 0
772022 1
618646 0
44526 1
938892 0
102547 0
413538 0
319776 1
695267 0
885065 0
753296 1
490653 1
136705 0
969126 0
514637 0
265338 0
899873 1
932043 1
883369 1
541408 0
606007 0
30298 0
899307 1
102145 1
968736 0
790200 1
600245 1
518601 0
407679 1
897616 1
268611 0
754000 1
31493 0
126647 0
106668 0
399318 1
883191 0
343123 1
347926 1
563354 0
977020 0
735766 1
340775 0
276130 0
362740 0
915828 0
899858 1
110270 1
92209 1
733816 0
651703 1
20588 0
633948 0
370955 1
28652 0
21061 0
957798 0
770265 1
952436 1
655986 1
446917 0
98539 1
504433 0
529457 1
894804 1
707123 0
639955 0
470228 1
467095 0
355057 0
633753 1
523092 1
549530 0
929292 1
128012 1
51593 0
683662 0
672155 1
614267 0
24893 1
349063 1
718332 1
378473 1
605738 0
634719 0
523181 0
210996 0
995414 1
914042 0
302968 0
18641 0
659197 0
817013 1
775631 1
667567 0
132338 1
19607 0
538691 1
560882 0
611931 1
457461 0
100418 0
159196 0
547665 1
740642 0
24970 0
803086 0
403335 0
444580 0
644192 0
505529 1
201950 0
739223 0
799191 1
124906 0
293559 0
675538 0
476066 0
953562 1
845262 0
986585 0
842110 1
121054 1
791803 0
255974 1
438841 0
234835 0
460761 1
94248 0
437635 0
484075 1
486333 1
679518 0
788903 1
660921 1
345592 0
802253 0
928308 1
93819 1
960807 0
303951 1
626728 1
241721 1
478263 1
391841 0
805682 0
858793 0
613977 0
214227 1
192124 1
708596 0
504354 0
577376 1
171542 1
73768 1
58381 0
597303 1
106222 1
216446 1
767340 1
966754 1
948583 1
767372 0
946958 0
919284 0
546228 0
261506 1
445554 0
501708 1
856536 1
886640 0
133103 1
10971 0
327999 0
241007 0
891091 1
359147 0
66294 1
218014 0
564777 1
554198 0
725308 0
437630 0
645947 0
829646 0
754694 1
980861 0
67393 0
960386 0
820911 0
17035 0
798069 0
424491 1
636005 0
13425 1
438907 0
468772 1
942330 1
716456 1
226859 1
19558 1
641754 0
760451 1
155463 1
390843 0
26432 1
535192 1
706777 1
149018 1
700950 0
516648 0
97442 0
899919 1
312928 1
124197 1
588024 0
78939 1
481519 1
494519 0
447206 1
461000 0
696639 1
81603 1
986104 1
996355 0
488479 1
104442 0
479295 1
51157 0
620258 1
617681 1
982596 0
296851 1
530511 1
761847 1
674756 0
270328 0
116420 1
857439 1
731394 0
550165 0
851190 1
228001 1
971921 0
73137 1
501447 0
197893 1
367050 0
407376 0
908285 0
583714 1
668047 1
839529 0
623094 1
396610 1
866162 1
673037 0
979144 1
869762 1
621551 1
412711 0
232018 1
715134 0
504127 1
300056 0
150986 0
578932 1
460846 1
475593 0
810189 1
546422 0
478231 1
732999 1
105926 0
492007 0
485972 0
594673 0
66319 1
239985 0
487974 0
521463 0
506560 1
302706 1
154592 0
381990 0
875802 1
167846 0
799956 0
932288 1
758130 1
732595 1
458844 0
91662 1
469417 0
625363 0
380316 1
33624 0
140886 1
873134 0
37133 0
597666 0
302319 0
161816 0
40703 1
659318 0
684499 0
242881 1
115931 1
189177 0
142421 0
943108 1
167898 0
82756 1
673839 0
599882 0
679009 0
58376 1
952719 1
418165 0
409734 0
806284 1
75462 0
832041 1
298079 1
853622 1
847824 1
875665 1
878923 1
337162 1
619751 1
322917 0
907029 0
570123 0
150528 1
586233 0
876582 1
998880 1
968249 0
184529 0
42427 1
305323 0
569482 1
29825 1
521405 0
828661 1
31890 0
165482 0
725811 0
143352 1
786292 1
188505 0
481288 0
171079 0
599983 0
51995 0
825391 0
691874 0
95890 1
735257 0
500818 1
421048 0
231392 0
866011 0
832568 1
703704 1
266654 1
140087 0
262293 0
367554 1
113244 1
673218 0
880905 1
318189 0
35345 1
603364 0
395290 0
579144 0
524725 0
375890 1
574119 0
85461 1
660632 0
272789 0
501480 1
790999 1
713734 0
470702 0
355423 1
506130 0
786466 1
565155 0
11796 0
545493 1
59993 0
407302 0
537997 1
995203 0
426369 1
446078 0
128678 0
288741 0
908347 1
314566 1
872077 1
241581 1
331997 1
69752 0
815249 1
640721 0
254806 1
861329 0
53612 0
289313 0
582961 1
422207 0
370201 1
297373 1
331254 0
752368 1
624018 0
55406 0
854173 0
858664 1
256320 1
307851 0
293893 0
898739 0
428080 1
953409 1
337761 1
423757 0
517890 1
82163 0
379807 0
803266 1
561379 0
906094 0
396265 1
357257 1
840971 0
490658 1
447096 0
525249 0
384940 1
119636 1
35098 0
612859 1
212305 0
369659 1
91282 0
414196 0
966642 1
901092 1
977024 0
686006 0
535726 1
402412 0
967433 0
459400 0
96765 0
674872 1
931622 0
705155 1
595903 1
648296 1
756315 1
609629 1
973652 1
57087 0
258468 1
110095 1
521426 1
150551 1
633936 1
273697 0
482008 1
38504 1
542725 1
362227 0
474254 1
302605 1
437761 1
690722 1
277283 1
688338 1
319121 0
906800 0
492692 1
428068 1
805423 0
626888 0
592797 0
733729 0
310560 0
958223 1
650932 1
170052 1
570253 1
4942 1
24826 0
847637 0
785767 1
685762 0
65983 0
196276 1
487310 0
990818 0
962915 1
796419 0
668045 0
410751 1
25060 1
144074 0
806034 1
924080 1
582756 0
293813 1
909083 0
660195 0
244848 0
762966 0
828993 1
915942 0
359970 1
379952 1
735140 0
456344 0
802265 1
497394 1
939186 1
887203 0
740939 1
741843 1
240810 1
773940 0
364492 0
542264 0
88394 1
925531 1
713887 0
507410 0
466484 0
526059 1
364483 0
255957 1
194947 1
402157 0
209637 1
730111 0
746666 1
84572 1
396991 0
525453 1
911525 1
124485 1
818083 1
416417 0
400030 1
281248 1
813934 1
392073 1
789355 1
873968 0
726159 0
995268 1
472912 1
631480 1
993880 0
375497 0
949854 1
890945 0
628508 1
191468 0
177994 0
622641 0
329928 0
467281 0
933515 1
549003 0
423857 1
473337 0
854240 0
924592 1
358457 0
152028 1
235729 1
145743 1
714970 1
450999 0
252878 0
168705 0
428450 1
51302 0
510349 0
605993 0
116743 1
219409 0
562667 0
902556 1
276963 1
899082 0
388775 0
31652 0
679245 0
725761 0
436465 1
427671 1
228326 1
558181 0
842896 0
906419 1
229025 0
860274 1
824410 0
297681 1
403293 0
807441 1
894051 1
905572 0
445031 1
187315 0
943699 1
987248 0
451581 0
881987 0
770331 0
239947 0
945849 0
125033 0
151887 0
512781 0
474828 0
107822 1
264985 0
925430 1
396633 0
772797 0
750948 1
449120 1
165487 0
641692 0
825851 0
709149 0
484458 1
905916 1
975893 1
567695 1
970048 0
360979 1
377440 1
40863 0
326110 1
815975 0
504545 1
958682 1
904701 0
618384 0
524308 1
175102 1
226465 0
314292 0
421297 0
825324 0
185038 1
335479 0
889064 1
689223 0
461982 0
587948 1
474647 1
998697 1
177839 0
187800 0
793856 0
322632 0
190577 1
918936 0
991533 1
997037 1
903933 0
799555 1
351064 0
85763 1
293065 1
327617 1
394995 0
649569 0
476069 1
577065 1
80293 0
723876 1
273082 1
666962 1
387994 0
948661 1
293452 0
276348 0
247798 1
417187 0
412975 1
225330 1
640736 1
872688 1
811019 1
557017 0
509504 1
257006 1
714472 0
263371 1
230227 0
359246 1
94248 1
813539 0
131351 1
103671 0
156044 0
942994 1
861475 1
841398 0
236695 1
483481 1
389379 0
25734 0
215100 0
103351 0
582680 1
160902 0
173206 1
179004 1
84504 0
394632 0
867315 0
872308 1
492561 0
114306 0
55204 1
633979 0
926357 1
962193 1
216935 1
800583 1
983500 0
635387 1
276053 0
445616 1
832351 1
831264 0
39043 0
410301 0
408251 0
227733 1
829070 1
738365 0
722196 1
877618 1
966281 1
802047 0
520427 0
105754 1
785256 0
202697 0
894089 1
557330 0
682545 1
104228 0
193180 1
666645 1
407097 0
198476 1
250727 0
428704 0
691943 1
171269 0
816052 1
841954 1
596160 1
796135 0
740689 0
193880 1
941799 0
789935 1
125557 0
231509 1
327719 0
945929 0
133466 1
525165 1
274477 1
914633 1
791338 0
693719 0
52652 0
502075 0
169661 0
673786 0
438863 1
514352 0
319745 0
435778 1
851599 0
214045 1
172682 1
17290 1
396441 1
173329 1
645742 0
596203 1
516914 1
519792 1
425030 1
102146 1
896567 0
721969 0
869657 0
89123 0
221291 0
96441 0
959838 1
747230 0
102911 0
312266 1
942385 1
966068 0
471269 0
537785 0
365029 1
846733 1
441252 0
966298 1
724545 1
52664 0
76921 0
17870 0
515615 1
646060 1
53480 1
683594 0
994688 0
612580 0
834098 1
785652 0
499236 1
2039 0
361519 1
306613 1
46154 1
389591 0
65169 1
347702 1
314562 1
219289 0
188491 1
473248 1
672123 0
271273 1
466451 0
870423 0
472324 1
708024 0
378258 1
434716 0
533531 1
884510 0
561578 1
392172 1
936181 1
585448 0
766653 0
608812 0
813520 1
263130 0
53110 0
916455 1
838683 0
272278 0
462922 0
137919 1
366137 0
493624 0
981910 1
978926 0
393039 0
479545 0
774852 1
546188 0
793857 0
915938 1
94425 1
310449 1
596831 1
342667 1
710860 1
334715 0
547134 1
400639 0
461032 1
845896 0
663858 0
89367 1
808354 0
452543 0
372964 0
869879 0
258989 0
690863 1
484974 0
446750 0
134090 0
635787 1
281695 1
447471 0
776916 1
118230 1
147013 1
630454 1
864816 0
824799 0
61094 0
267107 1
628923 0
513779 0
677590 1
784038 0
509763 1
729795 1
393504 1
220950 1
172515 0
89726 1
520936 1
499894 1
728343 1
670605 0
364419 0
697895 1
175457 0
666418 0
264949 1
319741 0
786364 1
238864 1
240704 0
876893 0
473936 1
179433 0
487242 0
459248 1
942814 0
23268 0
471048 0
5541 1
251166 1
239985 0
780402 1
887996 0
278467 1
82612 0
845243 0
365678 1
483298 0
928548 0
310885 1
251293 1
799633 0
444147 0
182566 0
825605 1
88174 0
534116 1
161274 1
201251 1
582842 0
765731 0
402842 0
90365 0
924928 1
13275 1
104299 1
130398 1
968541 0
75287 0
672912 1
562025 0
123974 1
170540 0
989826 0
959379 1
674298 1
376744 0
258938 0
334917 0
905673 1
343696 1
263900 1
205476 1
866944 1
855556 1
127108 1
417527 0
421955 0
853286 1
946222 1
154335 1
436457 1
305885 1
798592 1
798722 1
114518 1
184179 0
7743 0
763729 0
649850 1
727616 0
814117 1
112695 1
799255 1
666918 1
166721 1
325064 1
908223 0
83700 1
577915 0
505335 0
6725 0
770236 0
305237 0
776797 0
797201 0
750247 0
938167 0
278061 1
191243 1
594170 1
33235 1
205212 0
821825 0
95145 1
410007 0
758734 0
965530 0
28098 0
360268 0
721306 0
514451 0
14362 1
251254 0
335194 1
824753 0
354625 1
993442 0
314104 0
656193 0
74606 0
774574 1
240585 0
253064 0
849172 0
616776 1
250163 0
857845 0
316821 0
899232 1
590899 0
972611 0
586367 0
201604 0
961512 1
922697 0
453336 1
756686 0
466384 1
913855 0
240059 1
79208 1
869937 1
312467 0
511905 1
780718 1
34229 0
912424 0
395255 1
492416 0
836574 0
900773 1
651719 1
155440 1
883555 0
68541 1
361236 1
559277 0
950106 0
890013 0
440616 0
588037 0
722397 1
483159 1
598474 1
580517 1
521120 1
645815 1
791900 0
574425 0
404608 0
736438 1
935996 0
473256 1
42051 0
451711 1
293097 0
677710 0
910206 0
817553 1
138397 0
208915 1
302215 0
679012 0
727100 0
877804 0
346530 1
561532 1
18670 1
4171 0
318498 0
786447 1
647145 1
704920 1
294221 1
658830 0
47673 1
855832 0
860531 1
335143 0
169733 1
859494 0
72202 1
782694 1
422931 1
526754 0
886811 1
528240 1
768951 1
942768 0
262094 0
395792 0
487804 0
725272 1
256123 0
97015 1
607878 0
390456 1
312051 0
433363 1
522649 1
395170 1
599946 1
635523 0
516001 0
130118 1
309893 1
436546 0
537172 1
527354 0
25925 1
28680 1
479727 0
806290 1
699921 1
569964 1
308733 0
648992 1
143303 0
179970 1
134564 0
127456 1
179475 0
497484 0
815894 1
757843 0
607502 0
740232 1
163203 0
335742 1
806841 0
250236 0
439868 0
363668 0
969606 0
860757 0
829707 0
395438 0
700134 1
801703 1
69830 0
616249 1
379788 1
231987 1
38487 1
351881 1
264895 1
558695 0
643132 1
290812 0
811845 1
232098 1
349786 1
564201 0
306742 0
746398 0
480251 1
194230 1
938706 1
412229 0
915979 0
46380 0
813179 0
168767 0
74747 1
564570 0
209209 1
344086 0
585293 0
942906 0
889248 0
103609 0
883339 0
761602 1
39876 0
940384 1
382229 0
326212 1
716190 0
238321 1
583131 0
45677 0
953081 0
941874 0
788001 1
564930 1
453246 0
538671 1
498810 0
960235 0
359929 1
388913 0
589636 0
799204 0
144788 0
818909 0
767690 0
849922 0
150484 1
785655 0
495370 1
423749 1
669264 1
573384 1
998224 0
886841 0
425372 0
27439 1
825308 1
832320 0
55737 1
547345 1
414748 0
795577 0
123853 1
445734 0
967741 0
371675 0
884379 0
268055 1
864703 1
352401 0
119919 0
784374 1
406055 0
864048 1
624265 1
575339 1
88535 1
719819 0
336185 1
901812 1
321466 0
339431 0
497299 1
464908 1
655102 1
884381 0
870602 1
830937 0
538700 1
820943 0
919323 1
388445 1
938047 1
518411 0
219380 1
718449 0
676986 1
684277 1
221040 1
352942 1
580246 1
682788 0
289245 0
284285 0
663662 0
413662 0
748037 1
362766 0
187295 1
688662 1
147199 0
781495 1
554772 1
466344 1
11669 0
769227 1
926701 0
341957 1
479381 1
230197 0
173299 1
640324 0
900747 1
369651 0
218303 0
928006 1
662643 1
44119 1
441146 1
746151 1
7000 0
410287 1
360381 0
935324 1
952647 0
481706 1
686022 1
261162 1
904614 0
77059 1
105208 1
10476 0
526382 0
264715 0
930475 1
979319 0
519737 0
36212 1
387424 1
145875 0
726122 0
909453 1
268433 1
503929 1
829622 0
83964 1
222749 1
59204 1
409283 1
928508 1
985348 1
747877 0
781617 0
731464 0
978041 0
201501 0
689754 1
742992 0
359562 0
962240 0
940312 0
809061 1
953832 1
143862 0
57272 1
908182 1
751208 0
910776 1
780050 1
41114 1
338503 0
215996 0
449666 1
113136 1
949648 0
788211 0
661393 0
578917 0
758203 1
226840 1
930188 1
238340 0
830266 1
322657 0
551019 0
982260 0
53518 1
593343 0
966875 0
261564 0
946564 1
786122 1
569211 0
714611 0
448316 1
969930 1
358861 1
913645 1
733121 1
956275 0
605328 1
695305 0
592161 1
35006 1
88366 1
635867 1
630619 0
705975 1
541345 1
322169 1
438270 0
986645 0
209784 0
950685 1
727456 1
127862 0
710033 0
800597 0
828542 0
265213 0
839101 1
565644 0
47940 1
626666 0
515265 0
64758 1
342674 1
134608 0
994345 1
231721 0
46776 0
248121 0
758139 0
280677 0
778692 1
657184 1
478670 0
578951 0
32048 0
40710 1
248967 0
51462 1
941404 1
638211 1
572525 0
164586 1
796914 1
714599 0
221127 1
563493 0
740063 0
460366 1
946388 1
708142 1
729951 1
762806 0
986454 0
640743 0
473205 1
713388 0
928915 0
610389 0
139959 1
463618 1
48908 0
13175 0
947109 0
225290 1
825733 1
582877 1
789996 1
107988 1
794142 0
152096 0
503035 0
925323 1
421637 1
362308 0
691436 1
66122 1
718332 0
91880 0
562928 0
793744 0
518119 1
728525 1
358036 1
793233 1
984503 0
469386 1
758648 0
325843 1
740831 1
630256 1
372854 0
579778 1
934967 1
640 1
756443 0
958240 1
931724 1
840253 0
405928 0
882976 1
319632 0
293636 0
591950 1
432079 0
547458 0
805752 0
843757 0
47088 1
911714 0
608187 1
230422 0
876335 1
152691 0
769994 1
482704 1
436583 0
608676 1
320649 1
338012 1
271499 0
421071 0
246794 0
514502 1
239531 0
593092 1
710827 0
365180 1
892420 0
356009 1
85898 0
627108 1
257596 0
740192 1
906433 0
889346 1
248497 0
923265 1
180831 0
460651 0
777826 0
147589 1
271927 0
938002 0
608533 0
824011 1
174031 0
159699 1
118046 1
944630 0
520282 0
356631 1
32203 0
535675 1
579287 0
841922 1
849945 0
482952 1
37044 1
883953 1
414660 0
605589 1
824907 0
573945 1
223730 0
29644 0
988548 1
675890 1
869555 0
557566 1
63890 1
206523 0
250024 1
959177 1
941546 0
661957 1
686109 1
153629 1
295060 1
836897 1
85255 1
384649 0
786637 0
174816 1
327876 0
185625 0
909094 0
114904 0
17213 1
380239 0
255269 0
343619 1
19777 1
202336 1
345963 1
630666 0
571744 1
874042 0
379647 0
915933 1
923479 0
11519 1
96265 1
755261 0
886472 0
115467 1
374901 0
172538 0
167053 1
591175 1
174416 1
605814 0
691669 0
719567 1
541108 1
774936 1
437258 0
714610 0
873415 0
207368 1
295945 1
583888 0
794439 0
759435 0
690384 0
724551 0
772739 0
62648 0
210508 0
395129 0
569428 1
586176 0
869288 1
108435 1
838425 1
948870 0
551762 0
822274 1
869721 0
795308 1
393136 1
320265 1
832141 1
351864 1
509789 1
802088 0
552438 1
726339 1
821576 0
157238 0
958222 1
37135 0
876457 1
262684 1
954772 1
334976 0
594723 0
613261 1
531918 0
623480 1
371476 0
966030 0
796303 1
328838 1
779183 1
646384 1
523247 1
501565 1
996991 1
687165 0
221766 1
722444 1
334802 0
863205 0
993639 1
355246 0
197042 1
16017 1
759378 0
89681 1
431124 1
644263 1
111295 0
932299 0
561524 0
964194 1
295575 1
872554 1
497067 0
98983 1
796776 0
152566 1
489292 1
48070 1
584279 1
757443 0
557733 1
953313 1
485892 0
876911 1
519084 1
230399 1
36837 0
401510 0
522230 1
580644 0
712950 0
69769 1
417436 1
924480 1
383327 1
792577 1
55604 1
886968 1
292806 1
474505 1
944354 0
450548 1
9135 1
850157 1
747285 1
752166 0
201081 0
620666 0
714361 1
900249 1
709582 0
480206 0
88155 1
613607 0
5263 0
977041 0
84846 0
457345 1
284362 0
624743 1
217607 0
19174 1
641493 0
566969 1
501428 0
534164 0
943163 0
157078 0
726825 1
461171 1
31091 1
256125 1
706594 1
192383 1
532159 0
542986 1
55947 1
35408 0
559113 0
774572 0
226332 0
421183 1
162788 0
390208 1
70531 1
801643 1
181064 0
828985 1
747304 0
534428 1
888101 0
105820 1
200452 0
58375 1
827006 1
277961 0
230515 0
705889 0
984414 1
925925 1
113711 0
984589 0
324269 1
232300 1
999925 0
320140 1
830482 0
781079 1
716531 0
849313 1
739508 1
173837 1
400961 1
985190 1
424316 1
989474 1
469358 0
331181 0
532753 1
868683 1
812366 1
255663 0
317133 1
63656 1
951478 1
783014 0
915828 1
511649 1
167476 0
40673 0
296195 1
303100 0
628281 0
39487 1
798526 0
385159 0
272411 1
340116 0
693423 0
821161 1
217884 1
849058 0
201267 1
580850 1
82549 0
260499 0
970921 0
179096 1
734754 0
662943 0
897863 0
859550 1
130950 0
818582 0
776121 0
550035 0
296790 1
633159 0
989319 1
622617 0
869658 0
707592 1
436740 1
654518 0
855533 0
734683 0
99661 1
219768 1
951149 0
17451 0
209307 1
678747 0
439643 0
414970 0
249855 0
70300 0
644862 0
351873 1
300147 1
655183 0
187629 1
435721 0
503952 0
215446 0
63108 1
394081 1
310663 1
323471 0
117294 1
546595 0
939818 0
857843 0
486373 0
479273 1
486908 0
155084 1
262124 1
956091 0
740525 0
431401 1
543399 1
318644 0
602110 0
681441 0
59357 0
288443 1
736924 0
244561 0
903869 0
399717 1
939899 1
807458 1
780287 1
910875 1
849311 1
51235 0
605588 0
982628 0
469600 0
836811 1
317388 0
548014 0
402499 0
803468 0
943217 0
632773 0
695779 1
273119 0
264958 1
120592 1
4299 0
720382 0
292681 0
710434 1
972208 1
928728 0
738125 0
278684 1
136165 1
875181 0
252789 0
977811 1
46442 1
413832 0
827312 1
399018 0
149137 1
431774 0
894638 0
604312 1
274513 1
717424 0
98928 0
702412 0
7163 1
412101 0
284047 1
246207 1
804416 0
369319 1
208370 0
568076 0
222891 0
180035 0
681271 0
811566 0
86768 0
205871 1
268000 0
20199 0
203737 0
980398 1
824124 1
783114 0
7877 1
129303 1
787012 1
380102 0
759723 0
845349 0
526882 0
371598 1
58624 1
843706 0
278330 0
631584 1
186182 0
338277 1
580615 0
938044 0
640439 0
923208 0
502002 0
129217 1
640009 0
84360 1
392763 0
309992 0
545099 1
21818 0
911920 1
743207 0
592235 0
552374 0
10390 0
590920 1
323575 0
867374 1
748170 1
668701 0
699052 0
572902 0
169869 0
196227 0
805165 1
98248 1
748886 1
615139 0
279438 1
5650 0
620872 0
133657 1
660834 1
665012 0
589472 0
719016 0
421149 1
932010 1
447127 0
765049 0
592682 1
662674 0
124655 1
249996 1
899422 0
694791 1
665631 1
77957 0
617406 1
596036 0
474471 1
208001 0
69475 0
834646 1
560351 0
175385 0
369938 1
319025 1
303125 1
678452 0
476651 1
125988 1
302801 0
650692 0
704723 1
287171 1
770245 0
614752 1
957179 0
134269 0
161971 0
498708 0
65579 0
80239 1
274059 0
801705 0
466821 0
460708 0
240885 1
375137 1
199874 0
572273 0
141080 1
213907 0
286978 1
215048 0
924381 1
235468 0
336732 0
468091 1
667838 1
13981 0
873460 0
455056 0
753814 0
649942 1
916772 0
168614 1
438103 1
940067 0
791132 1
682996 0
866848 1
899125 1
939352 0
494934 0
158532 0
790723 1
314809 1
893492 1
958073 0
471891 0
694173 1
531496 0
722864 1
231193 1
403179 1
675584 0
20777 0
491777 0
228967 1
693183 1
209687 1
427920 0
724618 0
226273 0
989017 1
462363 0
92670 1
328216 1
122577 0
857675 0
941454 1
497777 0
902225 1
297873 1
563378 1
20467 0
822480 1
64313 0
971769 0
445673 0
569398 0
928669 1
165974 0
788870 1
44571 1
788148 1
435687 1
379283 0
168275 1
827352 1
761841 1
528264 1
605609 1
628578 1
22298 0
553000 0
715376 1
740696 0
521177 0
21276 0
752745 0
301165 0
710064 0
59738 1
415486 0
342679 0
828936 0
542226 1
195610 1
854027 1
323101 1
110663 0
901665 0
466768 0
899399 0
59758 1
91796 1
442451 1
190442 0
806202 1
549085 1
68171 0
189366 1
282357 1
58743 0
381141 1
725665 1
844890 1
215088 0
868847 0
709774 1
916836 1
766123 1
153492 0
224741 0
98261 0
767118 0
663109 1
241018 0
433370 1
192617 0
755926 0
981143 0
125911 1
534487 0
22203 0
67281 1
86682 1
709922 0
480230 1
37212 1
206697 0
569373 0
202248 1
309805 0
495169 1
601307 1
1465 1
473093 0
5224 1
335594 0
66037 0
751061 1
345506 0
7944 0
150655 1
842381 1
586322 0
759785 1
653939 1
878464 1
839501 1
930269 1
861218 0
927585 1
550844 1
152289 0
147353 0
55615 0
690075 0
519735 0
957929 1
872307 1
763474 0
915881 0
664648 1
712491 1
735008 1
831255 1
969596 1
317907 0
456600 1
79643 0
521132 1
128160 0
454404 1
346909 1
591914 1
767399 1
684348 1
299564 0
568522 1
797143 1
825022 0
534418 1
665679 1
155071 1
261371 1
977997 1
510948 0
359655 1
205709 1
356476 1
809576 1
942311 1
552605 1
313413 0
214881 0
377522 1
351252 0
310723 0
995546 1
175827 1
496565 0
452073 1
293051 1
656133 1
46965 0
955902 0
337004 1
653624 1
281060 1
876639 1
79254 1
17782 0
14337 0
230218 1
935494 1
25283 1
453168 1
950928 0
641352 0
797287 0
787018 0
3531 0
936536 1
852195 0
333798 0
476965 0
709931 0
9130 0
258547 0
794819 1
467471 1
427807 1
337350 0
834956 1
748642 0
659004 0
249352 1
88602 0
710840 1
865408 0
256918 1
104489 1
124133 0
236523 0
590328 1
574655 1
405268 1
282981 0
606720 1
204366 1
301331 1
260869 0
766705 1
39907 0
267799 0
687972 0
522692 0
875281 1
661010 0
559894 0
711765 1
275570 0
526295 0
587361 0
572487 1
218575 1
622579 1
942811 0
379850 1
566673 0
664649 0
512770 0
216948 1
776998 1
798996 0
750335 1
815740 1
310534 1
901547 1
42461 0
880052 1
36599 0
479909 1
211904 0
604669 1
829255 0
743502 1
835409 1
58546 1
579732 0
458316 1
223179 0
793746 0
502776 0
925541 0
244580 1
648433 1
295633 0
590700 0
57799 0
25053 1
987836 1
525469 0
503565 0
982383 1
375062 1
534047 1
264360 1
647893 0
357771 1
46126 0
372624 1
995816 0
718811 0
108109 0
931356 1
527023 1
699359 0
749057 1
651097 0
575296 0
513786 0
894062 1
622685 1
308583 0
223109 1
494012 1
62488 0
52967 1
931512 0
155005 0
301785 1
962020 0
779112 1
336151 0
683832 1
203729 0
966592 0
827756 0
684139 0
763169 0
894092 0
200852 0
71858 1
298407 1
245806 0
517824 0
237116 0
424369 0
70909 1
925658 0
113379 1
10395 1
88942 0
83009 0
370229 0
115151 1
902859 0
857150 1
534422 0
955849 0
224468 1
815190 0
954514 0
924028 0
114693 1
534078 0
548253 0
494873 0
454066 1
516115 0
226183 1
434604 0
142351 0
583047 1
853682 0
280964 0
257101 1
105665 1
38500 0
995378 1
505154 1
786538 0
562955 0
143867 0
49256 1
144782 0
688208 1
477631 0
860787 0
846608 0
772880 1
520024 1
849955 1
370337 1
517826 0
482086 0
986815 1
329283 0
674845 1
744336 1
775537 0
793198 1
684983 1
978875 1
384062 0
449805 0
687888 1
410488 1
44335 1
708142 1
497201 1
59844 1
908845 0
997544 1
546067 1
371688 0
320789 0
389124 0
396202 1
191723 1
800421 0
472829 0
456607 0
356435 1
822470 1
840841 0
665250 1
340924 0
119992 0
37273 0
913914 1
84697 0
715820 0
492777 0
287735 0
599593 1
454648 1
4115 0
813596 0
914286 0
164266 1
964410 0
92508 1
778983 1
242712 0
782178 0
882627 0
907778 0
832000 0
200163 1
48783 0
45474 1
131485 0
61620 1
147049 1
412799 1
739366 0
614168 0
573573 0
165366 0
721260 1
445279 0
738983 0
534276 1
414552 1
342955 1
671721 0
215501 1
653686 0
601379 1
180815 1
338272 1
473923 0
528969 0
908965 0
720610 0
636655 0
966655 1
747710 0
724367 1
378219 0
513365 1
609450 0
774542 1
526871 0
734308 0
932483 0
936310 0
731059 1
88004 0
288355 0
63312 0
758490 0
253327 0
335842 1
143449 0
957137 1
683143 0
911873 1
383258 0
458988 1
178097 1
205090 0
489370 1
117249 0
120196 0
419672 0
502965 1
111175 1
533125 1
422954 1
967081 0
898422 1
351309 0
310541 1
743841 1
892749 0
486860 0
255070 0
690394 0
875567 1
502640 0
401273 1
486337 0
268095 0
11869 0
316590 0
143125 1
367205 0
610639 1
264650 1
574245 0
155447 0
885923 0
401989 1
404347 1
231183 0
213402 1
534616 0
237573 1
215528 0
72331 1
304608 1
451001 1
664997 0
839651 0
416661 1
702634 1
881927 0
179779 1
351073 0
72067 1
165592 1
454968 1
322706 0
55215 1
209283 1
275626 1
880291 0
407880 1
645580 1
62390 1
209872 0
471833 0
788740 1
358692 1
239003 1
864862 0
443152 0
213485 0
458364 0
598113 1
759737 1
415450 0
760966 0
39525 0
619362 1
746253 0
717246 0
658599 0
393851 0
933515 1
501297 0
475112 1
590458 1
202011 1
672794 0
959545 1
358252 1
740630 0
615988 1
20856 1
23610 1
475344 0
313189 0
129841 1
33437 0
628385 1
475995 1
946408 1
819804 1
356564 0
747567 0
500253 1
498073 0
561415 0
923112 1
583912 1
967133 0
600311 0
608345 1
266223 1
6869 1
58600 1
899499 0
153012 0
380763 1
793399 1
488651 0
424512 1
10379 0
494915 0
122342 1
471318 1
885823 1
632192 0
160073 0
366639 1
731869 0
802626 1
663226 0
549827 1
721047 1
94737 1
775852 1
142252 1
507669 0
369262 0
46286 1
842442 0
960472 0
793006 1
224253 1
262681 0
750425 0
597472 0
340877 1
479617 1
36249 0
184916 1
964859 0
67979 0
791461 1
773184 0
34125 1
236346 1
232324 1
879994 1
717764 1
520175 0
723714 1
511461 0
481791 1
257435 1
301497 0
552497 1
267161 0
107247 0
422203 0
151357 1
364723 0
509861 1
398332 1
60879 1
227972 0
676423 1
498902 1
521515 1
871944 0
925156 0
422154 1
931875 0
519151 1
259532 0
75973 0
171207 0
388035 1
999548 0
134752 0
505555 0
798481 1
901690 1
428289 1
193964 1
747530 0
457851 0
909131 0
660810 1
600593 1
293578 1
865279 1
277981 1
41021 1
314104 1
892964 1
564618 1
534052 1
975062 0
217710 1
137639 1
680800 0
519519 1
125008 0
517507 0
865993 1
814018 1
534497 0
986863 0
256634 1
919468 0
808502 0
759626 1
276820 0
153333 1
827998 1
309827 0
185002 1
106922 1
730819 0
698814 1
422451 1
67783 1
636391 1
311438 0
45669 0
934314 1
485490 0
424999 1
853750 0
99447 1
817557 0
140983 1
862682 1
2825 1
201096 0
409860 1
308931 1
724707 0
955195 1
597771 0
596673 1
452992 1
973841 1
210047 1
563606 1
255171 1
449259 1
466349 0
810981 0
928566 0
514220 1
212579 1
470843 1
927171 1
684584 1
523698 0
949059 1
282360 1
76245 0
691638 1
200504 1
987602 0
151722 1
758546 1
688327 0
908414 0
41281 0
687577 1
549200 1
540970 1
241504 1
43004 1
648156 0
512720 0
16832 0
860541 1
598713 1
172776 1
528780 1
768319 1
126041 1
107609 0
433749 1
348784 0
594435 1
955061 0
727677 0
997942 1
580376 0
530808 0
230220 1
200710 1
10908 1
360137 0
891939 1
548242 0
79062 1
460091 0
953626 0
262109 1
901116 1
192339 0
821497 1
720361 0
640000 0
636581 1
813533 1
829180 1
110041 1
757505 0
608659 0
985491 1
413162 0
259477 1
867771 0
535744 1
734950 0
362481 1
954068 0
189554 0
781903 1
360669 0
232647 1
492513 0
759176 0
752205 0
39101 0
329297 0
225244 0
971476 1
974941 0
838484 1
409439 1
789096 0
38548 1
880633 1
374202 1
439439 1
716290 0
73586 0
308955 0
40601 0
25512 1
468084 1
956469 0
834959 0
937297 1
750586 1
988116 0
710387 0
880661 1
656967 0
52488 0
240908 1
865459 1
744038 1
326117 1
891775 0
577663 0
639193 0
569169 0
50462 0
109091 0
865102 0
125325 0
694330 0
669775 0
251341 0
903733 1
448114 0
773530 0
129823 1
955136 0
155654 1
440730 0
454629 0
460583 1
875009 1
208572 1
999146 1
125687 0
718231 0
760727 0
458122 0
951149 0
493649 1
597800 0
201361 1
357329 1
40339 1
988755 0
123431 1
397544 1
725715 0
16370 0
962037 0
711952 1
331295 1
980194 1
697714 0
250941 1
441382 1
415276 1
500894 0
376338 1
354324 1
509597 1
571750 1
221561 1
473022 0
203694 1
139658 1
200011 1
518665 0
644235 0
667745 0
661411 1
194496 0
802967 1
264827 0
136664 0
165739 0
849029 0
215534 1
589426 0
501480 0
39836 1
476650 0
40375 1
165571 1
441529 1
162414 0
787137 0
82544 0
504183 0
949336 1
633736 0
843576 1
981547 1
536281 0
176146 0
863500 1
342431 1
95012 1
793695 0
131359 1
793949 0
894476 0
664601 0
365176 0
908078 0
107303 0
234977 0
305816 0
380654 1
794652 1
587109 0
704112 1
690683 1
96132 0
381016 0
352003 1
18901 0
531852 1
527773 1
372541 1
576883 0
705449 0
454104 1
990251 1
60892 0
662385 0
65674 1
750621 0
203345 1
43662 0
318421 1
705774 1
898369 1
348856 0
415692 1
673015 0
611873 0
802451 1
38469 0
934052 0
954802 0
208976 0
29616 0
342782 0
36594 1
14615 0
460017 1
422941 0
488604 0
760953 1
923148 1
664483 0
823285 1
514248 1
369967 1
935466 0
83868 0
689778 1
419432 1
242616 0
860543 1
381322 1
972066 0
583678 0
243395 0
685789 1
37526 0
717654 0
146636 1
410596 0
614755 1
66583 0
116869 0
818263 0
490054 1
92234 0
820776 1
997329 0
828540 0
222706 0
169858 0
519495 1
584014 1
973055 0
621555 1
215303 0
106296 0
235748 1
495430 1
878457 0
967940 0
110547 0
656020 1
727544 0
879889 0
71030 0
898173 1
779616 0
515971 1
568773 0
636501 1
504826 0
169298 0
728796 0
472280 1
847175 0
255557 0
565429 1
275509 1
332631 1
754207 1
201946 0
96356 1
988256 0
809963 0
630924 0
474704 0
543477 0
230373 0
815906 0
298179 1
480899 0
12829 0
23189 0
774857 0
403175 0
884246 0
300369 0
713077 0
24584 1
103078 0
518771 0
872089 1
308575 0
681292 1
180770 1
470254 0
136691 1
855377 1
766244 1
977913 0
407468 1
188882 0
862574 1
576979 0
200575 1
942690 1
944958 1
708344 1
463297 1
818735 0
678249 1
256967 0
233738 0
796584 0
657231 1
166888 0
672018 0
981208 1
964241 0
661755 1
540721 0
443329 1
925596 1
43755 0
179930 0
531612 1
504447 1
673529 1
963131 1
422787 0
207285 0
502304 0
623430 0
132973 1
16739 1
510762 1
342441 1
588630 0
121165 1
213167 0
264523 1
18606 0
844267 1
55905 1
880525 0
180182 0
315297 1
495688 1
60842 0
132247 0
736662 1
40440 0
209221 0
122160 0
878043 1
297039 1
289560 1
624969 1
895687 0
81474 1
355705 0
207839 1
824931 1
382638 1
653058 1
423749 1
476524 0
886231 0
715 0
190906 0
270685 0
935639 0
909437 1
974676 1
737376 1
343337 0
797629 0
696393 0
938554 1
141043 1
846902 0
478627 1
743277 1
992657 1
201257 0
205191 0
239590 0
302646 1
92843 1
989328 0
513166 1
704740 1
178808 1
576372 1
987363 0
796795 0
460836 1
800839 0
280598 0
842104 0
6874 0
278575 1
763731 0
380730 0
286339 1
158593 0
152695 1
573100 1
931940 1
417920 0
292963 1
340119 1
843885 0
88204 1
683017 0
310172 1
618357 0
341219 0
758154 0
83334 0
287451 0
460516 1
9322 1
976791 0
36793 1
334956 1
578773 0
237271 0
718308 0
224127 0
755534 1
226463 0
857807 0
965953 0
666697 1
511579 0
43305 0
492497 0
383035 0
320826 0
81597 0
61650 0
790359 1
490850 0
805603 0
352314 0
534594 1
533548 0
657039 0
179638 0
404141 1
464961 0
815699 0
790399 0
366214 0
36989 0
93909 1
37382 0
157508 1
20122 1
325301 1
551810 0
765196 0
799670 0
60179 1
836046 0
321049 0
137761 0
64019 0
610334 1
816468 0
955070 1
306857 1
931105 0
311207 0
591577 1
660201 1
183378 0
555876 1
259608 0
853088 1
442525 1
32268 0
408541 0
949408 1
826019 1
216380 1
397991 0
818625 1
951268 0
469470 0
817252 0
549813 1
849421 1
441927 0
972399 1
881625 1
74261 0
866753 0
963585 0
72147 0
957925 0
67223 1
543117 1
281161 1
883260 1
667093 1
902689 1
55957 0
663208 0
202460 1
227512 1
925306 1
589714 1
99733 1
635943 1
605017 1
526728 1
696546 0
57298 0
484078 1
83441 0
514371 1
692343 1
171361 1
29178 1
738901 0
497982 1
709913 1
742404 0
103172 0
369218 0
588529 1
154297 1
605394 0
503738 1
902677 1
847758 1
986060 0
540609 0
121364 1
901759 0
437259 1
694545 0
532364 1
504825 1
496620 1
439298 0
174685 0
496942 1
111186 0
249403 1
276975 0
395119 1
441782 1
141678 0
943698 1
156429 0
215107 0
826644 1
823044 1
996309 1
158624 1
865909 0
922031 1
546911 1
407161 0
842185 0
77090 1
272639 0
616904 0
256678 1
135959 1
215038 0
471491 0
859839 0
8817 1
876886 1
448928 0
749842 1
163839 0
950847 0
162334 0
789389 0
584108 0
947105 1
912579 1
627647 0
111651 1
498610 1
388929 1
595882 1
620533 0
120182 1
320392 0
305067 0
439284 1
911147 1
260540 0
297481 1
544037 0
392693 0
386475 1
943528 1
36529 1
795853 0
631674 1
647104 0
338452 1
680625 1
734332 0
895090 1
220596 1
153448 1
74952 0
144456 0
651549 1
289450 0
260595 1
567972 1
428016 0
255246 1
401089 1
222312 1
97076 0
362353 0
756782 1
212064 0
486574 1
984044 0
432930 1
742771 1
281534 0
564983 0
979004 1
879106 1
731486 1
16790 0
720276 1
917922 1
959257 1
795401 1
603608 0
618203 1
917299 1
733212 0
647143 1
474664 1
835949 0
317715 1
191773 1
332910 1
788925 1
600530 1
503067 0
821350 0
436614 1
815110 1
821977 1
506756 0
779136 1
951492 1
744842 1
106732 0
261378 0
391002 0
326252 1
338416 1
390054 1
461872 1
203476 1
76795 1
105153 0
724104 1
559624 0
621916 1
191024 0
798835 1
574401 0
420746 1
342590 1
676759 0
508778 0
268167 0
818686 1
519738 0
81799 0
361347 0
410939 1
361691 1
431256 0
573176 1
419998 1
671933 0
194835 1
422139 0
59504 1
333646 0
767611 1
844751 1
686495 0
628581 1
994456 0
404741 1
53990 0
39452 1
508382 0
512248 0
178704 0
794911 0
919602 0
867841 0
138713 0
561601 1
418518 1
421288 1
333501 1
296294 0
162404 0
146670 0
520537 0
63775 1
193480 1
744163 0
998075 0
526135 1
901047 1
428857 0
496414 0
701428 0
590809 0
549759 0
751585 1
166450 0
58043 1
596509 1
523149 0
589977 1
443474 1
337727 0
34521 1
798421 0
139510 0
623473 0
874208 0
136214 0
400984 1
834724 0
187410 0
562133 1
572379 1
434740 0
554623 1
677375 0
860243 0
103527 1
323049 0
648604 1
77653 1
905964 0
807427 0
488972 1
425586 1
887228 0
879786 0
790103 0
42819 1
454300 0
259472 1
763750 1
842592 1
110190 0
32383 1
309030 0
646142 1
929453 0
883630 0
548922 0
591915 1
386355 0
884982 0
908785 1
932736 1
444376 0
356462 0
566846 0
414811 0
46335 0
280094 1
570086 1
850003 1
605189 0
692113 0
342304 1
550599 0
759460 1
238571 0
707826 0
944080 0
820261 0
762387 0
769424 1
768433 0
593060 1
956475 1
400707 1
146796 1
114483 0
667997 0
475724 1
548030 1
840009 1
37769 0
846535 1
522586 1
420991 1
873456 0
137957 0
197771 0
376090 1
263808 0
935051 1
641159 1
154012 0
737030 1
585534 1
64202 0
201449 0
63436 1
299360 0
821102 1
172316 1
233556 1
637786 0
693703 1
148981 0
819373 0
854292 0
678062 0
222611 0
239395 1
255322 1
334200 0
242732 0
603557 0
955686 1
916646 1
994056 1
529057 0
503372 1
54159 0
988638 1
183348 1
84573 0
608728 0
112616 1
819358 1
977576 1
915830 0
656357 1
449668 1
266050 0
790657 1
390779 1
425301 0
701629 0
797229 1
139457 0
986809 0
113892 1
873474 0
967953 0
400361 1
917354 1
617487 1
484889 1
485660 0
134822 0
665921 1
318229 0
590619 0
293232 0
952081 1
877896 1
565024 0
187673 1
116933 0
372489 1
731299 1
783452 0
56033 1
463879 1
393865 1
667595 0
91177 1
655597 1
409517 0
106095 1
786512 0
356643 0
505202 1
536325 1
472866 0
8671 0
691716 0
179580 1
517966 1
338565 1
647704 1
50602 0
90764 1
907999 0
267535 0
948815 1
284070 1
700229 1
9416 0
432093 0
44629 0
282260 1
609722 0
883546 1
119846 0
677558 1
608652 0
248320 1
966033 0
756692 0
980340 1
361277 1
224147 0
581672 1
793850 0
753961 1
217123 1
225080 0
852905 0
5841 1
449406 0
511587 0
566927 1
379575 1
82998 1
130939 1
197763 0
502381 1
924576 1
63502 0
910113 1
443509 1
707936 1
998437 0
41679 1
221006 0
683050 1
295290 1
520627 0
497425 1
919745 0
450546 0
95350 1
655197 0
650946 0
62081 0
170006 1
167305 1
745812 0
895172 1
380696 1
882044 0
820597 1
630322 1
163053 0
95442 0
596537 1
245753 1
719401 0
458755 1
557199 0
1600 0
948094 0
229444 1
949360 1
362013 0
617454 1
284097 0
153897 0
442039 0
792164 0
93426 0
494031 0
304649 1
365274 0
262022 0
109988 0
850127 0
457849 0
489263 0
889980 0
963029 0
224517 0
930101 0
782981 0
307614 1
8254 0
769822 1
450742 0
204175 1
583829 1
606712 1
553730 1
761448 0
726772 1
150407 0
729917 0
496125 0
445928 1
808046 0
138444 1
684114 0
900721 1
754207 1
467647 1
17320 1
233328 0
294548 0
517876 1
865897 0
546608 0
755531 0
828727 1
151322 1
553821 0
597876 1
868653 1
630596 0
743840 0
580622 1
159794 0
459198 0
67860 0
691843 0
16222 0
653589 1
427454 1
18521 0
713558 0
641323 0
831317 1
494760 1
188667 0
545288 1
110366 1
846769 1
954929 1
999341 1
350082 1
569980 0
475361 0
259340 0
933991 1
341249 1
794028 1
516817 1
21346 1
741534 1
960635 0
102145 0
933781 0
599114 1
97817 0
354692 0
21075 0
668327 0
447216 0
636198 0
405896 0
513866 1
977390 0
671780 0
713388 0
214175 1
477445 0
478536 0
519982 1
803454 1
718620 0
737103 0
134387 0
455045 0
474219 0
578996 1
962011 1
651385 0
349406 0
45954 0
347829 1
273248 1
8621 1
558730 1
99092 1
366615 0
209594 1
394710 0
624143 0
272724 0
773931 0
161154 1
850484 1
58683 0
612205 0
774899 0
196552 1
766178 0
988142 0
158060 0
600372 0
923140 0
691225 1
613521 0
586764 0
372713 1
567578 0
655792 0
135763 1
104901 1
413542 1
258516 0
107190 0
86911 1
244245 1
977127 1
27253 0
51524 1
30953 0
129815 1
885174 0
75844 1
920506 0
582246 1
548896 1
137302 0
457328 0
851890 1
706431 1
822854 0
388364 1
432105 1
977022 1
161486 0
273192 0
535367 0
333911 1
162827 0
882697 0
506811 0
249234 1
985767 0
37178 0
898134 0
204616 0
109848 1
709366 0
466788 1
236097 1
385071 0
487745 0
812290 0
274255 1
66766 1
122792 0
609428 0
153632 1
963594 0
336381 1
603480 0
626998 1
983834 0
940653 1
876230 0
167221 0
806192 1
169850 0
316279 0
364773 0
484693 0
128611 1
752263 0
915346 0
746016 0
78523 0
995456 1
648245 0
115149 1
227844 0
378022 0
651739 0
326853 1
350443 1
966131 1
235353 1
130652 1
485977 1
827662 0
494477 0
766512 0
969539 1
532251 1
305370 0
850025 0
423141 1
946322 0
680643 0
317278 1
509537 0
957016 0
878145 1
719806 1
415323 0
389234 1
607801 0
319883 0
220615 0
53697 0
259700 0
671716 0
216305 1
504555 1
247386 0
452622 1
482597 1
222462 0
323279 0
59255 1
161526 1
282186 1
95361 1
424331 0
322176 1
99949 1
448173 0
223159 1
547391 0
589259 1
964650 1
246381 0
955817 0
364503 1
812296 0
104042 1
470026 0
646314 0
313965 1
541531 0
638914 1
906707 0
889986 0
627396 1
398044 1
917014 0
416748 1
980348 0
35690 0
491035 0
206082 1
337529 0
151626 1
84547 1
682350 0
758952 1
104995 0
891540 1
7460 1
690667 1
335179 1
702221 0
831012 0
611813 0
827260 1
202447 0
800995 0
934629 0
677764 0
80836 0
868109 0
464813 0
437968 0
37558 0
131318 0
382291 1
815146 0
668604 1
849351 1
902048 1
609172 1
974844 1
270824 1
351623 1
328401 0
158280 1
955317 0
177539 0
607761 0
74066 0
647843 0
585645 1
159732 1
975240 1
669989 0
961292 1
726139 0
29604 0
629200 0
633899 1
546191 0
107476 1
247020 0
942971 1
307492 1
516800 1
397848 0
158199 1
343611 1
379335 1
940846 0
558991 0
191093 1
776299 1
674820 0
507147 1
357982 0
285077 0
557614 0
91768 1
442656 0
478618 0
479138 1
659385 0
521174 0
500483 0
666695 0
877093 1
800689 1
101598 1
573821 0
157441 1
289406 1
151936 0
49455 0
834965 1
6699 1
916990 1
274750 0
929630 0
662346 0
588724 1
508173 0
41686 0
932250 0
705422 1
215282 1
496774 1
631120 1
757455 1
358822 1
488189 0
553964 1
400997 0
851458 1
721603 1
896531 1
633195 0
828982 0
632376 0
594666 0
222691 1
295974 1
576566 0
456571 0
299434 1
614831 0
464907 0
288145 0
652324 1
547613 1
438089 1
236472 0
647385 0
862317 1
618000 0
617233 1
964828 1
939351 1
596153 0
797338 1
499924 1
763560 1
669211 1
705256 0
836871 0
834975 0
906725 1
44100 0
65592 1
782591 0
107717 0
660665 0
23194 1
709554 1
716901 1
743017 1
923508 0
16617 1
156590 0
558451 0
719287 0
371924 0
717840 0
368345 1
260461 0
92029 1
472900 1
903080 1
256183 0
770325 0
554383 0
456840 0
24364 1
625495 1
195035 0
845025 0
456755 1
726487 1
750585 0
316240 0
533310 0
729374 1
45031 0
898459 0
680525 1
229084 1
366946 0
626427 0
643030 0
25720 0
489179 1
714523 1
44892 1
181156 1
234590 1
778751 1
674400 1
464001 1
538210 1
985826 1
312711 0
76334 0
958595 1
915114 1
866309 0
417379 0
460946 1
39007 0
947153 0
15817 1
396608 1
913987 1
817877 1
255573 0
762720 0
614570 1
609290 1
899834 1
766908 1
161514 0
172782 1
833971 0
502679 1
476150 0
205072 1
358131 1
785121 1
226459 1
548200 0
910010 0
527123 1
836408 0
235601 0
911119 0
507779 0
944090 1
9035 1
537111 1
566311 0
599804 1
457692 0
832758 1
879324 0
489411 1
145852 0
844332 0
327751 1
416904 1
664191 1
316373 0
12817 1
493604 1
75774 0
939893 0
143289 1
660459 1
341007 1
461942 1
381213 1
388178 1
7972 1
323012 1
443132 1
666215 1
555119 1
247579 1
38735 0
857821 1
740830 1
52743 0
973979 1
338096 1
478980 1
629880 0
300455 0
747692 0
823763 0
519216 1
873258 1
118758 1
978570 0
645103 1
577703 0
32445 1
604257 0
803094 1
225065 0
310783 0
960330 1
95144 1
105395 0
780528 1
469617 0
237558 0
649355 0
466071 1
733992 0
345060 0
102393 0
886582 1
38466 1
845443 0
176996 1
414546 1
974027 1
516694 0
400986 0
914897 1
606143 1
865262 0
739697 1
390379 1
938464 0
121110 1
674831 1
50472 1
192234 0
821476 0
461253 1
924386 1
411520 1
330283 1
691710 0
204704 0
476502 0
437581 0
136005 0
383247 1
795570 0
795724 0
18931 0
934270 0
188908 1
30297 1
657223 1
778466 0
993079 0
771615 0
686050 0
675977 0
204420 1
767332 1
646664 1
59958 0
212496 1
898121 1
11411 1
121163 1
498408 1
412411 0
615648 0
3665 0
787851 0
98299 1
701433 1
76610 0
685395 1
867641 0
139238 0
749587 0
501050 1
349001 1
827675 1
776515 1
483111 0
377918 0
99320 0
122588 1
120673 1
349494 0
496715 1
173308 0
638185 1
711539 1
177703 0
677885 0
632765 0
202387 1
355573 0
339470 1
303007 1
939855 0
83712 0
75956 1
782313 1
832066 1
674651 1
514605 1
27337 0
172827 0
476151 0
289278 0
735800 0
966121 1
340016 1
277045 0
652221 0
891236 1
696062 0
562862 0
45339 1
489305 1
824215 0
215147 1
427875 1
868306 1
50762 0
741810 1
49325 0
191784 0
322232 1
75865 1
631252 1
676544 1
614670 1
37655 0
599584 0
804379 0
102773 1
996044 0
764951 0
143496 0
684251 0
111000 1
225120 0
124748 1
123813 0
223540 0
298698 0
870866 1
363915 1
324621 0
827242 1
941590 1
156420 1
604750 0
400783 0
944796 0
726298 1
436073 1
782419 0
533674 1
879145 1
377580 1
999955 0
844393 0
758915 1
986299 0
161383 1
112427 1
849367 1
423038 0
186257 0
655197 1
886235 0
125795 1
541952 0
515852 1
239550 1
972891 0
277096 1
883699 1
284165 1
714516 1
7740 1
870206 1
862950 0
903875 1
414620 0
317422 0
803709 1
983276 0
775520 0
893964 0
209618 0
248675 0
522193 1
905715 0
559446 0
675045 0
132845 1
943796 0
623885 1
969629 1
900453 0
122669 0
472924 0
663361 0
56239 0
845114 0
799716 0
258349 0
832189 1
83173 0
791631 1
651801 0
24496 0
386562 1
44103 1
480469 0
204278 1
539396 1
428022 0
630532 1
976365 1
160274 0
852405 1
202045 0
142909 0
732122 1
475698 1
878856 1
596987 0
187942 1
391447 1
964286 1
348772 1
336457 1
544392 1
843042 1
551511 1
149085 1
202967 0
379442 1
259972 1
527778 1
493534 0
708165 1
208096 0
512039 1
124957 0
225894 0
349498 1
254728 1
984315 1
468154 0
623559 0
771644 0
233162 1
449227 0
261245 1
625849 1
248521 1
370446 0
69873 1
410471 0
655077 0
517948 1
280361 1
91287 0
627590 1
366889 0
433007 0
164360 1
788951 1
455825 1
23560 1
459136 1
761943 0
138541 0
219972 0
253739 1
693971 1
384423 0
142647 1
60682 1
881338 0
975806 1
870846 1
562124 1
217423 0
860976 1
897657 0
977498 1
415609 0
499653 1
825784 0
37747 0
421826 1
218182 1
409850 0
566530 0
871373 0
780714 1
853504 1
582590 0
372373 0
713371 1
507957 1
141091 1
801964 0
548955 1
391715 0
191515 0
940773 1
401205 1
140097 0
802748 1
404972 1
391733 0
463322 0
866424 0
817020 0
710378 1
792349 0
680335 1
453055 1
706129 1
15034 0
661939 1
627784 0
254464 0
51860 0
45042 1
921762 0
820670 0
38988 1
55051 1
869278 1
941000 0
965064 1
518532 0
381595 1
221068 1
855434 0
231484 1
109739 1
810665 0
299651 1
939410 1
932936 0
833278 1
878695 0
867212 1
419171 1
942896 0
532605 1
478012 1
885105 0
589884 1
140759 1
189198 1
679290 0
630904 1
931137 0
82399 1
249383 1
82739 1
411529 1
846637 1
300583 1
299128 0
793773 1
467743 0
671431 0
616636 0
221818 0
645401 0
399955 1
820985 0
427259 0
555371 0
354079 0
450608 1
744164 1
641870 0
196483 0
155297 1
373132 0
287256 1
152618 1
772283 1
290253 1
243460 1
397667 1
17783 0
386038 1
460137 1
783885 0
538693 0
552671 1
214436 0
496778 0
827391 0
965899 1
745966 1
81825 0
798706 0
427224 0
596804 1
25701 1
735758 0
408808 1
508173 1
85064 0
640450 0
205812 1
765992 0
670531 1
734263 1
451242 0
141877 1
213486 1
462311 1
3306 0
92349 1
286096 1
658289 1
698594 0
79607 0
49892 1
28756 0
125622 1
314674 0
2421 0
702833 0
835097 0
275149 1
516474 0
519852 0
296748 0
194474 1
779035 1
594398 1
88843 1
273585 1
483783 1
433268 1
835403 1
213459 1
992911 1
641004 0
313484 1
769052 0
351684 1
139107 0
573673 0
75849 0
254329 1
642419 0
640611 1
19971 1
736934 0
964386 1
311619 0
250042 1
562087 0
836849 0
114124 0
765271 1
72416 0
834877 0
318556 1
953104 0
310933 0
331382 1
787912 1
95596 1
673353 0
932260 0
624298 0
550753 1
706830 0
859085 0
860163 1
355162 1
134765 0
896082 0
121530 1
676307 1
798536 0
492672 1
219313 0
477229 0
543806 0
192159 0
837244 1
166022 0
211907 0
925634 1
938864 0
740056 1
692659 0
336367 0
760471 1
947425 1
841866 1
28298 1
294129 0
925889 1
31577 1
36475 1
695278 1
998043 0
511236 1
134123 0
105507 0
260497 0
763539 0
685485 1
800700 0
987712 0
462673 1
27756 1
665368 0
552756 1
170023 0
692132 1
190958 1
784261 1
570553 1
281419 1
683044 0
205049 1
538718 0
24242 1
881808 1
717994 0
520202 0
221345 0
784049 0
953961 0
484612 0
948328 0
593372 1
918741 1
720225 1
914212 0
363389 1
884606 0
301932 1
996293 0
366009 1
767757 1
829086 0
876622 0
584256 1
40114 1
164485 1
217296 1
662259 1
162233 0
528047 1
58279 0
886857 0
169435 1
208186 1
621180 1
950133 0
863101 0
261197 0
240473 1
497075 1
180403 1
9504 0
653781 1
73623 0
592784 1
273150 1
667095 1
369212 1
263024 1
2001 1
225672 0
581537 0
251638 1
90225 1
96031 0
713031 0
614261 0
690563 1
568004 1
921494 1
784586 1
256887 0
20320 1
239718 1
679525 0
471818 0
225408 1
482138 0
338283 0
511859 0
833877 0
7342 0
156040 1
814887 1
893850 0
732329 1
61338 0
680874 0
458578 0
341416 0
127040 0
922833 1
690122 0
69573 0
299453 1
673537 1
983917 1
657334 0
984189 0
623309 1
174648 1
154264 0
864220 0
3869 0
455182 0
771624 0
539973 1
62863 1
879774 1
897279 1
175190 1
140858 1
478229 0
641823 1
655290 1
715250 1
275479 1
211821 0
551086 0
720229 0
34855 0
774776 1
685198 1
364683 0
175265 0
39602 0
195896 1
885595 0
71443 0
791423 1
240246 1
118426 0
928323 1
664199 1
169570 0
804781 0
475374 1
80716 1
503909 0
906770 0
235411 1
888171 0
198587 0
433413 0
963733 0
710204 0
567487 1
816802 1
707023 0
622307 1
903926 0
887694 1
170747 1
143615 0
777038 0
891442 0
46216 0
971742 1
784682 1
507800 0
672485 0
148965 1
556240 0
186952 1
981682 0
214676 1
188511 0
210821 0
869080 1
334625 0
533597 0
363460 0
114548 0
794602 1
221109 0
516458 1
502974 1
796993 1
876620 1
25816 0
555891 0
216639 0
378380 0
729569 1
276347 1
55856 1
960554 0
3581 0
687339 0
930093 1
435234 0
567072 1
866042 1
595025 1
470231 1
590174 0
774595 0
536963 1
112654 0
131732 1
263259 0
275039 1
796199 1
656616 0
107055 1
145995 0
176128 1
152876 1
929405 0
633830 0
72729 1
66458 1
283085 1
63287 0
184531 0
374443 0
928437 1
377842 1
587763 0
302585 0
234752 0
665092 1
663415 0
852397 0
998809 0
964955 0
508866 1
922089 0
440677 1
593072 1
202876 1
955833 1
479211 0
938522 1
322995 0
940327 0
296510 0
170592 0
126341 1
769260 1
302928 0
690132 1
479015 1
209451 0
756208 1
617962 0
999145 1
858035 0
846564 1
330582 0
850683 0
466169 0
59618 0
585484 1
916208 0
771789 0
536519 0
575424 1
308843 1
27968 0
375448 1
903292 1
600272 1
437287 0
392434 0
288457 1
606933 0
913739 0
595974 0
613835 1
165885 0
72639 0
407091 0
515938 0
976479 0
715620 1
607466 1
677710 1
798199 0
760424 0
132280 0
139882 1
67308 0
699797 1
520597 1
432878 0
605514 1
955474 1
485119 1
134879 1
281729 1
670860 1
273409 1
997411 1
256355 0
171528 1
513788 1
452682 0
310410 1
714034 0
616606 1
757901 1
528468 0
909679 0
503222 0
538432 1
830085 0
186740 1
748016 0
622038 0
351863 1
382599 1
314872 1
956420 0
913470 0
920565 0
811672 1
97798 0
829066 1
267062 1
965362 0
956254 0
706405 0
821292 0
544503 0
489174 1
805463 0
347242 0
868420 0
327761 1
197197 0
198747 1
705343 1
131311 0
979735 0
993962 0
417736 1
841031 0
725141 1
990573 0
173354 0
593044 0
500193 1
959156 1
687492 1
203504 1
19058 0
111328 1
581227 1
267912 1
602027 1
45500 0
39699 0
445797 0
426412 0
917087 1
38497 1
96488 0
109851 0
458132 0
46949 1
50439 0
551651 1
535198 1
865224 0
876242 0
618565 1
239033 0
57872 0
193977 1
902243 0
126781 0
277803 0
381435 0
489523 0
857009 0
994587 0
805070 0
938480 1
483294 0
609199 0
590805 1
722688 1
496046 0
443236 0
805660 1
18098 1
260949 1
232005 1
141045 1
345880 1
674380 0
587834 0
43034 1
105100 1
40148 1
825016 0
294223 0
52648 1
956182 1
559522 0
640442 0
846689 1
999505 1
321968 1
88292 1
90592 1
101625 1
463839 0
518385 1
929618 0
465372 1
705241 1
196360 1
91274 1
87468 0
457935 0
241990 0
704125 0
803421 0
230702 1
26740 0
650291 1
444590 1
26171 0
503949 0
227403 0
721309 1
716234 0
962383 1
503386 0
724980 0
929990 0
433912 0
581359 1
302773 0
255555 0
941131 1
27748 1
414350 0
222434 0
521680 0
477860 0
794996 0
949352 0
309466 1
415560 1
658487 1
532974 0
546795 1
81030 0
595642 0
874391 1
954387 0
807387 1
694352 0
917549 1
346569 1
775082 1
947945 0
818276 1
452514 0
238226 1
708412 1
291321 1
836130 0
266649 0
658664 1
435882 1
412225 0
598826 1
47684 1
911046 0
894795 1
502739 0
894337 0
106396 1
235033 0
202843 1
655654 0
729193 0
138739 1
191776 0
676359 0
165546 1
656339 0
448421 0
239196 1
359587 1
247870 0
380918 1
754300 0
665814 0
469434 0
879599 1
528877 0
968227 1
565213 0
332657 1
208973 0
580860 1
343894 0
343442 0
565064 1
384578 1
576926 1
60030 1
505305 0
946075 1
950437 0
59610 0
909054 1
432723 1
568982 1
410874 1
146645 1
820566 0
469953 1
447900 0
252817 0
806139 0
897128 0
84612 1
95579 1
561392 0
692498 0
562104 1
335249 0
40448 0
387176 1
248862 0
817797 1
799870 1
956929 0
555129 1
498372 0
671850 0
720666 0
754994 0
573080 1
442337 0
888453 1
55290 1
624420 0
31665 1
106913 0
498779 1
340070 1
433834 0
652556 1
190782 1
535111 1
962555 1
125511 1
360653 0
698084 0
504865 0
847670 1
147169 0
78316 1
29639 0
884190 0
546757 0
655933 0
241887 1
427252 0
636929 0
338231 1
479989 1
966728 1
223760 0
26616 0
985798 1
491517 0
590075 1
531856 1
981231 0
488096 0
59784 1
111145 1
343971 1
49857 1
833111 1
164462 1
300494 1
10802 0
628762 1
512760 1
407105 1
406188 1
396481 0
905 0
767392 0
49337 0
806829 0
133724 0
83642 0
427337 0
599505 1
926900 1
825557 1
722700 1
938057 0
752677 0
65824 1
598195 0
258288 0
226426 1
396443 1
676740 0
274746 0
854368 0
658440 1
539578 0
15087 0
402275 0
21461 0
350617 0
204677 1
215966 0
769621 0
828779 0
918311 1
497897 1
375156 0
716466 0
77913 1
597815 0
884188 1
388368 1
41735 0
108683 0
344723 0
397027 1
417832 1
166401 1
944562 1
142319 0
226173 1
281241 0
672828 0
495120 1
148128 0
263 1
940942 0
834043 0
822373 0
2120 1
536386 0
65005 1
277010 1
545637 1
634161 1
444599 0
536635 0
504934 1
439429 0
404954 1
448056 0
938241 1
904238 1
851425 1
429409 0
420148 1
42231 0
112503 0
337730 0
520697 1
644460 0
291613 0
918298 1
728261 1
912935 0
295805 1
756389 1
439334 0
280037 1
729549 1
309177 1
62778 1
287280 1
260595 0
293208 0
448547 0
425822 1
239992 0
494430 0
729214 0
85224 1
542508 1
807405 1
45804 1
102352 1
588398 1
873185 1
218317 0
158749 0
610068 1
239091 1
593770 1
567704 1
499656 0
310395 0
775751 1
36760 0
502330 0
656591 1
73671 1
584899 1
641170 0
762763 0
546464 1
956929 0
363578 0
929530 1
672989 1
118249 0
281731 1
80264 0
20218 0
306922 0
878393 1
906082 0
744726 0
170020 0
147162 1
613581 0
388333 1
275630 0
746758 0
99496 1
592329 1
913650 0
921135 0
197655 0
147695 0
87368 1
199381 0
961523 0
781367 0
232145 1
667767 0
843530 0
282108 0
351943 0
648737 0
198254 1
96378 1
166436 0
195535 1
496852 0
329234 0
622697 0
243685 0
697878 1
459656 0
53401 1
7578 0
156464 0
61254 0
45259 1
500975 0
767399 1
93213 0
473531 1
555479 1
566763 1
654410 0
693768 0
151642 1
520397 0
354238 0
710539 1
200904 1
646556 0
916436 1
434150 1
92534 0
420447 1
850213 1
782449 1
810088 0
268353 1
413472 0
673632 0
101222 0
240438 1
129598 0
745947 1
814064 0
795970 0
981017 0
618916 0
917538 0
915219 0
133122 1
926100 1
540584 1
376452 0
605869 0
761916 1
193666 1
39419 1
573192 0
647319 0
533608 0
738549 0
433429 0
183048 1
354170 0
594290 1
435495 1
912093 1
260213 0
27104 0
230724 0
250682 1
916795 1
359769 1
259344 1
808667 0
231803 1
884877 0
716963 1
582359 1
964408 0
333458 0
414095 0
919585 0
396264 0
380909 0
525427 0
720017 1
295402 0
773762 1
82327 1
4269 0
391101 1
131032 0
919781 0
198263 1
595228 1
372452 1
380061 0
896459 0
5978 1
725123 0
875690 1
738891 1
411019 1
749666 0
595114 0
199924 0
853337 1
356908 1
623551 1
634323 1
863341 0
717316 0
159388 1
822869 1
843396 0
16493 1
141500 1
462100 0
150296 1
706240 0
854420 1
784444 0
348604 0
12225 0
750553 0
828544 0
653936 1
671274 0
367767 1
163876 0
46006 0
867453 0
56620 0
561604 0
978229 0
233763 0
587849 0
65567 0
524187 1
635663 1
882303 0
438845 0
98703 1
254604 1
716646 1
365794 1
508680 1
657782 1
969573 0
64675 0
818102 1
246505 0
15215 0
614728 0
383939 1
115334 0
292359 1
288257 1
147266 1
227252 1
300660 0
929307 0
341464 0
133166 1
304607 1
814833 0
3979 1
82248 0
976978 0
683207 1
648738 1
428195 1
178417 1
344641 1
679657 0
117203 1
648313 1
625611 0
11542 1
154283 1
977246 1
8817 1
446978 0
313057 0
88784 0
487263 1
690138 1
689846 1
256126 0
788716 0
218650 1
158942 0
167956 1
410079 1
197285 1
247143 1
151008 0
78658 0
90159 0
335085 1
551486 1
437728 0
767029 1
283100 0
636711 1
377410 1
720418 1
682367 1
977846 0
993698 0
769096 0
757229 0
38036 0
179433 0
549765 0
77202 1
247404 0
366678 1
323497 0
483173 0
642285 1
74328 1
185844 1
424702 1
983312 1
14590 1
804124 0
600542 1
996452 1
342542 0
899507 1
141537 0
668827 1
375361 0
9151 1
349133 1
265471 0
167444 1
429506 1
977181 1
919698 0
211958 1
845386 1
358810 0
461683 0
14576 1
164933 0
385347 1
478125 1
71018 0
769567 0
589359 0
634576 1
636109 0
474878 1
458088 0
117206 0
133984 0
365075 1
427104 0
413676 0
926542 1
332540 1
912646 0
950115 0
45520 1
284323 0
404637 1
942225 1
355057 0
551893 0
485212 0
283181 1
304639 0
253180 0
651703 1
340377 1
159098 0
566356 1
154574 1
571051 0
426337 0
96045 1
135947 0
427421 0
795571 1
325915 1
519737 1
884028 1
407423 0
169335 1
75342 0
820840 1
84503 0
185681 0
239493 0
575671 1
656649 1
992925 0
661832 1
584653 1
991870 1
216609 0
358516 1
195338 0
725855 1
154205 0
683164 0
864987 1
537038 0
440715 1
843996 0
961871 1
700054 1
568708 0
140815 1
938993 0
945248 0
173363 1
714689 0
196816 0
160510 1
57647 0
942028 0
118199 0
100311 0
520599 0
763042 0
241510 0
34909 1
609542 0
405431 0
34627 1
85648 0
838772 0
856130 1
368885 0
920856 1
740030 0
622573 0
928186 0
923976 1
37358 0
557037 0
560357 0
803047 0
178298 0
846427 0
346559 0
21732 0
639162 0
301905 1
852502 0
738301 1
710408 1
859125 1
332226 1
587742 1
527724 0
752124 1
247323 1
94671 0
168288 1
653245 1
178856 0
21107 0
267749 0
95203 0
686697 0
802667 0
151861 0
24450 0
589987 1
77099 1
307830 0
858366 1
674346 0
82142 1
902769 1
530699 0
724442 0
666377 1
913731 0
449379 1
579247 1
544695 0
750980 1
668446 0
471856 0
906392 1
906425 1
141104 0
812850 0
917892 0
866890 1
92724 1
743720 1
387302 0
343948 0
899351 1
530911 1
414714 1
874843 0
606152 0
621846 1
828150 0
770055 1
73188 1
825104 0
456082 1
778130 0
124982 1
999592 1
513324 0
766397 1
907301 0
223784 1
96971 0
673230 0
358640 0
120554 1
133572 0
713353 1
267323 0
136792 0
887874 1
617455 1
741897 1
56154 1
280267 0
708251 1
497668 0
101579 0
765544 1
811536 1
70675 0
658099 0
299939 1
842234 0
3230 1
29368 0
974485 1
728262 1
408813 1
598751 1
202455 1
917701 0
669619 0
93261 1
291005 1
148096 0
186706 1
629587 0
533303 0
489620 0
16494 0
973660 1
245597 1
315100 0
972768 0
918965 0
8060 1
467525 0
993517 1
37553 0
599716 1
818738 0
754473 0
830387 1
161712 1
536049 0
16482 0
263406 0
931099 0
325190 0
531596 1
523726 0
415427 1
841206 1
892226 1
24141 1
279220 0
221032 0
181456 0
620501 1
175501 1
736910 1
826209 1
799946 1
770871 1
731065 0
800505 0
525619 1
959175 0
738772 0
680607 1
382490 1
536512 1
660394 1
558961 0
270972 1
24814 0
551358 0
320363 1
921575 1
517258 0
219699 1
933401 1
304716 1
643794 0
884241 1
886577 0
451542 1
68064 1
761184 0
213084 1
437834 0
73656 1
959064 1
67277 1
845783 1
143922 1
955642 0
879331 1
490124 1
350331 1
712975 0
385092 0
780991 1
893441 0
860763 1
223546 0
96706 0
23696 1
161260 1
456479 0
371947 1
427526 1
788325 1
359822 1
612408 0
698098 1
636055 0
70292 0
727593 1
209319 1
594450 0
608472 0
788304 0
299884 1
469671 1
415115 1
348439 0
534081 0
508728 0
507910 0
333201 0
354930 1
250909 0
310447 1
469306 0
24095 1
435200 1
976069 1
626789 1
262905 0
432042 1
308747 0
638874 0
414526 0
688300 1
92560 1
113163 1
978232 0
570145 0
645669 1
650204 0
522392 1
950833 0
369550 1
751041 1
313857 0
816567 1
649879 1
565664 0
87294 0
687931 0
76079 1
402981 0
762535 0
671097 1
488994 0
507292 0
416058 1
874282 0
583550 1
40524 0
275236 0
142780 0
940550 1
865340 1
855265 1
148096 1
178382 1
47833 0
901438 0
964006 0
430200 0
607582 0
99428 1
108391 1
724974 1
177677 1
611869 1
876192 0
501956 0
810431 0
630783 1
900564 0
779946 1
976058 0
795303 1
787915 1
367550 0
940513 1
347577 0
675677 1
804851 0
642534 0
766148 0
149750 1
163163 1
264336 1
122252 0
255112 0
423087 1
860718 0
309239 0
200322 1
994771 0
766382 1
70347 0
809441 0
430850 1
958430 0
65488 0
836365 0
823201 1
130677 0
569495 1
268251 0
151641 1
342295 1
673992 0
671301 1
177421 0
390492 1
360311 1
261010 0
862484 1
565942 1
80512 1
672389 1
362017 1
174396 1
333773 1
997801 1
982898 0
178029 1
773688 1
787159 0
38924 1
557918 1
128378 0
886930 0
793159 1
601422 1
17151 0
830449 1
499657 0
685285 1
565455 0
336375 0
883651 1
848069 1
150604 1
990190 1
521076 1
660554 0
557374 1
292233 1
288664 1
403446 0
910663 0
628213 0
358397 0
169773 0
555997 1
682800 1
581186 0
643564 0
945268 0
23593 1
164031 0
342097 1
741430 1
687605 0
376758 1
204726 0
387809 1
155694 0
379996 0
180546 0
121931 0
445448 0
344944 1
214833 0
451687 1
691604 1
851266 0
572849 1
98237 0
918011 0
296459 0
925917 1
626054 0
323175 1
754116 0
318848 0
37104 0
931278 0
471590 0
870527 0
122112 0
455995 0
738481 1
597840 0
657402 1
937691 0
220845 1
989853 1
787740 1
448386 0
857860 1
314548 1
795165 0
975780 0
5841 0
626862 1
538002 1
4767 0
481229 1
471329 1
327125 1
88577 0
778584 1
797595 1
316250 0
494989 1
262012 0
887243 1
520071 1
825588 0
79124 1
937304 1
835627 1
692310 1
611437 0
732327 0
828343 0
584869 0
277220 1
299642 1
767724 1
623599 1
746739 1
810514 1
559544 0
816259 0
500049 1
870659 1
639330 0
270786 0
994466 0
951509 0
593085 0
55444 1
678309 1
939149 0
915026 0
572628 1
747363 1
417418 0
388553 1
730451 0
313866 1
336190 1
714747 1
487969 1
946143 0
760964 1
647503 1
641678 0
574638 1
494520 0
185209 0
590062 0
785440 0
40002 0
891232 0
661814 1
166325 1
115281 0
259656 1
661397 0
652967 0
871662 1
190883 0
957611 1
229458 1
423824 1
472709 1
649974 0
692470 0
937859 1
908732 1
232184 0
210595 0
437257 1
965469 0
13452 1
965661 1
582316 1
426443 0
790594 0
411079 0
498813 1
948487 1
874135 1
111098 1
135954 0
567741 0
469862 1
621249 1
610882 0
156933 0
200002 0
325774 0
915273 1
434279 0
783849 1
935190 1
931941 0
855617 1
286094 0
205452 1
148645 0
358430 1
170102 0
776389 0
969306 0
100978 1
578448 0
835197 0
248613 0
30736 1
375195 0
718828 0
555553 1
422768 1
424539 1
263774 0
406101 0
282875 1
665536 0
285313 0
953019 1
338764 0
909288 1
662528 1
967615 1
496797 1
30170 1
162098 1
251261 0
104713 1
568750 1
680937 0
645047 0
889698 0
883091 0
731882 1
423546 0
193597 0
644232 1
194858 1
379831 0
446931 1
483739 1
689220 0
885004 1
485775 0
886294 1
726337 0
205522 1
463719 1
879612 0
845053 0
485043 0
396159 0
531514 1
543724 1
536369 0
695250 0
431172 0
368680 0
764909 1
712354 1
915688 0
732392 1
204839 0
675573 1
572062 1
122475 1
756690 0
792608 1
358349 1
690126 1
795944 0
181192 0
417986 1
756968 1
974233 1
668580 0
60587 0
983945 0
971848 0
197183 1
777536 1
561012 0
823330 1
676264 1
213407 0
945581 0
938652 0
952644 1
830256 1
8123 1
634920 1
268775 1
31499 0
715771 1
607087 1
358520 0
336299 1
489454 0
216825 1
282456 1
916686 0
718644 1
888015 0
828539 0
428819 1
942949 1
657213 0
501719 0
591783 1
254905 0
865563 1
608067 0
477392 0
430493 1
727847 0
560585 0
161533 1
480255 1
596300 0
479971 0
229780 0
770776 0
318563 0
493074 1
537202 1
672635 1
795099 0
973965 1
41393 0
195158 1
911853 0
920623 1
233614 0
526856 1
698590 1
400102 0
23964 1
335706 1
861133 1
764774 0
116711 1
716763 1
422132 0
508721 0
402006 1
381059 0
574263 0
245891 0
679357 1
38579 0
701403 1
771605 1
379391 1
265820 1
448401 1
718601 0
660870 1
252933 1
252591 0
508366 0
127673 0
265016 0
92256 0
900717 1
467898 0
824674 0
353431 0
32711 0
564202 1
815800 1
663934 1
247150 1
900028 0
988472 1
825429 0
329356 1
276320 1
400227 0
153276 0
580515 1
640279 1
439923 1
14897 1
533394 0
564129 0
196501 0
628637 0
850191 0
499374 1
217613 1
739681 1
321759 1
71670 0
245256 0
849687 1
489929 1
694758 0
43139 0
37491 1
884598 0
228159 0
428720 0
54166 1
122812 1
144046 1
240 1
368980 1
985776 1
515549 1
725190 0
251563 1
862875 0
361064 1
785 1
256053 0
80008 1
318384 0
673996 0
10495 1
505110 0
802450 0
472103 0
503568 1
108281 0
368647 1
206251 0
343456 1
799842 0
771013 1
330050 0
463213 1
709349 0
859068 0
505150 0
758185 1
371522 0
728562 0
594301 1
673573 0
146043 1
487194 0
57165 1
673544 1
721405 0
893501 1
322999 0
871755 0
530 0
49857 0
404834 0
194846 0
913387 0
931031 1
919605 0
830826 1
754231 1
590522 1
66550 1
243040 1
438712 1
840263 0
794164 0
947073 0
354384 0
646984 0
697759 1
652565 0
378050 1
895564 1
865487 0
473476 1
410003 0
279016 1
535355 0
905259 0
247687 0
575908 1
729957 1
408610 0
488172 1
262786 1
849250 0
247225 1
572381 0
972380 0
315537 1
785516 0
53955 0
665768 1
359348 0
828750 0
67817 0
19384 0
352067 0
740203 1
419711 1
459662 0
313119 0
596995 1
485344 0
710111 1
399849 1
177095 0
830987 0
580498 1
951847 0
669260 1
167249 0
817507 0
800339 0
330867 1
219405 0
791841 0
141183 0
739138 1
699909 1
764807 1
120761 0
704226 0
422999 0
348356 1
742834 0
316365 0
549879 0
667739 1
557323 1
237380 0
16567 1
671433 0
258901 1
497295 0
133480 0
