5000
2963 1
967 0
3281 1
993 0
1135 1
3451 0
58 1
3118 1
3611 1
2612 0
3343 1
1395 0
1148 1
3970 0
3259 1
2820 0
4858 0
4087 0
2483 0
3735 1
721 0
212 0
2977 0
2861 1
3905 0
2161 0
355 1
3293 1
43 1
874 1
4154 1
2590 1
2914 0
1122 0
2728 0
679 1
2546 1
222 0
3099 1
4090 1
1686 0
1939 1
3337 1
4302 1
1307 0
3110 0
1978 0
941 0
2501 1
524 0
3631 0
2969 0
2613 1
3360 0
2373 0
3775 0
572 1
3206 1
104 1
4228 0
267 0
4762 0
4380 0
69 0
18 0
699 0
213 0
3234 1
4584 0
1356 1
4656 1
2269 1
3785 0
1033 0
4068 1
2411 0
1881 0
3999 1
3644 0
149 0
3557 0
857 0
930 0
4990 1
324 1
2432 0
2425 1
3052 0
4472 0
2685 1
4850 1
1851 0
3805 0
1307 1
1474 0
4429 0
4863 1
1207 1
2491 1
4346 0
344 0
4115 1
3758 1
4380 1
3378 0
1354 1
2039 1
882 0
1546 0
2530 0
264 0
2412 1
3630 1
3853 1
3724 1
3950 1
361 1
4216 0
664 1
1043 0
3026 0
2772 0
762 0
463 0
403 0
2536 0
4173 1
3976 1
3952 1
4086 0
246 0
4777 1
2261 1
779 1
2646 1
1430 0
205 1
1280 1
2796 1
2793 1
2049 1
232 1
2647 1
2658 1
3990 0
4450 1
1575 1
1056 0
660 0
3220 1
2043 1
3270 1
4587 0
164 1
2190 0
76 1
4488 1
4379 0
3649 1
876 0
546 0
325 0
1862 0
4511 0
414 0
494 1
4181 0
1709 0
3049 0
3627 0
1904 0
2878 0
3740 0
1793 1
1402 1
698 1
1615 1
1774 1
3419 0
221 0
1519 0
739 0
186 0
3642 1
4815 0
4312 1
1034 1
737 0
580 1
2674 1
3331 1
4201 1
873 1
1878 0
2124 1
3622 1
4124 0
4066 0
3615 1
2931 1
591 1
4750 1
2370 1
2958 0
671 1
2266 0
4242 0
1176 0
1932 1
1171 1
261 0
1293 1
520 0
1990 0
4088 0
2829 1
239 1
3041 0
3309 1
291 0
3983 1
2608 1
2849 1
2535 1
3763 0
1561 1
1338 0
2546 1
3476 0
385 0
3916 0
665 1
2017 1
306 1
1490 0
311 0
3174 0
3343 0
3651 0
978 0
4853 1
468 1
210 0
1095 0
781 1
293 0
480 0
372 1
2334 0
3100 0
888 0
987 1
2240 1
4752 0
914 1
824 0
2406 0
1229 1
3331 1
3213 0
4102 1
3759 0
2761 1
2530 0
4576 1
4141 0
4334 0
1143 0
795 1
454 0
1100 1
4532 1
2800 0
3241 1
2038 1
3185 0
518 1
3234 0
2352 0
718 1
1800 1
817 1
3172 1
4789 1
102 1
4948 1
2459 0
3497 0
780 0
2440 1
2871 1
424 1
4081 1
909 1
2808 0
3777 1
159 0
3548 1
3211 0
1177 0
2947 1
3589 1
4021 0
1898 0
4884 0
1279 1
1083 1
2443 1
471 1
2688 0
3853 0
4693 1
248 1
4250 1
4985 1
2399 0
2504 0
194 0
3825 0
4251 1
3643 0
771 1
1305 0
425 1
462 0
2078 0
4592 0
704 1
2265 0
1474 1
2050 1
2575 1
1083 1
728 0
3609 0
301 1
4705 0
893 1
4916 0
4801 1
347 0
4275 1
2066 1
2081 0
4335 1
3235 1
2953 0
781 0
2100 0
2566 0
4007 0
4193 0
1883 0
945 0
4314 0
3117 1
2949 1
3828 0
4998 1
2298 1
952 0
2311 1
1743 0
3580 1
4402 0
3777 0
4781 1
3224 1
2914 0
3334 1
4070 1
4629 1
2042 0
961 0
587 0
2512 0
982 1
2312 0
2011 0
3650 0
2671 0
4608 1
1617 1
3949 1
3845 0
153 1
661 0
293 0
811 0
2606 0
3426 1
3283 0
3762 0
854 0
1564 1
3592 0
4736 1
3808 0
2278 0
3050 1
4311 0
165 1
2658 1
3665 0
57 1
4073 1
1156 1
1857 1
1356 1
1276 1
2433 1
3952 1
649 0
1725 0
3444 0
3263 0
4482 1
3276 1
3266 1
2477 0
2053 1
4472 1
3271 1
643 0
3220 1
2995 0
790 1
1708 1
953 0
4513 0
3774 1
946 1
4950 1
4145 0
849 1
2697 0
2767 0
4759 0
1940 0
2269 0
117 1
2522 0
537 1
2702 1
2205 0
1347 1
1358 1
3988 1
3590 1
2368 1
251 1
4564 1
4768 1
96 0
3489 0
798 1
42 0
4974 1
2396 1
515 1
4149 1
1830 1
3910 1
1525 0
485 0
4932 0
4936 0
2302 0
2449 0
1386 0
221 1
3358 1
3866 0
674 1
351 0
4630 0
2305 1
2021 0
1275 1
669 0
4851 1
3677 1
3293 1
2620 1
3335 0
3647 1
4375 0
954 0
3209 0
1190 1
901 1
3554 1
1769 1
1593 1
4314 1
2316 1
690 0
4758 1
3349 1
4510 1
2163 1
1566 1
4465 0
1553 1
2900 0
2807 1
4114 0
2454 1
92 0
971 0
4990 1
2456 0
1814 0
1242 1
407 0
3759 1
4540 1
4052 0
2078 0
2329 1
1373 0
3908 0
2571 0
1767 0
172 0
3158 0
2643 1
3654 0
4219 0
4154 1
2877 0
851 1
2830 1
393 1
4758 0
627 1
4016 1
4777 0
3639 0
3656 0
2071 1
1223 0
4400 1
2308 0
3688 1
2069 0
545 0
3376 0
1840 0
1957 0
4702 0
2456 0
3875 0
3892 1
1043 1
965 1
4395 1
1734 1
1313 1
1969 1
4914 1
2255 1
4242 1
1092 1
3952 0
3651 1
4510 0
1389 0
1474 0
317 0
2542 0
2899 1
741 0
350 1
3031 0
2144 0
3620 0
1102 0
3258 0
3057 0
3469 1
4956 1
98 0
4051 0
1499 1
594 1
960 0
265 1
3744 1
1627 0
3571 0
1003 0
3570 0
4233 1
4414 0
2947 1
3810 1
3671 1
4637 0
3683 0
2982 0
3024 0
2200 1
1497 1
4726 0
1696 1
2937 0
340 0
933 1
3344 1
1626 1
1954 1
3968 1
3949 0
2563 1
1459 0
1196 0
4485 1
3454 1
3633 0
2879 1
1594 1
3636 1
4726 0
4645 1
652 1
4286 1
952 0
3403 1
913 1
1802 1
3304 1
1992 1
1167 1
978 1
2236 1
1945 1
2471 0
4100 0
2295 0
2582 1
803 1
3619 1
2216 1
2545 1
4998 1
4743 1
4055 1
3659 0
3318 0
4566 1
1841 1
3782 0
2761 0
4265 1
3507 0
747 0
1901 1
1607 1
3663 0
480 1
290 1
99 1
2013 1
1738 1
4268 1
4744 0
2423 0
3896 1
3643 1
1389 0
3349 0
3666 1
2923 1
2833 0
1498 0
1520 0
2166 0
1249 1
722 0
3987 0
3934 0
764 1
79 0
3815 1
2359 0
3947 1
539 0
1288 1
4422 1
1346 0
274 0
4666 0
1030 0
2936 1
4682 0
4439 1
1091 0
4721 1
2220 1
1809 0
566 0
3220 1
3332 0
536 1
4914 1
2060 1
1668 0
1629 1
1712 0
1893 0
4569 1
3664 1
1246 0
494 1
449 0
2357 1
3295 0
716 0
4498 0
452 1
3287 0
3311 0
1149 1
4357 0
710 0
2198 1
4396 0
1719 1
752 1
3511 0
749 0
1155 0
3762 1
1080 0
4542 0
3113 0
4705 0
347 0
564 0
1367 1
2133 1
4610 1
4925 0
438 0
2550 1
88 0
2320 1
3533 1
3056 1
2426 1
4577 0
3897 0
1824 0
31 1
2282 0
852 0
4556 0
1205 1
3876 0
4039 0
3949 0
921 1
1720 0
272 1
416 1
4049 0
4013 1
1405 1
4891 1
3236 0
3029 1
4053 0
3734 0
4750 0
159 1
133 1
4998 0
471 1
4458 0
2678 1
2968 0
3494 1
302 0
867 0
1128 0
2770 1
350 0
4897 0
2093 0
2623 0
1851 1
2385 0
3686 0
3004 1
1542 0
4367 0
1300 1
2027 1
2419 1
2509 1
1666 0
1357 0
1496 1
2202 1
2961 1
1008 1
3542 0
3537 1
1558 1
762 0
1109 1
4747 0
2641 1
133 0
684 1
3199 0
544 1
3411 0
3315 0
1782 0
221 0
805 0
1765 0
4339 0
4420 0
2075 1
1581 0
4737 1
878 0
3301 0
2746 0
2962 1
3023 1
119 0
3695 1
1088 1
3505 0
4781 1
4072 1
3135 0
3878 0
3985 0
2458 0
2637 0
2883 0
1104 0
2170 1
4702 1
4606 0
4439 0
623 1
4042 1
2030 1
2329 0
799 1
2822 1
4573 1
2843 1
1142 1
3840 1
3889 1
1874 1
2173 1
1707 1
2322 0
4136 0
1283 1
940 0
1222 1
2088 1
4393 1
1268 0
4834 1
3153 0
4039 1
2275 1
4614 1
1811 0
580 0
2005 1
749 0
2866 1
4640 0
1317 0
2726 0
1711 0
755 0
3720 0
137 1
4096 1
3866 1
1228 0
1868 1
4265 1
3365 1
1955 1
2470 1
3827 0
4645 1
263 0
1949 0
151 1
1803 0
2781 0
4553 1
1004 1
3053 1
1494 0
3287 0
3034 1
459 0
1399 0
1462 0
3259 0
3221 1
3581 1
3483 1
2386 0
2117 0
3220 0
4791 1
4136 0
195 1
2544 1
4726 0
2413 0
57 0
2858 1
2977 0
1478 0
1924 1
3567 0
4481 1
112 0
3849 1
4694 0
4993 1
3028 0
2656 0
287 1
2238 0
4515 0
3976 0
3232 0
4935 0
3572 1
2126 1
1813 1
3781 1
117 0
4903 0
2209 0
422 0
1783 1
2127 0
3918 1
4270 0
270 0
595 0
1299 0
3143 1
830 0
4156 1
204 1
4249 0
3767 1
4846 0
2776 0
1481 1
4897 0
3970 1
3992 1
3573 0
1841 0
2649 1
2575 1
3093 0
2355 1
2524 0
764 0
615 1
2390 1
4852 0
4424 1
4243 0
4456 0
258 1
1002 0
3058 0
2441 0
4492 1
1143 0
1749 0
899 0
4513 1
1430 1
1594 0
3154 1
1344 1
2126 0
365 0
1121 1
287 0
569 0
1413 1
1333 1
3616 0
1207 1
1494 1
3739 1
2647 0
1666 1
2688 1
2097 0
4321 1
3802 1
1032 0
619 1
4956 1
2520 1
3666 1
4217 0
191 1
3420 1
2805 1
4548 0
3289 0
4721 1
169 0
3007 1
4757 1
2318 0
3373 0
4982 0
2997 1
2990 1
3765 0
3477 1
3326 1
459 1
4786 0
3840 0
1240 0
3314 1
455 0
3190 1
2898 0
2120 1
4607 0
4746 1
4670 0
4859 0
3312 1
2700 1
3246 1
769 0
156 0
3178 1
492 0
324 0
3669 0
2549 0
4522 0
3430 1
4410 1
2466 1
1199 1
2779 0
757 1
3110 1
1947 0
3524 0
3064 1
4079 1
551 1
1091 0
2519 1
1836 0
4659 1
1006 1
260 0
1364 0
201 1
3982 0
2820 0
2835 1
4377 1
4024 0
1826 0
172 0
3593 1
2226 0
204 0
1699 0
2183 1
1477 1
808 1
541 1
2398 1
2961 1
1031 0
4741 0
2425 0
3569 1
161 1
3375 0
3006 1
1404 1
590 0
3698 0
814 1
835 1
3026 0
3641 1
3451 1
2388 0
3266 1
3476 0
2500 1
1622 0
1982 0
373 0
954 0
1735 1
3349 0
1207 1
2475 1
2786 0
623 0
2893 1
1512 0
1131 0
3086 0
3101 0
4815 0
3787 1
644 1
425 1
3813 0
1331 0
2461 1
705 1
1577 1
3015 0
812 0
377 0
2870 0
4584 0
434 0
4868 1
3620 0
1427 0
3489 0
711 0
4761 1
145 0
3472 1
1091 1
4147 0
1 0
480 1
2681 1
4239 0
2204 1
2089 1
1069 1
609 1
3021 1
44 1
3141 0
1033 1
3651 1
235 0
1918 0
4510 0
3664 1
4826 0
3964 1
2546 0
1004 0
3141 1
1748 1
2590 1
654 0
2288 0
665 1
4037 0
1018 1
2085 0
510 1
1312 1
449 0
2616 0
941 0
1449 1
1594 0
918 1
3691 0
2134 0
1471 0
418 1
4421 1
3976 0
591 0
541 0
3631 1
931 1
3582 1
4168 1
917 0
292 0
2899 0
3081 0
1546 1
3070 1
878 1
3139 0
2499 1
1417 1
294 0
4538 1
583 1
897 1
1417 1
1853 0
2001 1
3376 0
2692 0
4919 0
1518 1
160 0
1851 1
808 0
190 1
2221 0
1092 0
751 1
1165 1
260 1
1542 1
1490 0
147 0
3706 0
3037 0
3383 0
4440 0
4247 1
1512 1
908 1
1185 0
4601 1
146 1
3175 0
1800 1
311 0
2346 1
1269 0
2856 1
1039 1
2068 0
3360 1
4943 0
2803 0
3438 1
174 0
1236 0
3713 1
3051 0
4463 0
1798 1
784 0
4053 1
4016 0
4505 0
855 1
4562 1
1679 1
1099 1
2691 0
3678 1
137 1
1037 1
1609 0
1643 0
2417 1
3898 0
2977 0
1098 1
3457 0
2926 1
561 0
182 1
3810 1
587 0
4920 1
4626 0
2940 1
196 1
2478 1
2569 1
1752 0
2254 0
4482 1
2407 1
2383 1
2317 0
1650 1
847 1
2228 0
2830 1
367 1
4361 1
1625 1
2807 1
568 1
4325 0
738 1
3865 0
3491 0
3973 0
1611 1
1118 0
1588 0
4849 0
1915 1
794 1
3673 0
327 0
4509 1
2732 0
3757 0
892 0
3824 0
853 1
4155 1
4459 1
391 0
2833 0
314 0
3708 0
4319 0
192 0
1556 0
1892 0
3264 1
1652 0
1235 0
1366 0
1749 1
1186 0
2311 0
3924 0
643 1
4609 0
3302 1
654 1
2284 0
4739 1
1415 0
1130 0
507 1
4173 0
245 1
1181 1
4158 0
4517 0
579 0
3883 0
2853 0
2310 0
1220 1
4008 0
3763 1
984 0
941 1
4569 0
434 0
238 1
2361 1
461 0
3574 1
679 1
535 1
1317 0
4464 1
1997 1
2657 1
3016 1
3837 0
1065 0
4364 1
4991 0
2350 1
949 1
1292 1
4316 1
1749 0
1770 0
2532 1
4839 0
2171 1
1518 0
2790 1
4206 1
130 0
3082 1
2571 1
1913 0
2061 0
2698 0
933 0
784 1
4288 0
347 0
3703 0
4397 1
3158 0
4124 0
852 1
2930 0
4686 1
3771 0
3356 1
800 0
1543 0
2445 1
972 0
60 1
4041 0
1098 1
1025 1
670 1
2587 1
199 1
1213 1
2909 1
590 1
2979 1
947 1
1523 1
2087 1
1038 1
1116 0
268 0
4093 0
1224 1
2146 1
1866 0
3307 1
3068 0
3142 1
4793 0
1045 1
3383 1
4077 1
1965 0
1572 0
10 0
2517 1
1387 1
3356 1
432 1
53 0
1084 0
1249 1
387 1
3359 1
2637 1
3059 1
2721 0
4544 1
4590 1
951 0
4461 1
301 0
1720 1
2878 1
2423 0
2792 1
1878 0
567 0
930 0
539 1
2381 0
273 0
2864 0
1860 0
228 0
708 0
2919 0
1399 1
122 0
4014 0
1364 0
3895 0
962 0
2929 1
791 1
1698 1
2999 1
2503 0
4406 1
2016 1
1072 1
933 0
4779 1
2670 1
931 0
4281 1
2672 0
4200 0
3549 0
2283 0
914 1
4085 1
2404 1
492 1
1976 0
4109 0
2396 0
2901 0
4000 1
3249 1
4524 1
2770 0
407 1
3668 1
1381 1
1134 0
4744 0
4841 0
2780 0
2650 0
4687 0
2602 1
1617 0
3813 1
4672 1
3586 1
1532 0
4966 0
2906 1
262 0
2329 0
4898 0
3312 1
1535 0
1976 0
3285 0
1450 0
2411 1
887 0
2352 0
3899 1
4004 1
4931 0
4795 0
3221 0
1991 0
2449 1
412 0
2577 0
2786 1
3070 1
2534 0
2634 1
2709 0
978 1
2320 1
4156 1
221 0
3412 0
3417 1
1258 1
23 0
2625 1
492 0
4360 1
1048 0
3703 1
755 1
4285 0
4041 1
3843 1
1147 0
3868 0
658 0
2928 0
684 0
3646 1
2979 1
4551 1
1836 0
3701 0
707 1
1764 1
3458 0
4173 0
847 0
900 0
703 1
3864 1
3865 1
415 0
717 1
4466 0
190 1
2888 0
2322 0
2529 0
2649 1
237 1
4972 0
4627 0
4487 0
2977 0
2574 1
3198 1
3284 1
581 1
3160 0
1587 0
3992 0
632 0
606 0
300 0
451 1
4254 0
3159 0
4701 1
4250 0
4142 0
699 1
2062 0
3553 1
4835 1
610 1
4618 0
2759 0
3352 0
3561 0
2285 0
1344 1
3616 0
138 0
4182 0
436 1
3986 0
3614 1
394 1
2349 1
1075 1
1509 0
558 1
3882 1
2666 0
4327 0
2887 1
4555 0
1698 0
1318 1
4987 0
4157 0
4591 0
3181 1
3153 0
3621 0
2162 0
1494 0
4597 1
2176 0
444 0
3375 0
2915 0
207 1
1331 0
1285 1
1251 0
1933 0
4618 0
4291 1
1494 0
2677 1
4332 1
3781 1
2794 1
1248 0
3968 0
2195 1
4686 1
3184 1
4414 0
722 1
1847 0
3361 0
3917 0
4678 0
1436 0
214 1
2024 1
1954 0
4695 1
4554 0
2659 0
2422 0
1196 1
1014 0
4253 0
2031 0
98 1
3040 0
3824 0
3874 0
4022 1
1211 1
2286 0
3477 0
4391 1
1472 1
1532 0
4141 1
485 1
4121 1
4504 1
742 1
1716 1
3791 1
610 0
4362 0
1303 0
4091 1
3256 1
3137 1
1105 0
136 1
2928 1
578 1
3859 0
1740 0
2823 1
19 1
3694 1
1906 1
3283 0
3984 0
4884 0
4767 0
4399 0
5 0
971 0
4158 1
668 1
2243 1
3892 0
4135 0
4473 1
4864 1
3382 0
2230 1
1022 0
401 1
3851 1
4779 1
4147 0
4945 0
2081 1
2930 1
3112 1
4701 0
1634 0
1436 0
1043 0
171 1
1182 1
2337 0
4579 0
1099 0
4670 1
1519 0
1238 1
3620 1
4645 0
1974 0
2107 0
68 0
1490 0
1914 1
163 1
4312 0
4559 1
3595 1
2839 1
1643 1
1461 1
4599 1
842 0
4397 1
2194 1
2432 0
4047 0
2549 1
4853 1
4249 1
252 1
1119 1
1691 1
1425 1
1828 0
1075 0
3104 1
207 1
2996 0
3955 0
3895 1
2438 0
3688 1
2737 0
3619 0
1702 0
594 1
1586 0
1336 0
339 1
3551 0
496 1
4148 0
4605 1
2497 1
4833 1
399 1
2194 0
2519 0
2411 1
960 1
322 1
4722 1
413 1
1860 1
3175 1
575 1
61 1
2210 0
2708 1
4041 0
273 0
1352 1
158 0
657 1
3974 0
3490 1
3289 0
2083 0
9 0
3426 0
3079 1
2624 1
863 0
3818 0
1861 0
1279 1
3627 0
1122 1
4540 1
4180 0
4104 0
3191 1
2567 1
4436 0
1699 1
843 1
4291 0
4007 0
4524 0
2803 1
2795 0
1892 1
2443 0
96 0
1662 1
4145 1
4339 0
305 1
3540 1
3121 0
3468 0
837 1
2365 1
521 0
2667 0
1886 0
162 0
368 0
4147 1
3646 1
3635 0
4733 1
3296 0
2194 1
2795 0
2261 1
905 0
4038 1
1770 0
2589 1
4480 0
4725 1
4174 1
1388 0
3647 0
4724 1
2740 1
552 0
3747 0
2880 0
716 0
86 0
2563 0
250 0
1339 1
3632 1
2114 1
16 1
3468 0
2745 1
458 1
2509 1
3814 0
4882 1
3133 0
4305 1
4565 1
2537 0
3652 0
2358 1
3970 1
3269 1
3306 0
1823 1
4819 1
3836 1
390 1
3370 1
3953 1
3263 1
4052 1
1861 1
3412 1
2386 0
2604 0
4064 0
2495 1
2897 0
4279 1
4623 1
847 0
2904 0
2329 1
3623 0
2456 0
1069 1
1327 0
1828 1
989 0
4106 0
3069 0
4134 1
655 0
4688 1
863 1
3352 1
1033 1
2477 0
2958 1
2028 0
865 0
2250 1
2286 1
1050 1
1035 0
2515 1
1511 1
3865 0
4278 1
2857 1
4901 0
3806 1
2195 1
3279 0
2524 1
90 0
42 1
424 1
1654 0
1817 0
2768 0
626 0
3156 1
876 1
3531 0
2833 1
1833 1
766 0
182 1
4400 0
221 0
1004 1
1801 0
770 1
2055 0
4538 1
2456 1
344 0
3322 0
4318 0
4813 1
4885 0
4805 1
4429 0
3348 0
3337 0
649 0
1399 0
1567 1
1890 0
341 1
402 0
259 1
3657 1
1677 0
1006 1
2724 1
932 1
3575 0
914 0
3994 1
4715 1
3439 0
4116 1
2288 1
4540 1
3912 0
3387 1
1625 0
3788 0
3302 0
4389 1
1865 1
3250 1
4110 0
624 1
2380 1
4738 0
3544 0
913 1
756 0
338 1
1304 1
4043 1
4443 1
1436 0
452 0
4266 1
1433 1
4315 0
4546 0
3318 0
143 0
273 1
883 1
1170 1
422 0
4376 1
2144 0
3722 0
3394 1
947 0
27 0
4003 0
786 0
881 0
246 0
1048 1
1651 0
3660 1
976 0
1532 1
4820 0
3106 1
4590 1
4008 1
1394 1
4834 1
3534 1
2577 0
3197 1
843 1
4414 0
2580 0
4141 0
3796 1
163 0
1128 1
1802 1
285 1
4288 0
1422 1
4907 0
2492 1
3293 1
1806 0
2997 0
4554 0
3681 0
3065 1
388 0
1276 0
3311 0
2878 0
4750 0
1498 1
2535 0
4485 0
1945 1
2113 0
2789 0
2937 1
4151 0
335 0
3851 0
3564 1
3586 0
4713 1
2395 1
718 1
2791 1
4625 0
1409 0
3720 0
2168 0
687 0
4604 1
2453 0
699 1
629 0
4926 1
3166 0
2459 0
104 0
1755 0
3886 1
2771 1
4816 0
661 1
4134 0
4141 0
4235 0
3548 1
23 0
4306 0
2994 0
1128 1
2619 1
4735 0
437 1
403 1
2079 0
717 0
2662 0
4075 1
4858 0
4564 0
4160 1
3018 1
4421 1
3330 0
1970 1
3534 1
1234 0
3703 0
1226 0
1159 0
3036 1
32 0
678 1
987 0
1100 1
3946 1
2482 1
2930 1
4829 0
4896 0
225 0
2578 1
1713 0
4369 1
988 0
3494 1
3828 1
1316 0
3200 1
3236 1
1863 0
3855 0
2140 0
4524 0
356 0
4706 0
4706 1
1753 1
2323 0
1275 1
4051 0
2140 0
1271 0
4426 1
3784 0
264 1
1258 1
1629 1
1811 0
1734 0
2523 0
1211 1
1201 1
65 1
1445 0
1866 1
1310 0
1415 1
547 1
448 0
4776 1
1124 0
3138 0
4473 0
40 0
1051 0
3529 0
113 0
256 1
319 1
4538 0
3152 0
4048 1
48 1
1562 0
132 0
1700 1
2219 0
4207 0
745 0
3345 1
2919 1
2062 1
616 0
829 0
2401 1
4280 0
2596 1
539 0
450 1
17 1
3655 0
903 0
3107 0
587 0
540 1
2040 1
478 0
744 0
2292 1
1418 1
3218 0
3831 0
4182 0
2514 1
3996 1
2512 0
159 1
4069 1
2180 1
4528 0
3706 0
4840 1
3108 1
4357 0
2677 1
2912 1
207 1
1531 0
140 0
2340 0
373 1
3595 1
2278 0
4496 0
2707 0
1309 0
387 1
642 0
3342 1
1704 0
1242 0
1018 1
1436 1
3579 0
1605 1
20 0
1409 0
4705 1
2402 1
4656 1
4379 0
2657 1
3502 0
2979 0
3273 1
279 1
1618 1
3739 0
4680 0
1630 0
4937 1
1377 0
4127 1
202 0
2446 0
4368 1
3015 0
4887 0
1703 0
1410 1
3186 1
1186 0
361 1
836 1
3226 0
1236 0
940 1
3783 1
435 0
4503 1
4880 0
4279 1
2648 0
2597 0
1170 1
2750 1
4868 1
1581 0
2038 0
1015 1
3034 1
3768 1
879 0
1426 0
2757 0
2622 0
2172 1
3531 1
3509 1
2492 1
823 0
4416 0
834 0
178 1
1634 1
3850 0
1779 0
3357 1
3475 0
2229 1
1995 1
1075 1
933 1
2758 0
208 0
198 0
326 1
3098 1
484 1
4135 1
2609 0
759 0
1649 1
1438 1
3248 0
2175 0
1837 1
2910 0
4455 1
1999 0
2834 0
2959 1
242 0
548 0
3704 0
1391 1
4290 0
3509 0
2223 0
3083 0
1648 1
143 0
3312 0
2306 0
3283 1
4060 0
1371 0
735 1
592 0
2909 0
3760 1
3037 1
4324 0
1474 1
4276 1
2419 0
2908 1
3107 0
2998 1
1836 1
2188 0
4535 0
1584 1
2283 0
2446 0
1185 1
3708 1
4918 0
3168 0
1967 0
138 1
3761 1
177 0
4224 1
3782 0
4778 0
2230 0
2320 0
176 1
3477 0
23 1
1077 0
1579 1
369 1
1483 0
3978 0
2694 1
804 0
90 0
4620 0
2761 0
2084 1
1980 0
179 0
4027 1
171 0
4505 1
4709 1
4272 1
72 1
2523 0
565 1
2963 0
2317 0
1246 1
4718 1
3934 0
2751 0
4832 0
2534 1
449 0
1208 0
4584 1
2053 1
2499 1
1502 0
3182 1
2144 1
313 1
4797 1
3768 0
307 1
4093 0
4139 0
2026 0
176 1
3831 0
3719 1
2510 1
2408 0
1713 0
4573 1
236 1
2086 0
4493 0
4638 0
2980 0
4908 0
4569 0
4567 0
2437 0
1101 1
578 0
2061 1
854 1
1085 0
2856 0
3087 0
3441 0
2202 1
1090 0
2498 0
47 0
3210 0
2719 0
3566 1
3183 1
3241 1
882 0
2593 1
2039 1
1369 1
4190 0
3854 1
2705 1
3437 0
1065 0
1143 1
2300 0
975 0
3162 0
4614 0
4796 1
642 1
3356 0
3223 0
326 0
1825 0
1829 1
951 1
1863 1
2175 1
947 0
694 0
2830 0
437 1
1584 1
1619 1
1334 0
2676 0
1546 1
111 1
3686 1
4172 1
2610 1
3070 1
4708 0
2726 1
2553 0
4312 1
1354 0
2805 1
3113 0
1519 1
2814 1
2696 1
1378 1
1099 1
2769 0
3663 0
4811 1
663 1
2183 1
2501 1
83 0
3150 0
2202 0
4269 0
2087 0
2019 0
3466 0
381 1
2838 1
4766 1
1943 1
1868 0
2888 1
4908 0
1401 0
3848 0
2279 0
1420 1
4856 0
3972 0
4779 0
4007 0
9 0
878 0
4 1
2578 1
1141 1
401 0
3863 1
3119 1
2770 0
383 1
132 1
20 0
352 1
4363 1
3405 1
1883 0
120 1
1498 1
2468 1
598 1
4984 1
3695 1
4136 1
1791 1
2715 1
1319 0
4388 1
3960 1
4423 1
3824 1
4309 0
408 0
2537 1
827 0
1410 1
402 0
2171 1
2845 0
987 1
2815 1
3672 1
2740 1
4875 1
3917 1
4501 0
2695 1
2802 0
4779 0
2813 1
1109 1
1030 1
3275 1
787 1
2950 0
3716 1
1963 0
2460 0
2625 1
2533 1
1614 1
3012 0
3040 0
1015 1
7 1
1675 1
1032 0
711 1
514 1
2824 0
4787 0
2204 1
628 0
2862 1
2941 1
4629 0
4260 0
3600 1
4747 0
1678 0
1792 0
2776 1
1223 0
3 0
1368 0
3044 0
4088 1
2020 0
1502 0
2367 1
3004 0
4458 1
3956 0
3288 0
2083 1
675 0
2000 0
71 0
4293 0
4886 1
2911 1
2481 1
931 1
3108 0
3189 1
3782 0
405 1
4416 0
517 1
4213 0
4203 1
3513 0
2141 1
4254 1
4702 0
1010 1
4384 1
1106 1
1088 1
1176 0
1589 0
912 1
2761 0
2486 1
3801 0
3240 0
57 1
3649 0
3256 0
938 0
2225 1
2287 0
3643 0
2249 1
3558 1
143 1
2441 0
2868 1
4356 0
2155 1
214 1
2252 0
4000 0
4947 0
1706 0
4466 0
1987 1
982 0
3216 1
3167 0
2396 1
2447 0
826 1
2364 1
940 0
2574 1
4251 1
897 0
2995 1
141 1
3620 1
1464 0
1227 1
671 0
2543 0
2313 0
1414 0
3891 0
3549 1
3793 1
4975 0
4566 0
2918 1
1779 1
497 0
1145 0
3691 1
2924 1
778 1
670 1
2893 1
2838 0
656 1
4846 1
2692 0
66 0
1309 1
4388 0
3473 0
1584 1
3818 0
605 1
1812 0
2780 0
1217 1
2368 1
4883 1
2462 0
1603 1
1451 0
2346 0
4117 1
3617 1
1904 0
27 0
3562 0
3216 0
4907 1
2340 1
1501 0
1835 0
4705 0
2356 0
1724 0
2244 0
2106 1
850 1
1870 1
93 1
473 0
875 1
355 1
1779 1
1357 1
551 1
3731 1
1913 1
4107 1
420 1
3199 1
4392 1
1692 0
4434 1
1210 0
994 0
3915 1
31 0
3394 1
3413 0
704 1
1288 0
1693 0
3245 1
4562 0
2835 0
659 0
537 1
754 1
602 0
2221 0
1531 0
2886 0
2316 0
4106 0
1074 0
4628 0
1102 1
3737 1
3248 1
3542 1
4771 1
464 0
2847 1
1308 1
3483 0
4214 1
3398 1
3759 0
348 0
1705 0
4222 1
4173 1
1372 0
3573 0
4548 1
1189 0
43 1
2055 1
2322 1
1087 0
2820 0
390 0
2718 1
2095 0
4002 0
1327 1
1990 0
1975 0
2413 0
3865 1
1910 1
3895 0
315 0
1263 0
2678 1
1317 1
1785 0
106 0
2922 1
967 1
1820 0
1814 1
557 1
274 0
1763 1
4013 1
2451 1
3399 0
4760 0
2092 1
1369 0
3091 1
2821 0
965 1
2313 1
2729 0
1149 1
3167 0
3597 1
4238 1
873 1
1022 1
765 0
2157 0
2917 0
2951 0
2653 0
2156 1
2164 1
621 1
2361 0
4950 0
4675 0
3556 0
2934 1
1266 1
605 0
2902 0
3066 0
3742 1
4974 0
1659 0
3566 1
3751 1
2724 1
2958 1
4350 0
2678 0
3888 1
203 0
710 1
2745 0
3249 1
3046 0
4552 1
3046 0
527 0
288 1
4258 0
1988 0
3376 0
373 0
4286 1
2961 1
1384 1
1959 0
127 0
3341 1
483 0
143 0
4482 0
2652 0
2577 0
3012 0
1653 1
4174 0
1942 0
3725 1
3629 1
293 0
1941 0
4704 1
1212 0
615 1
3510 0
2022 0
4186 1
2806 0
4891 1
2416 0
3634 1
2024 1
852 0
1963 1
4636 1
2879 0
1964 0
2610 0
1757 1
1160 1
4957 0
1392 1
281 0
4973 0
3929 0
3608 0
1767 0
99 1
1162 0
3023 1
389 0
2110 0
2233 0
4708 1
4600 0
2160 0
2564 0
2587 0
3339 1
731 1
2728 0
1772 0
4770 1
3002 1
274 1
3708 1
355 0
2485 0
4582 0
1817 1
862 0
715 0
1521 0
2500 0
1686 1
4641 0
1967 1
2485 0
2545 1
1590 0
4420 0
1738 0
1204 0
1166 1
797 0
4299 1
210 0
3586 0
4699 0
3069 0
4825 0
3613 1
3102 0
3232 1
4685 1
971 0
1689 1
58 0
4941 0
3692 0
1314 0
3143 1
3763 1
4944 0
156 1
4298 0
3929 1
3186 0
1513 1
4046 1
1255 1
2380 1
3015 1
2693 0
3881 0
4278 0
4754 0
4416 1
440 0
1204 1
4480 0
2046 0
2681 1
4847 0
688 1
2652 1
556 1
3021 1
1391 1
3054 1
318 0
340 1
2820 1
2580 0
4375 0
4102 1
4732 0
3410 1
877 0
908 1
261 0
437 1
1317 1
4932 1
4142 1
3441 1
2956 1
4395 0
3853 1
1870 1
418 0
4601 1
3466 0
4859 1
3943 0
1990 0
628 1
1301 1
704 0
1181 0
1191 1
33 0
2637 1
3826 1
3112 0
4191 0
3438 0
3463 1
1656 0
2558 1
4638 1
3255 0
2134 1
1999 1
2100 1
1405 0
1327 0
2753 1
143 1
395 1
829 1
2137 1
4235 1
3911 1
1272 0
1962 1
4970 0
1896 0
1062 0
385 1
4452 0
1960 0
4500 1
489 1
4916 1
2332 1
142 1
927 1
1067 0
701 1
4841 0
3975 1
41 0
3057 0
1128 0
485 1
3910 1
927 1
2098 1
2373 1
2393 0
3838 1
3972 1
2145 1
2181 1
1752 0
2470 1
2920 0
1334 1
44 1
3980 0
2299 1
1251 0
2376 0
4526 0
4492 0
3377 1
3970 1
1261 0
2892 1
1143 0
2529 1
4106 0
943 1
3211 1
667 0
450 0
2175 0
2659 1
3460 0
4083 1
4148 0
146 1
4224 1
789 1
105 0
581 0
3832 1
2987 0
189 0
3150 0
4355 0
3634 0
46 1
2276 1
3334 0
4346 0
585 1
2130 1
4016 1
1791 0
1147 0
1385 1
1687 0
1522 0
3697 1
133 1
2896 0
3235 1
4576 0
553 0
4570 0
2611 1
147 1
1578 1
1967 1
4446 1
1576 1
323 1
1518 0
4376 0
1992 1
1484 0
38 1
2180 0
3592 1
3706 1
3649 1
4217 1
1367 0
2950 0
3490 1
4615 1
2261 1
3044 1
525 0
3248 1
2171 1
916 0
2277 0
3564 0
3562 1
1167 0
4396 0
4838 0
2063 1
4283 0
1991 0
3704 1
4844 1
3132 1
956 0
1503 1
4897 1
2762 1
1710 1
2456 0
2084 0
1130 0
518 0
515 1
4242 0
2164 0
3318 1
2186 0
4700 1
1978 1
1307 0
4684 1
4426 0
633 1
1623 0
4680 0
1044 0
3953 1
4425 1
152 0
3080 1
2737 0
3170 0
564 0
3982 0
2379 0
2608 1
4454 1
3736 0
3920 0
350 1
74 0
1194 1
1263 0
4109 1
2366 1
2242 1
3999 0
3697 0
3217 1
3869 1
72 0
2036 0
4225 0
703 0
1275 0
4061 1
3752 1
2737 0
3177 1
783 1
4424 0
2821 0
4189 1
3254 1
955 0
3178 0
2740 1
4078 0
2213 1
4464 1
3160 1
4448 0
4892 1
2854 1
4711 0
1164 1
585 0
1228 1
3198 1
892 1
3610 0
500 1
1779 1
1427 1
4260 0
4038 1
1524 0
2220 1
72 0
2217 1
634 0
2942 0
4545 1
1120 1
2186 0
1325 1
3536 1
4738 1
1340 0
1663 0
3346 1
3526 0
1580 1
203 1
3655 0
1590 1
3381 1
2518 1
2736 0
3044 1
3983 0
1778 0
4551 1
1130 1
3440 1
2001 0
818 0
3455 1
730 1
3082 0
1826 1
3938 1
1362 1
3978 1
1187 0
150 1
718 1
2155 0
173 1
3279 1
2893 0
3857 1
4406 1
2870 0
2602 1
4816 0
1878 0
795 1
2409 1
4526 1
4618 1
2542 1
834 1
69 1
4164 1
4324 0
712 1
3129 0
2894 1
3836 1
4289 0
4205 1
3891 0
135 1
707 0
1774 0
4158 0
4327 0
3887 0
659 0
3027 0
2679 0
1432 1
1290 0
4199 1
290 0
3831 1
1365 1
4234 1
3921 1
3532 1
3157 1
4095 0
2455 0
2020 1
968 0
2595 0
402 0
838 0
1203 1
1447 1
15 0
656 0
3020 1
1943 1
860 1
2480 0
2957 0
1333 0
3080 0
1725 1
1804 0
2499 1
2974 1
204 0
140 0
2487 1
1480 1
3526 0
4682 1
2905 1
4070 1
2938 1
4067 1
309 1
3159 1
4942 0
168 1
4149 0
2601 1
1682 0
3183 0
4585 1
2222 1
3341 1
2701 0
1714 1
3156 1
4963 1
3671 0
1072 0
1866 1
4222 1
3384 1
3485 0
2600 1
3419 0
1363 1
3946 1
1450 0
1718 1
506 1
728 0
617 0
2873 0
3449 1
2384 1
4776 0
3389 0
2923 0
3352 0
3338 1
3739 1
1339 0
246 1
425 0
327 1
3214 0
4637 0
1497 0
4052 0
3864 0
2466 1
810 0
4181 0
715 0
2248 1
781 0
1274 1
1042 1
2090 0
2332 1
921 1
763 0
54 0
844 1
2997 0
2136 0
3643 0
1140 1
247 1
705 0
3 1
4200 1
4539 0
1828 0
76 0
2995 1
1320 0
1959 1
627 1
963 1
2277 0
4985 1
2434 0
4140 0
4488 0
3936 0
666 1
24 1
1640 1
3348 0
4693 0
1746 1
3633 1
263 1
2056 0
1390 1
2508 1
2939 1
2120 0
281 0
273 0
4165 1
3354 0
495 1
1074 0
352 1
1022 0
1779 0
611 1
4324 1
3107 1
1232 1
155 1
630 1
3987 0
452 1
3438 1
1926 1
580 0
1860 0
1887 0
449 0
4682 0
969 0
2138 1
4998 1
3887 0
1653 1
767 1
283 1
3270 0
4500 0
1648 1
1125 0
1881 1
4453 0
77 1
408 0
3061 0
3964 1
260 0
513 0
2737 1
1743 0
4699 1
334 1
4667 1
1117 1
3205 1
190 1
1030 0
767 1
4199 0
280 0
3946 1
2330 1
1459 1
2397 1
2582 1
2178 0
3553 0
305 0
4266 1
2199 0
241 0
959 0
4612 1
2563 0
1983 0
4214 1
2985 1
3022 0
4495 1
2636 1
2437 0
4943 1
564 0
4511 1
2786 1
2825 0
85 0
3440 0
1285 1
4058 0
1232 0
2650 0
430 1
2790 0
2551 1
3991 0
1311 0
2425 0
3030 1
4455 0
4612 1
1572 1
4721 1
4433 1
3723 1
2267 0
2474 1
1636 0
525 0
4433 0
1624 0
1832 1
4070 0
1162 0
437 0
1975 1
3129 1
4458 1
2629 0
4230 0
3138 0
505 1
3738 1
2002 1
4067 1
289 0
3120 1
1552 0
1391 0
3350 0
4151 0
209 1
802 1
2115 1
36 1
3168 1
4644 1
4732 1
635 0
119 1
4516 0
1186 0
1312 0
302 1
333 0
3025 1
4576 1
587 0
4032 1
2423 1
305 1
3112 1
2831 1
4930 0
1506 0
1523 1
1512 0
85 0
3207 0
3124 0
3227 0
4200 1
2372 1
904 0
112 0
2942 0
3802 1
4852 0
3100 1
2103 0
2897 1
1478 1
1097 1
4205 0
3687 0
1494 0
2643 1
979 0
3120 1
492 1
1115 0
2808 1
444 1
2217 1
1418 0
1863 0
346 0
3882 0
3919 1
318 0
4168 0
3742 0
3541 0
586 1
4916 0
2525 0
1377 0
2540 0
3936 1
2814 0
1610 1
2888 0
2860 1
2880 0
830 0
1783 0
4834 1
97 0
3606 1
698 1
4671 1
949 1
98 0
2984 0
2720 0
2353 1
605 1
273 0
633 1
1812 1
1577 0
1359 0
3639 1
1804 0
4534 0
1904 1
4604 1
4851 0
3293 1
524 1
3108 0
3003 0
653 0
743 0
2664 1
3952 1
2964 0
575 1
2040 1
112 1
1893 1
762 1
47 0
2708 1
685 0
1023 1
3188 0
256 0
4838 1
4221 1
407 0
2916 0
180 1
4657 1
4340 0
4027 0
1420 1
1070 1
4115 0
1839 1
3054 0
1328 0
4064 1
4585 1
3545 0
2069 0
784 1
3010 0
2783 0
1553 1
1199 1
3330 1
3442 1
1578 1
2973 1
4436 0
3872 0
2659 0
3358 1
3757 0
934 0
1713 1
4420 0
2573 1
877 0
1495 1
1736 0
4027 0
1833 1
3818 0
192 0
4502 0
2830 1
3201 1
1006 0
344 1
4976 1
1190 1
3697 1
2616 0
12 1
2470 0
3068 1
4315 0
801 1
365 1
2449 1
4137 1
1560 0
3540 0
4509 0
2655 0
3215 1
3281 1
3722 0
4797 0
3037 0
4283 1
321 0
1081 1
1713 1
1710 1
1509 0
43 1
4950 0
2205 1
3627 0
1721 0
3403 1
1934 0
3716 0
2385 1
4136 0
1861 0
581 0
2769 0
3559 1
2715 0
4313 0
1044 1
4945 0
1329 0
19 0
1716 0
4870 0
1698 1
1370 0
3272 0
43 0
3698 0
50 1
1950 1
1291 0
1446 1
3664 1
2718 0
4651 1
3369 0
3256 0
1677 1
2893 0
3326 0
1354 1
3867 1
3263 1
4830 0
4428 1
309 1
3776 0
1159 1
4297 0
1788 1
4162 0
1376 0
735 0
4739 0
3716 1
70 0
4097 1
928 1
962 1
774 0
214 1
3853 1
3816 0
4105 0
402 0
2164 0
2846 1
873 0
2199 1
2725 0
2757 0
4037 1
2422 1
618 0
2743 1
1507 0
2369 1
2068 1
4076 0
1679 0
1670 1
224 1
3361 1
635 0
673 1
3134 0
2749 0
1627 0
1558 1
608 1
3344 1
1023 0
1966 0
2276 1
487 0
890 1
4564 1
4527 1
1215 0
4509 0
2689 1
3329 1
3552 0
2961 1
3635 1
2153 0
2826 0
3367 0
139 0
2626 0
3578 1
495 0
3231 1
3768 0
1317 0
2006 0
4057 1
896 0
1665 0
1765 0
284 1
2496 1
1190 1
426 1
488 0
3896 0
1683 1
3934 0
4694 1
2320 1
681 0
968 0
4535 0
2555 1
3694 0
1211 0
4552 0
4021 1
1965 0
374 0
476 1
4990 0
4241 1
1381 0
223 0
833 0
1391 0
4046 1
1740 1
4904 0
1212 1
1122 1
1671 1
3496 0
1015 0
1959 0
4758 0
3619 1
3998 1
4742 1
2451 1
771 0
357 1
4286 1
153 1
4604 1
831 0
3703 1
556 0
2007 1
464 1
1006 1
3412 1
19 1
1856 0
4124 1
727 1
862 1
4099 0
582 0
2005 0
2154 0
876 0
3301 1
2686 0
4075 1
3076 1
676 1
1518 1
2157 0
3406 0
3167 1
3981 1
977 1
1104 0
221 1
2061 1
969 0
4682 0
1853 0
3279 0
3206 1
2253 0
593 1
4720 0
1836 0
646 0
1263 1
3356 0
2613 1
3309 1
651 1
3168 1
2158 1
4602 0
1811 0
1363 0
4227 0
596 1
2652 0
2617 0
4224 1
2227 1
4845 0
1584 1
1072 0
4393 0
4644 1
2351 1
3309 0
3454 1
3481 0
3366 0
4385 1
2548 0
3468 0
2843 0
3066 0
4445 0
1985 1
3431 0
2228 1
3883 1
2920 0
2860 1
373 0
4753 1
3091 0
1555 1
4107 0
1726 1
4507 0
1166 0
942 0
182 1
486 0
2662 0
3950 1
3997 1
4393 1
1560 0
2258 1
3775 1
1138 1
2943 0
239 1
1821 1
3951 0
1403 1
2119 0
1705 0
130 0
963 0
4043 1
4025 0
2891 1
3837 0
3964 0
1421 1
4824 0
1394 0
1005 0
4502 1
943 0
2975 1
4488 0
994 1
4620 1
3340 0
3982 1
3033 0
115 0
4777 0
1488 1
1217 0
1199 1
3118 0
3674 0
151 0
4444 0
39 0
3444 0
1121 1
884 1
2216 1
3421 1
3096 0
4663 0
3577 0
3987 1
2564 1
257 0
455 0
1736 0
3308 0
2266 0
2145 0
3594 1
1320 0
1994 0
1446 1
4657 1
3956 0
1570 0
4794 0
2382 1
1203 0
2362 0
3438 0
2530 1
2391 1
696 1
2170 1
3536 1
2507 1
738 1
4239 1
1348 0
4478 0
3429 0
3458 1
1104 0
715 1
2937 0
1909 0
1618 1
1267 1
3005 1
3403 1
235 0
1708 0
4571 1
3257 1
2500 1
2849 1
3219 1
694 0
3001 1
275 0
4505 1
2663 1
3968 0
1999 0
2029 0
3447 1
1203 0
359 1
1633 0
2226 0
4060 0
4132 1
3038 0
4282 1
1876 0
4037 1
4259 1
2593 1
3510 1
2584 1
3201 1
3415 0
2286 1
881 0
2017 0
1425 1
3818 1
2042 0
4658 1
1011 1
3105 1
2930 0
1546 1
130 1
146 1
4948 0
4601 1
2672 0
1681 1
2547 1
4140 1
1070 1
2526 1
301 1
771 1
4793 0
1493 1
456 1
3074 0
4692 1
3410 1
614 0
3381 0
4270 0
1581 1
3976 1
2668 1
4516 0
3459 0
396 0
4665 1
3176 0
1616 0
429 0
2514 1
3438 1
1624 1
855 1
4862 1
3422 0
4341 1
4998 1
3430 0
2118 0
4162 0
2333 1
2626 0
3487 1
2737 1
4201 1
2896 0
1822 1
3716 0
1333 0
747 0
434 1
2352 1
680 1
1333 0
3091 1
1597 0
2075 1
3229 0
2433 1
2425 0
1100 1
1194 1
582 1
4139 0
2436 1
3195 0
4565 1
1511 0
860 1
2903 0
4709 0
3513 0
2265 0
1234 1
2103 0
473 1
4583 1
3975 0
2024 1
3039 0
1434 0
552 0
4823 1
2771 0
1538 0
4462 1
963 1
4029 0
4075 1
41 0
2876 0
2448 1
2049 0
3402 0
990 1
4605 1
1484 1
4554 1
2045 0
546 0
2861 0
1946 0
1050 0
1099 0
3564 1
3517 1
3113 0
341 1
3128 0
3840 1
2054 1
2401 0
2137 0
2582 0
4158 1
1916 1
4545 1
2681 1
4959 1
1373 0
178 1
4350 0
1058 1
479 0
42 1
4150 0
435 0
4808 1
3755 0
1731 0
2287 1
3579 0
545 1
1530 0
4772 0
2245 0
4132 1
943 1
2689 0
615 1
2145 1
2126 1
4893 0
1824 1
2040 1
4835 1
3896 1
930 1
1857 0
569 0
2928 0
4346 1
4078 1
1371 0
3143 0
1000 1
338 1
3229 1
4542 1
2924 1
3440 1
4114 1
3420 1
3696 0
1508 1
1558 1
3113 1
2989 1
103 1
2228 1
3965 1
3847 1
4598 0
914 1
3434 1
738 1
2272 0
4473 0
1468 1
1678 1
2779 1
1801 0
2924 0
2892 1
3510 1
1598 1
2795 1
4725 0
927 1
3423 0
3612 1
2498 0
313 0
1267 1
3549 0
3871 0
2732 1
1660 0
2110 1
453 1
4597 1
2508 1
3204 0
3484 1
1721 1
2381 1
4334 0
1795 0
2284 0
609 0
3862 1
4401 0
3969 0
2427 1
1189 1
1339 0
1558 1
2976 0
2110 0
4769 1
1411 1
863 0
2563 0
2857 1
2645 1
3396 1
180 1
2211 1
501 0
1654 1
1043 0
4171 1
1955 1
180 0
3899 0
4989 1
2777 0
812 1
3344 0
529 1
1381 0
4897 0
646 1
1028 0
1967 1
2278 0
2105 1
2756 1
2937 0
3603 1
2285 1
1479 1
3107 1
2363 0
1348 0
1685 0
2091 0
4513 0
2059 0
1439 1
1788 1
777 1
1044 0
3204 0
1791 0
2601 1
2434 1
4424 0
2763 1
2168 0
4282 0
773 0
2289 1
1318 0
3067 1
1137 1
3399 1
214 0
755 0
4598 0
3924 1
4266 1
974 0
573 0
3459 0
1559 1
1328 0
561 1
2405 0
4943 1
4096 0
3812 0
1165 0
3299 0
2872 0
3739 1
655 1
951 1
4716 1
1350 1
3532 1
510 0
1993 1
2414 0
142 1
4554 0
1472 0
4903 0
1531 1
4508 0
930 1
1886 0
1657 0
1808 0
1570 0
3138 1
4942 0
210 1
4445 0
3854 0
4666 1
3903 1
4835 1
3759 0
4566 1
956 1
1765 0
286 1
1270 0
3887 1
1646 0
3914 0
3333 0
1566 1
4178 1
3953 0
2880 0
2864 0
96 0
4149 0
3937 1
16 0
2580 1
3831 0
3908 1
2954 0
1438 1
2711 0
3078 0
1637 1
19 1
3294 1
937 1
652 1
741 1
1461 1
1455 1
3402 1
2181 0
4927 1
4424 0
3958 0
4076 0
825 1
398 0
184 0
4589 0
2249 0
3508 1
977 1
1821 0
1765 1
2850 0
3688 1
1296 1
1845 1
2831 1
4149 1
4640 0
4452 0
4754 1
2689 1
1214 0
1779 1
694 0
4020 1
4352 0
1785 1
1509 0
1355 1
982 0
542 1
639 1
2399 0
3602 0
4933 0
1908 0
1946 1
1474 1
4214 1
1003 1
3004 0
1115 1
2177 1
3744 1
1488 1
2113 1
2936 0
680 0
2316 0
4270 1
4150 1
2872 1
4436 1
1676 0
4936 1
4541 0
1645 0
2265 1
1372 0
2971 1
2607 1
4925 0
833 1
911 0
4841 1
465 1
517 0
1342 0
4555 1
3639 0
2720 1
3045 1
1729 0
1613 1
3984 1
2442 0
4183 1
4629 0
4545 0
3929 1
502 1
771 0
3470 0
4594 0
4879 1
2325 0
3662 0
4744 0
3357 1
3937 0
3226 1
1097 0
3005 1
107 1
1758 0
4557 0
3354 0
1923 1
4615 1
3848 0
466 0
3341 0
1452 0
2500 1
4657 1
1530 1
4349 1
3276 0
107 1
1522 1
3167 0
1504 1
896 0
3008 1
3905 0
4553 0
2834 1
3303 1
3308 1
2757 0
3440 0
859 0
3038 1
3523 1
4969 0
1207 0
623 0
2014 1
3274 1
2833 0
2895 0
3537 0
289 1
4927 1
2694 0
4163 1
2190 0
1370 0
236 1
4002 1
4019 1
3904 0
4484 1
2625 0
3021 1
4078 0
4449 0
3889 1
2361 0
490 1
2630 0
3724 1
225 1
182 1
1689 0
182 0
2035 1
603 1
3850 0
2726 1
2767 1
2208 1
2315 1
211 1
83 1
1119 1
2079 0
4346 1
4502 1
906 0
1549 0
1253 1
3279 1
3517 0
2575 1
3991 1
4287 0
2796 0
4104 1
3021 0
2984 1
3269 1
3491 1
1859 1
880 1
967 1
2785 1
572 1
3496 1
4602 0
2613 0
1387 0
490 0
3321 0
3798 1
3231 1
4670 0
73 1
880 0
847 0
4387 0
3677 1
3387 1
4009 0
4601 0
4642 1
1370 1
1576 1
968 1
2888 1
1467 1
2437 1
478 0
3927 0
4931 0
517 0
3439 0
3040 0
2354 0
4552 0
422 0
3973 1
3215 0
4222 1
869 0
4718 1
4286 0
3848 1
745 1
4518 0
3295 1
3702 0
4841 1
3168 0
600 0
3402 1
547 1
1561 1
3349 1
90 1
296 1
814 0
1757 0
3648 0
1785 1
9 1
3928 1
4843 0
1001 1
1820 1
3432 0
3081 1
4090 1
1613 1
3739 1
1403 0
4906 1
4647 0
2696 0
3295 0
2248 0
2670 0
2441 0
3321 1
1985 0
209 0
1860 0
481 1
1232 1
3989 1
1447 0
620 0
661 1
1868 0
259 0
3948 1
3977 0
4262 1
588 0
4455 1
2018 1
3206 0
1233 1
1623 1
3885 1
4641 1
3588 1
4495 0
2603 1
1875 1
3605 1
1083 1
2796 1
3348 1
1326 0
1759 1
4823 1
697 1
1956 0
3232 0
1605 1
2515 1
464 0
186 0
3261 0
664 1
2060 1
357 1
1159 0
818 1
42 0
580 0
1253 0
3962 1
4578 1
4212 1
517 0
3285 1
2812 1
4241 0
1096 0
4946 1
3142 0
4639 1
2600 1
2641 1
3856 1
2551 0
628 0
703 1
3724 0
1032 1
2089 0
1764 1
3799 0
1484 1
3699 1
2116 0
909 1
4349 1
3764 1
2423 1
2774 1
4108 1
4419 1
1102 1
2615 1
4982 0
4021 1
4060 1
2064 1
1277 1
3134 0
510 0
3402 0
2956 1
2041 0
4439 0
277 0
3899 1
3174 1
