1
1000 100000
150000 1000
37469 16656
9881 6075
44842 19744
22318 22194
44797 14179
31906 36329
11373 11317
42425 20044
3080 26025
20925 15360
2916 13826
6009 20033
30944 11213
49018 13264
37147 29039
11277 5867
12546 4158
39119 21533
47760 23623
12321 3354
18653 4015
25625 12243
47853 35647
4849 37258
28256 17795
47928 8307
23227 21987
47268 35145
46618 30692
27895 23342
23589 29076
40942 20887
15809 34746
23190 18363
19029 26549
47577 37035
38433 13853
12162 4643
18636 4751
24918 24924
47466 25494
5726 18522
43273 11869
10908 22732
4744 30480
29580 22717
35050 26033
43408 22585
38862 19343
38340 12233
31122 36024
30384 32158
24860 15752
49977 21096
32620 22555
45717 5742
45069 19725
15335 32590
23304 15320
33974 25981
30496 34860
22829 16571
40088 3830
37640 14426
47442 24429
24968 21239
26943 34846
2966 22793
34846 20109
18502 27474
9207 10246
33553 23298
23825 25712
13477 28476
29665 27433
43708 1757
21118 23066
36107 23638
22755 17140
21632 31531
48162 34142
1892 39885
48113 1475
47488 23513
16020 23757
8605 3400
25885 1153
32691 16161
35451 34716
23815 39729
5975 31233
28709 25121
38710 39368
32146 16074
34191 6930
30683 514
9806 24890
21413 4425
22079 16554
22037 9328
30931 11628
21543 4667
47696 10189
2739 13510
8538 27184
17332 28411
19763 8999
25006 31280
41298 21378
8748 37237
8943 5802
23361 8527
47821 19912
8795 39701
28104 21060
29862 35178
49840 34614
9590 7963
27100 25646
42397 30159
7676 33838
47612 26464
9648 17282
7266 24674
41206 3405
29656 16211
35471 37935
42402 7896
23771 5472
9567 5241
33029 33233
40875 6877
42618 10695
2406 12147
26863 14917
13863 849
32710 22331
42816 12527
15834 37614
5387 21629
32033 29647
20740 21734
11996 8048
21109 28305
24121 3815
40209 9554
29640 3713
16069 36051
29925 22209
8699 25525
21659 12786
11951 31309
18139 30395
20008 13695
23836 18700
8848 36438
26309 29088
30313 2822
4753 7755
17158 12793
40756 32646
44675 23776
2228 6206
37353 12316
45178 27672
21045 12195
47982 23536
29121 11855
35614 14919
9062 37327
22326 25302
33057 16560
26815 32047
35732 33328
35665 13803
35735 7779
42576 27980
28327 16039
35509 22071
1246 12646
32882 24205
36693 28991
28777 2094
34996 27199
12038 6293
3567 19736
39424 566
33375 27446
1421 8992
13060 21179
44751 33901
35496 13680
33744 23481
16564 31374
14794 29655
44112 9395
42470 31265
15910 34200
17581 10408
22118 23786
46386 13792
49386 7406
17415 7210
42986 18248
10255 39774
44483 18690
15902 35848
39216 12404
46453 27716
37944 9744
10388 22193
39563 37336
13643 11230
39515 15081
27382 7450
4270 18855
27967 36559
30419 32551
18135 10565
38972 37089
22865 34421
4208 10903
31090 37216
43738 31774
38635 16761
15515 15936
41778 4419
32320 27221
43877 13182
40102 17974
24658 33094
33585 25706
12973 29344
16699 5710
3295 20130
9588 32165
22717 22129
25230 35468
32834 25310
5539 7586
2501 3294
12146 32558
5531 27067
42581 2211
38092 33369
9006 9707
4913 23587
12407 3513
36099 36532
24131 24090
24502 28450
46401 35586
22715 10943
4057 31819
5798 17135
9852 19258
36148 2583
12077 32376
49926 22321
30441 33918
7390 11182
15005 31086
49594 5776
13140 29039
9103 13036
9321 26598
42325 14367
4451 20533
30314 33348
11564 4315
6269 10237
29454 27228
11603 25951
18893 37196
1795 32421
43153 5410
45129 32838
10138 13203
19333 33854
44141 5464
16831 17718
20573 31623
25005 17688
33767 981
1457 15587
21468 6631
9691 4968
21878 3411
46436 39413
27514 30836
37962 11532
12650 35828
46687 5746
35097 11996
31294 36217
10846 39269
41638 38834
30506 22028
16953 1943
49361 7507
45842 30794
32212 12263
25160 25820
23809 2774
15907 22875
6603 29316
6964 12370
5710 22626
49029 34212
20732 5140
39465 30175
24866 22143
8009 15951
35846 22871
4410 20740
24999 16888
30992 26984
4088 22814
9036 21286
1294 31230
28295 32189
35597 1919
10782 20072
10579 4006
49776 19060
5257 26790
32414 29671
25670 26313
19685 21614
19518 26710
14561 30267
21666 11366
21280 25159
45594 16288
2667 15153
41385 24800
35032 38629
20995 2243
18565 4525
15900 14632
39034 12232
30006 31523
8920 10681
48188 31760
35238 16168
27039 19681
37390 11878
43022 14584
25508 27077
12789 8773
2669 20287
48020 4647
31982 14948
49152 38971
25353 38321
20057 33563
36898 20521
49542 32393
34798 1716
4891 26896
30061 30300
46353 27240
5453 5416
40073 39384
39562 26185
26604 1239
45504 3077
29328 38214
2036 20625
19475 1010
42285 14327
25805 34365
1009 30321
49007 15337
25138 24842
23623 20492
4999 37193
41357 11018
38350 16723
27333 4874
28950 16764
18506 26151
16475 37577
34146 14404
22771 12019
30652 19758
30167 12873
10735 19663
31897 27854
19352 8236
49210 31981
9150 23510
6740 12694
16101 35001
47778 13771
4173 9631
38149 16072
11522 31370
21961 18231
29938 29096
30943 4121
12426 32946
38333 15644
26880 35356
23307 22289
29581 1438
5165 13994
23533 26386
27773 33500
18655 22496
23417 39180
25227 30871
42249 9651
29842 15821
17971 2055
28883 22019
21387 24630
47450 8915
22058 30244
9343 5368
33076 26646
42193 28500
16023 2686
27517 27326
6796 37963
11206 36710
8095 17005
6921 26695
2487 22449
36450 37013
5581 38643
30505 33091
31115 37853
5088 15346
33099 35338
13435 4616
35610 22409
43952 33183
41397 29248
24301 25725
6754 30579
29102 3625
49356 3080
18696 4711
18016 24564
16379 5019
25456 5272
39942 28066
26657 15405
30381 26492
29253 13545
19936 25393
9655 21349
22318 3611
1363 10547
42411 10249
30775 36576
27807 27605
28225 12783
20820 15505
17179 554
7414 22878
36745 12979
7661 36549
30852 36332
28892 19158
34680 1198
30271 10937
46895 33779
8595 34713
17632 39894
2262 18958
21136 7952
8436 8258
49506 38636
40343 21310
2745 29952
5525 16228
17133 27846
17069 20546
40191 17969
1848 8275
31118 28728
12475 23969
3974 30893
24886 30125
18140 18827
6884 15415
41387 28719
43624 36132
28987 29278
44398 5530
42711 9825
23818 24166
1873 28416
34979 36774
49641 10681
3006 36090
2379 28555
29989 39484
9252 13749
2683 37363
43850 39923
45318 17035
15643 11245
37043 30668
13289 27315
42187 8355
12726 4129
44645 18669
36024 26977
36422 13301
30669 15447
16799 25872
26784 26788
2157 19011
1795 29196
22311 20943
8524 34244
33247 35194
20136 13856
42549 32783
21234 12140
26502 22804
36095 11147
17064 29113
7632 28236
24118 10869
4196 33976
37794 24391
23547 35444
46759 10525
7085 25775
29305 5408
35564 20711
4661 36093
31735 25703
13852 9529
19049 23044
7524 11741
26721 22830
8238 24718
3839 7978
35186 13947
4654 21437
24180 1456
20203 937
25638 24657
30920 15723
32764 13144
29282 6830
32552 19102
23932 26062
34978 27370
21423 16292
7776 32826
37950 15111
3198 12350
13724 21489
5679 17510
8984 30348
1052 10408
32536 18015
27891 32851
17754 22898
31413 24944
36835 19482
32292 2330
2722 1748
15909 34434
10042 30159
33730 39835
42661 9590
47348 15020
4798 35732
6859 7151
13007 25353
19077 25657
12168 3543
26189 35558
6836 35042
30601 22038
36054 12382
31730 24559
28156 32531
30278 26337
22042 7398
41163 4005
6260 10166
23440 5252
1965 7418
23676 4136
11053 1818
7542 14839
31446 33093
33080 27949
39352 16415
2747 22813
15840 7676
5420 4865
34581 3941
22762 20286
8360 38754
9166 36854
35803 17668
44125 9776
37353 2862
36238 31555
1707 39729
1602 34251
23948 23282
28202 38623
4948 21028
36929 29104
10120 16215
28461 29350
25845 39196
25182 718
49859 25935
23642 28947
11868 17312
24211 9613
16284 10150
40713 26911
8705 14676
1945 11476
11893 13731
34652 6677
33590 10219
40756 21267
35507 17848
27433 23966
6883 30596
18577 26014
35929 24033
43663 14150
38809 37295
46567 38900
26952 26263
8933 36597
26804 21836
31457 13493
11386 5699
33989 12077
22299 10566
11125 33733
4098 27177
2279 18823
3054 4089
27909 17829
49848 31169
31260 1751
41646 2957
16486 5092
33591 18122
34210 30914
41853 12165
46994 21634
46095 11858
21845 32115
23293 4803
31300 31061
40704 18366
38638 4544
20161 20009
8652 1673
14418 19762
34889 19569
32925 24974
18469 29874
14347 16962
42000 37877
37599 22838
12985 37204
40196 9918
39834 11439
33220 12691
31421 11362
47522 13812
29457 22029
10520 16365
40545 622
5800 25532
42772 11655
21763 27242
26784 3673
22414 2507
26804 38272
10585 14205
30508 772
47709 34391
25492 19324
39835 6380
20419 21564
45134 5661
18901 35283
6993 20423
42890 22792
21721 7634
5315 19653
17717 20896
36429 21800
33190 11584
6171 26057
23205 31703
4338 7366
33461 39325
15910 13094
6121 32320
25046 37122
3457 24817
15751 24857
8333 38621
48639 8837
39760 17490
12289 5295
48405 3613
36409 13983
42485 24553
17677 4671
12701 33373
34970 31899
3927 30096
2101 4741
44855 1177
40319 33947
35380 36264
30578 18374
4894 14098
9740 15945
28769 11467
11603 25147
3946 19962
34299 37644
29380 37860
5496 28040
25219 20391
15418 8872
40601 11938
29760 14151
18369 29004
18793 4938
35592 21541
15732 1979
18316 24265
27337 7504
4342 15035
39173 4064
36230 11592
33742 4595
25270 14755
48977 25825
17427 2801
28628 39825
5499 9571
47409 31813
40139 1639
26041 36592
30189 9583
45857 23959
45197 13354
20406 11851
21049 35751
7669 18487
35845 38831
30516 30626
9787 27145
2248 19434
20431 3663
20793 23169
41882 30137
43960 3318
43525 20676
35299 11193
38100 19409
7477 20514
19028 28022
40815 9767
1248 7112
45778 18215
6194 18047
27689 24513
49713 2249
13012 14719
38636 7568
35676 8147
33670 31487
39876 23912
20245 32932
7729 26119
2834 871
9767 30577
36874 17841
35927 34003
32879 11624
44458 11656
29891 18399
34285 21712
2849 34721
5076 3180
14460 32415
28984 25948
44603 35389
28088 11598
2775 22017
29730 11402
43847 8204
39290 39074
7625 3902
22254 26371
26442 11300
3806 8003
29153 20030
24936 9927
29534 30044
24193 15133
4676 34175
41335 38845
31585 25343
46073 1436
19130 30349
49129 9834
34409 17329
29149 11029
35245 17267
29001 19485
43899 26177
33721 35463
4089 31533
43925 7112
20142 22635
8055 12493
30687 33572
46238 32555
46945 18380
39277 20349
43812 15022
16527 32976
9219 1864
25223 12641
13781 39949
47297 36543
47154 36216
48336 31890
6086 2331
30777 747
24858 39751
4315 34955
1735 12482
21803 25436
36470 35696
17071 23923
49369 8511
4646 26520
8587 6597
30419 24911
48384 21587
23092 5493
9441 32678
19698 34687
31635 26867
43106 3211
10696 21909
9128 19880
4378 27004
23671 38591
46025 33922
42507 16653
6084 3278
15400 22727
41216 37085
13467 22892
6799 23070
18144 17601
15254 6978
49329 13442
44418 1930
9338 8150
12058 15052
32701 16586
28484 5053
9297 16085
6931 25898
6971 3872
3831 3230
16062 26611
48544 13226
34737 3903
1550 5005
47496 9432
21890 2869
11371 26447
43136 24165
28799 37576
18263 39552
36109 1250
37977 12943
27591 10345
32423 39708
1153 19396
17719 27032
46070 1873
32387 1162
35157 2904
18232 26184
4089 26872
2248 18270
35966 29680
48850 24206
6405 9253
40822 12816
40777 13640
1666 3984
40899 29356
9572 16774
31856 39175
12116 32304
45960 5122
36462 26908
26411 21512
9871 11946
33547 37067
32621 7745
15165 17762
45239 9585
24246 14482
20240 5329
27772 5161
13632 612
14626 18846
40582 10098
5320 23747
32142 11128
20186 31922
20649 20566
9389 6574
20395 13948
29518 27314
40299 15027
44755 39143
29554 31726
49699 28143
9038 22591
34842 14484
7154 7266
7439 38125
6442 17708
7690 26351
11564 10742
15860 20844
37098 27325
29676 24151
28025 6837
23262 15482
29202 19547
23740 28566
35145 7263
5832 16604
21729 23747
3079 9300
39963 10591
25607 34962
9526 19508
43998 3796
40379 37185
48968 15609
25952 1362
48383 5110
31451 30738
21736 39612
38882 13533
42888 5628
17526 7713
22656 9530
33985 9863
41467 31130
27406 5199
17805 34733
17199 38998
36049 31980
3638 21738
11494 35156
4020 27076
48879 27158
28247 19431
15146 12133
19917 3214
12526 16760
49376 37235
43946 24752
10642 29564
49791 13264
47523 37135
17358 26467
17544 9539
11072 33959
36859 23332
39034 30336
7609 37050
